X68,X20,X60,X59,X73,X64,X55,X35,X25,X29,X36,X46,X53,X58,X9,X24,X30,X10,X66,X54,X67,X7,X31,X13,X6,X61,X52,X72,X63,X65,X19,X62,X57,X5,X38,X28,X16,X51,X44,X43,X45,X41,X74,X4,X18,X17,X22,X12,X3,X2,X11,X32,X14,X26,X27,X23,X56,X21,X39,X71,X47,X48,X40,X8,X33,X34,X50,X49,X42,X69,X70,X1,X15,X37,X0
1,0,0,0,1,1,0,1,0,0,1,1,0,0,0,1,1,1,0,0,0,1,0,1,0,0,0,1,1,1,1,1,1,1,1,0,1,0,0,1,1,0,1,1,1,1,1,0,1,1,1,1,1,0,1,0,0,0,0,1,1,0,1,1,0,1,1,1,1,1,1,0,0,0,1
1,0,0,0,1,1,0,1,0,0,0,1,1,0,0,1,1,0,0,0,0,1,1,1,1,1,0,1,1,1,1,0,0,0,1,0,1,0,0,1,0,0,0,1,1,0,0,0,1,0,1,1,1,0,1,1,0,1,1,1,1,1,1,0,1,1,1,1,1,1,1,1,0,0,0
1,0,0,0,1,0,0,0,0,1,0,0,0,0,0,0,1,0,1,0,1,1,0,1,0,0,0,0,1,1,0,1,1,0,0,1,1,0,1,0,1,1,1,1,0,1,0,0,0,0,0,1,1,1,0,1,0,1,0,0,0,0,0,1,0,1,1,1,0,1,1,0,0,0,0
1,1,0,0,1,1,1,1,1,0,0,0,0,0,1,1,0,0,1,0,1,1,1,1,1,1,0,0,0,1,1,1,0,1,0,1,1,1,1,1,1,0,1,1,1,1,0,0,1,0,1,0,1,0,0,1,0,0,1,0,0,1,1,0,1,0,0,0,0,1,1,0,0,1,0
0,0,0,0,0,0,1,1,1,1,0,0,0,1,0,0,1,0,0,1,0,1,1,1,1,1,1,0,1,1,1,0,1,0,1,0,1,1,0,1,1,1,1,1,0,1,0,1,0,0,1,0,1,1,1,1,0,0,1,0,0,1,1,0,1,0,0,0,1,1,0,1,1,0,0
1,0,1,0,1,0,1,1,1,0,1,1,0,0,0,0,1,0,0,0,1,1,0,0,0,1,0,0,1,0,1,0,1,0,0,0,0,1,0,1,1,1,0,1,0,1,0,1,0,1,1,1,1,1,0,1,1,1,1,0,1,1,1,0,1,0,0,0,0,1,0,1,0,1,0
1,1,1,1,0,1,0,1,0,1,0,1,0,0,1,0,1,0,1,0,0,1,0,0,0,0,0,1,0,0,0,1,0,0,0,1,0,1,0,1,0,0,1,1,1,0,0,0,1,1,1,1,1,1,0,1,0,1,1,0,1,0,1,0,1,0,0,0,1,1,1,0,0,1,0
1,0,0,0,1,0,0,1,0,0,0,0,0,0,0,0,1,1,1,0,1,1,0,1,0,1,1,1,1,0,0,1,1,1,0,0,0,0,1,1,1,0,0,1,0,1,1,0,1,1,0,1,1,0,0,1,0,1,1,1,0,0,1,0,1,0,0,1,1,1,0,1,0,1,0
1,1,1,0,1,1,0,1,0,0,1,1,1,0,0,0,0,0,0,0,0,1,0,1,0,0,1,0,0,0,1,1,0,0,1,0,1,0,0,0,1,1,0,1,1,1,1,0,0,1,1,1,1,0,0,0,0,0,0,0,1,1,1,0,1,0,1,0,1,1,0,1,0,0,0
1,0,0,0,0,0,0,1,1,0,1,0,0,0,0,1,1,0,0,0,0,1,0,1,0,0,0,0,1,0,0,1,1,0,1,1,0,0,0,1,0,0,0,1,0,1,1,0,0,0,1,1,0,0,1,0,0,1,1,0,0,0,0,0,1,0,1,1,1,1,0,1,0,1,1
1,1,0,1,0,0,0,1,0,0,1,1,0,0,0,0,1,1,0,0,1,1,1,1,0,0,1,1,1,0,1,0,1,1,0,0,0,1,1,0,1,0,0,1,1,1,0,0,1,0,1,0,1,1,0,1,0,1,0,0,1,1,0,0,1,0,0,1,0,1,1,0,0,0,0
1,1,1,0,1,0,0,1,1,1,0,1,0,0,0,1,0,1,0,1,1,1,0,0,0,1,0,0,1,1,0,1,1,0,1,1,1,1,0,1,1,0,1,1,0,1,0,0,0,1,1,0,1,0,1,0,0,0,1,0,0,1,1,0,0,0,0,0,0,1,1,0,0,1,0
1,0,0,0,0,1,0,1,0,0,0,0,0,0,0,0,1,0,0,0,0,1,1,1,0,0,0,0,1,1,0,1,1,0,0,0,1,0,1,0,1,1,1,1,0,1,0,0,0,1,1,0,1,0,0,0,0,1,1,0,0,0,1,0,1,0,0,0,0,1,1,1,0,1,0
1,1,1,1,1,0,1,1,1,1,1,0,1,0,1,0,0,0,0,1,0,1,1,1,0,0,1,0,1,1,1,1,0,1,0,0,1,1,1,0,1,1,1,1,1,1,0,0,1,0,1,0,1,0,0,1,0,0,0,0,0,1,0,1,0,0,0,1,1,1,0,0,0,1,0
1,0,1,1,1,0,1,0,1,0,0,1,1,0,0,0,1,1,1,0,1,1,1,1,0,0,1,0,0,0,1,1,0,0,1,0,1,1,0,0,0,0,1,1,0,0,0,0,1,1,1,1,1,0,1,1,0,1,0,0,1,0,1,1,0,1,0,0,1,1,1,0,0,1,0
1,0,1,1,0,0,1,1,0,0,0,1,1,0,0,0,1,0,0,0,0,1,1,1,0,0,1,1,1,0,1,1,1,0,0,0,0,0,1,0,1,1,0,1,0,1,0,0,0,1,1,1,1,0,0,0,0,0,1,1,0,0,1,0,1,0,1,1,0,1,1,0,0,1,0
1,0,0,1,1,0,1,1,0,0,1,1,0,0,0,1,1,0,1,0,1,1,1,1,1,1,1,0,0,1,1,0,0,0,1,0,1,0,1,0,1,0,0,1,1,1,0,0,1,1,1,0,1,0,1,0,0,1,0,0,1,0,0,0,0,0,1,1,1,1,0,1,0,1,0
0,0,0,1,0,0,1,1,1,0,0,0,0,0,0,0,1,0,0,1,0,1,0,1,1,1,1,1,1,0,0,0,1,0,0,0,1,0,1,0,1,1,1,1,1,0,1,1,0,1,1,1,1,0,0,0,1,0,0,1,0,1,0,1,1,0,0,0,0,0,1,1,1,1,0
1,0,0,1,1,0,0,1,0,0,0,0,0,0,1,0,0,1,0,0,0,1,1,1,0,0,1,1,1,0,0,1,0,0,1,0,0,1,1,0,1,0,0,1,1,1,0,0,0,1,1,0,1,1,0,1,0,0,0,1,0,0,0,0,0,1,0,0,1,1,0,0,1,1,0
1,0,1,1,1,1,0,1,1,0,1,1,1,0,0,1,0,0,0,0,1,0,0,1,0,1,0,1,0,0,0,1,1,0,1,0,0,0,1,0,1,1,0,1,1,1,0,1,1,0,1,0,1,0,1,1,1,1,1,1,1,1,1,0,0,0,0,1,0,1,1,0,0,0,0
0,0,0,1,0,1,0,1,0,1,1,0,0,0,1,0,1,0,0,0,1,1,0,1,1,0,1,1,0,0,0,0,1,0,1,1,1,0,0,1,1,0,1,1,0,0,0,1,0,1,1,1,1,0,1,1,1,1,0,1,0,1,0,0,1,1,1,0,1,1,1,1,1,1,1
0,0,0,1,0,0,0,1,1,0,0,1,0,0,1,1,1,1,1,0,1,1,0,0,0,0,1,1,0,1,1,1,0,0,1,0,1,1,0,0,1,1,0,1,1,0,1,0,1,1,1,1,1,1,0,0,1,1,0,0,1,0,0,0,1,0,1,0,0,1,0,1,0,1,0
1,0,0,1,0,1,1,1,0,0,1,1,0,0,0,0,1,1,0,0,1,1,1,1,0,0,1,1,0,0,1,0,1,0,1,0,0,1,1,0,1,0,1,1,0,1,0,0,1,1,0,1,1,0,0,1,0,1,0,0,1,1,1,1,1,0,0,1,1,1,1,0,0,1,0
1,0,0,1,0,0,0,0,0,0,1,1,0,0,0,1,1,1,0,1,1,1,0,1,0,0,1,0,1,1,1,0,1,1,1,0,1,0,0,0,0,1,0,1,0,1,1,0,1,1,1,1,1,1,0,0,0,1,0,1,0,0,1,0,0,1,0,1,0,1,1,0,0,1,0
1,0,1,1,0,0,0,1,0,0,1,0,1,0,1,0,1,0,0,1,1,1,1,1,0,0,1,1,1,0,1,1,0,0,1,0,1,0,1,0,1,1,0,1,0,1,0,0,0,1,1,0,1,1,0,1,0,0,0,0,0,0,1,0,0,0,1,0,0,1,1,0,1,0,0
1,0,0,0,0,0,0,1,1,1,0,1,0,1,1,1,1,0,1,1,0,1,0,1,1,0,1,1,1,1,1,0,0,0,0,1,1,0,0,1,0,0,1,1,0,1,0,0,1,0,1,1,1,0,1,0,0,0,1,0,1,1,1,1,1,0,1,1,1,1,1,0,0,1,0
1,0,0,1,0,0,0,0,0,1,0,1,0,0,0,1,1,0,0,1,0,1,1,1,0,0,0,0,1,0,0,1,1,0,0,0,1,1,1,0,1,0,0,1,1,0,0,0,0,1,1,0,1,1,0,1,0,1,1,1,1,1,1,0,1,1,0,0,1,1,1,0,1,0,1
1,0,1,1,0,0,1,1,1,1,0,1,0,0,0,0,1,0,1,1,0,1,1,0,0,0,0,1,0,1,1,0,0,0,0,0,0,1,0,0,1,1,0,0,0,1,0,1,1,1,1,1,1,1,0,1,1,1,1,1,1,1,1,0,1,0,1,0,1,1,1,1,1,0,1
1,0,1,1,0,1,0,1,1,1,1,1,1,0,0,0,1,0,0,1,0,1,0,1,1,1,0,0,1,0,1,0,1,0,1,0,0,0,1,0,1,1,1,1,0,1,0,0,0,0,1,0,1,0,0,1,0,0,1,1,1,1,1,0,1,0,0,1,0,1,1,1,1,0,0
1,0,1,0,1,0,0,1,0,0,1,1,0,0,1,0,0,0,1,0,1,1,1,1,1,0,1,1,0,1,0,1,0,0,1,0,0,0,1,0,1,1,1,1,1,1,0,0,0,1,1,0,1,0,1,1,0,0,1,0,1,1,0,1,0,0,1,1,0,1,0,0,1,0,0
1,0,1,0,1,0,0,1,0,0,1,1,1,1,0,0,1,1,0,0,1,0,0,1,0,1,0,0,0,1,0,0,1,1,1,1,1,0,0,1,1,1,0,1,0,1,0,1,1,0,1,1,1,1,0,1,1,1,1,0,1,0,1,0,1,0,0,0,0,1,0,1,0,1,0
1,0,0,0,0,0,0,1,0,1,0,1,0,0,1,1,1,0,0,1,0,1,0,0,0,1,0,1,0,1,0,0,0,0,0,1,0,0,0,1,1,0,0,1,1,1,0,0,1,1,1,0,1,1,0,1,0,1,0,1,0,0,0,0,1,0,0,0,0,1,0,1,0,0,0
1,0,0,1,0,1,1,0,1,0,0,0,0,0,1,1,1,1,0,0,0,1,1,1,1,0,0,0,1,0,0,0,1,0,0,1,1,0,0,1,1,0,1,1,1,1,1,0,0,1,1,0,1,1,0,0,0,0,1,0,0,0,1,0,1,1,1,1,0,1,1,0,1,1,0
1,0,0,0,1,1,1,0,0,0,0,1,0,0,0,0,1,1,0,1,1,1,1,1,0,1,1,1,1,1,1,0,1,0,0,1,0,1,0,0,1,1,0,1,0,1,0,0,0,1,0,0,1,1,1,0,0,0,0,0,0,1,0,0,1,0,1,1,0,1,0,0,0,1,1
1,0,0,0,1,0,0,1,1,1,0,1,0,1,1,0,1,0,1,1,0,1,0,0,0,0,1,0,1,0,1,1,0,1,1,0,0,1,0,1,1,1,0,1,0,1,0,1,1,1,1,1,1,0,1,1,1,1,1,0,1,0,1,1,0,0,1,1,1,1,0,1,0,1,0
1,0,0,0,1,1,0,1,0,1,1,1,0,1,0,1,1,0,1,0,1,1,0,1,0,0,1,0,1,1,1,0,1,0,1,0,1,1,0,1,0,0,1,1,0,1,1,0,1,1,1,1,0,1,0,0,1,0,1,0,1,1,1,0,1,0,1,1,0,0,1,1,1,0,0
0,1,1,0,0,1,0,1,0,0,1,0,0,1,0,0,1,0,1,0,0,1,0,1,0,0,1,1,0,0,0,0,1,0,1,0,0,0,1,0,0,1,0,1,1,1,0,0,1,0,1,1,1,0,0,1,0,0,0,0,0,0,1,0,1,0,0,0,0,0,0,1,0,0,0
1,0,1,1,0,0,0,1,1,0,1,1,1,0,0,1,1,0,1,0,0,1,1,1,1,0,0,1,0,1,1,1,1,1,1,0,1,0,1,1,1,1,1,1,0,1,1,1,0,0,1,0,1,1,1,1,1,1,1,0,1,0,0,0,1,0,0,0,0,1,1,0,0,1,0
1,1,1,0,0,0,0,0,0,1,0,0,0,0,0,1,1,1,0,0,0,1,1,1,0,0,1,1,0,0,0,1,0,0,1,1,1,1,1,0,1,0,1,1,1,1,0,1,1,1,1,0,1,1,0,1,1,1,1,0,0,0,0,0,1,0,0,0,1,1,1,0,0,1,0
1,1,1,1,0,1,0,1,0,0,0,1,0,0,1,0,1,1,0,0,1,1,1,1,1,1,1,0,1,0,1,1,0,0,1,0,1,0,0,0,1,1,0,1,0,1,0,0,0,1,1,0,1,0,1,1,0,1,0,1,0,0,0,0,0,0,0,0,0,1,1,1,0,1,0
1,0,0,0,0,1,0,1,0,1,0,1,0,0,0,1,0,0,0,1,1,1,0,1,0,1,1,0,0,0,0,0,1,0,0,0,0,1,0,0,1,0,0,1,0,1,1,0,0,1,1,1,1,1,0,0,0,1,1,0,1,0,1,0,1,0,1,0,0,1,0,1,1,1,1
1,0,1,0,0,0,0,1,0,1,0,1,0,0,1,0,1,1,1,0,1,1,1,1,1,0,1,0,1,0,0,1,0,1,1,1,1,0,1,1,1,1,1,1,1,1,1,0,0,1,0,0,1,1,0,1,0,1,1,1,1,1,1,0,1,0,1,0,1,1,1,1,0,1,0
1,0,0,0,1,0,0,0,0,0,0,1,0,0,1,0,1,0,0,1,0,0,0,0,0,0,1,1,1,0,0,1,0,0,0,1,0,1,1,1,1,1,0,1,0,0,0,1,1,1,1,1,1,1,0,1,0,0,0,0,0,0,0,0,0,1,0,1,0,1,0,0,1,1,1
0,1,1,0,0,0,0,1,0,1,0,0,0,0,0,1,1,0,0,0,0,0,0,1,1,1,1,0,1,0,1,1,1,0,1,1,0,0,1,0,1,1,1,1,0,1,0,0,0,0,1,1,1,0,1,1,1,0,1,0,0,1,1,0,0,0,1,0,1,1,1,1,0,1,1
1,0,0,0,0,0,0,1,0,1,1,1,1,0,0,1,1,1,1,0,0,1,0,0,0,0,1,0,1,0,0,1,1,0,1,1,0,1,0,1,1,1,0,1,1,0,0,0,0,0,0,1,1,1,0,1,1,0,1,0,1,0,0,1,1,0,0,0,0,1,0,1,1,1,0
1,0,0,1,0,1,0,1,0,1,1,0,1,1,0,1,1,1,1,0,1,0,1,1,0,1,1,1,1,0,0,0,1,0,0,0,0,0,1,0,0,1,0,1,1,0,1,0,1,0,0,0,1,1,0,0,0,1,0,1,0,1,0,1,1,0,0,0,0,1,0,1,0,1,0
1,0,0,0,0,1,0,0,0,0,0,1,1,0,0,0,0,1,1,1,1,1,0,0,0,0,1,0,0,0,1,1,1,0,0,0,1,1,1,0,1,1,0,1,1,1,1,1,0,0,1,1,1,1,0,0,1,1,0,0,1,0,0,0,0,1,0,1,0,1,1,0,1,1,0
1,1,1,0,0,1,0,1,0,1,0,1,0,0,1,1,1,1,0,1,0,1,0,0,0,1,0,1,0,0,0,1,1,0,1,0,0,0,1,0,1,0,1,1,1,0,1,0,0,0,1,1,1,1,0,1,0,1,1,1,1,1,1,0,1,0,0,1,1,0,1,0,1,1,0
1,0,1,1,1,0,0,1,0,0,1,1,0,0,0,1,1,1,0,0,0,0,0,1,0,1,0,0,1,1,1,0,1,0,1,0,0,0,0,0,1,1,0,1,0,1,1,0,0,0,1,0,1,0,1,1,0,1,0,1,1,0,1,0,1,0,0,1,0,1,0,0,0,1,0
1,0,0,1,0,1,0,1,0,0,0,0,1,0,0,1,0,0,0,0,1,1,1,1,1,0,1,1,0,0,0,0,0,0,1,0,0,0,1,0,1,1,1,1,0,1,0,0,0,1,1,0,1,1,0,1,0,1,0,0,0,0,1,0,1,0,1,0,0,0,1,1,0,0,0
1,0,0,0,1,1,0,0,0,0,1,1,0,1,1,0,1,1,1,0,1,1,0,1,0,1,1,1,0,1,0,1,0,0,1,0,1,0,1,0,1,1,1,1,0,1,0,1,0,1,1,1,1,0,0,0,1,1,0,1,0,1,1,0,1,1,0,1,0,1,0,1,1,0,1
1,0,0,1,0,0,1,1,0,0,1,1,0,0,1,0,1,0,1,1,0,0,0,1,1,0,1,0,0,0,1,1,0,0,0,0,0,0,1,1,1,0,1,1,0,1,0,1,1,1,1,1,1,1,0,1,1,1,0,0,1,0,0,1,1,0,0,1,1,1,0,0,0,1,0
1,1,1,1,1,0,0,1,1,1,0,1,1,0,1,1,1,0,1,0,0,1,0,1,0,0,1,1,1,1,0,0,0,0,0,0,1,0,0,1,1,0,1,1,1,1,0,1,0,0,1,1,1,1,1,1,1,1,0,0,0,1,0,0,0,1,1,0,0,1,0,0,1,1,1
1,0,0,0,0,0,0,1,0,0,1,1,0,0,0,0,1,0,0,1,1,1,1,1,0,0,1,1,1,1,0,1,1,0,0,0,1,1,1,0,1,1,1,1,0,1,0,1,1,0,1,0,1,1,0,1,1,1,1,1,1,0,1,1,1,0,0,0,1,0,1,1,0,0,0
1,0,1,1,0,1,0,0,1,1,0,0,0,0,1,1,0,0,0,1,1,1,1,1,0,1,1,0,0,0,1,0,0,0,1,0,0,1,1,0,1,1,0,1,0,1,1,0,0,0,1,0,1,0,1,0,0,0,0,0,0,1,1,1,0,1,1,0,0,1,0,0,0,1,0
1,1,1,1,1,1,0,1,0,1,1,0,1,0,0,0,1,1,1,0,1,0,1,1,1,1,1,1,1,1,0,0,1,0,1,0,1,1,1,0,0,1,1,1,1,0,1,0,1,0,1,1,1,0,1,1,0,1,0,0,0,0,1,0,0,0,0,0,0,1,1,0,0,1,0
0,0,1,0,0,1,0,1,1,1,0,1,0,0,0,0,1,0,0,0,1,1,0,1,0,1,1,0,1,0,1,1,1,0,1,1,0,0,0,1,0,1,1,1,0,1,0,0,0,1,1,1,0,0,0,1,0,1,1,0,1,0,1,0,1,0,0,0,0,1,1,1,0,1,1
0,0,0,1,0,1,0,1,0,0,1,1,0,0,1,0,0,1,1,0,0,1,1,1,1,1,0,0,1,0,1,1,1,0,0,1,1,0,0,1,0,0,1,1,0,0,1,0,0,0,0,0,1,1,0,1,0,0,1,1,1,1,1,0,0,0,1,0,0,1,1,1,1,1,0
1,0,0,1,1,1,0,1,0,1,1,1,0,0,0,1,1,1,1,0,0,1,0,0,0,0,1,1,1,0,1,1,1,0,1,0,1,1,1,0,1,0,0,1,0,0,1,0,1,1,1,1,1,1,0,0,0,1,0,0,1,1,1,0,1,0,1,0,1,1,0,0,0,1,0
1,1,0,1,1,1,1,1,1,0,0,1,0,1,1,1,1,1,1,0,0,1,0,1,1,1,0,1,0,0,1,1,0,0,1,1,1,0,0,1,0,1,0,1,1,0,1,0,1,1,1,1,1,1,0,1,0,1,0,0,0,0,0,1,0,0,0,1,1,1,0,0,0,1,0
1,0,1,0,1,0,1,1,0,1,1,1,0,0,0,1,0,1,1,0,1,1,1,1,0,1,1,0,1,1,0,1,1,0,1,0,0,1,0,1,1,0,0,1,1,0,0,0,1,1,1,1,1,1,0,1,0,1,1,1,0,0,0,0,1,0,1,1,1,1,0,0,0,1,0
0,0,0,1,0,0,0,1,1,1,1,1,1,0,1,1,1,1,0,1,1,1,0,1,1,1,0,0,1,1,0,1,0,0,1,0,0,1,1,0,0,0,1,1,1,0,0,0,0,1,1,0,1,1,0,1,0,1,0,1,1,1,1,0,1,1,0,1,1,1,1,1,1,1,1
1,0,0,0,1,0,0,1,0,1,1,0,0,0,0,1,0,0,1,0,1,1,0,0,0,0,1,1,1,0,1,1,0,0,1,1,1,1,0,1,1,0,0,1,1,0,0,1,1,0,1,0,0,0,1,0,0,1,1,1,0,0,0,0,1,0,1,0,1,1,0,0,0,1,0
1,0,0,0,1,0,1,1,0,1,1,0,0,0,0,0,1,0,0,0,1,0,1,1,0,0,0,0,1,0,1,0,1,1,0,0,0,0,1,0,1,1,0,1,0,1,0,0,1,1,0,0,1,1,1,1,0,1,0,1,0,1,0,0,1,0,0,1,0,1,0,0,0,0,1
1,0,0,0,0,1,0,0,0,1,0,1,1,1,0,0,1,1,0,1,1,0,0,1,1,1,1,1,0,0,1,0,0,0,1,1,1,1,0,0,0,0,0,1,1,1,1,0,0,0,1,1,1,1,0,1,0,1,1,0,1,0,1,0,1,1,1,0,1,0,0,0,0,1,0
1,0,1,1,0,1,1,1,0,0,0,1,1,0,0,1,1,0,1,0,0,0,1,1,0,0,0,1,0,0,0,0,1,0,1,0,0,1,1,0,1,0,0,1,1,1,0,0,0,1,1,0,1,1,0,1,0,1,0,0,1,1,0,0,1,0,0,0,1,1,1,1,0,1,0
1,0,0,1,0,0,1,1,0,1,0,0,0,0,0,1,0,1,1,1,0,1,1,1,1,1,1,1,1,0,1,0,1,0,0,1,1,1,0,1,0,1,0,0,0,1,0,1,0,0,1,1,1,0,1,1,0,1,1,0,0,0,0,0,0,0,0,0,0,0,0,0,0,0,1
1,1,1,0,0,0,0,1,0,0,0,1,1,1,0,1,0,0,1,0,1,1,0,1,0,0,1,0,1,1,1,1,0,1,0,0,1,0,1,0,1,1,0,1,0,0,0,0,1,1,1,1,1,1,0,1,1,0,0,0,1,0,1,0,1,0,0,0,0,1,0,1,0,1,0
1,0,0,1,1,0,0,1,1,0,0,1,1,1,1,0,1,1,1,0,0,1,1,1,0,1,0,0,1,1,0,0,1,0,0,1,1,1,0,0,0,1,1,1,1,0,0,0,1,0,1,0,1,1,0,1,0,1,1,1,1,1,1,0,0,0,0,0,1,0,1,0,0,1,1
1,0,1,0,1,1,0,1,0,1,0,0,1,0,1,1,0,1,0,1,0,0,0,1,1,1,1,0,0,1,0,0,0,0,1,1,1,1,1,1,1,1,1,1,1,1,1,1,0,0,0,0,0,0,0,0,1,0,1,0,0,1,1,0,1,0,1,0,0,1,1,1,0,1,1
1,0,0,0,1,0,1,1,0,1,0,1,0,0,1,0,1,1,1,1,1,1,1,1,0,1,1,0,0,0,1,1,0,0,0,1,0,1,1,1,1,1,0,1,1,0,0,0,0,1,1,0,1,0,0,1,1,1,1,0,1,0,0,1,0,0,1,0,0,1,0,0,0,1,0
1,0,1,1,1,1,1,1,0,1,0,0,0,0,0,0,1,1,1,0,0,1,1,1,0,1,1,0,1,0,1,1,1,0,0,0,1,1,1,0,1,1,1,1,1,0,1,1,0,0,1,0,1,0,0,0,1,0,0,1,0,1,0,0,0,1,0,1,0,0,1,1,1,1,0
1,0,0,0,0,1,0,1,0,0,1,1,0,0,1,1,0,0,1,0,0,0,0,1,0,0,1,0,1,0,1,1,0,1,1,1,0,0,0,1,0,0,1,1,1,0,1,0,1,1,1,1,1,1,0,1,1,1,1,0,0,0,1,0,1,0,1,1,1,0,0,0,0,1,0
0,0,1,1,0,1,0,0,1,0,1,1,1,0,0,0,1,0,0,0,1,1,0,1,0,1,0,0,1,0,0,0,1,0,0,1,1,0,1,1,1,1,0,1,0,0,1,0,0,0,1,1,1,0,0,0,1,0,0,0,1,0,0,1,0,1,0,0,0,0,0,1,1,1,0
0,0,1,1,1,1,0,1,1,1,0,1,0,1,0,1,1,1,0,0,0,1,1,1,0,1,1,0,0,0,0,0,1,0,0,0,0,1,1,0,1,1,0,1,0,1,1,0,0,1,1,0,1,0,1,0,1,0,1,0,0,1,1,0,0,0,1,0,0,0,0,0,1,1,0
1,0,0,1,1,1,0,1,0,1,1,1,0,0,0,0,1,1,0,1,1,1,0,0,0,0,1,1,1,1,0,0,1,1,1,1,1,0,0,1,1,1,0,1,1,0,1,1,0,1,1,1,1,1,0,0,1,0,0,0,0,1,1,1,1,0,1,0,0,0,0,0,0,0,0
1,1,1,1,0,1,0,1,1,1,0,1,0,0,0,1,0,1,0,1,0,1,0,0,1,1,0,1,1,1,0,0,1,0,0,0,1,1,0,1,1,0,1,1,1,1,1,1,0,1,0,1,1,0,0,1,1,0,0,0,0,0,0,0,0,0,0,1,1,0,1,0,0,1,0
0,1,0,0,1,0,1,0,0,1,0,1,1,0,0,0,1,0,0,0,0,0,1,1,0,0,1,1,0,0,0,0,1,0,0,0,1,0,1,0,1,1,1,1,1,0,1,0,0,0,1,0,1,0,0,1,0,0,1,1,1,1,1,0,0,1,0,1,1,1,1,0,1,1,0
1,1,0,1,0,0,0,1,0,0,0,0,0,0,0,0,1,1,0,0,1,1,0,1,0,0,1,0,1,1,0,1,1,0,1,1,0,0,0,1,0,1,0,1,1,1,0,1,0,1,1,1,0,1,0,1,0,0,1,0,0,0,1,1,1,0,0,0,0,1,0,0,0,0,0
1,0,1,1,0,0,0,1,1,0,1,0,1,0,0,0,0,0,0,0,1,1,1,1,0,0,1,0,1,0,1,0,1,1,1,1,1,1,1,0,1,1,0,1,0,1,1,0,1,0,1,0,1,1,1,0,0,1,1,1,0,1,1,0,0,0,0,1,0,1,1,1,0,1,0
1,1,0,1,0,1,1,1,0,1,1,1,0,0,0,0,0,0,1,0,0,0,1,1,0,1,0,1,1,0,1,0,1,0,1,0,1,1,0,1,0,0,0,1,1,0,1,0,0,1,1,1,1,1,0,1,0,0,0,0,1,1,1,0,1,0,0,0,0,1,0,1,0,0,0
0,1,0,1,1,1,0,1,0,1,0,1,0,0,1,0,0,0,0,0,0,1,1,1,1,1,1,0,0,1,0,0,0,0,0,1,1,0,0,1,0,1,0,1,1,1,0,0,0,1,1,0,1,0,0,1,0,0,0,1,0,0,0,0,0,0,0,1,1,0,1,1,1,1,1
0,1,1,0,0,0,0,1,1,1,0,1,0,1,1,0,1,1,1,0,0,0,1,1,0,1,1,0,1,0,1,0,1,1,1,1,0,1,1,1,1,1,0,1,0,1,0,1,0,1,1,0,1,1,0,1,1,0,0,0,1,0,1,0,1,0,0,0,0,1,0,1,1,0,0
1,0,0,1,1,1,0,0,0,1,0,1,0,0,1,1,0,1,0,0,1,1,0,1,0,0,1,0,1,0,1,0,0,0,1,1,1,1,0,1,1,0,0,1,0,1,0,1,0,1,1,1,1,1,0,0,1,1,0,0,0,0,1,1,0,1,0,1,1,1,0,1,0,1,1
1,0,0,0,0,0,1,1,0,1,1,0,1,0,1,1,1,1,1,0,1,1,1,1,0,1,0,0,0,1,1,1,0,0,1,1,0,1,1,1,1,0,0,1,0,1,0,0,0,0,1,0,1,1,0,1,0,1,1,1,0,0,1,1,1,0,0,0,1,1,1,1,0,1,0
1,1,0,1,1,0,0,1,0,0,0,1,0,0,0,1,1,1,1,1,0,1,1,1,0,1,1,1,1,1,0,1,1,0,0,0,0,0,0,1,0,0,0,1,1,1,0,1,1,1,1,1,1,0,1,1,1,1,0,0,1,1,0,0,1,0,0,0,1,1,1,0,0,0,0
1,0,0,0,1,0,0,1,0,0,1,1,0,1,0,1,1,1,0,0,0,1,0,1,0,0,0,0,0,0,1,1,1,0,0,0,0,0,0,1,1,0,1,1,0,1,0,0,0,0,0,1,1,1,0,1,0,1,1,1,1,0,1,0,1,0,0,1,0,1,1,1,0,1,1
1,0,0,0,0,0,1,1,1,1,0,0,1,0,1,1,0,1,0,1,1,1,1,1,0,0,1,1,0,0,1,1,0,0,0,1,0,1,0,1,1,1,1,1,1,1,1,1,0,0,1,1,1,1,0,0,1,1,0,1,0,1,0,1,1,0,1,1,0,1,1,0,0,1,0
0,0,1,1,1,0,0,1,1,1,0,1,0,1,0,0,1,1,0,0,1,1,0,1,0,1,1,1,0,0,1,0,1,0,1,0,1,1,1,0,1,0,0,1,0,1,1,0,1,1,1,0,1,1,1,1,1,1,0,0,0,1,1,1,1,0,0,0,0,1,0,0,0,1,1
1,0,0,0,0,1,1,1,1,1,0,1,1,1,0,1,0,1,1,0,1,1,1,1,1,0,0,0,1,0,0,0,1,0,0,0,1,1,1,0,1,0,0,1,1,0,1,0,0,1,1,1,1,1,1,1,0,0,1,0,0,0,1,1,0,0,1,1,1,1,1,0,1,1,0
0,0,0,0,0,1,0,0,0,1,0,1,0,0,1,1,1,1,1,0,0,1,1,1,1,1,1,0,0,0,1,1,0,0,0,1,0,0,0,1,0,0,1,1,1,0,0,1,0,1,1,0,1,0,1,1,1,1,1,0,1,0,1,0,1,1,0,0,1,0,1,0,1,1,1
1,0,1,1,1,1,0,0,0,1,0,0,0,0,1,1,1,0,0,1,1,0,1,1,1,1,1,1,0,0,1,1,0,0,1,1,0,1,0,1,1,0,0,1,1,1,0,1,1,1,1,0,0,1,0,0,1,1,1,1,1,0,1,0,0,1,1,1,1,1,1,0,1,0,1
1,0,0,1,1,0,0,1,1,1,0,1,0,0,1,1,0,0,1,1,0,1,0,1,0,0,1,0,0,1,0,0,0,0,1,1,1,0,0,1,1,0,0,1,1,1,0,1,1,1,1,1,1,0,1,0,1,1,0,1,1,1,0,0,1,0,0,0,1,1,0,1,0,1,0
1,0,0,0,0,1,1,0,0,1,0,1,1,0,0,0,1,0,1,0,1,1,0,1,0,0,1,1,1,1,1,1,1,0,1,0,1,0,1,0,1,0,1,1,0,0,0,0,1,1,1,0,1,0,0,1,0,1,1,1,0,0,1,0,1,0,0,0,0,1,1,1,0,1,0
1,0,0,0,1,0,0,1,0,1,1,1,0,1,0,0,0,1,0,0,0,0,1,1,0,0,0,0,1,1,1,1,1,0,1,1,1,1,0,1,1,1,0,1,0,1,1,0,0,1,0,0,1,0,1,1,0,0,0,0,1,0,1,0,0,0,1,1,0,1,0,0,1,0,0
1,0,0,1,1,0,1,0,1,1,0,0,0,0,0,0,0,1,0,0,1,1,1,1,0,0,0,1,1,0,0,0,1,0,1,0,1,0,1,0,1,1,0,1,1,1,0,0,0,1,0,1,1,0,1,0,0,1,0,0,0,1,1,0,0,1,1,0,0,1,0,0,1,1,0
0,1,1,0,1,0,0,0,1,0,0,1,1,1,0,1,0,0,0,1,1,1,1,1,0,0,0,0,1,0,0,1,1,0,1,1,1,1,0,1,1,1,1,1,0,1,1,1,0,1,1,0,1,0,1,0,1,0,0,0,1,1,0,0,0,1,0,1,1,0,0,1,1,1,0
1,0,0,1,1,1,0,1,1,1,0,0,0,1,0,0,0,0,0,1,0,1,0,1,0,0,1,1,0,1,1,1,1,0,0,1,1,1,1,1,1,0,1,1,0,1,0,0,1,1,1,1,0,0,0,1,0,1,1,0,0,0,1,0,0,0,1,0,1,1,1,1,1,1,0
0,0,1,1,1,0,1,1,0,1,1,1,0,0,1,0,1,0,1,0,1,1,1,1,0,1,0,0,1,1,0,0,1,0,1,1,1,1,0,1,1,0,0,1,0,1,1,1,1,1,1,0,1,1,0,1,1,0,0,1,0,0,1,0,1,0,0,0,0,1,0,0,1,0,0
1,1,0,1,0,1,1,1,0,0,0,1,1,0,0,1,1,1,0,0,0,1,1,1,0,0,1,1,1,1,0,0,1,1,1,0,1,0,1,0,1,0,0,1,1,1,0,0,0,0,1,0,1,1,0,0,0,0,1,0,1,1,1,0,0,0,0,0,1,1,0,1,0,0,0
1,1,1,1,1,0,0,1,0,1,0,1,1,0,0,1,1,0,0,0,0,0,1,1,0,0,0,1,1,0,0,0,1,0,0,0,1,1,0,1,1,0,1,1,1,0,1,0,0,0,1,1,1,1,1,1,0,0,0,0,1,0,0,0,1,0,1,1,1,1,1,1,0,1,0
1,1,0,0,0,0,0,1,0,1,0,1,1,1,0,0,0,1,1,0,0,0,1,1,0,0,1,0,1,0,1,0,1,0,0,0,0,1,1,0,1,0,1,1,1,0,0,0,1,0,1,0,1,0,0,1,0,1,0,1,1,1,1,0,0,1,0,1,0,1,1,0,0,1,1
1,0,0,0,0,1,0,1,0,0,1,1,0,0,1,1,1,1,1,0,1,1,1,1,1,0,1,1,1,1,1,1,1,1,1,0,1,0,0,0,1,1,0,1,0,1,0,0,1,1,1,1,1,1,0,1,0,0,0,1,0,0,0,0,1,1,1,1,0,1,1,1,1,0,0
0,1,1,1,0,1,0,1,1,0,1,1,0,0,1,1,1,0,0,1,1,0,1,1,0,0,0,0,1,0,0,0,1,0,1,1,0,0,1,0,1,1,0,1,0,0,1,0,0,1,1,0,1,0,1,0,0,0,0,0,1,1,1,0,1,0,0,0,1,0,0,1,1,0,1
1,0,1,1,1,0,0,0,1,0,0,1,1,0,0,0,0,1,0,0,1,1,1,1,0,0,1,0,1,0,1,1,1,0,1,1,1,1,1,0,0,1,0,1,0,1,0,1,0,0,1,0,1,0,0,0,1,1,1,0,0,1,1,0,1,1,0,0,0,1,0,0,1,0,0
1,0,0,1,0,0,0,1,1,0,0,1,1,0,0,1,0,0,1,0,1,1,1,1,0,0,0,1,0,1,0,0,1,0,1,1,0,0,1,1,1,0,1,1,1,0,1,0,1,0,1,0,1,0,1,1,0,1,0,0,0,1,1,0,1,0,0,0,1,1,1,0,0,1,0
1,1,1,0,1,1,1,1,0,0,0,1,0,0,0,0,0,1,0,1,1,1,0,1,0,0,1,1,1,1,0,1,1,0,0,0,0,1,0,0,1,1,0,0,1,1,1,0,1,0,0,1,1,1,0,0,1,1,1,0,0,1,1,0,0,1,0,1,1,1,0,1,0,1,1
1,0,0,1,1,1,0,1,0,0,0,1,1,0,0,1,1,0,0,0,0,1,0,1,1,1,0,0,1,0,0,1,1,0,1,0,1,1,1,0,1,0,0,1,1,1,1,1,0,1,1,1,1,0,1,0,0,0,1,0,1,0,1,1,0,0,1,1,0,1,0,1,1,0,1
1,0,1,0,1,0,0,1,1,0,1,1,0,0,1,0,1,1,0,0,0,0,1,1,0,1,0,1,0,1,1,1,0,0,0,0,0,1,1,0,1,1,1,1,0,0,1,0,0,0,1,1,1,1,0,1,1,0,1,1,1,0,1,0,1,0,0,0,1,0,1,1,1,1,0
1,0,0,1,1,0,0,1,0,1,1,0,0,0,0,0,1,0,1,1,1,1,0,1,0,0,1,0,1,0,0,1,1,0,1,1,0,0,0,1,0,1,0,1,0,1,0,1,0,1,0,1,1,0,0,0,1,1,0,0,0,0,0,0,1,0,0,0,1,1,0,1,0,0,0
1,1,1,0,0,1,0,0,0,0,0,0,0,0,1,0,1,0,0,0,0,0,0,0,1,1,1,0,1,1,1,0,1,1,0,1,0,1,0,1,0,1,0,1,0,1,0,0,0,1,1,1,1,0,0,1,0,0,1,1,1,0,1,0,0,1,1,0,1,1,0,0,1,1,0
1,0,0,1,0,0,0,1,1,0,1,1,1,0,1,1,1,1,0,0,1,1,0,1,0,0,1,1,1,1,0,1,0,0,0,0,1,1,1,1,1,0,0,1,0,1,0,0,0,0,1,1,1,1,0,0,0,0,0,1,0,0,0,1,0,0,0,0,0,1,0,0,1,1,0
1,1,0,1,1,1,0,1,0,0,1,1,1,0,0,0,1,0,1,0,1,1,0,0,0,1,1,1,1,0,1,1,0,0,1,1,1,1,1,0,1,1,0,1,1,0,0,0,0,1,1,1,1,1,0,1,1,1,0,1,1,1,1,0,0,0,0,1,0,1,1,1,1,1,0
1,0,0,1,1,1,0,0,0,0,0,1,0,0,0,0,1,0,0,0,0,0,1,1,0,0,1,0,0,1,0,1,0,0,1,0,1,0,0,1,1,0,0,1,1,1,0,0,0,1,1,0,1,1,0,0,0,0,1,1,0,0,1,0,0,1,1,1,1,1,0,1,0,1,1
1,0,0,0,0,0,0,1,0,1,0,1,0,0,1,1,1,1,1,1,0,1,0,1,0,0,1,0,1,1,0,1,0,0,1,1,0,0,0,0,0,0,1,1,1,0,0,1,1,1,1,1,1,1,0,1,1,1,1,1,0,0,1,0,1,0,1,0,1,1,1,1,0,1,1
1,0,0,1,0,0,0,0,0,1,0,0,0,0,0,1,0,0,1,0,1,1,0,0,1,1,0,0,1,1,1,0,1,0,1,0,0,0,0,1,1,0,0,1,0,0,1,1,0,1,1,0,1,0,1,0,1,0,0,0,0,1,1,0,0,1,1,1,1,1,0,1,1,1,0
0,1,0,0,0,1,0,1,0,0,0,0,0,1,0,0,0,0,1,0,1,1,0,1,1,1,1,1,0,1,1,1,0,0,1,1,0,0,0,1,1,0,0,1,1,0,0,0,0,1,1,1,1,1,0,1,0,1,0,0,0,0,1,0,0,0,0,0,0,1,0,1,1,1,0
1,0,0,0,0,0,0,0,0,1,0,0,0,0,0,0,1,1,1,0,1,1,0,1,0,0,0,0,1,0,0,1,1,0,1,0,1,0,1,0,1,0,0,1,1,0,0,0,0,1,1,1,1,0,0,1,0,1,0,1,0,1,0,1,1,0,0,1,1,1,0,0,1,0,1
1,0,0,1,1,0,0,1,0,1,0,1,0,1,1,0,0,0,0,1,0,1,1,1,1,1,0,0,0,0,1,1,0,0,1,1,0,0,1,0,1,1,0,1,0,1,1,0,0,0,0,0,1,1,1,1,0,0,0,1,1,0,0,0,0,1,1,1,0,1,1,0,0,1,0
1,1,0,1,0,1,0,1,1,0,0,0,1,0,0,0,1,0,0,0,0,1,0,1,1,1,1,1,1,0,1,0,1,0,0,1,1,0,0,1,1,1,0,1,1,1,0,0,0,0,1,1,1,1,0,1,0,1,0,0,0,0,0,1,0,0,0,1,0,1,0,1,0,1,0
1,1,0,1,1,1,0,1,0,0,0,0,1,0,0,1,1,1,0,0,1,1,0,1,0,1,1,1,1,0,1,0,1,0,1,0,1,0,1,0,1,1,0,1,0,1,0,0,0,1,0,0,1,0,1,1,1,1,1,0,1,1,1,0,1,0,0,1,0,1,1,0,0,0,0
0,0,1,1,1,0,1,1,1,1,0,0,1,0,1,0,0,1,1,0,1,0,1,1,0,1,0,1,0,1,1,1,1,0,0,0,0,0,1,0,1,1,0,1,0,1,1,1,0,0,1,0,1,0,1,0,1,1,0,1,0,1,0,0,1,0,0,1,1,1,0,1,0,1,0
1,0,1,1,0,0,0,1,1,1,0,0,0,0,0,0,1,0,1,0,1,1,1,1,0,0,0,0,1,1,1,0,0,0,0,0,1,1,1,0,1,1,0,1,0,1,0,1,1,1,1,0,1,1,0,0,1,1,1,0,0,1,1,0,1,0,0,0,0,1,0,1,0,1,1
1,0,0,1,1,1,1,1,0,1,0,1,1,0,1,1,0,1,1,0,1,1,0,1,1,1,1,1,0,1,1,0,1,0,1,0,0,0,1,0,1,1,0,1,0,0,1,0,0,1,1,0,1,0,1,1,0,0,1,0,0,0,0,1,1,0,0,0,0,1,1,0,1,0,0
1,1,1,1,0,0,0,1,1,0,0,1,0,0,0,0,0,1,0,1,1,1,0,0,0,0,1,0,1,1,1,0,1,0,0,0,0,0,1,0,1,1,0,1,1,0,1,0,0,0,0,0,1,1,0,1,0,0,0,0,1,1,0,0,1,0,0,0,0,1,0,1,0,1,0
1,0,0,0,1,0,0,0,0,0,0,1,1,0,0,1,0,1,1,0,0,0,0,1,0,0,1,0,1,1,1,1,1,0,0,0,0,1,0,0,1,0,0,0,0,1,1,0,1,0,1,1,1,0,1,0,0,0,1,1,1,1,1,0,1,1,1,1,1,1,0,1,0,1,1
1,1,0,1,1,0,0,1,0,1,0,1,1,0,1,0,1,1,0,0,0,1,1,1,0,0,1,0,1,1,0,1,0,0,0,0,0,1,1,0,1,1,0,1,1,0,0,0,1,0,0,0,1,1,0,1,0,1,0,0,1,1,0,1,1,0,0,1,0,1,0,1,0,1,0
0,0,0,1,0,0,1,0,1,1,0,0,1,0,0,1,0,0,0,0,1,1,0,1,1,1,1,1,1,0,1,1,1,0,1,0,1,1,1,0,1,0,0,1,0,1,1,0,0,1,1,1,1,0,1,0,0,1,1,1,1,0,0,0,0,1,0,0,1,0,1,1,0,0,0
0,1,0,0,1,1,1,1,1,0,0,0,0,1,0,1,1,0,1,0,0,0,1,1,0,1,1,0,0,0,1,0,1,0,1,0,1,0,0,1,1,0,0,1,1,0,1,0,1,1,1,0,1,0,1,0,0,0,0,0,0,1,1,0,0,0,1,1,1,0,0,0,0,0,1
1,1,0,1,1,0,0,1,0,1,0,0,0,1,0,1,0,1,0,1,0,0,0,0,0,0,0,0,1,0,0,0,1,0,0,0,1,0,0,1,1,1,0,1,1,0,1,1,1,1,0,1,1,0,0,0,1,1,0,0,0,0,0,0,1,0,0,0,1,1,0,0,0,1,1
1,0,0,1,0,1,0,1,0,0,1,1,0,0,0,1,1,0,1,0,1,0,0,0,0,0,0,1,0,1,1,1,1,1,1,0,1,1,1,0,1,0,1,1,0,1,1,1,0,1,1,0,1,1,0,0,1,0,1,1,0,1,1,1,1,0,0,0,1,1,1,1,1,0,0
1,0,0,1,0,0,0,1,1,1,0,0,1,1,0,1,1,1,1,0,0,1,0,1,0,1,1,1,1,1,0,1,1,0,1,0,1,1,1,0,1,1,1,0,0,0,1,0,0,0,1,1,1,1,0,1,1,1,0,0,0,1,1,0,1,0,0,1,0,1,1,0,0,1,0
1,0,0,1,0,1,1,1,0,0,1,0,0,0,0,1,1,1,0,0,1,1,1,1,1,0,0,0,1,1,1,0,0,0,1,0,0,0,1,0,1,0,0,1,0,1,0,1,0,1,1,0,1,0,1,0,1,0,0,1,0,0,1,0,0,1,0,1,0,1,0,0,1,0,0
0,0,0,1,1,1,0,1,0,1,0,0,0,1,0,1,1,1,0,0,0,1,1,1,1,1,0,0,1,0,0,0,1,1,0,1,1,0,0,0,1,1,1,1,0,1,1,1,1,0,1,0,1,0,1,1,1,0,1,1,0,0,1,0,1,0,1,0,0,1,1,1,0,1,1
1,0,0,1,1,0,0,1,0,1,0,1,1,1,0,0,0,1,0,0,1,1,0,1,0,0,0,1,1,1,1,1,1,0,1,1,1,0,0,1,0,1,0,1,0,1,0,0,0,1,0,0,1,1,1,1,0,0,0,1,1,0,1,0,1,0,0,0,0,0,0,1,1,1,0
1,0,0,0,0,1,0,1,0,1,1,0,1,0,0,1,1,0,0,1,1,1,0,1,1,0,1,1,0,1,1,1,1,0,1,1,1,1,0,1,0,0,0,0,0,1,0,0,1,0,1,1,1,1,0,0,0,1,1,0,0,0,1,1,0,0,1,0,1,1,0,1,0,1,0
1,0,1,1,1,0,0,1,1,0,1,0,1,0,0,1,1,0,1,1,1,1,0,1,0,1,1,0,1,1,1,1,1,0,0,1,1,1,0,1,0,1,1,1,1,0,0,0,1,0,1,1,1,1,0,0,1,1,0,1,0,1,0,0,1,0,1,1,0,1,1,1,0,0,1
1,0,0,1,0,0,1,1,1,1,1,1,0,0,0,0,0,1,1,0,1,1,1,1,0,0,0,1,1,0,0,0,0,0,0,1,1,0,1,1,1,1,1,1,1,1,1,1,0,1,1,0,1,0,0,0,1,1,1,0,0,0,1,0,0,0,1,1,0,1,0,0,0,0,0
1,0,0,0,1,1,0,1,0,1,0,0,1,0,0,0,1,1,1,1,1,0,0,0,0,1,1,1,1,0,0,1,1,0,1,0,0,0,1,0,1,0,1,1,1,0,1,1,1,1,1,1,1,0,0,1,1,1,1,0,0,1,1,0,1,0,0,1,1,1,0,0,0,1,0
1,1,1,0,0,0,0,1,0,0,0,1,0,0,0,0,1,1,0,0,0,1,0,0,0,1,1,1,1,1,0,0,1,0,0,0,0,0,0,1,1,0,0,1,1,1,0,0,0,1,1,0,1,0,0,1,0,1,1,0,1,0,1,1,0,0,1,1,0,1,0,0,1,1,1
1,0,1,0,0,1,0,1,0,0,1,1,1,0,0,0,1,1,1,1,0,1,0,0,0,1,0,0,1,1,1,1,1,0,0,0,0,0,0,0,1,1,0,1,0,1,1,1,1,0,1,1,1,1,0,0,1,0,1,0,1,1,1,0,1,0,1,0,0,1,0,0,0,1,1
1,1,1,1,1,0,1,1,0,1,1,1,1,0,1,1,1,1,0,0,0,1,0,1,1,1,0,0,0,0,0,0,0,1,1,0,0,1,1,0,1,1,0,1,1,0,1,0,0,0,1,1,1,1,1,1,0,1,0,1,0,1,0,0,0,0,0,1,1,1,1,0,1,1,0
1,0,0,1,0,1,1,1,0,1,1,1,0,0,0,0,0,1,1,0,0,1,1,1,1,0,1,0,1,0,1,0,1,0,1,1,1,0,0,1,1,0,0,1,0,1,1,1,1,0,1,0,1,1,0,1,1,1,1,1,1,1,0,0,0,0,1,0,1,1,1,1,0,0,0
1,0,0,1,1,1,1,1,1,0,1,1,1,0,0,1,0,1,1,0,0,1,1,1,0,1,0,1,1,1,0,0,1,1,1,1,1,0,1,0,0,1,1,1,1,0,0,0,0,0,1,0,1,0,1,1,0,1,1,0,1,0,0,0,0,1,0,1,1,1,1,0,0,0,1
1,1,0,0,1,1,0,1,0,0,0,1,1,0,1,0,0,1,1,0,1,0,0,0,0,1,1,1,0,0,1,0,1,0,1,0,1,0,1,0,0,0,1,1,1,1,0,0,1,0,0,0,1,0,1,1,0,1,1,0,1,1,1,0,1,0,0,0,1,1,1,0,0,1,1
1,1,0,1,1,1,0,1,0,0,1,0,0,0,0,1,1,1,0,0,0,1,0,0,0,1,0,0,0,1,0,0,1,0,1,0,1,1,1,1,1,0,0,1,1,1,0,1,0,1,1,1,1,0,0,1,1,1,0,0,0,0,0,0,1,0,0,1,1,1,0,0,0,1,0
1,1,1,1,0,0,1,0,1,0,0,1,1,0,0,1,0,0,0,0,0,1,1,1,0,0,0,0,1,1,0,1,1,0,1,0,0,1,0,1,0,0,0,1,1,0,1,0,1,0,1,0,1,0,0,1,0,0,0,0,1,0,1,0,0,1,1,1,1,1,0,1,0,1,1
1,0,0,1,1,0,0,0,0,0,0,0,0,0,1,0,0,0,1,0,0,1,1,1,0,0,1,1,1,0,1,1,0,0,1,0,1,1,1,0,1,1,1,1,0,1,0,1,0,1,1,0,1,0,1,1,1,1,0,1,0,0,1,1,0,1,0,0,0,1,1,0,0,1,0
0,1,1,1,1,0,0,1,0,0,1,0,0,0,1,1,1,1,1,0,1,1,1,1,0,1,0,0,0,1,0,1,0,0,1,1,0,1,1,1,1,1,1,1,1,0,1,0,1,1,1,0,1,1,0,0,0,1,1,1,0,1,1,0,1,0,0,1,0,0,0,0,0,1,1
1,0,0,1,0,0,0,1,0,0,0,0,0,0,0,1,0,0,1,1,0,1,1,1,0,1,1,1,1,1,0,0,1,0,1,0,0,1,1,0,1,0,0,1,1,1,0,1,1,1,1,0,1,1,0,0,0,1,0,1,0,0,1,0,0,1,1,1,1,1,1,0,0,1,0
0,0,0,0,1,1,0,1,0,0,0,1,0,0,1,1,1,0,1,0,1,1,1,1,0,0,0,0,0,0,1,0,0,0,0,1,0,0,1,1,0,0,0,1,1,1,0,0,1,1,1,1,1,1,0,1,0,1,1,0,1,0,1,0,1,0,0,1,1,1,0,0,0,1,1
1,1,1,0,1,1,0,1,0,1,0,1,0,0,0,1,1,0,1,0,1,1,0,1,0,0,1,0,0,0,1,1,1,0,0,0,0,1,1,0,0,0,0,1,1,0,0,0,1,1,1,1,1,1,0,1,0,1,1,0,0,0,1,0,1,0,0,0,1,1,0,1,0,1,0
1,1,0,1,0,1,0,1,1,0,1,1,0,0,0,0,1,1,1,1,0,0,0,1,0,1,1,0,0,0,1,1,0,0,1,0,1,1,0,0,1,1,0,1,0,1,0,1,0,0,1,1,1,0,1,0,1,1,0,1,1,1,1,0,0,0,1,1,1,1,0,0,1,1,1
1,0,0,0,1,0,0,1,0,1,1,1,0,0,0,1,1,0,1,0,1,1,0,1,0,0,1,1,1,0,0,0,1,0,1,0,1,0,1,0,1,0,0,1,1,0,1,1,0,1,1,1,1,0,1,0,0,0,0,0,1,1,1,0,0,0,1,0,1,1,0,0,1,0,0
1,0,0,0,1,0,0,1,1,0,1,1,0,0,0,0,1,1,1,1,1,1,1,1,0,0,1,1,1,1,1,1,1,0,1,1,1,0,0,1,1,0,0,1,1,0,1,0,0,1,1,0,1,1,1,0,0,0,1,1,0,1,1,0,1,0,0,0,1,1,1,0,1,0,0
1,0,0,0,1,0,1,1,1,1,0,1,0,0,1,1,1,0,1,0,0,1,0,1,0,0,1,0,1,0,1,0,0,0,0,0,0,0,0,1,0,0,1,1,1,0,0,0,1,1,1,1,1,1,0,1,0,1,1,0,1,1,1,0,1,0,1,1,1,1,1,0,0,1,0
1,1,1,1,1,1,1,1,1,0,0,0,1,0,1,0,1,1,0,0,0,1,1,1,1,0,1,0,0,1,0,0,0,0,0,0,0,0,0,0,1,1,1,0,0,1,0,0,0,0,1,1,1,1,0,1,0,1,0,1,0,1,0,0,0,0,1,0,0,1,1,1,0,1,1
1,1,0,0,1,1,0,1,0,0,1,0,0,0,0,1,0,1,0,0,0,1,0,0,1,0,1,1,0,1,0,1,0,0,1,0,1,0,0,1,1,0,0,1,1,1,1,1,1,1,1,0,1,0,0,1,1,1,0,0,0,0,1,0,0,1,1,0,1,1,0,0,0,1,0
1,1,1,0,0,0,0,1,0,0,1,0,1,0,0,0,1,0,1,0,1,1,0,0,0,0,1,0,1,0,0,1,1,0,1,0,1,0,1,0,1,1,1,1,1,1,0,0,1,1,1,1,1,1,0,1,0,1,0,0,0,0,1,0,1,0,0,0,0,1,1,0,0,1,0
1,0,0,1,0,0,0,0,0,1,0,1,0,0,0,0,0,1,0,1,1,1,0,0,0,0,1,1,0,1,0,1,1,1,1,0,0,1,1,1,1,0,0,1,1,0,1,1,0,1,1,1,1,0,0,0,1,1,0,0,0,0,0,0,0,1,1,1,1,1,1,0,0,1,0
1,0,0,1,0,0,0,1,1,0,0,0,1,0,1,0,0,1,1,1,0,0,0,0,0,1,1,1,1,1,1,0,1,1,1,1,1,0,0,0,1,1,1,1,0,0,0,1,1,0,1,1,1,1,0,0,1,1,0,0,0,1,1,0,1,0,1,0,0,1,0,0,0,1,0
1,0,1,0,0,0,0,0,1,1,0,0,1,0,0,1,0,1,0,0,0,1,0,1,0,1,1,1,1,0,1,1,1,1,1,1,1,0,0,1,1,0,1,1,1,1,0,0,1,0,1,1,1,0,1,1,1,1,1,1,0,1,1,0,0,1,1,0,0,1,1,1,0,1,0
1,0,0,0,0,0,0,1,1,0,0,1,0,0,1,1,1,1,0,1,0,1,1,1,1,1,1,1,1,1,1,0,1,0,0,1,1,1,0,1,1,0,0,1,0,1,1,1,0,1,1,0,1,1,0,0,1,0,1,1,0,0,1,1,1,0,1,0,1,1,1,1,1,1,0
1,0,0,1,1,0,1,1,1,0,0,0,0,0,0,1,0,1,0,0,0,1,1,1,0,1,1,1,1,1,0,0,1,0,0,1,0,1,1,1,1,0,0,1,0,0,0,0,1,1,0,0,1,1,0,1,0,1,1,1,0,0,1,0,0,1,0,0,1,1,1,0,0,0,1
1,0,1,1,1,0,0,0,0,1,0,0,1,0,1,0,1,0,1,0,1,1,0,1,1,1,0,1,1,0,0,0,0,0,1,0,1,0,1,0,1,1,0,1,1,0,0,0,0,0,1,0,1,1,0,1,0,1,0,1,0,1,1,0,1,1,0,0,0,1,1,0,0,0,1
1,0,1,0,1,0,0,1,1,1,0,0,0,1,0,1,1,1,1,0,1,0,1,1,0,1,1,0,0,1,1,1,1,0,1,0,1,1,1,0,1,1,1,1,0,1,1,0,1,0,0,1,1,1,0,0,1,0,0,0,0,1,0,0,1,1,0,1,0,1,1,0,1,1,1
1,0,0,1,1,1,0,1,0,0,0,1,0,0,1,1,1,1,0,0,0,1,0,1,0,0,0,1,0,0,0,1,0,0,0,0,0,1,1,0,1,0,0,1,1,1,1,1,0,1,1,1,1,0,1,1,1,0,0,0,0,0,0,1,0,0,1,1,1,1,0,0,1,1,0
1,0,0,1,1,1,1,1,0,0,1,0,0,0,0,1,1,1,0,0,0,1,1,1,0,0,1,1,0,0,1,0,0,0,1,0,0,1,0,1,1,0,0,1,0,1,1,0,0,1,1,0,1,1,0,1,1,1,0,1,0,1,1,0,0,0,0,1,0,0,0,0,0,0,0
0,0,0,1,1,0,0,1,0,0,1,1,0,0,0,1,1,0,1,0,1,1,1,1,0,0,1,1,1,1,0,1,1,0,1,0,0,1,1,0,1,0,0,1,0,1,1,0,0,0,1,0,1,0,0,0,0,0,0,1,1,0,0,0,1,1,1,1,1,1,0,1,1,1,0
1,0,0,0,0,0,1,1,1,0,1,1,0,0,0,1,1,1,0,1,0,0,1,0,1,0,1,1,0,1,0,0,0,0,0,1,0,1,0,1,1,0,0,0,0,1,1,0,1,1,1,0,1,1,0,1,1,1,1,1,1,0,1,0,1,0,1,0,0,1,1,0,0,1,0
1,0,0,1,1,0,1,1,1,1,0,0,0,0,1,1,1,1,0,1,0,1,0,0,0,0,1,1,1,0,0,1,0,0,1,1,0,1,1,0,1,1,0,1,0,1,0,1,0,1,1,1,1,0,1,1,1,0,1,0,0,1,1,1,0,0,1,1,1,1,0,0,1,0,1
1,0,1,1,0,0,0,0,0,1,1,1,0,0,0,1,1,0,1,0,1,0,0,1,1,1,0,0,0,1,1,1,1,0,0,1,1,1,0,1,0,0,0,1,1,1,0,1,0,1,1,1,1,1,0,1,1,1,1,0,1,1,1,0,1,1,1,0,0,1,0,1,1,1,1
0,0,0,1,0,1,1,1,0,0,1,1,0,1,0,0,1,1,1,0,0,1,1,1,0,0,0,1,1,0,1,1,1,0,1,0,1,1,0,1,1,1,1,1,1,1,1,1,1,1,1,0,1,1,0,1,1,1,1,0,0,0,1,0,1,0,0,0,0,0,1,0,0,1,0
1,1,1,1,1,0,0,1,0,0,0,0,0,0,0,1,1,0,1,0,1,1,0,1,0,1,1,0,0,1,0,0,0,1,1,0,1,0,1,0,1,0,0,1,0,1,0,1,1,1,1,1,1,1,1,0,0,1,0,0,0,0,1,1,0,1,1,1,1,1,0,1,0,0,0
1,1,0,1,0,1,0,1,0,0,0,1,0,0,0,1,1,1,0,0,0,0,1,1,1,0,1,1,0,0,1,1,0,0,1,0,0,0,1,0,1,1,0,1,1,1,1,0,0,1,0,0,1,0,1,1,0,0,0,1,0,0,1,0,1,1,0,0,1,1,0,0,0,1,1
1,0,0,0,0,0,0,1,0,1,1,1,0,0,0,0,1,0,0,0,1,1,1,1,0,0,1,1,1,1,1,1,1,0,1,1,0,1,0,1,1,1,1,1,0,1,0,0,1,0,1,0,1,1,0,1,0,1,1,1,1,0,0,1,1,0,1,0,0,1,1,1,0,0,0
1,1,0,1,1,0,0,0,0,0,0,1,0,0,1,1,1,1,0,0,0,0,1,1,1,0,0,0,1,1,1,1,1,0,1,0,0,0,1,0,1,1,0,1,0,1,1,0,1,0,1,0,1,1,1,0,0,1,0,0,1,1,1,0,1,1,1,1,0,1,0,1,0,1,0
1,0,0,0,1,0,1,1,0,1,0,1,0,0,1,0,1,1,1,0,1,1,0,1,0,0,1,0,0,0,1,0,0,0,1,0,1,0,1,0,1,1,0,1,0,0,0,0,0,0,1,1,1,0,0,1,0,1,1,1,0,1,1,1,0,0,0,1,0,1,0,1,0,1,1
1,1,1,1,1,0,0,1,1,0,0,1,1,1,1,1,1,1,1,0,0,1,0,1,0,0,1,0,0,0,0,1,0,0,1,0,1,1,1,0,1,1,1,1,1,0,1,0,1,1,0,1,1,1,0,1,1,0,1,1,0,1,0,0,1,0,1,1,1,1,1,1,0,1,1
0,0,0,1,1,1,1,0,1,1,0,1,0,0,0,1,0,1,0,0,1,1,0,0,0,1,1,0,1,1,0,0,1,0,1,0,0,1,1,0,1,0,0,1,0,1,1,1,1,1,1,1,1,0,1,0,1,0,0,1,0,1,1,0,1,1,0,1,0,0,1,0,1,1,0
1,1,1,0,1,0,0,0,1,1,1,0,1,1,1,1,0,1,0,1,0,1,0,0,1,1,1,0,1,0,1,0,1,0,1,1,0,0,0,1,1,1,1,1,0,1,0,1,1,0,1,1,1,0,1,1,0,0,0,1,0,1,1,1,1,1,1,1,1,1,1,1,0,1,0
1,0,0,1,1,1,0,0,1,1,0,1,0,0,0,1,1,1,1,0,1,1,0,1,0,0,1,1,0,0,1,1,1,0,1,1,0,0,0,1,1,0,0,1,0,1,1,1,0,1,1,1,1,0,1,1,1,1,0,1,1,0,1,0,0,1,1,1,0,1,0,0,0,1,0
0,0,1,0,1,1,0,1,0,0,1,0,0,0,0,0,0,1,1,0,1,1,1,1,1,0,1,0,1,1,0,0,0,0,1,1,1,0,1,0,1,1,1,1,1,0,0,0,1,0,1,0,1,1,0,0,0,1,1,0,0,1,1,1,1,0,0,0,1,0,0,1,0,1,0
1,1,0,1,0,1,0,1,0,1,1,1,1,0,0,1,0,0,0,0,1,1,0,0,0,1,1,1,1,0,1,0,1,0,1,0,0,0,1,0,1,0,0,1,1,0,1,1,1,1,1,1,1,0,0,1,0,1,0,0,0,0,1,0,0,1,0,1,1,1,0,1,0,1,0
1,1,1,1,1,0,1,0,1,0,0,1,0,0,1,1,1,1,0,1,1,1,1,1,0,0,1,0,0,0,1,0,0,0,1,0,0,0,1,0,1,0,1,1,0,1,0,0,1,1,0,0,1,0,1,0,0,1,1,0,0,0,1,0,0,1,0,1,1,1,0,0,0,0,1
1,1,0,1,0,0,1,1,0,1,1,0,0,0,0,0,1,0,0,0,0,1,0,1,1,1,1,0,0,1,1,0,0,0,0,1,1,0,0,0,0,1,1,1,0,1,1,0,0,0,1,1,1,1,0,0,0,0,0,1,0,1,0,0,0,0,1,0,1,1,1,1,1,1,1
1,0,1,0,1,0,0,1,0,0,0,1,0,0,1,1,0,0,0,0,0,1,0,0,1,0,1,0,1,0,1,0,1,0,0,0,1,1,0,1,0,0,0,1,0,1,0,1,0,0,1,0,1,0,1,1,1,0,1,0,1,1,1,0,0,0,0,1,0,1,1,0,1,1,0
1,0,0,1,0,0,0,1,0,0,0,0,0,0,0,1,0,0,1,0,0,1,1,1,1,0,0,1,1,0,1,1,1,0,1,1,1,0,0,1,1,0,0,1,1,0,0,0,0,1,1,0,1,1,0,1,1,1,0,0,0,0,1,0,1,0,0,0,1,1,0,1,0,1,0
0,1,1,0,1,0,0,0,0,1,0,1,1,0,0,0,1,1,0,0,1,1,0,1,0,0,1,0,1,0,1,0,1,0,1,0,0,0,1,0,0,1,0,1,1,0,0,1,0,0,1,1,1,0,0,1,1,0,1,1,1,1,0,0,0,1,1,0,0,1,0,0,1,1,1
1,0,0,0,0,0,0,0,0,1,0,1,1,1,0,0,1,1,1,1,1,1,0,0,0,0,1,0,1,0,1,0,0,1,1,0,0,0,1,0,1,0,0,1,1,0,0,0,1,1,1,0,1,1,1,1,0,1,0,0,0,1,0,0,0,1,1,0,0,1,0,0,0,1,0
0,1,1,1,0,1,0,1,1,1,0,1,0,0,0,0,1,1,1,0,1,1,0,0,0,0,1,0,0,0,0,1,1,0,0,1,0,1,1,0,1,1,1,1,1,1,1,1,1,1,0,1,0,0,0,0,0,1,1,1,1,1,1,1,1,1,1,0,0,1,1,0,1,0,0
1,0,0,1,0,0,1,1,1,1,1,0,0,0,0,1,0,1,0,0,1,1,1,1,0,1,1,1,1,1,0,1,1,0,1,1,1,0,1,1,1,0,0,1,1,1,0,0,1,1,0,0,1,0,1,0,0,1,0,0,1,1,1,0,1,0,0,1,1,1,1,0,0,0,0
0,0,0,0,1,0,1,1,0,1,0,1,0,0,0,1,1,0,0,0,1,1,0,1,0,1,1,1,1,0,1,1,1,0,1,1,0,0,1,1,1,0,0,1,0,0,0,0,1,1,1,1,1,1,0,1,0,0,1,1,0,0,1,0,1,0,0,0,0,0,1,1,0,1,0
1,0,0,1,1,0,0,0,0,1,1,1,1,0,1,1,1,0,0,0,0,1,0,1,0,0,0,0,1,1,1,1,0,0,1,1,1,1,1,0,1,1,1,1,1,1,1,1,0,1,1,1,1,1,0,0,0,0,0,1,0,0,0,0,0,1,0,0,0,1,1,1,1,0,0
1,1,0,0,1,0,0,1,1,1,0,1,0,0,0,1,0,1,1,0,0,0,1,1,1,1,1,0,1,1,0,1,1,0,1,1,0,0,0,1,0,0,0,1,1,1,0,0,0,1,0,1,0,1,0,0,0,1,1,0,0,1,1,0,0,0,0,1,1,1,0,1,0,1,0
1,0,0,1,1,0,0,1,0,0,0,1,0,0,0,1,1,0,0,1,1,1,0,1,0,0,1,1,0,0,1,1,1,0,0,0,0,1,1,0,1,0,0,1,1,1,1,0,0,1,1,1,1,1,0,1,0,0,0,1,0,1,0,0,1,0,0,0,0,1,1,1,1,1,0
1,0,1,0,0,1,1,0,0,1,0,0,1,1,0,1,1,1,0,0,0,0,1,1,1,0,0,0,0,1,1,1,1,0,1,1,0,0,0,1,1,1,0,1,0,1,1,1,1,0,1,0,1,1,0,0,0,0,0,0,0,0,0,0,0,1,1,1,1,1,0,1,0,1,0
1,0,0,0,0,0,0,1,0,0,0,1,0,0,0,1,1,1,0,1,1,1,0,1,0,0,0,1,0,1,1,0,0,0,0,0,0,1,1,0,1,0,0,1,0,1,0,0,0,0,0,1,1,1,0,1,1,0,1,0,1,1,1,0,1,0,0,0,1,0,0,0,1,1,0
1,1,1,1,0,0,0,1,1,0,0,1,1,1,1,1,1,1,0,1,1,1,0,1,1,0,1,1,1,0,0,1,1,0,1,0,1,0,1,0,1,1,0,1,1,0,0,0,1,0,1,0,1,0,1,1,0,0,1,1,0,1,1,0,0,0,0,1,1,0,1,0,1,1,1
1,0,1,1,1,0,0,1,0,1,1,0,0,0,1,1,0,1,1,1,0,1,0,1,1,0,0,1,0,0,1,0,0,1,1,1,0,1,0,1,1,1,1,1,0,1,0,0,1,1,1,1,1,1,0,1,0,1,1,0,1,1,1,0,1,0,1,1,0,1,1,0,0,0,0
1,1,0,1,0,1,0,0,0,0,0,0,1,1,1,1,1,1,0,0,0,1,0,1,1,1,0,1,0,1,1,1,0,0,1,0,1,0,1,0,1,1,1,1,0,1,1,1,1,0,1,1,1,1,1,1,1,1,1,1,0,0,1,0,1,1,0,0,1,1,1,1,0,1,0
1,0,1,1,0,1,0,0,0,0,0,1,1,0,0,0,1,0,0,1,1,1,0,1,0,1,0,1,1,0,1,1,1,0,1,0,0,1,1,0,0,1,0,1,0,1,0,0,0,1,1,1,1,1,1,1,0,0,0,1,1,1,1,0,0,1,0,1,0,1,1,1,1,1,0
1,0,0,0,1,0,0,0,0,0,0,1,1,1,1,0,0,1,0,0,0,1,0,1,1,1,0,0,0,1,1,1,0,1,0,1,0,0,1,0,1,1,1,1,0,1,1,0,0,0,1,1,1,0,1,1,0,0,1,1,1,1,1,0,1,1,0,0,0,1,1,1,1,1,1
1,0,0,0,1,1,0,1,0,0,1,1,0,1,0,0,1,1,1,0,1,0,1,1,0,1,1,0,1,1,1,0,1,0,0,0,1,1,1,0,1,1,0,1,1,1,0,0,1,1,1,0,1,0,0,1,0,1,1,0,0,0,1,0,1,0,0,1,1,0,0,0,0,0,0
1,0,1,1,1,1,0,1,0,0,0,1,0,0,0,0,1,1,1,0,1,1,0,1,0,1,1,1,0,1,1,1,0,0,0,0,0,1,1,0,0,1,0,1,0,1,1,1,1,0,1,1,1,0,0,0,1,1,0,1,1,0,0,0,1,0,1,1,0,1,1,0,0,1,0
1,1,1,0,1,1,0,1,0,1,0,0,0,0,1,1,1,1,1,0,0,1,1,1,0,0,1,0,0,0,1,1,0,1,1,0,1,0,0,1,1,0,0,1,1,0,1,1,1,1,1,0,1,1,1,0,1,1,1,1,1,0,1,0,1,0,0,0,1,0,0,1,0,1,0
1,0,0,0,0,1,1,1,0,0,0,0,0,0,1,0,0,0,0,0,1,1,0,1,0,1,1,1,0,1,1,0,0,0,1,0,1,1,1,0,1,0,1,1,0,1,0,1,1,1,1,1,1,0,1,1,1,1,1,1,1,1,1,0,1,0,0,0,0,1,1,1,0,1,0
0,0,0,0,1,0,0,1,0,0,1,1,0,1,1,0,1,1,0,0,0,0,1,1,1,1,1,0,0,0,0,0,0,0,0,1,0,1,0,1,1,0,1,1,1,1,1,1,1,1,0,0,1,0,0,1,1,1,1,1,0,0,1,0,1,1,1,1,1,1,1,0,0,1,0
1,0,0,1,1,0,0,1,0,0,0,1,1,0,1,0,0,0,0,1,1,1,0,1,1,1,0,0,0,0,1,0,1,0,0,0,1,0,1,0,1,1,0,1,1,1,0,0,1,1,1,1,0,0,1,0,0,0,1,1,1,1,1,0,1,0,0,1,0,1,1,0,1,1,0
1,1,0,0,1,0,1,1,0,1,0,0,0,0,0,1,0,1,0,0,0,0,0,0,0,1,0,0,1,1,0,0,0,0,1,1,0,0,1,1,1,0,0,1,0,1,1,1,0,0,1,1,1,0,1,1,0,0,1,0,0,0,0,0,1,0,0,0,1,1,1,0,1,0,1
0,0,0,1,0,1,0,1,1,0,0,0,1,0,0,1,1,0,1,1,1,1,0,0,1,0,0,1,0,0,1,1,1,1,0,0,1,1,1,0,1,0,1,1,1,0,1,1,1,1,1,1,1,1,0,0,1,1,0,0,0,1,0,1,0,0,1,1,1,0,0,1,0,1,0
1,0,1,0,1,0,0,1,0,0,1,0,0,0,1,1,0,1,0,1,1,1,0,1,0,1,1,0,1,1,1,1,1,1,1,1,0,1,0,1,1,0,0,1,0,1,0,1,0,1,1,1,1,0,1,0,1,1,0,0,0,0,0,0,0,0,0,1,1,1,1,0,0,1,0
0,0,0,1,1,0,0,1,1,0,1,1,0,1,0,1,1,1,0,0,1,1,0,1,1,0,1,1,0,0,0,1,0,1,0,0,1,1,1,1,1,0,0,1,1,1,0,0,1,0,0,1,1,1,0,1,0,1,1,1,0,1,1,0,0,0,1,1,1,0,1,1,0,1,1
1,0,0,1,0,0,0,1,1,0,0,1,0,0,0,1,1,0,1,0,1,1,1,1,0,0,0,1,0,0,1,1,1,0,0,0,0,0,1,0,1,0,0,1,0,0,1,0,0,1,1,0,1,0,1,0,0,1,1,0,1,0,1,0,1,1,0,0,1,0,0,1,1,1,1
0,0,1,1,0,0,0,0,0,1,0,1,1,0,1,1,1,1,0,0,1,1,0,1,1,1,1,0,0,0,1,1,0,1,1,1,0,1,1,0,1,1,1,1,1,0,0,0,0,1,1,1,1,0,1,0,1,0,0,1,0,0,1,0,1,1,0,0,1,1,1,0,1,1,0
1,0,1,1,1,1,1,0,1,1,0,0,1,0,1,0,1,1,1,0,1,1,1,1,1,1,0,0,0,1,1,0,0,0,1,0,1,1,1,0,1,1,0,1,0,0,1,0,0,0,1,0,1,1,0,1,0,1,0,0,0,1,0,1,1,1,0,1,0,1,0,0,1,0,1
1,1,1,1,0,0,0,1,0,1,0,1,0,0,0,1,1,1,0,1,1,0,1,1,0,1,0,1,1,0,1,1,1,1,0,1,0,0,0,1,1,0,0,1,1,1,0,0,1,1,1,0,0,1,1,0,0,1,0,1,1,1,0,0,1,0,0,1,1,1,0,0,1,1,0
1,1,1,1,1,0,0,0,1,1,0,0,0,1,1,1,0,1,0,0,1,1,1,1,0,1,1,0,1,1,0,1,1,0,0,1,0,0,0,1,1,0,0,1,1,1,0,1,0,0,1,1,1,0,1,0,1,0,1,1,0,0,1,1,1,0,0,0,0,1,1,1,0,1,0
1,1,1,0,0,1,0,1,0,1,0,1,0,0,0,0,1,0,0,0,0,1,0,1,1,0,1,1,1,1,1,1,1,0,1,1,0,1,1,1,1,0,0,1,1,0,0,0,0,1,1,1,1,1,0,1,1,1,1,0,1,0,1,0,0,0,1,1,1,1,0,1,1,1,0
1,0,1,1,1,1,0,1,0,0,1,1,1,0,0,1,1,1,0,1,1,1,0,0,0,1,1,0,1,0,1,1,1,0,0,0,1,1,1,0,1,1,0,1,0,1,0,1,0,0,1,1,1,1,0,1,1,1,0,0,1,1,0,0,0,1,1,0,0,1,0,1,0,1,0
0,0,0,1,1,0,0,1,0,0,1,1,1,0,1,0,1,1,0,1,1,1,1,1,0,1,0,0,0,1,1,1,0,1,1,0,1,0,1,0,1,1,1,1,0,1,0,1,1,0,1,1,1,1,1,1,0,1,0,1,1,0,0,0,1,0,0,0,1,1,1,1,0,1,0
0,1,0,1,0,1,0,1,0,1,1,0,0,0,0,0,1,0,0,0,0,1,0,0,0,1,1,0,1,1,0,0,1,1,0,1,0,0,1,0,1,1,0,1,0,1,0,1,0,1,1,1,0,1,0,1,1,1,1,0,0,0,1,0,1,0,1,0,1,0,0,1,0,0,0
0,1,1,0,0,1,0,1,1,1,1,1,0,1,1,1,1,1,1,0,0,1,0,0,0,0,1,1,0,1,1,0,0,1,1,0,0,1,0,0,1,0,0,1,1,1,0,1,1,1,1,1,1,1,1,0,1,1,0,1,0,1,1,1,1,0,1,0,0,0,1,1,0,1,0
1,0,1,0,0,0,0,1,0,1,1,1,0,0,1,0,1,1,0,0,1,1,0,1,1,0,1,0,0,1,0,1,0,1,1,0,0,0,0,1,0,1,0,1,1,0,1,0,0,0,1,1,1,1,0,1,0,0,1,0,1,0,0,1,1,0,0,0,1,1,0,1,1,1,0
1,1,1,0,0,1,0,1,0,0,0,1,0,1,1,1,1,1,1,1,1,1,0,0,0,1,0,1,0,1,0,0,0,0,1,1,0,1,1,0,1,1,1,1,1,0,1,0,0,1,1,0,1,1,0,1,0,1,1,1,0,0,0,0,1,0,0,0,1,1,1,1,0,1,0
1,1,1,1,1,0,0,0,1,1,0,1,0,0,0,0,1,0,1,0,0,1,0,0,0,1,0,0,1,0,1,0,1,0,1,0,1,1,1,0,1,1,1,1,0,1,0,1,1,1,1,1,1,1,0,1,1,1,0,1,1,1,1,0,0,1,1,0,1,1,1,1,0,1,1
1,1,0,0,1,1,0,1,0,0,1,0,0,0,1,1,0,1,0,1,0,1,0,0,1,0,1,0,1,1,0,1,0,0,1,1,0,1,0,1,1,0,0,1,0,0,1,0,1,1,1,0,1,0,0,1,0,1,1,0,1,0,0,1,1,0,0,0,1,1,0,1,0,0,0
1,0,1,1,1,1,0,1,0,1,0,1,1,0,1,0,1,0,1,0,1,1,1,1,1,1,0,0,0,1,0,1,0,0,1,1,0,1,1,1,1,1,1,1,0,1,0,0,0,0,1,1,1,1,0,1,0,1,1,0,1,1,1,1,0,0,1,0,0,1,1,0,0,0,0
0,0,1,0,1,0,1,1,0,1,1,1,1,1,1,0,1,1,0,0,1,1,1,1,0,0,1,0,0,0,0,0,0,0,0,0,0,1,1,0,1,1,0,1,1,0,1,0,1,1,1,1,1,0,0,1,1,0,0,0,1,0,0,0,1,0,0,0,1,1,1,0,0,1,0
1,1,0,1,0,1,0,0,0,1,0,1,0,1,0,1,1,0,1,1,1,1,1,1,1,1,0,1,1,1,0,0,0,0,1,1,1,1,1,1,1,0,0,1,1,1,0,1,1,1,1,0,1,0,0,0,1,0,0,0,0,0,1,0,1,1,0,0,0,1,0,1,0,1,0
1,0,0,1,0,0,1,0,0,0,0,0,1,0,0,0,1,0,0,0,0,0,1,1,0,1,1,0,1,0,1,1,1,1,0,0,0,1,1,0,1,1,1,1,0,1,0,0,0,0,1,0,1,1,1,1,0,1,0,1,0,1,0,0,0,1,1,1,0,1,0,1,0,1,0
1,0,0,0,0,0,0,1,1,0,1,1,1,1,1,0,1,0,1,0,1,1,0,1,0,1,1,1,0,1,1,1,0,0,1,0,1,1,1,0,1,1,0,0,1,1,0,1,1,0,1,1,1,1,0,1,1,0,1,0,1,0,1,0,0,1,0,0,1,1,0,0,0,0,0
1,1,1,1,0,1,0,1,0,0,1,1,0,0,0,0,1,0,0,0,0,0,0,1,1,0,1,0,0,1,0,0,0,0,1,1,1,0,0,1,1,1,0,1,1,0,0,0,1,1,1,1,0,1,0,1,0,1,1,0,1,0,0,0,0,0,0,1,0,1,0,1,1,1,0
0,0,1,1,0,0,0,1,0,0,0,1,0,0,0,0,1,0,0,0,0,1,0,0,0,1,0,1,1,0,0,0,1,1,1,0,1,1,1,0,1,0,0,1,0,1,0,1,1,1,1,1,1,1,0,1,1,1,0,0,0,0,1,0,1,1,0,0,0,1,0,1,1,1,0
1,0,0,0,0,1,0,1,1,0,0,1,1,0,1,1,1,1,1,1,0,1,0,0,1,1,1,1,0,0,1,1,0,0,1,1,1,1,0,1,1,0,0,1,1,0,0,1,0,0,1,1,0,0,0,0,1,1,1,1,1,0,1,0,0,0,0,1,1,1,0,0,0,1,0
1,0,1,1,0,0,0,1,1,0,0,0,0,0,0,0,1,1,0,0,1,0,1,1,0,0,0,1,1,1,0,1,1,1,0,0,0,0,1,0,1,1,0,1,1,1,1,0,1,0,1,0,1,0,1,0,0,0,1,0,0,1,0,0,0,1,1,0,0,1,0,1,1,1,0
1,0,0,0,0,0,0,0,0,1,1,1,0,1,0,1,1,1,1,0,1,1,1,1,0,0,1,1,0,0,0,0,1,0,1,1,0,1,1,1,1,0,0,1,1,1,0,0,0,1,0,0,1,1,0,1,0,1,0,1,1,1,1,1,1,1,1,0,1,1,1,0,0,0,0
1,0,0,0,0,0,1,0,0,1,0,0,0,0,1,1,1,0,0,0,1,1,1,1,0,1,1,0,0,0,0,0,0,1,0,0,0,1,1,0,1,1,1,1,1,0,0,0,0,1,1,0,1,0,0,1,0,0,1,0,0,1,0,1,1,1,0,0,1,1,1,0,1,1,0
1,1,0,1,0,0,0,1,1,0,0,0,0,0,1,1,1,1,0,1,0,0,0,0,0,0,1,0,0,1,1,0,0,0,0,0,0,0,0,1,1,1,0,1,1,0,1,1,0,0,1,1,1,1,1,0,1,1,0,1,0,1,1,0,1,0,0,0,0,1,0,1,0,1,0
1,1,0,1,0,0,0,1,1,1,0,0,0,0,0,1,1,1,0,0,0,1,0,1,0,1,1,1,1,1,1,0,1,0,1,1,1,0,0,1,1,0,1,1,0,1,1,1,0,1,1,1,1,0,1,1,0,0,0,1,0,0,1,1,1,0,1,1,1,1,1,0,0,1,0
1,1,0,1,0,1,0,1,0,0,1,1,0,0,0,0,0,0,0,0,0,0,1,1,1,0,0,0,0,1,0,0,1,0,1,0,1,1,1,0,1,1,0,1,1,1,1,0,1,1,1,1,1,1,0,1,1,0,0,1,0,1,0,0,1,0,0,1,0,1,1,1,0,1,1
1,1,0,1,0,1,0,1,0,1,1,1,1,0,1,1,0,1,1,0,1,1,1,1,0,0,1,1,0,1,0,1,0,0,0,0,0,0,0,1,1,1,1,1,0,0,1,0,0,1,1,0,1,1,0,1,0,1,1,0,0,0,1,1,0,1,0,0,0,1,1,1,1,1,0
1,0,0,1,0,0,1,1,0,1,1,1,0,0,0,0,1,0,0,0,1,1,1,1,1,1,0,0,1,0,1,0,1,0,0,1,0,1,0,1,1,1,1,1,0,0,1,1,1,1,1,0,1,1,1,1,1,1,1,0,0,0,1,0,1,0,0,0,0,1,0,1,0,1,0
1,0,0,0,1,0,0,0,1,1,0,0,0,0,1,1,1,1,0,0,0,1,0,1,0,0,0,0,0,0,1,1,0,1,0,0,1,0,1,0,1,1,1,1,0,1,0,1,0,1,0,1,1,1,0,1,1,0,1,1,1,0,1,1,0,1,1,0,0,1,1,1,1,1,0
1,0,0,1,1,1,1,1,1,1,1,1,0,1,0,0,1,1,1,0,0,1,1,1,1,1,1,0,1,1,1,0,1,0,1,0,0,0,1,0,1,0,0,1,1,1,1,0,0,1,1,0,1,0,1,1,0,0,0,0,1,0,0,0,0,0,0,0,0,1,0,0,1,1,0
1,0,1,1,1,0,0,0,0,0,0,1,1,0,0,0,1,1,0,0,0,1,0,1,0,1,1,0,1,0,1,1,1,0,0,0,1,0,1,0,1,1,0,1,0,1,0,0,0,1,0,0,1,0,0,1,0,0,1,1,1,1,1,1,1,0,1,1,0,1,0,0,0,1,0
1,1,1,0,0,1,0,1,1,0,1,1,0,0,0,0,1,1,0,1,1,1,0,1,0,1,1,1,1,0,0,0,1,1,0,0,1,1,0,0,1,1,0,1,1,1,0,0,1,1,0,1,1,1,0,1,0,0,1,0,0,1,1,0,1,0,1,0,0,1,0,0,0,1,0
1,0,0,0,1,0,0,1,0,1,1,1,0,0,0,0,1,1,1,0,1,1,1,1,1,0,1,1,1,0,0,0,1,0,1,0,1,0,0,0,0,0,1,1,0,0,0,1,0,1,1,0,1,0,0,1,1,1,0,0,0,0,0,0,0,1,0,1,1,1,0,0,0,1,0
0,0,1,1,0,0,0,1,0,0,0,0,0,0,0,1,0,1,1,0,0,0,0,0,0,0,1,1,0,0,1,1,1,0,1,1,0,0,1,0,1,1,1,1,0,1,0,1,1,1,0,1,1,1,1,1,1,1,1,1,1,0,1,0,0,0,0,0,0,1,1,1,0,0,0
1,0,1,1,0,0,0,0,1,1,0,1,1,0,0,0,1,1,0,0,0,1,0,1,1,1,0,1,1,1,1,1,1,0,1,1,0,0,0,1,0,1,1,1,0,1,0,0,0,1,1,1,1,0,1,1,0,1,0,1,0,1,1,0,1,1,0,0,0,1,1,0,1,1,1
1,1,1,0,0,0,0,1,0,1,1,0,0,1,1,1,1,0,0,1,0,1,0,1,0,1,1,0,0,1,0,0,0,0,1,1,1,1,0,1,1,0,0,1,1,1,0,1,0,1,1,1,1,1,1,1,1,1,1,0,0,0,1,0,1,0,1,0,0,1,0,1,0,1,0
1,0,0,0,0,1,1,0,0,0,0,1,0,0,1,1,0,0,0,1,1,1,1,1,1,1,0,0,0,1,0,1,0,0,1,1,0,0,0,1,1,0,0,1,1,1,1,1,1,0,1,0,1,0,1,0,1,1,1,1,0,1,0,0,0,1,1,1,1,1,0,0,0,1,0
1,0,0,0,1,1,0,1,0,1,1,1,0,1,0,1,1,1,0,0,0,1,0,1,1,1,1,1,0,1,1,1,0,0,1,1,0,0,0,1,0,0,0,1,1,1,1,1,0,1,1,1,1,1,0,1,0,1,1,1,1,0,1,0,0,0,1,1,0,1,0,0,1,1,1
0,0,1,1,0,1,0,0,1,0,0,1,0,0,0,0,0,0,1,0,1,1,1,1,0,1,1,1,0,1,0,0,1,0,1,1,0,0,1,1,1,1,0,1,0,1,0,1,0,1,1,0,1,0,1,1,0,1,0,0,1,1,1,0,0,1,0,0,1,1,0,1,0,1,0
1,0,1,0,1,0,0,1,0,0,1,1,0,1,0,0,1,1,0,1,1,1,0,1,0,1,1,0,1,1,1,1,1,0,1,1,1,1,1,1,1,1,1,1,0,0,1,0,0,1,0,0,1,0,0,0,0,0,0,0,1,0,0,0,1,1,0,0,1,1,1,0,1,1,0
0,0,0,1,1,1,0,1,0,1,1,1,1,0,0,0,1,0,1,1,0,1,0,1,0,1,1,1,1,0,1,1,1,1,1,0,1,1,1,0,1,1,1,1,0,0,1,1,0,0,1,1,1,1,1,1,1,1,0,1,1,1,0,0,1,0,0,1,1,1,1,1,0,1,1
1,0,0,1,1,0,0,0,0,0,0,1,1,0,1,1,1,0,1,0,1,1,1,1,0,1,0,1,0,1,1,1,0,0,1,0,1,0,1,0,1,1,1,1,0,1,1,0,0,0,1,0,1,0,1,1,0,0,1,0,1,1,0,1,1,0,0,1,1,1,1,0,0,0,1
1,1,1,1,0,1,0,0,0,0,0,1,1,0,0,1,1,1,0,1,0,0,1,1,0,0,1,1,1,0,0,1,0,0,0,0,0,0,1,0,1,1,0,1,1,1,0,1,0,1,1,1,1,1,1,1,1,1,1,0,0,0,1,0,1,1,0,0,1,0,1,0,1,1,0
1,1,1,1,1,0,0,1,1,1,1,0,1,0,0,0,1,0,0,0,0,0,1,1,0,0,1,0,1,0,1,0,1,1,0,1,1,0,0,1,1,1,0,1,1,1,0,0,0,0,1,0,1,0,0,1,0,0,1,1,0,1,0,0,0,1,0,0,1,1,0,1,0,1,0
0,0,1,1,1,0,1,0,0,0,0,1,0,0,0,0,1,0,0,1,0,1,1,1,1,1,1,0,1,0,0,0,1,0,0,0,0,0,1,0,1,1,1,1,0,1,0,0,1,1,1,0,1,1,0,0,0,0,1,1,0,0,1,1,1,1,0,0,1,0,1,1,1,1,0
1,0,1,1,0,0,0,1,0,0,1,1,1,0,0,1,1,1,0,0,0,1,0,0,0,0,1,0,0,0,0,0,1,0,1,1,1,1,1,0,0,1,1,1,0,1,0,1,0,1,1,1,1,1,0,1,1,0,0,1,0,0,1,1,0,0,0,1,1,1,1,0,1,1,0
0,0,0,0,0,1,0,1,0,0,1,1,0,0,0,0,1,1,0,0,1,1,1,1,0,1,0,1,0,0,0,1,0,0,1,0,1,0,0,1,1,0,0,1,0,1,1,1,0,1,1,0,1,1,0,1,1,0,0,0,0,0,0,1,1,0,0,0,1,0,0,0,1,0,0
1,1,1,0,1,1,0,1,0,1,0,1,0,0,0,1,1,0,0,1,0,1,0,0,1,0,0,1,1,1,1,1,1,0,0,1,1,1,0,1,1,1,0,1,1,1,0,1,0,1,1,1,1,1,0,1,0,1,0,1,1,1,0,0,1,0,0,0,0,1,0,1,0,0,1
1,1,1,1,1,1,0,1,0,1,1,0,1,0,1,0,1,0,0,0,0,1,1,1,0,1,1,0,0,0,1,1,0,0,0,1,1,1,0,0,0,1,1,1,0,1,0,0,1,0,1,1,1,1,0,1,0,1,0,1,0,1,0,1,1,0,1,0,1,1,1,0,0,1,0
1,1,0,0,1,0,0,1,0,1,0,1,0,0,1,1,0,1,0,0,1,1,0,0,0,1,0,0,1,0,1,1,0,0,0,1,1,0,0,1,1,0,1,1,1,0,0,0,1,0,1,1,1,0,1,1,0,0,1,0,1,0,1,0,1,0,0,0,1,1,1,0,1,1,1
1,0,0,0,1,1,1,1,0,0,1,0,1,0,0,0,1,0,0,1,1,1,1,1,1,0,0,1,1,1,1,0,1,1,1,0,1,0,0,1,1,0,1,1,0,1,0,0,0,0,1,0,1,0,0,1,1,0,1,1,0,1,0,1,0,0,1,1,1,1,1,1,1,1,0
1,0,0,1,1,0,0,1,0,1,1,0,0,0,1,1,0,1,0,1,0,1,0,1,0,0,0,0,0,1,1,1,0,0,0,1,0,1,0,1,0,1,1,1,0,1,0,1,1,1,1,1,1,1,1,1,1,1,1,1,0,1,1,0,0,0,0,0,0,1,1,1,0,1,0
1,0,0,1,1,1,0,1,0,1,1,1,0,0,0,0,0,1,0,0,0,0,1,1,1,1,0,1,1,1,0,0,0,0,0,1,0,0,0,0,1,1,1,1,1,1,1,0,1,1,0,1,1,1,0,1,0,1,1,0,0,0,1,0,1,0,1,0,1,1,1,0,0,1,0
1,1,1,1,0,0,0,0,0,1,0,1,1,0,0,1,0,0,0,1,0,1,1,1,1,1,1,1,1,0,1,0,1,0,1,1,0,0,1,0,1,1,0,1,1,0,0,0,0,1,1,0,1,1,0,0,0,1,0,0,1,1,0,1,0,0,0,0,1,1,0,1,0,0,0
0,0,1,0,0,0,0,1,0,1,0,0,0,0,0,1,0,0,0,1,0,1,1,1,1,1,0,1,1,1,1,0,1,0,1,1,1,1,0,1,1,0,0,1,0,1,0,0,0,1,0,0,1,1,0,1,0,1,1,0,0,1,0,0,1,0,0,0,1,1,0,1,0,1,0
0,0,0,0,1,0,0,1,1,1,1,1,1,1,0,1,1,1,0,0,1,0,1,1,1,1,0,0,1,1,0,1,1,0,0,0,1,0,1,0,1,0,0,1,1,1,1,1,0,0,0,0,1,0,1,1,1,1,0,0,0,1,0,0,1,0,0,1,1,0,0,0,0,1,0
0,0,1,1,1,0,1,1,1,1,0,1,0,0,1,1,0,1,0,0,0,1,1,1,1,1,1,1,1,1,0,0,1,0,1,1,1,0,1,1,1,0,0,1,1,1,1,0,0,1,0,0,1,0,0,0,0,0,0,1,1,0,1,0,1,0,1,0,1,1,0,0,1,1,0
1,1,0,1,1,0,0,1,1,0,1,1,0,1,0,1,0,1,0,1,1,1,1,1,1,0,1,1,0,1,0,1,0,0,1,0,0,1,0,1,1,0,0,1,1,1,1,0,0,1,0,0,1,1,1,1,0,1,1,0,0,1,1,0,0,0,0,1,1,1,0,0,0,1,1
1,0,1,0,0,0,0,1,1,0,1,0,1,0,0,1,1,0,1,1,1,1,0,0,0,1,0,1,0,1,0,1,1,0,0,0,1,1,1,0,1,1,1,1,0,0,1,0,0,1,1,1,1,1,0,1,0,0,1,1,0,1,1,0,1,1,1,1,0,1,1,1,1,1,0
1,0,1,1,0,0,0,1,0,1,1,1,0,0,0,1,1,1,1,0,1,1,0,1,0,0,1,0,0,0,0,1,1,0,1,1,0,0,1,0,1,0,1,1,1,1,1,0,0,1,1,0,1,0,0,0,0,0,0,0,1,0,1,0,1,1,0,0,1,1,0,0,1,0,0
1,0,0,1,1,1,0,0,0,1,0,1,0,0,0,0,0,0,0,0,1,1,0,1,0,0,1,0,0,0,1,1,1,0,1,1,1,1,0,1,1,0,1,1,0,1,0,0,0,1,1,1,1,1,1,1,0,1,0,0,0,0,1,0,0,0,0,1,1,1,0,1,1,1,0
1,0,1,1,1,0,0,1,0,0,1,1,0,0,0,1,1,1,1,0,1,1,1,1,1,1,1,1,1,1,0,0,1,0,1,1,1,0,0,1,1,0,1,1,1,0,0,0,1,1,1,0,1,1,1,1,0,0,0,1,0,0,0,0,1,0,1,0,1,1,1,0,0,0,1
1,1,1,0,0,0,0,1,0,0,1,1,0,0,1,1,1,0,0,0,1,0,0,1,0,1,0,0,1,0,0,1,0,0,0,1,0,1,0,1,1,0,0,1,1,0,1,1,1,1,1,1,0,1,0,0,1,0,1,1,0,1,0,0,0,0,1,1,0,1,0,0,1,1,1
1,0,0,0,1,0,0,1,1,0,0,0,0,0,0,0,0,1,0,0,0,0,0,1,1,0,0,0,1,0,0,0,1,0,1,0,1,0,1,0,1,1,1,1,1,1,1,1,0,0,1,1,1,1,0,1,1,1,1,0,0,1,1,0,0,0,0,1,1,1,0,1,1,1,1
1,0,0,0,0,0,0,1,0,1,0,0,0,0,1,0,1,1,1,1,1,1,1,1,0,1,0,0,1,0,0,0,1,0,0,0,0,1,0,0,1,1,0,1,1,0,0,1,0,1,1,0,1,1,0,1,1,1,1,1,0,0,1,1,1,0,0,1,1,1,0,0,1,1,0
1,0,1,1,1,1,0,1,0,1,1,0,0,0,1,0,1,1,0,0,1,1,0,1,1,1,1,1,0,0,1,0,0,0,0,0,1,1,1,0,1,1,0,1,1,0,0,1,1,0,0,1,0,0,0,0,1,0,0,0,0,0,1,0,0,1,0,0,1,1,0,1,1,1,0
1,1,1,1,0,0,0,1,1,0,0,0,0,0,1,1,0,0,1,0,0,1,1,1,0,0,1,0,1,0,1,1,1,0,1,1,0,1,1,0,1,1,0,1,1,0,0,1,1,1,1,1,1,1,1,1,1,1,1,1,1,0,0,0,0,0,0,1,1,1,0,0,0,1,0
1,0,1,0,1,0,1,1,0,0,0,1,0,1,1,1,1,0,0,0,0,1,0,0,1,1,0,1,1,1,0,1,0,1,0,0,0,1,1,0,1,0,0,1,0,1,1,1,0,0,1,0,0,1,0,0,1,1,1,1,0,1,1,0,0,0,1,1,1,1,1,0,0,1,1
1,0,1,1,0,0,0,0,1,0,0,1,0,0,0,0,1,0,1,1,1,1,0,0,1,0,1,0,0,0,1,0,1,0,0,0,1,1,1,0,1,1,0,1,0,0,0,0,0,0,1,0,1,1,0,1,0,1,0,0,1,1,0,1,0,1,0,1,1,1,0,1,1,1,0
0,0,0,1,0,0,0,1,0,0,0,0,0,0,0,0,1,0,0,0,1,1,1,1,1,0,1,1,1,1,1,1,0,0,1,0,1,0,1,0,1,0,1,1,0,1,0,1,0,1,1,0,1,0,0,1,1,1,0,0,0,0,1,0,1,1,0,0,0,1,1,1,0,1,1
1,0,1,0,0,1,0,1,1,1,1,1,0,0,0,0,1,1,0,0,1,1,1,1,1,0,0,0,0,0,1,1,1,1,0,0,1,0,1,0,0,1,0,1,0,1,1,1,0,0,1,0,1,1,1,1,0,0,0,0,1,0,0,0,1,1,1,0,1,1,0,0,1,1,0
1,0,0,0,0,1,1,1,1,1,1,1,0,0,1,0,1,0,0,0,0,1,0,0,1,1,1,1,0,0,0,0,0,0,1,0,0,0,1,0,0,1,0,1,1,1,0,1,0,1,1,1,1,0,0,1,1,1,0,0,0,0,1,0,0,0,0,0,1,1,0,0,0,0,0
1,0,0,0,1,0,1,1,0,1,0,1,0,0,0,1,1,0,0,0,1,1,1,1,0,0,0,0,1,1,1,1,0,0,1,1,0,1,0,1,1,0,0,1,1,1,0,1,0,1,1,0,1,0,1,1,1,1,0,1,1,1,1,0,0,1,0,0,1,1,1,1,0,0,1
0,0,1,1,0,1,0,1,0,1,1,1,1,0,0,0,0,1,0,1,0,1,0,1,1,0,1,0,1,0,1,0,1,0,1,1,1,1,0,0,0,1,0,1,0,1,0,0,0,0,0,0,1,1,0,1,0,1,1,1,1,1,1,0,0,0,1,1,0,1,0,0,0,1,0
1,1,0,1,1,1,1,1,0,1,0,1,0,0,1,1,1,0,0,0,1,0,1,1,1,0,1,0,1,0,1,1,0,1,0,0,0,0,0,1,1,0,1,1,0,1,1,0,1,1,1,1,1,0,1,1,0,1,1,1,0,0,1,0,1,1,0,0,0,1,1,0,0,1,0
1,0,1,0,1,0,0,1,0,0,0,1,0,0,0,1,0,0,1,0,0,1,0,1,0,0,1,0,0,0,1,1,1,0,1,0,0,1,0,0,1,1,1,1,0,1,0,0,0,1,0,0,1,0,1,0,0,1,1,1,0,0,0,0,1,0,1,0,0,0,1,1,0,1,0
1,0,1,0,1,0,0,0,0,1,0,1,1,0,1,1,0,1,0,1,0,1,0,1,0,0,1,1,0,1,1,0,1,0,0,0,1,1,1,0,1,1,0,1,0,1,0,1,1,1,1,1,1,1,0,1,1,1,1,1,1,1,1,1,0,1,0,1,0,1,1,1,0,1,0
1,0,0,0,0,1,0,1,0,1,1,1,0,0,0,1,1,0,0,0,0,1,0,1,0,1,0,0,1,0,1,1,1,0,0,1,0,0,1,0,1,1,0,1,1,1,0,1,1,1,1,1,1,1,0,0,1,1,0,0,0,0,1,0,0,0,1,1,1,1,1,1,0,1,0
0,0,1,1,1,1,1,1,0,1,0,0,1,0,1,1,0,1,0,0,1,1,0,1,1,0,0,0,1,1,1,0,1,0,1,1,0,0,0,1,1,1,1,1,1,1,1,0,0,0,0,1,1,0,1,0,0,0,1,1,0,0,1,0,1,0,0,1,0,1,1,1,1,1,1
1,1,1,1,0,1,0,1,0,1,1,1,0,0,0,0,1,0,1,0,0,1,0,1,0,0,1,1,1,1,0,1,1,0,1,0,0,1,1,0,1,1,0,1,0,1,0,0,0,0,1,1,1,0,0,1,0,0,1,0,1,1,1,0,1,0,0,1,0,1,0,1,1,0,0
1,0,0,0,1,0,0,1,1,0,1,0,0,0,0,0,1,1,0,0,1,1,0,1,0,0,0,1,0,1,0,0,1,0,1,0,1,0,0,0,1,1,0,1,0,1,0,0,0,1,1,1,1,1,0,1,0,1,1,1,0,1,1,0,0,0,0,0,1,1,1,0,0,1,0
1,1,1,1,0,1,1,0,0,1,0,1,1,0,1,0,1,1,1,0,0,1,1,1,0,0,1,1,0,0,0,1,1,0,1,0,1,0,1,0,1,0,1,1,1,0,1,1,1,0,1,0,1,0,1,1,1,1,1,0,1,0,0,1,1,0,1,1,1,1,1,0,0,1,1
1,0,0,0,1,0,0,1,1,0,1,1,0,0,0,1,1,1,1,1,1,1,0,1,0,1,1,0,0,1,0,0,1,0,1,0,0,0,1,0,1,1,1,1,0,0,1,1,0,0,1,1,1,0,0,0,1,1,0,1,1,0,1,0,0,1,0,0,1,1,1,1,1,0,1
1,0,0,0,0,1,1,1,0,1,1,1,1,0,0,1,1,0,0,0,0,1,1,1,0,0,1,0,0,0,1,0,1,0,1,0,0,0,1,0,1,0,0,1,0,0,0,0,1,0,1,1,1,1,0,0,0,1,0,0,1,1,1,1,0,1,0,0,1,1,0,0,0,0,0
1,1,0,1,1,0,0,0,1,0,0,0,0,0,1,0,0,0,0,0,0,0,0,1,0,1,0,1,0,0,1,1,0,0,1,0,0,1,1,0,1,1,1,1,0,1,0,0,1,1,1,1,1,0,0,1,0,1,0,0,0,1,1,1,0,0,0,1,1,0,1,0,0,1,0
1,1,1,1,1,0,0,1,0,1,1,1,1,0,0,0,1,1,1,1,1,1,0,1,0,1,1,0,0,0,0,1,0,0,1,1,1,0,1,0,1,1,0,1,1,1,0,1,0,0,1,1,1,1,0,1,1,0,1,0,0,1,1,0,1,0,0,1,1,0,0,0,0,0,0
0,0,0,0,1,0,1,1,1,0,1,1,0,0,0,1,0,0,0,0,0,1,0,1,0,1,1,0,1,0,1,1,1,0,0,0,1,1,1,0,1,1,0,1,0,1,1,0,0,1,1,1,1,1,0,1,0,0,0,1,1,0,0,1,1,0,0,0,1,1,0,1,0,1,1
1,1,1,1,1,0,0,1,0,0,0,1,0,0,0,0,1,0,0,0,0,1,0,1,0,1,0,1,1,1,0,0,0,0,0,1,0,1,0,1,1,0,1,1,1,0,0,0,1,1,0,1,1,0,1,1,1,0,0,0,0,0,0,0,1,0,1,1,1,1,1,0,0,1,1
1,1,0,1,1,1,0,1,0,1,0,0,0,0,0,1,1,0,1,0,1,1,0,1,0,1,0,0,0,1,1,0,0,1,0,0,0,1,0,0,1,0,0,1,0,0,1,0,0,1,1,0,1,1,1,1,0,0,0,1,0,0,0,1,0,0,0,1,1,1,0,1,1,1,1
1,1,1,1,1,1,0,1,1,1,1,1,1,1,0,0,1,0,0,0,1,0,0,1,0,0,0,0,1,1,0,0,1,1,1,0,1,0,1,0,1,1,0,1,1,0,0,0,1,0,1,1,1,0,0,1,0,0,1,1,1,1,0,0,1,0,0,0,0,1,0,1,0,0,1
0,0,1,1,0,0,1,1,1,1,1,1,1,1,1,1,1,1,1,1,1,0,0,1,1,0,1,1,1,1,0,1,0,0,0,0,1,0,1,0,1,1,0,1,1,1,0,1,0,0,1,1,1,1,0,0,1,1,0,1,1,0,0,0,1,0,0,0,1,0,1,1,0,1,0
1,0,1,1,1,1,0,1,1,0,1,0,1,0,1,1,0,1,1,0,0,1,0,1,0,0,0,1,0,0,1,0,0,0,0,1,1,0,0,1,1,0,0,1,0,1,0,1,1,0,1,1,1,0,1,0,1,1,1,0,0,1,0,0,1,0,0,0,1,0,0,0,0,0,1
1,1,0,0,1,1,0,0,1,1,0,1,0,0,1,0,0,0,1,0,0,1,0,1,1,0,1,0,0,1,0,1,0,0,1,1,1,1,0,1,0,0,0,1,1,0,1,0,1,1,0,1,0,1,0,0,0,0,1,1,0,1,1,0,1,1,1,1,1,1,0,1,0,0,0
1,0,0,1,1,0,0,1,0,1,0,0,1,0,0,0,0,1,1,0,1,1,1,1,1,1,1,1,0,0,1,1,0,1,0,0,0,1,0,1,1,1,1,1,1,0,1,0,0,0,0,0,1,1,0,1,0,0,0,1,0,1,0,0,0,0,0,0,0,1,1,1,0,1,1
1,1,1,1,0,0,0,1,0,1,0,1,1,0,0,1,0,1,1,0,1,0,1,1,0,0,1,0,1,1,1,1,1,0,1,0,1,0,1,0,1,1,0,1,0,0,1,0,0,0,1,1,1,0,0,1,0,0,1,0,1,0,1,0,0,0,1,1,0,1,0,0,1,1,1
1,1,0,1,1,1,0,1,0,1,0,0,0,0,0,0,1,1,1,0,0,1,0,1,0,1,0,0,0,1,1,0,0,0,1,1,1,0,0,1,0,0,1,1,1,1,0,1,0,1,1,1,1,1,0,1,1,1,0,1,1,0,1,0,1,0,0,0,1,1,1,1,1,0,0
1,0,1,0,0,1,0,1,0,1,1,1,1,0,0,1,0,1,0,0,1,1,0,1,0,1,0,0,0,1,1,0,0,0,0,1,0,0,0,0,1,1,0,1,1,1,1,1,0,0,1,0,1,1,0,0,1,0,1,1,0,0,1,1,1,0,1,1,0,1,0,1,0,1,0
1,0,1,0,1,0,0,1,0,0,1,1,0,1,0,0,1,0,1,1,1,1,0,1,0,0,1,0,0,0,1,1,1,0,0,0,1,1,1,0,1,1,0,1,1,1,1,1,0,1,1,1,1,0,0,1,1,1,1,1,0,1,1,0,1,0,0,0,0,1,0,1,0,1,0
1,0,0,0,0,1,0,1,0,1,1,0,0,0,1,0,1,1,0,0,0,1,0,0,1,0,0,0,1,0,1,1,0,0,0,1,1,1,0,1,1,1,1,1,0,1,0,0,0,1,1,1,1,1,0,1,1,1,1,1,0,0,1,0,1,0,0,0,1,1,0,1,1,1,0
0,0,1,0,1,1,0,0,0,0,0,1,0,0,0,0,1,1,0,0,0,1,1,1,0,1,0,0,0,1,1,1,1,0,0,0,0,1,1,0,1,1,0,1,0,1,1,1,0,1,1,1,1,0,0,1,1,0,1,0,1,0,0,0,1,0,1,1,0,1,0,0,0,1,1
0,0,0,0,0,0,0,1,0,0,0,1,0,1,0,0,0,1,1,0,0,1,0,0,1,1,1,0,1,1,1,0,1,0,0,1,0,0,0,1,1,0,1,1,0,1,1,0,0,1,1,1,1,1,0,1,1,0,1,0,1,1,1,0,1,1,1,0,1,0,1,0,1,1,0
1,0,0,0,1,0,0,0,0,1,0,1,1,0,0,0,1,0,0,0,0,1,1,1,1,1,0,0,0,0,1,1,0,1,0,1,0,0,0,1,1,0,1,1,0,1,0,1,0,0,1,0,1,1,0,1,1,0,1,1,0,0,1,1,1,1,0,0,0,1,1,0,1,1,0
1,0,1,0,1,0,0,1,1,1,0,0,1,0,1,1,1,1,1,0,1,0,0,1,1,0,1,0,1,1,1,0,0,0,0,0,0,1,0,0,0,1,1,1,0,1,1,1,1,0,1,1,1,1,0,1,1,0,1,0,0,1,1,0,1,0,1,0,0,1,0,1,0,1,1
1,0,1,1,1,0,0,1,0,1,0,1,1,1,0,0,1,1,0,0,0,0,0,1,1,1,0,1,1,0,0,1,1,0,1,0,0,1,0,0,0,0,1,1,1,0,0,0,0,1,1,1,1,0,0,1,0,0,0,0,0,0,1,0,0,0,0,1,1,1,1,0,1,1,0
0,1,0,1,1,0,0,1,0,0,0,1,0,0,1,0,1,1,1,0,1,1,0,1,1,0,1,0,1,1,1,0,0,1,1,0,1,0,1,0,1,1,0,1,0,1,0,1,1,1,0,0,1,0,1,1,1,1,0,0,0,0,0,0,0,1,1,1,0,0,0,1,0,1,0
1,0,0,1,0,1,0,1,0,1,1,1,1,0,0,1,1,1,0,0,0,1,0,1,0,1,0,0,1,1,0,0,1,1,0,0,0,0,1,0,0,0,0,1,1,0,0,1,0,1,1,1,1,1,0,1,0,1,1,0,1,1,0,1,0,0,1,1,1,1,0,0,1,0,0
1,1,1,1,1,0,0,1,1,1,0,1,0,0,0,0,1,1,0,0,0,1,0,1,0,0,1,1,0,1,0,0,0,0,0,0,0,0,1,0,1,1,0,1,1,0,0,0,1,1,0,1,1,1,0,1,0,0,0,0,0,1,0,1,1,0,0,0,0,1,0,0,0,1,0
0,0,1,1,0,1,1,1,0,1,1,0,0,0,0,0,1,1,1,1,0,1,1,1,0,0,0,1,1,0,1,1,1,0,0,0,0,0,0,1,0,1,0,1,1,0,0,0,0,0,1,0,1,1,0,1,0,1,0,0,0,1,0,0,0,0,0,0,0,1,0,1,0,1,0
1,0,0,1,1,1,0,1,1,0,0,1,1,0,1,1,1,1,0,0,1,1,0,1,0,0,0,0,0,1,0,1,0,1,1,1,1,0,0,1,0,0,0,1,0,0,1,0,0,0,0,0,1,0,1,1,0,1,0,1,1,1,1,0,1,0,1,1,1,1,0,1,1,1,0
1,0,1,1,1,0,1,1,0,0,1,1,1,0,0,0,1,0,0,0,0,1,1,1,0,1,0,1,1,0,1,0,1,0,1,0,1,0,1,0,1,1,0,1,0,1,0,0,0,1,1,0,1,1,0,1,0,0,1,1,1,0,0,0,1,0,0,0,0,1,0,1,0,0,1
1,0,1,1,0,1,1,1,0,1,0,0,1,0,0,0,1,0,0,0,1,0,1,1,1,0,1,1,0,1,1,0,1,1,0,0,0,0,1,0,1,1,0,1,0,0,0,0,0,0,0,1,1,0,0,1,0,1,1,0,0,1,1,0,0,0,0,1,1,0,1,1,0,1,0
1,0,0,1,1,1,0,1,0,0,0,0,0,0,1,0,1,0,0,0,0,1,0,1,0,0,1,0,1,1,0,1,0,0,1,1,0,0,0,1,1,1,1,1,1,0,0,1,0,1,1,1,1,0,1,0,1,1,0,1,0,0,1,1,0,0,1,0,1,1,1,1,1,1,1
1,0,0,0,0,0,0,1,1,0,1,1,1,1,1,0,1,0,0,1,1,0,1,1,0,0,0,0,0,0,1,0,0,0,0,1,0,0,0,1,1,1,1,1,0,0,1,0,1,0,1,0,1,1,1,1,0,0,1,1,1,1,1,0,1,0,0,1,1,1,1,1,0,1,0
1,1,0,0,1,0,0,1,0,1,0,1,1,0,1,0,0,0,1,0,0,0,0,0,0,0,0,1,1,1,0,1,1,0,0,0,1,1,0,1,1,0,1,1,1,0,0,1,0,1,1,1,1,1,0,0,1,1,1,1,1,0,1,0,0,0,0,1,0,1,1,1,1,1,0
0,1,1,1,0,0,0,1,0,1,0,0,1,0,0,0,1,1,1,0,0,0,0,0,0,1,0,0,1,1,1,0,0,0,1,0,1,0,0,1,1,1,0,1,0,1,1,1,1,0,1,1,1,1,0,1,1,1,1,0,0,0,1,0,1,0,1,1,0,0,0,0,0,0,0
1,0,0,0,1,0,0,1,0,1,1,1,0,0,0,1,1,1,1,1,1,1,1,1,0,0,1,0,0,1,0,0,0,0,0,1,0,0,1,0,1,0,0,1,1,1,1,0,1,1,1,0,1,1,0,1,0,1,1,1,0,1,1,0,1,0,0,0,0,1,0,0,0,1,0
1,0,0,0,0,0,0,1,0,0,1,1,0,0,0,0,1,0,1,0,1,1,0,1,0,1,1,0,1,1,1,0,1,0,1,1,0,1,0,1,1,0,1,1,1,0,1,1,1,0,1,1,1,1,0,0,1,0,1,0,1,1,1,1,1,0,0,0,1,1,1,0,1,0,0
1,1,0,1,1,0,1,1,0,0,0,1,1,0,0,1,1,0,0,0,0,1,0,1,1,1,1,0,1,0,0,0,1,1,0,0,1,0,1,0,1,1,0,1,1,1,0,0,0,1,1,1,1,1,0,1,0,0,1,1,0,0,1,1,1,0,0,0,0,1,0,1,1,1,1
1,0,0,1,1,1,0,1,0,0,0,1,0,0,0,0,1,0,0,0,0,1,0,1,1,0,1,0,1,1,1,1,1,0,1,0,0,0,0,1,1,0,1,1,0,1,0,0,0,1,1,1,1,0,1,1,1,0,1,1,0,1,1,1,1,0,0,0,1,1,1,1,0,0,0
0,1,0,1,1,0,0,1,1,0,0,1,0,0,1,1,1,0,1,1,1,1,0,1,1,0,1,1,1,1,1,1,1,0,1,1,1,0,0,1,1,0,1,1,0,0,1,1,0,1,1,0,1,0,0,0,0,0,0,1,0,1,1,1,1,1,0,0,0,1,1,1,0,1,0
1,1,0,1,1,1,0,1,1,1,1,1,0,0,0,1,1,0,0,0,0,1,1,1,0,1,1,0,0,1,1,1,0,0,1,1,1,0,0,1,0,0,0,1,1,1,0,0,0,1,1,0,1,1,1,0,1,0,1,1,0,0,1,1,0,0,0,0,1,1,0,1,1,1,0
1,0,1,1,1,0,0,1,1,1,0,0,1,0,1,0,0,1,0,0,0,1,0,1,1,0,1,1,1,1,1,1,1,0,0,1,1,1,1,0,0,1,1,1,1,1,0,1,1,0,1,1,1,0,1,1,1,1,0,1,0,0,0,0,1,0,0,0,1,1,1,1,0,1,0
1,0,0,0,1,0,0,1,0,1,1,0,1,0,0,1,1,0,0,1,1,1,1,1,0,1,0,0,1,0,1,0,1,0,0,1,0,0,1,0,0,1,0,1,0,1,0,1,0,0,1,1,1,1,0,0,0,1,1,1,0,1,1,1,1,1,1,0,1,1,0,1,0,0,0
1,0,0,0,1,1,0,1,1,1,0,0,1,0,0,0,0,1,0,1,1,1,0,1,0,1,1,0,0,0,0,0,0,0,0,1,0,0,1,0,1,1,0,1,1,1,1,1,0,0,1,1,1,0,1,0,1,0,1,0,0,1,1,0,0,0,0,0,1,1,1,0,1,1,0
1,0,0,1,1,0,0,1,0,0,1,0,1,0,1,1,1,1,0,0,0,1,0,1,0,1,0,0,0,0,0,1,1,0,1,1,1,1,0,1,1,0,0,1,1,0,0,1,0,1,1,1,1,1,0,1,1,1,0,1,0,1,1,0,1,0,0,1,1,1,0,0,0,1,0
1,1,1,0,1,0,0,1,1,0,0,1,1,0,0,0,0,1,1,0,0,0,0,0,0,1,1,0,1,1,1,1,1,1,1,1,0,1,0,1,1,1,0,1,1,0,1,0,1,0,1,0,1,0,0,1,0,0,1,0,1,0,1,0,1,0,0,0,0,1,1,0,0,1,0
1,1,1,1,1,1,1,1,0,0,0,1,1,0,0,0,0,1,0,0,0,1,1,1,0,0,0,1,0,1,1,1,0,0,1,0,0,1,1,0,1,1,0,1,1,1,1,0,1,1,0,0,1,1,0,1,1,0,0,0,1,1,1,0,1,0,0,0,1,1,0,0,0,1,0
1,0,1,1,1,0,0,0,0,0,0,0,0,1,1,1,0,0,0,0,1,1,1,1,0,1,1,1,0,1,0,0,0,1,1,1,1,0,1,0,1,1,0,0,0,0,0,1,1,1,1,0,0,0,1,0,1,0,1,1,0,0,1,0,1,1,1,0,1,1,0,0,1,0,0
1,0,0,1,0,0,1,1,0,1,0,1,0,0,1,1,0,0,1,0,1,1,0,0,1,0,1,1,1,0,1,1,0,0,1,1,0,1,0,1,1,0,0,1,0,1,0,0,1,1,1,1,1,1,1,1,0,1,1,1,1,0,1,0,1,0,1,1,1,0,1,1,0,1,0
1,0,0,0,1,0,0,1,1,0,1,1,0,0,1,0,1,1,1,0,1,1,0,1,0,0,1,1,0,1,0,1,1,0,1,0,0,1,1,0,1,1,0,1,0,1,0,1,1,0,1,0,1,0,0,0,0,1,1,0,0,1,1,1,1,0,1,1,0,1,0,0,0,0,0
1,1,1,1,1,0,0,1,0,1,0,1,1,0,1,1,0,1,1,0,1,0,0,1,0,0,1,0,1,1,1,0,0,0,1,0,0,0,1,0,1,0,0,1,0,1,1,0,1,0,0,1,1,1,0,0,0,1,0,1,1,0,1,0,1,0,1,1,0,1,1,1,0,1,0
1,0,0,1,1,1,0,1,0,0,1,0,1,0,1,1,0,1,1,0,0,1,0,1,0,0,1,1,1,0,0,1,0,1,0,1,0,0,0,1,1,0,1,1,1,1,1,1,0,0,1,1,1,0,0,0,1,0,0,0,0,1,1,0,1,1,0,0,1,1,1,0,1,1,0
1,1,1,1,0,1,0,1,1,0,0,0,0,0,0,0,1,1,1,1,0,1,0,0,0,1,1,0,1,0,0,1,1,1,1,0,1,1,0,0,0,1,0,1,1,0,1,0,0,1,0,1,1,1,1,1,1,0,1,1,0,1,0,0,0,0,0,1,0,1,1,0,1,1,0
1,0,0,1,0,1,0,1,0,1,0,1,0,0,0,1,1,1,1,0,0,1,0,1,1,0,1,1,1,1,0,0,1,1,0,0,0,0,0,1,0,0,1,1,1,0,0,1,0,1,1,1,1,0,1,1,0,1,0,0,1,1,0,1,1,1,1,0,1,1,1,0,1,1,1
1,0,0,1,0,1,0,1,0,1,1,0,0,0,0,0,1,1,1,0,1,1,0,1,0,0,0,1,1,0,0,0,1,0,0,0,0,1,1,0,0,1,1,1,1,0,0,0,0,1,1,1,1,0,0,1,0,1,0,1,1,1,0,0,1,0,1,0,0,1,1,0,0,1,0
0,0,0,1,1,0,0,1,0,0,0,1,0,0,0,1,1,0,0,0,0,1,1,1,1,1,0,0,0,1,1,1,0,1,0,1,0,1,0,1,1,0,1,1,0,1,0,1,0,1,1,1,1,1,0,1,1,1,0,1,1,0,0,0,1,0,0,1,0,1,1,1,0,1,0
1,0,1,0,1,1,0,1,0,0,0,1,0,0,1,1,1,0,0,0,0,1,1,1,1,1,0,0,0,0,0,1,0,0,1,0,1,1,1,0,1,1,0,1,1,1,0,0,1,1,1,0,0,1,1,0,0,1,0,1,1,1,0,0,0,0,1,1,0,1,0,0,0,0,0
1,0,1,1,0,0,0,1,1,1,0,0,0,0,0,1,1,1,0,1,1,1,0,1,1,0,0,0,0,1,1,0,1,0,1,0,1,1,1,0,1,1,0,1,1,1,0,0,0,1,1,1,0,1,0,0,0,1,0,1,0,1,1,1,1,1,1,0,1,1,1,0,0,1,0
1,0,0,1,1,0,0,1,0,1,0,1,0,0,0,1,1,1,1,0,0,0,0,1,0,1,0,0,0,0,1,1,0,0,0,1,1,0,0,1,0,0,0,1,0,1,0,0,1,1,1,1,1,0,1,1,0,1,1,1,0,0,1,1,0,1,0,1,0,1,1,0,0,0,0
0,0,0,1,1,1,1,1,1,1,1,1,1,0,0,1,0,0,0,0,1,1,1,1,1,0,1,1,1,0,1,1,1,0,1,0,0,1,1,0,1,0,0,1,0,1,0,1,0,0,1,1,1,0,1,1,0,1,0,0,1,0,1,1,1,0,0,1,1,1,0,0,0,1,0
1,0,0,0,0,0,0,1,0,1,0,1,0,0,0,1,0,0,1,0,1,1,0,0,0,0,1,1,1,1,1,0,1,0,1,0,0,0,1,0,1,1,0,1,0,0,0,1,0,1,1,1,1,0,1,0,0,0,1,1,1,1,0,0,0,0,0,0,0,1,1,1,1,1,0
1,0,0,0,0,1,0,1,0,0,1,0,1,0,1,1,1,1,0,1,1,1,0,1,1,0,1,0,1,0,1,1,0,1,1,0,0,1,1,0,1,0,1,1,0,1,0,0,1,0,0,0,1,1,0,1,0,1,1,1,0,0,1,0,1,0,0,0,1,1,1,1,0,1,1
1,0,0,1,0,0,0,1,0,0,0,0,0,0,1,0,1,1,0,0,0,1,1,1,0,1,1,1,1,1,0,1,0,1,0,1,0,0,1,0,1,1,1,1,1,0,0,0,0,1,1,0,1,0,1,1,0,0,0,0,1,0,1,1,0,0,1,1,1,1,1,0,1,1,0
1,0,1,1,1,0,0,1,1,0,1,1,0,0,0,0,1,1,0,0,0,1,0,1,1,0,1,1,1,1,1,1,1,0,0,0,1,1,1,0,1,1,1,1,0,1,1,0,0,0,1,1,1,0,0,1,0,1,0,1,1,1,0,1,0,1,0,1,1,0,0,0,0,1,0
1,1,1,1,1,0,0,0,0,1,0,0,1,0,1,1,1,0,0,1,0,1,0,1,0,0,1,1,1,1,1,1,0,0,1,0,0,1,1,0,1,1,1,1,1,0,0,0,1,1,1,1,1,1,0,1,0,1,0,0,0,0,0,1,0,1,0,1,1,1,1,0,0,1,0
0,0,1,1,1,1,0,1,0,0,1,0,1,0,0,1,1,1,1,0,0,1,1,1,0,1,1,0,1,1,1,1,1,0,1,0,0,0,1,1,1,0,0,1,0,1,0,1,0,0,1,1,1,0,1,1,0,1,0,0,0,1,1,0,0,1,1,1,1,0,0,0,1,0,1
1,1,0,1,0,1,0,1,0,1,1,1,0,0,1,1,1,0,0,0,0,0,0,1,0,0,0,0,1,0,0,0,0,0,1,0,0,0,1,0,1,0,0,1,1,0,0,1,1,0,1,0,0,0,0,1,1,1,1,1,0,1,1,0,0,0,0,0,0,1,0,0,1,0,1
1,0,0,0,1,1,0,0,0,1,0,0,0,0,0,0,0,1,0,1,1,1,0,1,1,1,0,0,0,0,0,0,0,0,0,1,1,1,0,1,0,1,1,1,1,0,1,1,0,1,1,1,0,1,0,1,1,1,1,1,0,0,0,0,1,1,0,0,0,1,1,0,0,1,0
1,1,0,1,0,0,0,1,0,1,1,1,0,1,1,0,1,1,0,1,0,1,0,0,1,1,0,0,0,1,1,1,0,0,1,0,0,0,0,0,1,0,0,1,1,0,0,0,0,1,1,1,1,1,0,1,0,1,1,0,1,1,1,1,0,0,1,1,1,1,0,1,1,0,0
1,1,1,1,0,0,0,1,0,1,0,0,0,0,0,1,1,0,0,0,0,1,0,1,1,0,1,1,1,1,1,0,1,0,1,0,0,0,1,0,1,1,1,1,1,0,0,1,0,1,1,1,1,0,1,0,0,0,0,1,0,1,1,0,0,1,1,1,1,0,1,1,0,1,0
1,0,1,1,1,0,0,1,0,0,1,1,0,0,0,1,0,0,0,0,0,1,0,1,0,1,1,0,1,1,0,0,1,0,0,0,1,1,1,0,1,0,1,1,0,1,1,1,0,1,1,1,1,0,1,0,0,0,0,0,0,0,1,0,0,0,0,0,1,1,0,1,1,1,0
1,0,0,1,0,0,0,1,0,1,0,1,0,0,0,1,1,0,1,0,0,0,0,1,0,1,1,1,1,0,1,1,0,0,1,0,0,1,0,1,1,0,0,1,0,0,1,0,0,1,1,0,1,0,1,0,0,0,1,1,1,0,0,0,1,0,0,0,1,1,1,1,1,0,0
0,0,1,1,0,0,1,1,0,0,0,1,1,0,0,1,1,1,0,0,1,1,1,1,0,0,1,0,0,1,1,1,1,1,1,0,0,1,0,0,0,0,1,1,0,1,0,0,1,0,1,1,1,1,0,1,0,1,0,1,1,1,1,1,1,0,1,0,1,1,1,1,0,1,0
1,0,0,1,1,0,0,1,0,0,0,1,0,0,0,0,1,1,1,0,1,1,1,1,0,0,1,1,1,0,0,1,1,0,1,1,0,1,1,0,1,1,1,1,1,0,1,0,0,1,1,1,1,1,0,0,0,0,0,0,0,0,1,0,1,0,0,0,0,1,0,0,1,1,1
0,0,0,1,0,0,0,0,1,0,0,0,1,1,1,0,1,0,1,0,0,1,1,1,0,0,0,0,1,0,1,0,0,0,0,0,1,0,1,0,1,1,0,1,0,1,0,1,1,0,1,0,1,0,0,1,1,1,0,0,0,1,0,0,0,1,1,1,1,0,0,0,0,1,0
1,0,0,0,0,1,0,1,0,1,1,1,0,1,0,0,1,1,0,0,1,1,0,1,0,1,1,0,1,1,1,0,1,0,0,1,0,0,0,1,0,0,0,1,0,1,1,1,1,1,1,1,1,1,0,0,1,1,1,0,0,0,1,0,0,1,1,1,1,1,0,0,0,1,1
0,0,1,1,1,1,0,1,0,1,1,1,1,0,1,0,0,1,1,0,1,1,0,1,1,0,1,1,1,1,0,1,0,0,1,1,0,0,1,0,1,1,0,1,1,1,0,1,0,0,1,0,1,1,0,1,1,1,0,0,1,0,1,0,1,0,0,1,1,0,0,1,1,1,1
0,0,1,0,1,0,0,1,0,0,0,1,0,1,0,1,0,1,0,0,1,1,1,1,1,0,0,1,1,0,1,1,0,0,1,1,0,1,1,1,1,1,1,1,0,1,1,0,0,1,1,1,1,1,0,0,0,1,0,1,0,0,1,0,0,0,1,1,0,0,1,0,1,1,1
1,0,0,0,0,0,0,1,1,1,0,0,0,0,0,1,1,1,0,0,0,1,0,1,0,0,0,0,0,0,0,0,1,0,0,0,0,1,0,1,1,0,0,1,0,1,1,0,1,1,1,0,1,1,0,1,1,1,1,1,0,0,0,1,1,0,1,0,1,0,0,0,0,1,1
1,1,1,1,0,0,0,0,0,0,0,0,1,0,1,1,1,1,0,0,0,1,0,1,0,1,1,0,0,1,1,0,0,1,1,0,0,1,1,0,1,0,1,1,1,1,1,1,0,0,1,0,1,1,1,1,1,1,0,1,0,1,0,0,0,1,0,1,1,1,1,1,0,0,0
1,0,0,1,1,1,1,1,0,0,1,0,0,0,0,1,0,0,1,0,1,1,1,1,0,1,1,0,0,1,1,1,0,1,1,1,1,0,0,1,0,0,1,1,0,1,0,1,1,1,1,0,1,0,1,0,1,1,1,1,1,0,0,0,1,0,0,1,0,1,1,1,0,1,1
1,0,0,0,0,0,1,0,0,0,0,1,0,0,0,0,1,1,0,0,0,1,1,1,1,1,1,0,0,0,1,0,0,0,1,1,1,1,0,1,1,0,0,1,0,1,1,0,0,1,0,0,1,1,0,1,1,1,0,1,1,1,0,0,0,1,1,1,0,1,0,0,0,0,1
1,0,1,1,1,0,0,1,0,0,0,0,0,0,1,1,0,1,0,0,1,1,0,0,0,1,0,0,0,1,1,1,0,0,1,0,1,0,1,0,1,0,1,1,0,1,0,1,0,1,0,1,1,0,1,1,1,1,0,1,1,1,1,0,1,0,0,1,1,1,1,1,0,0,0
1,0,1,0,0,0,1,1,1,0,1,0,0,0,0,1,1,1,0,0,1,1,1,1,0,1,0,1,1,1,1,0,1,0,0,0,0,1,1,0,1,0,0,1,0,1,1,0,1,1,1,0,0,1,0,0,0,1,0,1,0,0,0,0,1,0,0,1,0,1,0,0,0,0,0
0,0,0,0,1,0,0,1,0,1,1,1,0,0,0,0,1,0,0,1,1,1,1,1,0,0,1,0,0,1,1,1,1,0,1,0,0,0,0,1,1,0,0,1,1,0,1,0,0,1,1,0,1,0,0,0,0,1,1,1,1,1,1,0,1,0,0,0,1,1,1,1,0,1,0
1,0,1,1,1,0,0,1,0,0,1,1,0,0,0,1,0,0,0,1,0,1,0,0,0,1,1,0,1,0,1,1,1,0,1,0,1,0,0,1,1,1,1,1,0,1,1,0,0,1,1,0,1,0,1,0,0,0,1,1,0,0,0,1,1,0,1,1,0,1,1,1,1,0,1
1,1,1,1,1,1,0,1,0,1,1,0,0,0,0,0,1,1,0,0,0,1,0,0,1,0,0,1,0,0,0,1,0,1,1,1,1,1,1,0,1,1,0,1,1,1,0,0,1,1,1,1,1,1,0,1,0,0,0,1,0,1,1,0,1,0,1,1,0,1,0,0,0,1,1
1,0,0,0,1,0,1,1,0,1,1,1,0,0,0,0,1,1,1,0,0,1,1,1,0,0,1,1,1,0,0,1,1,0,1,0,1,1,1,0,1,1,0,1,1,0,0,0,0,1,0,1,1,1,0,1,0,1,1,0,1,0,0,0,1,0,0,1,0,1,0,0,1,1,1
0,0,0,1,0,1,0,1,0,1,1,1,0,1,1,1,1,0,0,0,0,1,0,1,1,1,0,1,0,0,1,0,1,0,0,1,1,1,0,1,1,0,0,1,1,0,0,0,1,1,1,1,1,1,0,1,1,1,1,0,0,0,1,0,1,1,0,0,1,0,0,0,0,0,1
1,0,0,0,1,0,0,1,0,1,1,1,0,0,0,0,1,1,1,0,0,1,1,1,0,0,1,0,1,0,0,1,1,0,1,1,1,0,0,1,1,0,0,1,1,0,1,0,1,1,1,0,1,0,0,1,0,0,0,1,0,1,0,0,0,1,1,1,1,1,0,0,0,0,0
1,1,1,1,0,0,0,1,0,1,1,0,0,1,0,1,0,1,1,0,0,1,0,1,0,0,1,1,0,0,0,0,1,0,1,0,0,0,1,0,1,0,1,1,1,0,0,0,1,1,1,1,1,0,0,1,1,1,0,0,0,0,1,1,0,1,1,0,0,1,1,0,0,1,0
1,0,0,1,1,0,0,1,1,0,0,1,0,0,1,1,0,1,0,0,1,0,0,1,0,0,1,1,1,1,1,1,0,0,1,1,0,0,0,1,0,0,0,1,0,0,1,0,0,1,0,1,1,0,1,0,0,0,0,1,0,1,0,0,1,0,0,0,1,1,1,1,1,1,0
0,1,1,1,1,0,1,1,0,1,0,1,0,0,0,0,0,1,0,0,1,1,1,1,1,1,1,0,1,1,1,0,1,1,1,1,1,0,0,1,1,1,0,1,0,1,0,0,1,1,1,1,1,1,0,1,0,0,1,0,1,1,0,0,0,0,1,0,1,1,0,0,1,1,1
1,0,1,1,1,0,0,0,1,1,0,1,0,0,0,1,0,0,0,0,1,1,0,1,0,1,1,0,1,0,0,0,1,0,1,1,1,0,0,1,1,0,0,0,0,1,0,1,0,1,1,0,1,0,1,1,1,1,0,1,1,0,1,0,1,1,0,0,1,1,0,1,1,1,1
1,0,0,1,0,0,0,1,1,1,1,0,0,0,0,1,1,0,0,0,1,1,1,1,0,0,0,1,1,1,1,0,1,0,1,1,0,1,0,1,1,0,0,1,0,1,1,1,0,1,1,0,0,1,0,0,0,0,1,0,0,1,1,0,1,0,1,1,1,1,0,0,0,0,1
1,0,0,1,0,0,0,1,0,1,0,1,1,0,1,1,1,1,1,1,1,1,0,0,1,0,1,1,1,0,1,1,1,0,1,0,0,1,1,0,1,1,0,1,0,0,0,0,0,0,1,0,0,1,0,0,0,1,1,0,1,0,0,0,0,0,0,1,0,1,0,1,0,1,0
1,0,0,0,0,1,0,1,0,1,0,1,0,0,1,1,1,1,0,0,0,0,0,1,1,0,1,1,1,0,1,1,1,0,1,1,1,0,1,1,1,0,1,1,0,1,0,0,1,1,0,1,1,1,0,1,0,1,1,1,0,0,0,0,1,0,1,0,1,1,1,0,0,1,0
1,0,0,1,1,0,0,1,0,1,1,1,0,0,1,0,1,1,0,0,1,1,0,1,0,0,1,1,1,0,0,1,0,1,1,1,1,1,0,1,1,1,0,1,1,1,0,0,0,1,1,1,1,1,0,1,0,0,1,0,0,1,0,0,0,0,1,1,0,1,0,0,0,0,1
1,0,0,0,1,0,0,1,1,0,1,1,0,0,1,1,1,0,1,0,1,1,0,1,1,1,0,1,0,1,1,1,0,0,0,0,1,1,1,0,1,1,1,1,0,0,0,0,0,1,1,1,1,0,1,1,0,1,1,1,0,0,1,1,1,0,0,0,1,1,1,1,0,1,0
1,0,1,1,0,1,1,1,0,1,0,0,0,0,0,0,1,1,0,0,0,1,0,1,1,1,1,1,1,1,1,1,1,0,1,1,1,0,1,0,1,1,0,1,0,1,1,0,0,1,1,0,1,1,0,1,1,1,0,0,0,0,1,0,1,1,0,0,1,1,0,0,1,1,0
0,0,1,1,1,0,0,1,1,0,0,0,0,0,1,0,1,0,0,0,1,1,1,1,0,1,1,0,0,1,1,0,0,0,1,0,0,0,1,0,1,1,0,1,0,1,0,0,0,1,1,0,1,0,0,0,0,1,0,0,1,1,1,0,1,0,0,1,0,0,0,0,0,1,0
1,1,1,0,0,1,0,0,0,1,0,1,0,0,0,1,1,0,1,0,1,1,1,1,1,0,1,0,0,0,0,1,1,1,1,0,0,0,1,0,1,0,0,1,0,0,0,0,1,0,1,0,1,0,1,1,0,0,1,0,0,0,0,1,1,0,0,1,1,1,1,0,0,1,0
1,0,0,1,0,1,0,1,0,1,1,1,0,0,0,1,1,1,0,0,0,1,0,0,0,0,0,0,1,0,0,1,1,0,1,1,0,1,0,1,0,1,0,1,1,1,1,0,0,1,1,1,1,1,0,0,1,0,0,1,0,0,1,0,0,0,1,1,0,1,0,0,1,1,0
1,0,1,1,1,1,0,1,1,1,0,1,0,0,1,0,0,0,0,1,1,0,0,1,1,1,1,0,0,1,0,0,0,0,0,1,0,1,0,1,1,0,0,0,1,1,1,0,1,1,1,1,1,0,1,1,0,0,0,0,0,0,0,0,0,0,1,1,0,1,0,0,0,1,1
1,1,1,1,1,0,0,0,0,1,0,1,0,0,0,0,0,1,1,1,1,1,0,0,1,0,1,0,1,1,0,1,0,0,1,0,1,0,1,0,1,0,1,1,1,0,0,1,0,1,1,0,0,0,0,1,0,0,1,1,1,1,1,0,0,1,0,1,1,1,1,0,0,1,0
1,1,0,1,1,0,1,1,0,1,0,1,0,0,0,0,0,1,1,0,1,0,0,0,0,0,0,0,1,0,1,0,1,0,1,0,1,1,1,0,1,1,1,1,1,0,1,0,1,1,1,0,1,0,0,1,0,0,0,1,1,1,0,0,1,0,0,1,0,1,1,0,0,1,1
0,0,1,1,0,1,0,1,0,0,1,0,0,0,0,0,1,1,0,0,0,1,0,1,0,1,1,1,0,0,1,1,1,0,1,0,0,0,0,0,1,1,0,1,1,1,1,1,0,1,1,1,1,1,0,1,1,0,0,0,0,0,1,0,0,1,0,0,1,1,0,0,1,1,0
1,1,0,1,0,0,0,1,0,0,0,0,0,0,1,1,1,1,0,0,1,1,0,1,0,0,1,1,1,1,0,1,0,0,1,1,0,1,1,1,1,0,1,1,1,0,1,0,0,1,1,1,1,1,1,0,1,0,0,0,0,0,0,0,0,1,0,0,1,1,1,0,1,1,0
1,0,0,0,1,0,0,1,0,0,0,0,1,1,0,0,0,0,0,1,1,1,0,0,1,1,0,1,1,1,1,0,1,0,0,1,0,1,0,0,1,1,0,1,0,1,0,0,0,0,1,0,0,1,1,0,0,0,0,1,0,1,0,1,1,0,1,1,0,1,1,0,0,1,1
1,0,0,0,0,0,0,1,0,1,1,1,1,1,0,1,1,1,0,0,0,1,1,1,0,0,1,1,1,1,1,0,1,0,0,0,1,1,1,0,1,0,1,1,1,0,1,0,0,0,1,1,1,0,1,1,0,1,1,1,1,0,1,0,0,0,1,1,1,1,1,1,0,1,0
1,1,1,1,1,0,1,0,0,1,0,0,0,0,0,1,1,1,0,1,0,1,1,1,1,1,1,0,1,0,0,0,0,0,0,0,1,1,1,0,1,1,0,1,0,1,1,0,1,1,1,0,1,0,1,1,0,0,0,1,0,1,1,0,1,1,0,0,0,1,0,1,0,1,0
1,0,0,1,0,0,0,1,1,1,0,1,0,0,0,0,0,1,0,1,1,1,0,1,1,1,1,1,1,0,0,1,0,1,0,0,0,1,1,0,1,1,0,0,1,1,0,1,1,1,1,0,1,1,1,1,1,1,1,1,0,0,0,1,0,0,0,1,1,1,1,1,0,1,0
1,0,1,1,0,1,1,1,1,0,0,1,0,0,1,1,0,0,0,0,0,1,1,1,1,0,1,1,1,0,1,1,1,1,1,1,1,0,0,1,0,0,0,1,0,0,0,0,0,1,0,0,1,1,0,1,0,1,1,0,0,0,0,0,0,0,1,0,1,1,1,0,1,1,0
1,0,1,1,1,0,0,0,0,0,0,1,0,1,0,1,1,0,0,1,0,1,0,1,0,1,1,0,0,0,1,1,0,0,1,0,1,0,1,0,1,0,0,1,0,1,0,1,1,1,1,1,1,0,1,1,1,0,1,1,1,0,1,0,0,1,1,1,1,1,1,0,0,0,0
1,0,0,1,0,0,1,1,0,0,0,1,0,1,0,1,1,1,1,0,1,1,0,1,0,0,1,1,1,1,1,1,1,0,0,0,1,0,1,0,1,1,1,1,1,1,0,1,0,0,1,1,1,0,0,1,1,1,1,0,1,0,0,1,1,0,0,0,1,1,0,1,0,1,0
1,1,0,0,0,0,0,0,0,1,0,0,1,0,1,1,1,1,1,0,1,1,0,1,0,0,1,1,0,0,1,1,0,0,1,0,1,0,1,0,1,0,0,1,1,0,0,1,0,1,1,1,1,0,0,1,1,1,1,0,0,0,0,0,0,1,0,0,1,1,0,1,1,1,0
0,0,1,0,1,0,0,1,0,0,0,1,1,0,1,1,1,1,1,0,0,1,0,1,0,1,1,1,0,1,1,0,0,0,1,0,1,0,0,1,0,0,0,1,0,1,1,0,0,0,1,1,1,1,0,0,1,1,0,1,0,0,1,1,0,1,1,1,1,1,0,1,0,1,0
0,0,0,0,0,0,0,1,0,0,1,1,1,0,1,0,1,1,1,1,0,1,0,1,0,0,0,0,1,1,0,1,1,0,1,0,0,0,1,0,1,1,0,0,0,1,0,0,1,0,1,1,1,0,0,1,0,1,0,0,1,0,1,1,0,0,1,0,0,1,0,1,0,0,0
1,0,0,0,1,1,0,0,0,0,0,1,1,0,1,0,1,1,0,1,0,0,0,1,0,0,0,0,0,1,0,1,0,0,1,0,1,0,1,0,1,1,1,1,1,1,0,0,0,0,1,1,1,0,1,0,1,1,0,0,1,1,1,0,1,1,0,1,0,1,1,0,1,0,1
1,0,1,0,0,0,1,1,0,0,1,1,0,0,0,0,1,0,0,0,1,1,0,0,1,1,1,1,0,1,1,0,0,1,0,0,0,0,1,0,1,1,0,1,0,1,0,1,1,1,1,1,0,1,0,1,1,1,1,0,1,0,1,0,1,1,0,0,0,1,0,1,1,1,0
1,0,1,1,1,1,0,1,1,1,1,1,0,1,1,0,1,0,1,0,0,1,0,1,1,1,0,1,1,0,1,1,1,0,1,0,1,1,0,0,1,1,1,1,0,0,0,0,0,1,0,1,1,1,0,0,1,1,0,1,0,0,1,0,1,0,1,1,0,1,1,0,0,1,0
0,0,0,1,0,0,0,1,0,0,0,1,0,0,1,0,0,1,0,0,0,1,0,1,0,0,1,1,1,1,1,1,0,0,1,0,0,0,1,0,1,1,1,1,0,1,1,1,0,1,1,0,1,1,1,1,1,0,0,1,0,0,0,0,1,0,0,0,0,1,1,1,1,1,0
1,1,0,0,0,1,0,1,0,0,1,1,1,0,0,0,1,0,0,0,0,0,1,1,1,1,1,0,1,0,1,1,1,0,1,0,1,0,1,0,1,0,0,1,1,1,0,0,1,0,1,1,1,0,1,1,0,0,1,0,1,0,1,0,0,1,1,0,1,1,0,0,0,1,0
1,0,0,1,1,1,0,1,0,0,0,0,0,0,0,1,1,0,0,0,1,0,0,1,0,1,1,1,0,1,0,1,0,1,1,0,1,0,1,0,1,0,0,1,0,1,1,0,0,1,1,0,0,0,1,0,1,1,0,0,1,1,1,0,1,0,0,1,1,1,0,1,0,1,0
0,0,1,1,1,1,1,1,1,1,0,1,1,0,0,1,1,1,0,0,0,1,1,1,0,0,1,1,1,1,1,1,1,1,1,1,1,0,1,0,1,1,0,1,0,1,0,1,1,1,1,0,0,1,1,0,0,1,1,1,1,1,1,1,1,0,1,0,1,0,0,0,1,0,0
0,0,1,0,1,0,0,1,1,0,1,0,0,0,0,0,0,1,1,1,1,1,0,0,1,1,0,0,0,0,1,0,0,0,1,0,0,1,1,0,1,1,0,1,0,0,0,0,1,1,0,1,1,0,1,1,0,0,0,0,0,1,0,0,0,0,1,1,1,1,0,0,0,0,0
0,0,1,1,1,1,0,1,1,0,1,1,0,0,1,1,0,1,0,0,0,1,1,1,1,1,0,1,1,1,0,1,1,0,0,1,1,1,0,1,1,0,0,1,1,0,1,0,0,1,0,0,1,1,0,0,0,0,1,0,0,1,0,0,0,1,1,1,0,0,1,0,0,1,0
1,1,1,1,1,1,0,1,0,0,0,1,1,0,0,0,0,0,0,1,0,1,0,1,0,0,0,1,0,1,1,1,0,0,0,0,0,1,0,0,1,1,1,1,1,0,0,0,0,0,0,1,1,1,0,1,0,0,0,1,1,0,0,1,0,1,0,0,1,1,1,1,1,1,0
1,0,0,1,1,0,1,1,0,0,1,0,0,0,0,1,1,0,0,0,0,1,1,1,0,0,0,1,1,1,1,1,1,1,1,0,1,1,0,0,0,0,1,1,0,1,1,1,1,1,1,1,1,1,0,1,1,1,0,0,0,0,1,0,0,0,0,1,0,1,1,1,0,0,0
0,1,1,0,1,0,0,1,0,1,0,1,1,0,1,1,1,0,1,0,0,1,0,1,0,0,0,1,0,1,0,0,1,1,1,1,0,1,0,1,0,1,0,1,1,1,1,0,0,0,1,1,1,1,1,1,0,1,1,0,0,1,0,1,0,0,1,1,0,0,0,0,0,1,1
0,0,0,0,1,1,0,1,0,1,0,1,0,0,1,0,1,0,0,1,1,1,0,1,0,0,1,0,0,0,1,0,0,1,1,1,0,1,1,1,1,1,0,1,1,1,0,1,0,1,1,1,1,1,0,1,1,0,0,0,1,1,1,0,0,0,1,1,0,1,1,0,0,0,0
1,0,1,1,1,0,0,1,0,1,0,1,1,0,1,0,0,1,1,1,1,0,0,1,0,1,1,1,0,1,1,1,0,0,1,1,1,0,0,0,1,1,1,1,0,1,1,1,0,1,0,1,1,0,1,1,1,0,0,0,0,0,1,0,0,1,0,0,0,1,0,1,0,1,0
0,0,1,0,1,1,1,1,0,0,0,1,1,0,1,1,0,0,0,0,0,1,0,1,0,0,1,0,0,0,1,1,0,0,0,0,1,1,1,0,1,0,0,1,0,1,0,1,0,0,1,0,1,1,0,0,1,1,1,0,1,0,1,0,1,0,1,0,0,1,0,0,0,1,0
1,0,0,0,1,0,0,1,0,1,1,0,0,0,0,0,1,0,1,1,1,1,1,0,0,0,0,1,1,0,1,0,1,1,1,0,1,1,1,0,1,1,0,0,1,0,0,1,1,1,1,0,1,1,0,1,0,1,1,0,1,1,0,1,1,0,1,1,0,1,0,0,0,0,0
1,1,1,1,0,1,0,1,0,1,1,0,0,1,0,1,1,0,0,1,0,1,1,1,0,0,1,1,1,1,1,1,1,1,0,0,1,1,0,1,0,0,0,1,1,0,0,0,0,1,0,1,1,0,0,1,0,1,0,0,1,0,0,1,1,0,0,0,1,1,1,1,0,1,0
1,0,0,0,1,0,0,1,0,0,0,1,0,0,0,1,1,1,1,1,0,1,1,1,1,1,0,0,1,1,0,1,1,1,0,0,1,1,0,1,1,0,0,1,0,1,1,1,0,1,1,1,1,0,1,0,1,0,0,0,0,0,0,0,0,0,0,1,0,1,1,0,1,1,0
1,0,0,0,1,0,1,1,1,1,1,0,0,1,0,0,1,0,0,0,1,1,1,1,0,0,1,0,1,1,0,1,1,0,1,0,1,0,1,0,1,1,1,1,1,1,0,0,1,1,1,0,1,0,0,0,0,1,0,1,1,0,1,0,0,1,0,0,0,1,1,1,0,0,0
1,0,0,1,1,1,0,1,1,1,1,1,0,0,0,1,0,0,0,0,1,1,0,0,0,0,1,0,1,0,0,0,1,0,1,1,0,0,0,1,1,1,0,1,1,1,0,0,0,0,1,1,1,0,1,0,1,0,1,0,0,1,1,0,1,1,0,0,0,1,0,0,1,1,0
1,1,1,0,1,1,0,1,0,0,1,0,0,0,0,1,1,1,0,0,0,1,0,1,1,0,1,0,1,1,0,0,1,0,0,0,0,0,0,0,0,1,1,1,1,1,0,0,1,1,1,1,1,0,1,1,0,0,1,1,1,1,1,0,0,0,0,0,0,1,0,0,0,1,0
1,0,1,1,1,1,0,1,0,0,1,1,0,0,1,0,0,0,1,1,0,1,1,1,1,1,1,0,1,0,0,0,0,0,1,1,1,0,0,0,1,1,0,1,0,0,0,0,1,1,1,0,1,1,1,1,0,1,1,1,1,0,1,0,0,0,1,0,0,1,0,1,0,1,0
0,0,1,1,0,1,1,0,0,0,0,1,1,0,1,0,1,0,0,1,0,1,1,1,0,1,0,1,0,1,1,1,0,0,1,0,1,0,1,0,1,1,0,1,1,1,0,0,0,1,0,0,1,0,0,0,0,1,0,0,0,0,1,0,0,1,1,1,1,1,1,1,1,0,1
1,1,0,1,1,1,0,1,0,0,1,0,1,0,1,1,1,1,0,0,0,1,0,1,0,1,0,1,0,0,0,1,0,0,0,1,0,1,0,1,1,0,1,1,1,1,0,0,0,0,1,0,1,1,0,1,0,1,0,0,0,1,1,1,0,0,1,1,1,1,1,0,1,1,1
0,0,0,1,0,1,0,0,0,0,1,1,0,0,1,1,1,1,1,0,1,0,0,1,0,0,1,0,1,0,1,1,0,0,1,0,0,0,0,1,1,1,0,1,0,0,1,0,0,0,1,1,1,1,0,0,0,0,0,1,1,0,0,0,0,1,0,1,1,0,1,1,1,1,0
1,1,1,0,1,1,0,0,0,1,0,1,0,0,1,0,1,1,1,0,1,1,0,1,1,0,1,1,1,1,0,0,0,1,1,0,0,0,0,1,0,0,0,1,1,0,1,0,0,0,1,1,1,0,0,1,0,0,0,0,0,0,1,0,1,1,0,0,1,0,0,1,1,0,0
1,1,1,1,1,1,0,1,1,0,0,0,0,0,0,0,1,0,0,0,1,1,0,1,0,0,0,1,0,1,0,1,1,1,0,1,0,0,0,1,0,1,1,1,1,1,0,0,1,1,1,1,1,0,0,1,1,1,0,1,0,1,0,0,1,0,1,1,1,1,1,1,0,1,0
1,0,1,1,1,0,1,1,0,1,0,0,0,0,0,0,1,0,0,0,0,1,1,1,0,0,1,1,1,1,0,1,1,0,1,0,1,0,1,0,1,1,1,1,1,1,1,1,0,0,1,0,1,1,0,1,1,0,1,1,0,0,0,0,0,0,1,0,1,1,1,1,0,1,1
0,0,0,1,1,0,0,1,0,1,0,0,0,0,1,1,1,0,0,0,0,1,0,1,1,0,0,0,0,1,0,0,0,0,1,0,0,0,1,0,1,0,0,1,1,0,0,0,0,1,1,1,1,0,1,0,1,0,0,0,0,1,1,0,1,1,0,0,1,1,0,0,1,1,0
0,0,0,0,0,0,0,0,0,0,0,0,0,0,0,1,1,0,0,0,1,0,1,1,0,0,1,0,0,0,1,1,1,0,1,0,1,0,1,0,1,0,1,1,0,1,1,1,0,1,1,0,1,0,1,1,1,0,0,0,0,0,1,0,0,1,0,0,0,0,1,0,1,1,0
1,0,0,0,1,1,1,1,0,0,1,1,1,0,1,0,1,0,0,0,0,1,1,1,0,1,1,0,0,0,1,1,0,0,0,0,1,0,1,0,1,1,0,1,1,1,0,1,0,1,1,1,1,0,1,1,1,1,1,0,1,0,1,0,1,0,0,0,0,1,0,0,0,1,0
0,0,0,1,1,0,0,1,1,1,1,1,0,0,0,1,1,1,0,1,0,1,0,0,1,1,0,0,1,0,0,0,1,0,0,0,1,0,1,0,1,0,0,1,1,0,0,1,1,1,1,1,1,1,0,0,0,1,0,0,0,1,0,1,1,0,0,0,0,1,0,0,0,1,0
1,0,0,1,0,1,0,1,0,0,1,1,1,0,1,1,0,1,0,0,1,1,0,1,0,0,0,1,1,0,0,0,0,0,1,0,0,0,1,0,1,0,0,1,0,1,1,0,0,1,0,1,1,0,1,1,1,1,0,0,0,1,1,0,0,1,0,0,1,1,1,0,0,1,0
1,0,0,0,1,0,0,1,0,1,1,1,1,0,0,0,1,0,0,0,0,1,0,1,0,0,1,0,1,0,1,1,1,0,1,0,1,1,1,0,1,1,1,1,0,0,0,0,1,0,1,1,1,0,0,1,0,1,0,1,1,0,1,0,1,0,0,0,1,0,1,1,0,0,1
1,0,0,1,0,0,0,1,0,0,0,1,0,1,0,0,1,0,0,1,1,1,0,1,0,0,1,0,1,1,1,0,1,0,1,0,1,1,1,0,0,1,0,1,1,1,1,1,0,0,1,0,1,1,0,1,1,0,1,1,1,1,1,1,0,0,1,0,0,1,0,1,1,1,1
1,0,0,0,0,0,0,0,1,0,0,0,0,0,1,1,1,0,0,0,1,1,0,1,0,0,0,0,1,0,0,1,0,0,1,1,1,0,0,1,1,1,0,1,1,0,0,1,1,0,1,0,1,1,1,1,1,1,0,0,0,0,1,0,1,1,0,0,0,1,1,0,1,0,0
1,1,1,1,0,1,1,1,0,0,0,1,1,0,1,0,0,0,0,0,0,1,0,1,0,0,1,1,0,0,1,0,1,0,0,0,1,0,1,0,1,1,1,1,1,1,0,1,1,1,1,1,1,1,0,1,1,1,0,0,1,1,0,0,1,0,0,1,0,1,1,0,0,1,0
1,0,1,0,1,1,0,1,0,0,0,0,0,0,0,1,0,0,0,0,0,0,0,0,0,0,1,0,1,1,1,1,1,0,0,0,1,1,1,0,1,1,1,1,0,1,0,0,0,1,1,0,1,0,1,0,0,1,1,1,0,0,1,0,1,1,0,0,0,1,1,1,0,1,0
1,0,0,0,0,0,1,1,0,1,0,1,0,0,1,1,1,1,0,0,1,1,1,1,0,0,1,0,0,0,1,0,1,1,0,1,1,0,1,1,1,0,0,1,0,0,1,1,0,1,1,1,1,0,1,0,1,0,1,0,0,0,1,1,0,1,1,1,0,1,0,0,1,1,1
1,0,0,1,0,0,0,0,0,1,0,1,0,1,0,1,1,0,0,1,1,1,1,1,1,1,1,0,0,1,0,0,1,0,1,0,1,0,1,0,1,0,0,1,1,0,0,0,1,1,1,1,1,1,0,0,0,1,1,1,0,0,1,0,1,1,0,1,1,1,0,1,0,1,0
0,1,0,1,1,1,0,1,0,1,0,0,1,0,1,0,1,1,1,1,0,1,1,1,0,0,0,0,1,0,1,0,0,0,1,1,0,0,0,1,1,1,0,1,1,0,1,0,0,0,1,0,1,1,0,1,0,1,0,0,0,1,1,0,1,0,0,0,0,1,0,1,0,1,1
1,1,1,1,0,0,0,1,0,1,0,1,1,0,0,1,0,1,1,1,1,1,0,1,0,0,1,1,0,0,0,0,0,0,1,1,0,1,1,1,1,0,1,1,1,1,1,0,1,0,1,1,1,1,1,1,0,1,0,0,1,1,0,0,0,0,1,0,1,1,1,0,0,1,0
1,0,1,1,1,1,0,1,0,1,0,1,1,0,1,0,1,1,0,0,1,0,0,1,0,1,1,1,0,1,0,1,0,0,0,0,0,1,1,0,1,1,1,1,1,0,0,1,1,0,1,1,1,1,0,1,1,1,0,1,0,0,1,0,0,1,1,1,1,1,1,1,0,1,0
1,0,1,0,0,1,0,1,0,0,1,1,1,0,0,0,1,0,0,1,0,1,0,1,0,0,0,0,0,1,1,0,1,1,1,0,0,0,1,0,1,1,1,1,0,1,0,1,0,0,1,1,1,0,1,1,1,1,1,0,1,1,0,1,0,0,1,1,1,1,0,1,1,1,0
1,0,0,0,0,0,0,1,0,1,1,0,0,0,0,1,1,0,1,0,1,0,0,1,0,1,1,1,1,0,0,1,1,1,1,0,1,1,1,0,1,0,1,1,1,0,1,1,0,0,1,1,1,1,0,1,1,0,1,1,0,1,1,0,0,0,0,1,1,1,1,1,1,1,0
1,1,0,0,0,1,0,1,1,1,1,1,1,0,1,0,1,1,0,0,0,1,1,1,1,0,0,1,0,0,1,1,0,1,1,1,0,0,1,1,1,1,1,1,0,1,1,1,0,0,1,1,1,0,0,1,1,0,1,1,1,0,0,0,1,0,1,0,0,1,1,1,1,1,1
1,0,1,0,0,0,0,1,0,0,0,1,0,0,1,1,1,1,1,0,1,1,1,1,0,1,0,1,0,1,1,1,0,0,1,1,0,0,1,1,1,1,0,1,0,1,1,1,0,0,1,1,1,1,0,1,1,0,1,1,1,0,1,1,1,0,0,1,0,1,1,1,1,1,0
1,0,0,1,1,0,0,0,1,1,0,1,0,0,1,1,1,0,0,0,1,1,0,1,1,1,1,0,1,0,1,0,1,0,0,1,0,1,0,1,0,0,0,1,0,1,0,0,1,1,0,1,1,1,0,0,1,1,1,0,0,0,1,0,1,1,0,0,0,1,0,1,0,1,0
1,0,1,0,0,1,0,1,0,1,0,1,0,0,0,0,0,0,0,0,0,1,0,1,0,1,1,0,0,1,1,0,0,0,1,1,0,0,0,1,1,1,0,1,0,1,1,0,0,1,1,0,1,1,1,0,0,0,0,1,1,1,1,0,1,0,0,0,0,1,0,1,0,1,0
1,1,1,0,0,0,0,1,1,1,0,1,0,1,0,0,0,0,0,1,0,1,0,0,0,1,1,0,0,1,0,0,1,0,1,1,0,0,0,1,0,0,0,1,1,1,0,1,1,1,1,1,1,1,0,0,1,1,0,1,1,0,1,0,0,0,0,1,1,1,1,1,0,1,0
1,0,1,1,0,1,1,1,1,0,1,1,1,0,0,1,1,1,0,0,1,1,1,1,0,1,1,0,1,0,0,0,1,1,0,1,0,1,0,1,0,0,1,1,0,1,1,1,0,0,1,0,0,1,0,0,0,1,0,0,1,0,0,1,1,0,1,1,0,1,1,1,0,1,0
1,0,0,0,1,1,0,1,0,1,0,1,0,0,0,1,1,1,0,1,1,1,0,1,1,1,1,1,1,0,0,1,1,0,0,0,0,0,1,0,1,0,1,1,1,0,0,0,0,1,1,1,1,0,1,1,0,0,1,1,0,0,1,1,0,1,1,1,0,1,0,0,1,1,0
1,0,1,1,0,1,1,1,0,1,1,0,0,1,0,1,1,1,1,0,0,0,1,1,1,0,1,1,1,0,1,1,1,0,0,1,1,1,0,1,1,0,0,1,0,0,0,0,0,1,1,0,1,1,0,1,0,0,1,0,0,0,0,0,1,0,0,0,1,1,0,0,1,1,0
0,0,0,1,1,0,0,0,0,0,0,1,0,0,1,0,1,1,1,0,1,1,1,1,0,0,0,0,1,0,1,1,0,0,1,0,1,0,1,0,1,0,0,1,0,1,1,0,0,0,1,0,1,0,0,0,0,1,0,0,1,0,0,1,0,1,1,1,1,1,0,0,0,1,1
1,0,0,0,1,1,0,0,0,0,0,1,1,0,1,0,1,0,0,0,0,1,1,1,0,0,1,1,1,0,1,1,0,0,1,0,0,1,1,0,1,1,1,1,0,1,0,1,1,1,1,1,1,0,0,1,1,1,1,1,0,0,1,0,0,1,1,1,0,1,1,0,0,1,0
1,0,0,0,0,1,1,1,1,1,0,1,0,0,0,1,1,1,0,0,0,1,1,1,1,1,1,1,0,0,1,0,0,1,1,0,0,1,1,0,1,0,0,1,0,1,1,0,1,1,1,0,1,1,0,0,0,0,1,0,1,0,1,0,1,0,0,1,1,1,0,0,1,1,0
1,0,0,0,1,1,0,1,0,0,0,1,0,0,1,0,1,0,1,0,0,0,0,1,1,1,0,1,0,1,1,1,0,0,1,1,0,0,1,0,1,1,1,1,1,1,0,0,0,1,0,1,1,1,1,1,0,1,1,1,0,0,1,0,0,0,0,1,0,1,1,1,0,1,0
0,0,1,1,1,0,0,1,0,1,0,1,1,0,0,0,1,1,1,1,0,1,0,0,1,0,1,0,1,0,0,0,1,0,1,0,1,0,0,0,0,1,0,1,1,0,1,1,1,0,1,1,1,0,1,1,1,0,1,0,1,1,0,1,0,0,1,0,1,0,0,0,0,0,0
1,0,1,0,1,1,0,1,0,1,0,1,1,1,0,1,0,0,1,0,0,1,0,1,0,0,1,0,0,0,0,1,1,0,0,0,0,0,1,0,1,1,0,1,0,0,0,0,1,0,1,1,1,0,1,1,0,1,1,1,1,1,1,0,1,0,0,1,0,1,1,1,0,1,0
0,0,0,1,0,1,0,1,0,0,0,1,1,0,1,1,1,0,0,0,1,1,1,1,0,1,1,1,0,1,0,1,0,1,0,1,0,1,0,1,1,0,1,1,1,1,1,0,0,0,1,0,1,1,0,1,0,0,0,1,1,0,0,0,1,0,0,1,1,1,1,1,1,1,0
1,0,0,1,1,1,0,1,1,1,1,1,0,0,0,0,1,0,0,1,1,1,1,1,1,1,0,0,1,0,0,0,1,0,1,1,1,1,0,1,1,0,0,1,0,1,0,0,0,1,1,0,1,1,0,1,0,1,0,1,0,0,1,1,1,0,1,0,1,1,0,1,0,0,1
0,1,0,0,1,1,0,1,0,1,0,0,0,0,1,0,0,0,1,0,0,1,1,1,1,1,1,1,0,0,1,1,0,1,0,0,1,0,0,0,1,1,0,1,1,0,0,0,0,1,1,1,1,1,0,1,0,0,1,0,0,0,0,0,1,1,1,0,1,0,0,0,0,1,0
1,0,0,1,1,1,1,0,0,1,0,1,0,1,0,1,0,1,1,1,1,1,1,1,0,1,1,0,0,0,1,0,0,0,1,0,1,1,0,1,0,0,1,1,1,0,0,1,1,1,1,0,1,0,1,1,1,1,0,1,1,1,1,0,0,1,0,1,1,1,1,0,1,1,1
0,1,1,1,0,0,0,1,1,1,1,1,0,0,0,0,1,0,0,0,1,1,0,1,0,0,1,0,1,0,0,0,1,0,1,1,1,1,0,1,0,1,0,1,0,1,0,0,0,1,0,1,1,1,0,1,0,0,0,0,1,0,1,0,1,1,0,0,0,1,0,1,1,1,0
0,0,0,0,1,1,0,1,0,1,1,0,0,0,0,1,1,0,0,0,1,1,0,0,0,0,1,0,1,0,1,0,1,0,0,0,0,0,0,1,1,0,0,1,0,0,0,0,1,1,1,1,1,1,0,1,0,1,1,0,0,1,1,0,1,0,0,0,1,0,0,1,0,1,0
1,0,1,0,1,0,0,1,0,0,0,0,0,1,0,0,0,1,0,0,1,1,0,1,0,1,0,1,0,0,0,0,1,0,0,0,1,1,1,0,1,1,1,1,1,1,0,1,0,1,1,1,1,1,1,0,1,1,1,1,0,0,1,0,1,0,0,0,0,1,1,0,0,0,1
1,1,1,1,1,0,0,1,0,0,0,1,1,0,0,1,1,1,0,0,0,1,0,0,0,0,0,1,0,1,0,1,1,1,0,0,0,1,1,0,1,0,1,1,1,1,0,0,0,1,1,1,1,0,1,1,0,1,1,1,0,0,1,0,0,0,0,1,1,1,1,0,1,1,0
1,1,1,1,1,1,0,0,0,0,0,1,0,0,0,0,0,1,1,1,1,1,1,1,1,0,0,1,1,1,0,1,1,1,1,1,0,0,0,1,0,1,0,1,1,0,0,1,0,0,1,1,1,1,0,1,1,0,0,0,0,0,1,0,0,1,0,1,0,1,0,0,0,0,0
0,1,0,0,0,1,1,1,0,1,0,1,0,0,0,1,0,0,1,0,0,1,1,1,0,0,0,0,1,1,0,1,1,0,0,1,1,1,0,1,1,0,0,1,1,0,0,1,0,1,1,1,1,1,1,1,1,1,1,1,0,0,1,0,1,0,0,0,1,1,1,1,1,1,0
1,0,1,1,1,0,0,1,1,1,0,0,1,0,0,1,1,0,0,1,0,1,0,0,1,0,0,1,1,0,1,0,1,1,0,0,0,0,1,0,1,0,1,1,0,1,0,0,0,0,0,0,1,0,1,1,0,1,0,0,0,1,1,0,0,1,1,1,1,1,1,0,1,0,0
0,0,0,0,0,1,0,1,1,1,1,1,1,0,1,1,1,1,0,1,0,1,0,0,0,0,1,0,1,0,0,1,0,1,0,0,0,1,0,1,1,1,0,1,1,1,1,0,0,0,1,0,1,1,0,0,0,1,0,0,0,1,0,0,1,0,0,1,1,1,0,0,1,1,0
0,0,1,1,1,0,0,0,1,0,0,0,0,0,1,1,1,1,1,0,1,1,0,1,1,1,1,0,1,0,0,1,1,0,0,1,1,0,0,1,1,0,0,0,0,0,0,0,1,0,1,1,0,0,1,0,0,0,0,0,0,1,0,0,0,1,0,1,0,0,0,1,1,1,0
1,1,1,1,0,0,0,1,0,0,1,1,1,0,1,0,1,1,0,1,0,0,1,1,0,1,1,1,1,1,1,0,0,1,1,0,0,0,1,0,1,1,0,1,0,1,0,1,0,0,0,0,1,0,0,1,1,1,1,1,1,0,1,0,1,0,0,0,0,1,0,0,1,1,0
1,1,0,1,1,1,0,1,0,0,0,1,0,0,1,1,1,0,1,0,0,0,0,0,1,1,1,1,0,0,1,1,0,0,1,1,1,0,0,1,0,0,0,1,1,0,0,0,1,1,1,0,1,0,0,1,1,1,0,0,1,0,1,0,1,0,0,0,1,1,0,0,0,1,1
1,0,0,1,1,0,0,1,0,0,1,0,1,0,0,1,1,1,0,0,0,1,1,1,1,1,1,1,1,0,1,1,1,0,1,0,1,1,0,1,1,0,1,1,0,1,1,0,1,1,1,1,1,0,1,0,0,0,0,0,0,1,1,0,0,0,1,0,1,1,0,0,0,1,0
1,0,1,0,0,0,1,1,0,0,1,1,0,0,0,1,0,0,0,1,1,0,1,1,0,1,1,1,1,0,1,1,1,0,1,1,1,0,0,1,1,0,1,1,0,1,0,0,1,1,0,0,1,1,0,1,0,1,0,1,0,1,1,0,0,1,0,1,1,1,0,1,0,0,0
1,0,1,0,1,0,1,1,1,0,0,0,1,0,0,1,0,1,0,0,1,0,1,1,0,1,1,0,1,1,0,1,1,0,1,0,1,0,1,0,1,0,0,1,1,0,0,1,0,1,1,0,1,0,1,1,1,1,1,0,0,1,1,0,1,0,0,1,0,1,0,0,0,1,1
1,0,0,1,1,0,0,1,0,1,0,1,0,0,1,0,1,1,0,1,1,1,0,0,0,0,0,1,0,0,0,0,0,0,0,0,0,0,1,0,1,1,0,1,1,0,1,1,1,1,1,1,1,0,0,1,1,0,0,0,0,0,0,1,0,1,1,1,0,1,0,0,0,1,1
1,0,1,1,1,1,0,1,1,1,0,1,0,0,0,0,1,0,0,0,0,1,0,0,1,0,0,0,1,1,1,1,1,0,1,1,1,0,1,0,1,1,1,1,0,1,0,0,0,0,1,1,1,0,0,1,0,1,1,0,1,0,1,0,1,0,1,0,0,1,0,1,1,1,1
0,1,0,0,1,0,0,1,1,0,1,1,0,0,0,1,1,1,1,0,1,1,0,1,0,0,1,0,0,1,0,1,1,0,0,0,1,0,1,0,1,0,0,1,1,0,0,1,0,1,1,1,1,0,0,0,1,1,1,1,0,1,1,1,1,0,0,1,1,1,0,0,0,1,0
0,0,0,0,0,0,0,1,0,0,0,1,0,1,0,1,1,1,0,0,1,1,1,1,0,0,1,0,0,1,1,0,1,0,0,0,1,0,1,0,1,0,0,1,0,1,1,0,1,1,0,0,1,1,0,1,1,1,1,0,0,0,1,0,0,1,1,1,1,0,1,0,0,0,0
0,0,0,0,1,1,1,1,0,0,0,0,0,1,1,1,0,0,0,0,1,1,1,1,1,1,1,0,0,1,0,0,0,0,1,1,0,0,0,0,1,1,0,1,1,0,1,1,0,1,1,0,1,0,1,0,1,0,0,1,0,0,0,1,1,0,1,1,0,1,0,0,0,1,0
1,1,1,1,0,0,0,1,0,0,1,1,1,1,0,1,1,1,1,0,1,1,1,1,0,1,0,0,1,1,1,1,1,0,1,0,1,0,1,0,1,0,0,1,0,1,0,0,1,0,1,0,1,0,0,0,0,0,1,1,1,1,0,1,1,0,0,0,1,1,0,0,0,0,0
0,0,0,1,0,0,0,0,1,1,0,0,1,0,0,1,0,1,0,1,1,1,1,1,1,0,1,0,1,0,1,1,1,0,1,0,1,1,0,1,0,0,0,1,0,1,0,0,0,1,0,0,1,1,0,1,0,0,0,0,0,0,1,0,1,1,0,0,1,1,0,0,1,0,0
1,1,0,0,1,0,0,1,0,0,1,0,0,1,1,1,0,1,0,1,1,1,1,1,0,0,1,0,1,1,0,0,1,0,1,1,1,0,0,1,0,0,1,1,1,1,1,1,1,0,1,0,1,1,0,1,1,1,0,1,0,0,1,0,0,1,1,1,1,1,1,1,0,0,0
1,0,1,0,1,0,0,1,0,1,1,1,1,0,1,0,0,1,0,0,0,1,0,1,0,1,1,0,0,0,0,0,0,0,0,1,0,0,1,1,1,1,1,1,1,0,0,0,0,0,1,1,1,0,1,1,0,0,0,0,0,0,0,0,1,0,1,0,0,1,1,0,1,1,0
0,0,0,1,1,0,0,1,0,1,0,1,0,0,1,0,0,1,0,0,1,1,1,1,0,0,1,1,0,0,1,0,0,0,1,1,1,1,1,1,1,1,0,1,0,1,1,1,0,0,1,0,1,1,1,1,1,0,1,0,0,1,1,0,1,0,0,1,0,0,0,1,0,0,1
1,0,0,1,1,1,0,1,0,0,1,1,0,0,0,1,1,1,1,0,1,0,1,1,0,0,1,1,1,0,1,0,1,0,1,0,1,1,1,0,1,0,1,1,0,1,0,1,0,0,1,0,0,1,1,1,1,1,1,0,1,1,1,0,0,1,0,0,1,1,1,1,0,0,1
1,1,1,0,0,0,0,1,0,0,0,0,0,0,1,1,0,0,0,1,1,1,0,0,0,1,1,1,1,1,1,0,1,0,1,0,1,0,1,0,1,1,0,1,1,1,1,1,1,1,1,1,1,1,0,1,1,0,0,1,0,0,1,1,0,1,0,0,0,1,0,1,0,1,0
1,1,0,1,1,0,1,1,0,1,1,0,0,0,0,0,0,0,0,1,0,1,0,0,0,1,1,0,1,0,0,0,1,1,0,1,1,0,0,1,1,0,0,1,1,1,1,0,1,1,1,1,1,0,0,0,0,0,0,1,0,1,0,0,1,0,1,1,0,0,1,0,0,1,0
1,0,0,1,0,0,0,0,0,0,0,1,1,0,0,0,0,1,0,0,1,1,1,1,0,1,1,1,0,0,1,0,0,0,1,0,0,0,0,0,0,1,1,1,0,1,0,0,0,1,0,1,1,0,1,1,0,0,0,0,0,0,1,0,1,1,1,0,0,1,1,0,1,1,0
1,0,0,0,1,1,0,1,1,1,1,0,0,0,1,0,1,0,0,1,0,1,1,1,0,0,1,1,1,0,1,0,1,0,0,0,0,1,0,1,0,1,0,1,1,1,0,0,1,0,1,0,1,1,0,1,0,1,1,0,0,1,1,1,1,0,0,0,1,1,0,0,0,1,0
1,1,0,1,1,1,0,1,0,1,1,1,0,1,1,0,1,0,1,0,0,1,0,1,0,1,1,1,1,1,0,0,0,0,1,1,0,1,0,1,1,1,1,1,1,0,0,1,0,1,1,1,1,1,0,1,1,0,1,0,1,0,1,1,1,0,0,0,1,1,0,0,0,0,0
1,0,0,1,1,0,0,1,1,1,1,0,1,0,0,1,0,0,0,0,1,1,1,1,0,1,1,0,0,1,0,1,1,0,0,1,0,0,0,1,0,0,1,1,1,1,0,0,1,1,1,0,1,0,1,0,0,1,1,1,0,1,1,0,1,0,1,1,1,1,0,1,0,1,0
1,0,0,0,1,0,1,1,0,0,0,1,0,0,1,1,1,1,1,1,1,1,1,1,1,1,1,0,0,1,1,1,0,0,0,1,0,1,0,1,1,0,0,1,1,0,1,1,1,1,1,0,1,0,1,1,1,1,1,1,0,0,1,1,0,0,1,1,1,1,0,1,0,0,0
1,0,1,1,0,0,0,0,0,1,0,1,0,1,1,0,0,1,1,0,1,1,1,1,0,1,0,1,1,0,1,0,1,0,1,0,1,0,1,0,1,1,0,1,1,0,0,0,0,1,1,0,1,0,1,1,0,0,1,0,0,0,1,1,0,1,0,1,0,1,0,1,0,1,0
1,1,1,0,0,1,0,1,0,1,1,1,0,0,1,1,1,1,1,0,1,1,0,0,0,1,1,0,1,0,1,1,1,0,1,0,1,0,1,0,1,1,0,1,1,0,1,1,0,0,1,1,1,1,1,1,1,1,0,0,1,1,1,0,1,1,0,0,1,1,0,1,1,0,0
0,1,1,1,0,1,0,1,0,0,1,1,0,0,0,1,1,1,0,0,0,1,1,1,1,0,1,1,1,0,0,0,0,0,0,0,0,0,0,1,1,0,1,1,1,1,1,0,1,1,0,1,1,0,1,0,0,0,0,1,0,1,1,0,1,0,0,0,1,0,1,0,0,1,1
1,1,0,0,1,1,1,1,0,1,0,1,0,0,1,0,0,1,1,1,0,0,1,1,0,0,1,1,0,1,1,0,0,0,0,1,1,1,1,1,1,0,0,1,1,1,1,0,0,1,1,0,1,0,0,1,0,1,1,0,1,1,1,1,1,1,0,1,1,1,0,1,1,1,0
1,0,1,1,0,0,0,0,0,0,0,0,0,0,1,1,1,1,0,1,0,1,0,0,1,0,1,0,1,1,0,1,0,0,1,1,1,1,0,1,0,0,0,1,1,0,1,0,0,0,1,1,1,1,1,1,0,0,0,0,0,1,1,0,1,1,1,1,1,1,1,0,1,1,0
1,0,0,0,1,0,1,1,1,0,1,1,0,0,0,1,1,0,0,0,1,1,0,1,0,1,0,0,1,1,0,0,1,0,0,1,1,0,0,1,1,0,0,1,0,0,0,0,1,1,1,1,1,0,0,0,0,1,0,0,1,1,0,0,1,0,0,0,1,1,0,1,0,0,1
0,1,1,0,1,0,0,0,0,0,0,0,0,1,1,1,0,1,0,0,1,1,0,1,1,1,1,1,0,1,1,0,0,1,1,0,0,1,1,0,1,0,0,1,1,1,1,0,1,1,0,1,1,1,0,1,0,0,0,0,0,0,1,0,1,1,0,0,0,1,0,1,0,0,0
0,0,1,1,0,0,0,1,0,0,1,0,0,0,0,0,0,0,0,1,0,1,0,1,0,0,1,1,0,0,1,1,1,1,0,0,1,1,1,0,1,1,0,1,0,1,0,0,1,1,1,1,1,0,1,1,0,1,1,0,0,0,1,0,1,0,1,1,1,0,0,1,0,1,0
0,0,0,0,1,1,0,1,1,0,0,0,0,1,1,1,1,0,1,1,1,1,0,0,0,0,0,1,1,0,0,1,0,0,1,1,1,1,1,0,1,0,0,1,0,0,1,0,0,1,1,1,1,1,0,0,0,0,0,0,0,1,0,0,1,1,1,1,1,1,0,0,1,1,1
1,0,0,1,1,0,0,1,1,1,0,1,1,0,1,1,1,0,0,0,1,0,0,1,1,1,1,1,1,0,1,1,1,0,1,0,1,0,0,1,1,0,1,1,0,0,1,0,0,1,1,1,1,1,0,0,0,0,1,0,1,1,0,0,1,0,1,1,0,1,1,1,1,0,0
1,0,0,1,1,1,1,0,1,1,0,1,0,0,0,0,0,0,1,1,1,1,0,1,1,0,0,1,1,1,0,1,1,1,1,0,1,0,1,0,1,1,0,1,1,0,0,0,1,1,1,1,1,1,0,1,0,1,0,1,1,1,1,1,0,1,0,1,1,1,1,1,0,1,0
1,0,1,1,1,0,0,1,0,0,0,1,0,0,1,0,1,1,0,0,1,0,0,1,0,0,0,0,1,1,0,1,0,0,0,1,0,0,0,1,1,0,0,1,1,1,0,1,1,0,1,1,1,0,1,1,1,1,0,1,0,0,1,0,0,0,0,0,1,1,1,1,0,1,1
1,1,1,0,0,1,0,1,0,0,0,1,1,0,1,1,0,0,1,0,0,1,1,1,1,0,0,1,0,1,0,1,0,0,0,0,0,1,0,1,1,0,1,0,1,1,0,0,1,1,1,1,1,1,0,1,0,0,1,1,0,1,1,1,1,1,0,0,1,1,1,0,0,1,1
0,1,1,1,0,1,0,1,0,0,1,1,0,0,0,0,1,1,1,0,0,1,0,1,0,0,1,1,1,0,1,0,1,1,0,1,0,0,0,1,1,0,1,1,0,0,1,0,0,1,1,1,1,1,0,0,0,0,0,0,0,0,0,0,0,0,0,1,0,1,0,0,0,1,1
1,0,0,1,1,1,0,0,0,0,0,1,0,0,1,1,0,1,1,0,0,1,0,1,0,1,1,0,0,1,0,1,0,0,0,1,1,0,0,1,1,0,0,1,0,0,1,0,0,0,1,1,1,0,1,1,0,1,0,0,1,1,0,0,1,1,1,1,1,1,0,0,1,1,0
0,0,0,0,0,0,0,1,0,0,1,1,0,0,0,0,1,1,1,0,0,1,1,1,1,0,1,1,0,0,0,0,1,0,0,1,1,0,0,1,1,0,1,1,1,0,1,0,0,0,1,1,1,1,0,1,0,0,1,0,1,0,1,0,0,1,0,1,1,1,0,0,1,1,0
1,0,0,0,1,0,1,0,0,1,0,1,1,0,0,0,1,0,0,0,0,1,0,1,0,1,1,0,0,1,1,0,1,0,0,0,0,0,1,0,1,1,0,1,0,0,0,0,0,1,1,0,1,1,0,1,0,1,1,0,1,1,1,1,1,1,0,0,1,1,0,1,1,1,1
1,0,0,1,1,1,0,1,1,1,0,1,0,0,1,0,1,1,0,0,0,1,0,0,1,1,0,1,0,0,1,0,0,0,1,1,0,0,0,1,0,0,1,1,0,1,1,1,1,1,1,1,1,0,0,1,1,1,0,0,0,0,1,0,1,1,1,1,0,1,1,0,0,1,0
1,1,1,1,0,1,0,1,0,0,1,1,0,0,0,1,1,0,1,1,0,1,0,0,0,0,1,0,0,0,1,0,1,1,0,0,1,0,0,0,1,0,1,1,1,1,0,1,0,1,1,1,1,1,0,1,1,0,0,1,0,1,0,1,1,0,0,1,0,1,1,0,0,1,0
1,1,1,0,1,1,0,1,0,1,1,1,0,0,1,0,1,0,0,1,0,1,0,1,0,0,1,1,0,0,1,1,0,0,1,1,0,1,0,1,1,0,1,1,0,1,1,1,1,0,1,0,1,1,0,1,1,0,0,0,1,0,0,0,0,1,1,1,0,1,1,0,0,0,1
1,0,0,0,0,0,0,1,1,1,0,0,0,0,1,0,1,1,1,0,0,1,0,1,1,1,0,0,0,0,0,1,0,1,0,1,1,0,0,1,0,0,0,1,1,1,1,0,0,0,1,0,1,0,0,0,1,1,1,1,0,1,1,1,1,0,1,1,0,1,0,0,1,1,1
0,0,0,0,1,0,0,1,1,1,0,1,1,0,0,0,1,1,0,0,0,1,0,1,0,1,1,0,0,0,0,0,0,0,1,0,0,0,1,0,0,0,1,1,1,1,0,0,1,1,0,1,1,0,0,1,0,1,1,0,1,1,1,0,0,0,0,0,1,0,1,0,0,0,0
1,1,0,1,0,0,1,1,0,0,0,1,0,0,1,1,0,1,0,0,0,0,1,1,0,1,1,1,1,1,1,0,0,1,1,0,0,0,1,0,1,0,1,1,1,1,0,1,0,1,1,0,1,0,1,1,1,1,0,0,0,1,1,0,1,0,0,0,0,1,1,0,0,1,0
0,0,1,1,0,1,0,1,1,0,0,1,0,1,0,1,0,1,0,0,1,1,0,1,0,1,1,1,0,1,1,0,0,0,0,0,1,0,0,1,1,0,1,0,1,1,0,0,1,1,0,1,1,1,0,1,0,0,0,0,0,1,0,1,1,0,0,0,0,0,1,0,0,1,1
1,1,1,1,1,1,0,1,1,1,0,1,1,0,0,1,1,1,0,0,1,1,1,1,1,0,0,1,0,0,1,0,1,0,0,1,0,0,0,1,1,1,1,1,1,1,0,0,1,1,1,1,1,1,0,0,0,1,0,0,1,1,0,0,0,0,1,1,0,1,1,0,0,1,0
1,0,1,1,1,0,1,1,1,1,0,0,1,0,0,0,1,1,1,1,1,1,0,0,0,1,1,1,1,1,0,0,1,0,0,1,0,1,1,0,1,1,1,1,0,1,1,0,0,1,0,1,1,1,0,1,0,0,0,0,1,1,0,1,1,1,0,0,1,1,1,0,1,1,0
1,0,0,1,1,1,0,1,0,1,1,1,1,0,1,0,0,1,1,0,0,1,0,1,1,1,1,1,0,1,1,1,0,0,0,1,1,1,0,1,0,0,1,1,1,1,1,0,0,0,0,1,1,1,0,1,0,0,0,1,1,1,0,0,1,0,0,0,0,1,1,1,1,1,0
1,0,0,0,1,0,0,1,0,1,1,1,0,0,0,1,1,1,0,0,1,0,1,1,1,1,0,0,1,1,1,0,1,0,1,1,0,1,0,0,1,1,1,1,0,1,1,0,0,0,1,0,0,1,0,0,0,1,0,0,0,1,1,0,0,0,1,1,0,1,1,1,0,1,0
1,0,0,1,1,0,0,1,1,0,1,1,0,0,1,0,1,1,0,0,0,1,0,1,1,1,0,0,1,1,0,1,1,0,0,1,1,1,0,1,0,0,0,1,1,0,0,0,1,1,0,1,1,1,0,1,0,1,0,0,0,1,0,0,0,0,0,0,1,1,0,1,0,0,0
1,1,1,1,1,1,0,1,0,0,0,0,0,0,1,0,0,1,1,0,1,1,0,1,0,0,0,0,1,1,0,0,0,1,1,1,0,0,0,1,0,1,1,1,1,0,1,0,1,0,0,1,1,1,0,0,0,0,1,1,0,0,1,0,1,0,0,0,0,1,1,1,0,1,0
1,0,0,1,1,0,0,0,0,0,0,1,0,0,1,1,0,0,0,0,0,0,0,1,1,0,1,0,1,0,1,1,0,0,1,0,0,0,1,0,1,0,1,0,0,1,0,0,1,1,1,1,1,0,1,1,0,1,0,1,0,0,1,0,1,1,0,0,0,1,1,1,0,1,0
1,0,0,0,1,0,0,1,0,0,0,0,0,0,1,1,0,1,1,1,1,1,0,1,0,1,0,1,1,1,1,1,0,0,0,1,0,1,0,1,1,0,1,1,0,1,1,0,1,1,1,1,1,0,1,0,1,1,1,1,0,0,1,0,0,1,0,0,1,1,1,0,0,1,0
1,0,0,1,1,1,0,1,0,1,1,0,1,0,0,1,0,1,0,0,1,0,1,1,1,1,1,1,1,0,1,1,1,0,1,1,1,1,0,1,0,0,0,1,1,1,0,0,1,0,1,0,1,1,0,0,1,0,1,0,0,0,1,0,0,0,1,0,0,1,0,1,0,0,0
1,1,0,0,1,0,1,1,0,0,0,1,0,0,0,1,1,0,0,1,1,1,1,1,1,1,1,0,1,0,1,1,1,0,0,0,0,0,0,0,1,0,0,0,1,1,0,0,1,1,1,1,1,0,1,0,0,1,1,0,1,0,1,0,1,0,1,0,1,1,0,1,0,1,0
1,0,0,1,1,1,0,1,1,0,0,0,0,0,1,0,1,0,0,1,0,1,0,1,0,1,1,0,0,1,0,0,0,0,1,0,0,1,1,0,1,0,0,1,0,1,0,0,0,0,1,1,1,1,0,1,0,0,1,1,0,1,1,0,1,0,0,0,1,1,0,1,1,0,0
1,0,0,1,0,0,0,1,1,0,0,0,1,0,1,0,0,1,0,1,1,0,0,1,0,0,0,1,0,1,1,0,0,0,1,0,1,1,0,0,0,1,1,1,0,1,0,0,0,0,0,1,1,0,1,1,0,1,0,1,0,1,1,0,1,0,1,0,1,1,1,0,1,1,1
1,0,0,1,0,0,1,1,0,0,0,0,1,0,0,0,1,1,0,1,0,1,0,1,0,0,0,0,1,0,0,0,1,0,0,0,1,1,1,0,1,0,0,1,1,1,1,0,0,1,1,1,1,1,0,1,0,0,0,0,0,1,0,1,0,0,1,0,0,1,0,0,1,1,0
1,1,0,0,0,0,0,1,0,1,1,1,0,0,1,1,1,0,1,0,1,0,0,1,0,1,1,1,0,1,1,1,0,0,0,0,0,1,1,0,1,0,0,1,1,0,0,0,1,1,0,1,1,1,1,1,0,0,1,0,1,1,1,0,1,0,1,1,0,1,0,1,0,1,0
1,1,0,0,1,0,0,1,0,1,0,1,0,1,0,1,0,1,1,0,1,0,1,1,0,0,0,0,1,0,1,0,0,0,1,0,0,0,1,0,1,1,0,1,0,0,1,0,0,1,1,0,1,0,0,1,0,1,0,0,1,0,1,0,0,0,0,1,1,1,0,0,0,1,0
1,0,0,0,1,1,1,1,1,0,0,1,0,1,1,0,1,0,0,0,1,1,1,1,1,1,1,1,0,1,0,0,0,0,1,1,0,0,1,0,1,1,1,1,0,1,0,0,1,1,1,1,1,1,0,1,0,0,0,1,1,1,1,1,1,0,0,0,0,1,1,0,0,1,1
1,0,0,1,1,1,0,1,0,1,1,1,1,0,1,0,0,1,1,0,0,1,1,1,0,0,1,1,0,0,1,0,1,1,1,1,1,0,1,1,1,0,0,1,0,1,1,1,0,1,1,0,1,0,0,0,0,1,0,0,0,1,1,0,1,0,0,0,1,1,0,1,0,0,0
1,0,0,0,1,0,0,1,1,1,0,1,0,1,0,1,1,0,0,1,0,1,0,1,0,0,1,1,0,0,0,0,0,0,1,1,1,0,0,1,1,1,0,1,1,1,0,0,1,1,1,1,1,1,0,0,0,1,1,1,0,1,1,1,1,0,0,0,1,1,0,1,0,1,1
1,0,1,0,1,0,1,1,0,1,1,0,0,0,1,1,0,0,0,1,1,0,0,1,0,0,0,1,0,0,0,1,0,1,0,1,0,0,0,1,0,1,1,1,0,1,0,0,1,1,1,0,1,1,0,0,0,0,1,1,0,0,0,0,0,1,1,0,0,1,0,1,0,1,1
1,0,0,1,0,1,1,1,1,1,1,0,0,0,0,0,0,0,0,1,1,1,0,1,0,0,0,0,1,1,0,1,1,0,1,1,1,1,1,0,1,1,0,0,1,1,0,0,1,0,1,1,1,1,0,1,0,0,1,0,0,1,1,0,1,0,1,1,0,1,0,0,0,1,0
1,1,1,0,1,0,0,1,1,0,1,1,1,0,0,1,1,1,1,0,1,0,0,1,0,1,0,0,0,1,1,1,0,1,1,1,1,0,0,1,1,0,1,0,1,1,0,0,0,0,0,1,1,0,1,1,1,1,1,0,1,1,1,0,1,0,1,1,0,1,1,0,1,1,0
1,0,0,0,0,0,0,1,0,1,1,0,0,0,1,0,0,0,0,0,0,1,1,1,1,0,1,1,0,0,0,1,1,0,0,1,1,0,1,0,1,1,1,1,0,1,0,1,0,1,1,1,1,0,0,1,0,0,1,1,1,0,1,0,1,1,0,0,1,1,1,0,1,1,0
1,0,0,0,0,1,0,1,0,1,0,1,0,0,0,0,1,1,0,0,0,1,1,1,1,0,1,1,0,0,1,0,1,0,1,0,1,0,0,1,1,0,0,1,0,0,0,0,0,1,1,1,1,1,0,1,0,1,1,0,0,0,1,0,0,0,1,1,1,1,0,0,0,1,1
1,1,1,0,1,1,0,1,0,1,1,1,1,0,0,1,1,1,1,0,0,1,0,1,0,1,1,0,1,1,1,0,1,1,0,0,0,1,1,0,1,0,0,1,1,0,0,0,0,0,0,0,1,1,1,1,0,0,1,0,0,0,1,0,0,0,0,0,1,1,1,0,1,1,1
1,0,1,1,0,0,0,1,0,0,1,0,0,0,1,0,1,1,1,0,0,1,0,0,0,1,1,0,0,1,1,0,0,1,0,1,0,0,0,1,1,1,0,1,1,0,0,0,0,1,1,0,1,1,0,1,0,1,0,1,1,1,0,0,0,0,0,0,1,1,0,1,1,1,1
0,0,1,1,1,1,0,1,0,0,1,0,0,0,1,1,1,0,0,0,0,1,0,1,0,0,1,0,1,1,1,1,0,0,1,0,0,0,0,1,0,0,1,1,0,1,0,0,1,1,1,1,0,1,0,1,1,1,0,1,0,0,1,0,0,1,0,0,1,0,1,0,0,1,0
1,0,0,0,1,0,0,1,0,1,0,1,0,0,1,1,1,0,0,0,0,1,0,1,0,0,0,0,0,1,0,1,0,0,0,1,1,0,0,1,0,0,1,1,1,1,1,0,0,0,1,1,1,1,1,0,0,0,1,0,1,1,1,1,0,0,0,0,0,1,1,0,1,1,0
1,0,0,1,1,0,0,1,0,0,1,1,0,0,1,1,1,0,1,0,1,1,1,1,0,1,0,0,0,1,0,1,0,1,1,0,0,1,1,0,1,0,1,1,0,1,0,0,0,1,1,0,1,1,0,1,0,0,0,1,1,1,1,0,0,1,1,0,1,1,1,1,1,0,0
1,0,0,1,1,1,0,0,0,1,0,1,0,1,0,1,1,1,0,0,0,0,0,0,0,0,0,0,0,0,1,0,0,0,0,0,0,1,1,0,0,0,0,1,1,0,0,0,1,1,1,1,1,0,1,1,0,0,1,0,0,1,1,0,0,1,0,1,1,1,0,0,1,1,1
1,0,0,1,0,0,0,1,1,0,0,1,1,1,0,1,1,1,0,0,1,1,0,1,1,0,1,1,1,0,1,0,1,1,1,0,1,0,1,0,1,0,0,1,0,0,0,1,0,1,1,0,1,0,1,0,1,1,1,0,0,1,1,0,1,0,0,0,1,1,1,0,0,1,0
1,0,0,1,0,0,0,1,0,0,1,1,0,0,1,1,1,0,1,0,0,1,0,1,0,0,1,0,0,1,0,1,1,0,1,1,1,0,0,1,1,0,0,1,0,0,0,1,1,1,1,1,1,1,0,1,1,1,1,1,0,0,1,0,1,0,0,0,1,1,1,1,0,0,0
1,0,0,0,1,0,0,1,0,1,0,0,1,0,1,1,1,1,1,0,0,1,0,1,0,0,0,0,1,0,1,1,1,1,0,1,0,0,0,1,1,0,1,1,0,1,0,0,0,0,0,0,1,1,0,1,0,1,1,1,0,0,1,1,0,1,0,0,1,1,1,0,0,1,0
1,0,1,1,0,0,0,0,0,1,0,1,0,0,1,0,1,1,1,0,1,1,0,0,0,0,0,1,0,0,0,1,0,0,0,0,0,0,1,0,1,1,1,1,0,0,0,0,0,0,1,0,1,0,1,1,0,0,0,1,1,1,0,0,0,1,0,1,0,1,1,0,0,1,0
1,0,0,0,1,0,1,0,0,0,0,1,0,0,1,1,1,0,1,0,1,1,0,1,1,0,1,1,0,0,1,1,0,0,0,0,1,0,1,0,1,1,0,1,0,1,0,0,1,1,1,1,1,0,1,1,0,1,1,0,1,0,1,0,0,1,1,1,0,1,0,0,0,1,0
1,0,0,0,0,0,1,1,1,0,1,1,0,0,0,1,1,1,0,0,0,1,1,1,1,0,1,0,1,1,1,0,1,1,1,1,0,0,1,0,1,1,0,1,0,1,0,1,0,0,1,0,1,1,1,1,1,0,1,1,1,0,1,0,0,0,0,1,0,0,0,1,1,1,0
0,0,0,1,0,0,0,1,1,0,0,0,1,0,1,0,0,0,1,0,1,1,1,1,0,0,1,1,0,0,1,0,1,0,1,1,1,0,0,0,1,1,0,1,0,0,0,1,1,1,1,0,1,1,0,1,1,1,0,0,0,1,1,0,0,0,1,0,1,0,1,0,0,0,0
0,0,0,0,1,0,0,1,0,1,1,0,0,1,0,1,1,1,1,1,1,0,1,1,1,1,1,0,1,1,0,0,1,1,0,1,1,0,0,1,1,1,1,1,1,1,0,0,0,1,1,1,1,1,0,1,1,1,1,1,0,0,1,0,1,0,1,1,0,1,1,0,0,1,0
1,0,0,1,1,1,0,0,0,0,0,0,1,0,0,1,1,1,1,0,1,1,0,1,0,0,1,0,0,0,0,0,0,0,0,0,1,0,1,0,1,0,0,1,0,1,0,0,1,0,0,0,1,0,1,1,1,1,1,1,0,1,1,0,1,0,1,0,0,1,0,0,0,1,0
1,0,1,1,1,0,0,1,1,1,1,1,0,0,1,0,1,0,0,0,0,0,0,1,0,0,0,1,0,0,1,1,0,0,0,0,0,1,0,0,1,1,0,1,1,0,1,0,1,1,0,1,1,0,0,0,1,0,1,0,1,0,0,0,1,0,1,0,0,1,1,0,0,1,0
1,0,1,1,1,1,0,1,0,1,1,1,1,0,0,1,1,0,1,1,0,0,0,0,0,1,1,1,1,0,1,1,1,0,1,1,1,0,0,1,1,1,1,1,0,1,0,1,0,0,1,1,1,0,1,0,1,1,0,1,1,0,0,0,0,1,0,1,0,1,1,1,0,1,0
1,0,0,0,0,1,0,1,0,1,1,0,0,0,0,1,1,1,0,0,0,1,0,1,1,0,0,0,1,0,0,1,1,0,1,0,0,1,0,0,0,1,1,1,1,0,0,0,0,1,0,1,1,0,0,0,0,1,0,0,0,0,1,1,0,1,0,1,0,1,1,0,0,1,0
1,0,1,1,0,0,0,0,0,1,0,0,0,0,1,1,1,1,1,0,1,1,0,1,0,1,1,1,0,1,1,0,0,0,0,1,1,1,1,1,1,0,0,1,0,1,1,1,0,0,1,1,1,1,0,1,1,0,0,0,0,0,0,0,1,1,0,0,0,1,0,1,1,1,0
1,0,0,1,1,0,0,0,1,1,0,1,1,0,1,1,1,1,0,1,0,1,0,1,0,1,1,1,0,0,1,0,0,0,1,1,0,1,0,1,1,0,0,1,0,1,1,0,0,0,1,1,1,0,1,0,0,1,0,0,0,1,1,0,1,0,1,1,1,1,1,0,0,1,0
0,1,1,1,1,1,0,1,0,0,0,0,1,1,0,0,1,1,0,0,0,1,0,0,1,0,1,1,0,0,1,1,1,1,0,1,1,0,0,1,1,1,0,1,1,0,0,1,0,0,1,0,1,1,0,1,1,1,0,0,0,0,1,0,1,0,0,0,0,1,0,0,1,1,0
1,1,0,1,0,0,0,0,0,1,0,0,0,0,0,1,1,0,0,1,0,1,0,1,1,1,0,0,0,1,1,1,0,0,1,0,1,1,1,0,0,0,0,1,0,1,1,0,0,1,1,1,1,1,1,1,0,0,0,1,0,0,0,0,1,1,0,0,1,0,0,1,1,1,0
0,0,0,0,0,0,0,1,0,1,0,1,0,0,0,0,0,1,0,0,0,0,1,1,0,1,0,0,1,1,0,0,1,0,0,0,1,1,1,0,0,1,0,1,0,0,0,0,0,1,1,1,1,1,1,1,0,1,1,0,0,0,1,0,0,0,0,1,0,0,1,0,0,1,1
1,0,0,0,1,0,0,1,1,1,1,1,0,0,0,1,0,1,0,1,0,0,0,1,1,0,0,0,1,0,1,0,1,0,0,1,0,0,0,1,1,0,1,1,0,1,1,1,1,1,1,1,1,0,1,0,1,0,0,1,0,0,0,0,0,0,0,1,1,1,0,0,0,1,1
1,0,1,0,0,1,0,0,0,1,0,1,0,0,0,0,1,1,1,0,1,1,1,1,0,0,0,1,1,0,1,1,1,0,1,0,1,1,0,1,1,1,1,1,1,0,1,0,1,1,1,1,1,0,1,1,0,1,1,1,0,1,1,0,1,0,0,0,0,1,1,0,0,1,0
1,0,0,1,0,1,0,1,0,0,1,1,0,0,1,0,1,1,0,0,1,0,0,0,1,0,0,0,1,1,0,1,1,0,0,1,0,0,1,1,1,0,1,1,1,1,1,0,0,0,1,0,0,1,1,1,0,1,0,1,0,0,1,0,1,1,1,0,1,1,1,0,0,1,0
1,0,1,1,1,0,0,1,0,1,1,1,0,0,0,1,1,0,0,0,1,0,0,1,0,0,1,1,0,1,1,1,1,1,1,0,1,0,0,1,1,1,1,1,1,0,1,0,1,1,1,1,1,0,0,0,0,1,1,1,1,0,1,0,1,0,1,1,1,1,1,1,0,0,0
1,1,1,1,0,0,1,1,1,0,1,1,0,0,0,0,1,1,1,1,1,1,1,1,0,0,1,0,1,0,1,1,0,1,1,0,0,0,1,0,1,1,0,1,1,1,1,0,1,1,1,0,1,0,1,1,0,1,1,0,1,0,1,0,1,0,0,0,0,1,1,0,0,0,0
1,0,0,1,1,1,1,0,1,0,0,1,0,1,0,0,1,0,1,1,0,1,0,0,0,0,1,0,0,0,1,0,1,0,1,0,0,0,1,0,1,1,1,1,0,1,0,1,0,0,1,1,1,0,1,1,1,0,0,1,0,1,0,1,0,1,1,0,1,1,1,1,0,1,1
0,0,1,0,1,0,0,1,0,1,0,1,0,0,0,0,1,0,1,0,0,1,1,1,0,0,0,1,0,1,1,1,0,0,1,0,1,1,0,0,1,1,0,1,0,1,1,1,1,1,1,0,1,1,1,0,1,0,1,1,0,0,0,0,1,0,1,0,0,0,0,1,0,1,1
1,0,1,1,0,1,1,1,0,0,1,0,0,0,0,1,0,1,1,1,1,1,1,1,0,0,1,1,0,1,0,1,1,0,1,0,1,0,1,0,1,1,1,1,1,1,0,1,1,1,1,0,1,0,1,1,1,1,1,1,0,0,1,0,1,0,0,0,0,1,1,1,0,0,0
0,1,0,0,1,0,0,1,0,1,0,0,0,0,1,1,1,1,1,0,0,1,0,1,1,1,1,0,1,0,0,0,1,0,0,1,0,0,1,1,1,0,1,1,1,1,0,0,1,1,1,1,0,1,1,1,0,1,1,1,1,0,1,0,1,0,0,0,0,0,0,0,0,1,1
1,0,0,0,0,0,0,1,0,0,0,1,0,0,1,1,1,1,1,1,1,1,0,1,1,1,1,0,0,0,1,1,0,0,0,0,1,1,1,0,1,1,0,1,0,1,0,1,1,1,1,1,1,0,1,1,1,1,1,0,1,1,1,0,1,0,0,0,0,1,1,0,0,0,0
1,0,0,0,0,0,0,1,0,1,0,1,0,0,0,1,0,1,0,1,1,1,0,1,0,0,1,0,1,0,1,0,1,0,0,1,0,1,1,1,1,0,0,1,0,1,1,1,0,0,1,1,1,0,0,1,0,1,1,1,0,1,1,0,1,0,1,0,0,1,0,0,0,1,1
1,0,0,1,1,0,0,0,0,1,1,0,0,1,1,0,0,1,1,1,1,1,0,1,0,0,0,0,0,1,0,0,0,0,0,1,1,1,0,1,1,1,1,1,0,0,0,0,0,1,0,1,1,0,1,1,0,0,1,0,1,1,1,0,0,1,0,0,0,1,0,0,0,1,1
1,0,1,1,1,0,0,1,1,0,0,0,0,1,1,1,0,1,1,0,0,1,0,1,1,0,0,0,0,1,0,1,1,1,0,0,1,0,1,0,1,0,0,1,0,0,1,0,0,0,1,1,1,0,1,0,0,0,1,0,0,1,0,0,1,0,1,1,0,1,0,0,1,1,0
1,0,1,0,1,1,0,1,0,0,0,0,0,1,0,0,0,0,0,1,0,0,0,0,1,0,1,0,1,1,1,1,1,0,0,0,1,0,0,0,1,1,0,1,1,1,0,0,0,1,1,1,1,0,1,1,0,0,1,1,0,0,1,0,1,1,1,0,0,1,0,1,1,1,0
1,0,0,1,1,0,0,0,1,1,0,0,1,0,1,1,0,1,0,1,0,1,0,1,1,0,1,1,1,0,1,1,1,1,1,0,1,1,0,1,1,0,1,1,0,1,0,0,0,0,1,0,1,1,0,0,0,1,0,0,0,1,1,1,1,1,0,0,1,0,0,1,1,0,1
1,0,0,1,1,0,0,1,0,1,1,0,0,0,1,1,0,0,0,0,0,0,1,1,0,1,1,1,0,0,1,1,0,0,1,0,1,0,0,0,1,0,1,1,1,0,0,0,0,1,1,1,1,0,1,1,0,1,0,0,1,0,1,0,1,0,1,0,0,1,1,0,0,1,1
1,0,0,1,0,0,0,1,1,0,0,1,1,0,1,1,1,1,1,0,1,1,1,1,0,0,1,0,1,0,0,0,0,0,0,1,0,1,1,1,1,1,1,0,1,0,1,0,1,0,1,0,1,1,0,1,0,1,0,1,1,1,0,1,1,0,1,0,0,1,1,0,0,1,0
1,0,0,0,1,1,0,1,1,0,1,1,1,1,1,1,1,1,1,0,1,1,0,1,1,1,1,0,0,0,0,1,0,0,0,1,0,0,0,0,0,0,0,1,1,0,0,0,1,0,1,0,1,0,1,1,0,1,0,0,1,1,1,0,1,0,0,1,0,1,1,0,0,1,0
1,0,1,0,0,0,0,0,0,0,0,0,1,1,1,0,0,1,0,1,1,1,0,0,0,1,1,1,0,1,0,0,0,0,0,1,0,1,0,1,1,0,0,1,0,0,1,0,1,0,1,1,0,0,0,1,0,1,1,1,1,0,1,0,0,1,0,0,1,1,0,1,1,1,1
1,1,1,0,1,0,0,1,0,1,1,1,0,0,0,1,1,0,0,0,0,0,0,0,0,1,1,1,1,0,1,0,1,0,1,0,0,0,1,0,0,1,0,1,0,0,0,0,0,1,1,1,1,0,1,1,0,1,1,0,1,1,1,0,1,0,0,0,0,1,0,1,1,1,0
1,0,0,0,1,1,0,1,0,0,0,1,1,0,0,0,0,0,0,0,1,1,0,1,0,0,1,0,1,1,1,1,0,0,1,0,1,0,0,0,0,1,0,1,0,1,0,1,0,0,1,1,1,1,0,1,0,0,1,0,0,0,1,0,1,1,1,0,1,1,0,1,1,1,0
1,0,0,0,0,1,0,0,0,0,0,1,0,0,0,0,0,0,1,1,0,1,0,1,1,1,0,0,1,1,1,0,1,0,0,1,1,0,1,0,1,1,0,1,1,0,0,1,0,0,1,1,1,1,0,1,1,0,1,0,0,0,1,1,1,1,0,0,1,1,0,0,1,1,0
1,0,0,1,0,1,0,1,1,1,0,1,0,0,1,1,0,1,1,1,1,1,0,1,1,0,0,1,1,1,1,0,0,0,1,1,1,1,0,1,1,0,0,1,0,1,0,0,0,1,1,1,1,0,1,1,0,1,0,0,1,1,0,0,0,0,1,1,1,1,0,0,0,1,0
1,0,0,0,0,1,0,1,0,1,0,0,0,1,0,0,1,1,0,1,1,0,0,0,0,1,0,0,0,0,0,1,0,0,0,1,1,1,1,0,1,1,0,1,0,1,1,0,0,1,1,0,0,1,1,0,0,1,1,1,0,1,1,0,1,0,0,1,0,1,0,0,0,1,1
1,1,1,1,0,1,0,0,1,0,0,0,0,0,0,1,1,0,0,0,0,1,0,1,1,1,1,0,1,1,0,1,1,1,0,0,0,1,1,1,1,0,0,1,1,1,1,0,1,0,1,1,1,1,1,1,0,1,0,0,0,1,0,0,1,1,0,1,1,0,0,0,1,0,0
1,1,1,1,1,0,0,1,0,0,1,1,0,0,1,1,1,1,0,0,1,1,1,1,1,0,1,1,0,1,1,1,0,0,1,0,1,0,0,1,1,0,1,1,1,1,0,0,0,1,1,0,1,1,1,1,1,1,0,0,1,0,1,0,1,1,0,0,1,1,1,0,1,0,0
1,0,0,1,0,1,0,1,0,0,1,1,0,0,0,0,0,0,0,1,0,0,1,1,0,0,1,0,0,0,1,0,1,0,0,1,0,0,1,0,1,0,0,1,0,1,0,0,0,1,1,0,1,1,1,1,0,1,0,0,0,0,0,0,1,0,1,1,1,1,0,1,0,0,0
1,0,1,1,0,1,1,1,1,0,1,0,0,1,1,0,0,0,1,0,0,1,0,1,1,0,0,0,0,0,0,1,0,0,1,1,1,1,0,0,1,1,0,1,0,1,0,0,0,1,1,1,1,1,1,1,0,1,0,1,1,0,1,0,1,0,0,1,1,1,0,1,0,1,0
1,0,0,0,0,0,0,1,0,1,0,1,1,0,1,0,0,1,0,0,1,1,0,1,0,0,0,1,1,1,1,0,1,0,0,1,0,0,0,1,0,0,0,1,0,1,0,0,0,0,0,1,1,1,1,1,0,1,1,1,1,1,0,1,1,0,1,1,1,1,1,1,0,1,0
0,0,0,1,1,0,0,0,0,1,0,0,1,0,0,0,1,1,1,1,1,1,0,1,0,1,0,0,1,0,1,0,1,0,0,0,1,0,0,0,1,1,0,1,1,0,0,1,0,0,1,1,1,0,0,1,1,0,0,0,0,1,0,0,0,1,0,1,0,1,0,1,1,1,0
1,0,0,0,0,1,0,1,0,1,1,0,0,1,1,1,0,1,1,0,1,1,0,1,0,0,1,0,0,0,0,1,1,0,1,1,0,1,0,1,0,0,0,1,1,1,1,0,1,1,1,1,1,0,1,0,1,1,0,0,0,0,1,0,0,0,1,0,1,1,0,0,0,0,0
1,0,0,1,1,0,0,1,0,1,0,1,1,0,0,0,0,0,1,0,0,1,0,1,0,0,1,1,1,1,1,1,1,0,1,0,0,1,0,0,1,1,1,1,1,0,0,0,1,0,1,1,1,0,1,1,0,1,0,1,0,0,0,1,0,1,1,0,0,1,1,1,0,1,0
1,0,0,0,0,1,0,1,1,0,0,1,1,0,1,1,0,1,0,0,0,1,1,1,1,1,1,0,0,1,1,1,0,0,0,1,1,0,0,1,1,0,1,0,0,1,1,1,0,1,1,0,1,0,1,0,1,0,1,1,1,1,1,0,1,0,1,1,1,1,1,1,1,1,0
1,0,1,1,1,1,0,1,0,1,0,1,0,1,1,1,1,0,0,0,0,1,0,1,1,0,1,1,0,1,0,1,0,0,0,0,0,0,1,0,1,0,1,1,1,0,0,0,0,1,1,0,1,0,1,1,0,0,0,0,0,0,0,0,0,0,0,1,1,1,1,0,0,1,0
1,0,0,1,0,0,0,1,0,0,0,0,0,0,1,0,1,0,1,0,1,1,1,1,0,0,1,1,1,0,0,0,0,0,0,1,0,0,1,0,1,1,0,1,1,1,0,1,1,1,1,1,1,1,1,1,1,1,1,0,0,0,1,0,1,0,0,1,0,1,1,0,0,1,0
0,0,0,1,1,0,0,1,1,0,1,1,0,0,0,0,0,1,1,0,0,1,1,1,0,0,1,1,0,1,1,1,1,0,0,1,0,0,0,1,1,0,0,1,0,1,0,0,0,0,1,0,1,1,0,0,1,1,1,1,1,0,1,1,1,1,0,0,1,1,0,0,1,1,0
1,0,0,1,0,0,0,1,0,1,0,0,1,0,1,0,1,0,0,0,1,1,0,1,0,0,0,0,1,0,1,1,1,0,1,1,0,0,0,1,1,0,1,1,1,1,1,0,0,0,0,1,1,1,0,1,0,0,0,1,0,0,1,0,1,0,0,0,1,1,1,0,0,1,1
1,0,1,0,1,1,0,1,1,1,1,1,0,1,0,0,1,0,0,1,0,0,0,1,1,0,1,0,0,0,0,1,1,0,1,1,1,0,0,1,1,1,1,1,1,0,1,0,0,1,1,0,1,1,0,1,0,0,0,1,1,0,1,0,0,0,1,1,1,1,1,1,1,1,0
1,0,1,1,1,1,0,1,1,0,0,0,0,0,0,1,0,1,1,0,0,1,0,1,0,0,1,1,0,0,1,1,1,0,1,1,1,0,1,1,1,0,1,1,1,0,1,1,0,1,1,0,1,0,0,1,1,0,1,0,1,0,0,1,1,0,1,0,0,1,1,0,0,0,0
1,0,1,1,1,0,0,1,0,0,0,1,1,0,0,1,1,1,0,0,1,1,1,1,0,1,1,0,0,0,0,1,1,0,1,1,0,1,1,0,1,1,1,1,1,1,1,0,0,0,1,1,1,0,1,1,0,0,1,1,0,1,1,0,1,0,0,1,0,1,1,0,0,1,1
1,0,0,0,0,0,0,0,0,0,0,0,1,0,1,0,1,1,0,0,0,1,0,1,0,0,1,0,0,1,1,0,0,1,0,0,1,1,0,0,0,0,0,1,0,1,1,1,1,0,1,1,1,0,0,0,1,1,1,0,0,1,1,1,0,1,1,1,1,1,0,1,0,1,0
1,0,0,0,0,0,0,1,1,1,0,0,1,0,0,1,1,1,1,0,0,1,0,1,0,0,1,1,1,0,0,0,1,0,1,1,0,0,0,1,1,0,0,1,1,0,0,0,0,0,1,1,1,1,0,0,0,1,1,1,0,1,0,0,0,0,0,0,1,1,0,0,1,1,1
1,1,0,1,1,1,1,1,1,1,1,1,0,0,1,1,1,1,0,0,1,1,1,1,0,1,1,1,1,1,0,0,1,1,1,0,1,1,1,0,1,0,1,1,1,0,0,1,1,0,1,1,1,1,1,1,1,0,1,0,0,1,0,0,1,0,0,0,1,1,1,0,0,1,1
1,0,0,0,0,1,1,1,1,1,1,1,0,0,0,1,1,0,0,1,1,0,0,1,0,0,1,1,0,0,1,1,1,0,0,0,0,1,0,1,1,0,1,1,0,1,0,1,1,1,1,1,1,1,0,0,1,1,1,0,0,1,1,0,1,0,1,0,1,1,0,1,0,1,0
0,1,1,0,0,0,0,1,0,0,1,1,0,0,0,1,1,1,0,0,1,1,0,1,0,0,1,1,0,0,1,0,1,0,1,0,0,0,0,1,1,0,1,1,1,1,1,0,1,0,1,1,1,0,1,0,0,0,1,1,1,1,1,0,0,0,0,1,0,0,1,0,0,1,1
1,0,0,1,1,0,0,1,0,0,0,1,0,1,1,0,0,0,0,1,1,1,1,1,1,1,1,1,1,1,1,0,1,0,0,1,0,1,0,1,0,1,1,1,0,1,0,0,0,1,1,1,1,1,1,1,1,1,1,0,0,0,1,0,1,0,1,1,1,1,0,0,0,1,0
1,0,0,0,0,1,0,1,0,1,1,1,0,1,0,1,1,0,0,1,1,0,0,0,0,1,1,1,1,1,1,1,1,0,1,1,0,1,0,1,0,0,1,1,0,1,0,0,0,0,1,1,1,1,0,0,0,1,0,1,1,1,1,1,0,0,1,0,0,1,1,1,1,0,0
1,0,0,1,1,1,0,1,1,1,1,1,0,0,1,1,0,0,1,1,1,1,0,1,0,1,1,1,1,1,1,1,1,0,0,0,1,0,0,1,1,0,0,1,1,1,0,1,0,0,1,1,1,0,1,1,1,1,0,0,0,1,0,1,1,0,0,0,1,1,0,0,1,1,1
1,0,1,1,0,0,0,1,0,1,0,1,1,0,0,1,0,1,0,0,1,1,1,1,0,1,1,1,1,0,0,0,1,0,0,0,0,1,1,0,1,0,1,0,0,0,1,1,0,0,1,1,1,1,1,1,1,0,0,0,1,0,0,0,1,1,0,0,0,1,1,0,1,1,0
1,0,0,1,1,0,0,1,1,0,0,1,0,0,1,0,1,1,0,0,1,1,0,1,0,0,1,0,1,1,1,1,0,0,0,0,1,0,1,0,1,0,1,1,0,1,1,0,1,1,0,1,1,0,0,0,1,1,1,1,1,1,1,0,0,0,1,1,0,1,1,1,0,1,1
1,0,1,1,1,0,0,1,0,1,1,1,0,1,1,0,1,0,1,0,0,1,0,0,0,0,1,0,0,1,1,0,0,0,0,1,0,0,0,1,0,1,1,1,1,0,0,1,1,1,1,0,1,1,0,1,0,1,1,1,0,0,1,0,1,0,1,1,0,0,1,1,0,1,0
0,0,0,0,0,0,0,1,0,0,0,1,0,0,1,1,1,0,0,0,1,0,0,1,0,0,1,0,1,0,1,1,0,0,1,1,0,1,1,1,1,1,0,1,0,0,0,0,1,0,1,0,1,1,0,1,0,1,1,1,1,0,1,0,1,0,1,0,1,1,0,0,0,1,0
1,0,0,0,1,1,0,0,0,1,0,0,1,0,1,0,1,0,1,0,1,0,0,1,0,1,0,0,0,0,1,0,1,0,1,1,0,0,0,1,1,1,0,1,1,1,0,0,0,1,1,1,1,1,0,1,0,1,1,1,0,0,0,0,0,1,0,0,0,1,1,0,0,1,1
1,1,1,0,1,0,0,1,1,0,1,0,1,1,0,1,1,0,0,1,1,1,0,1,0,0,0,0,0,0,1,1,1,0,1,0,1,0,1,0,0,1,0,1,1,1,0,0,1,0,0,1,1,0,1,0,1,1,1,1,0,1,0,0,0,1,0,0,0,1,1,1,0,0,0
1,1,0,1,1,1,0,1,1,0,1,1,1,0,0,1,0,0,1,0,0,0,1,1,0,1,1,1,1,0,1,0,1,0,0,1,1,0,0,1,0,1,1,1,0,0,0,1,0,0,1,1,0,1,0,1,1,1,1,0,1,0,1,0,1,0,0,1,0,1,1,1,0,1,0
1,0,0,0,0,1,0,1,0,0,1,1,0,0,0,1,1,0,0,0,0,0,0,1,0,0,1,1,1,0,1,0,0,0,0,0,1,0,1,0,1,1,1,1,1,1,0,1,0,1,1,1,1,0,0,1,1,0,1,1,1,0,1,0,1,0,1,1,0,1,1,1,1,1,0
1,0,0,1,0,1,0,1,0,1,0,0,1,0,1,1,0,1,0,0,0,1,0,1,1,0,0,1,1,0,0,1,0,0,0,0,1,1,1,0,1,0,1,1,1,0,0,1,1,0,1,0,1,0,1,1,1,1,1,0,0,1,0,0,1,0,0,0,0,1,1,0,0,1,0
1,0,1,1,1,0,0,1,0,0,0,1,0,1,0,1,0,0,0,0,1,0,1,1,0,1,0,1,1,0,1,0,1,0,0,1,1,1,1,1,1,0,1,1,0,0,1,0,0,1,1,0,1,1,0,1,0,0,1,1,1,1,1,0,0,1,1,1,1,0,1,1,1,1,0
1,1,0,0,0,0,0,1,1,0,1,0,0,0,0,0,0,1,1,1,1,0,0,1,0,0,0,0,0,0,1,1,0,0,0,1,0,0,1,1,1,0,0,1,1,0,1,0,0,0,1,1,1,0,0,0,1,1,0,0,0,0,0,0,1,0,0,1,0,1,0,0,1,1,0
1,1,0,1,0,1,0,0,0,1,0,0,0,0,0,1,1,1,0,0,1,1,0,1,1,1,0,1,1,0,0,0,1,0,1,0,0,1,1,0,1,1,0,1,1,0,1,0,0,1,0,1,1,0,0,0,0,1,0,1,0,0,1,1,1,1,0,0,0,1,0,0,1,1,0
0,1,1,1,0,1,0,1,0,0,0,1,1,0,0,0,1,1,1,0,1,1,0,1,0,1,1,0,0,0,1,1,0,0,1,0,1,0,1,0,1,1,1,1,0,1,0,0,1,0,1,1,1,0,0,1,0,0,0,1,0,1,0,0,0,1,1,0,0,1,1,0,0,1,1
1,0,1,1,1,0,1,1,0,0,0,1,0,0,1,0,0,1,1,0,1,1,0,1,1,0,1,1,1,1,0,1,0,0,0,1,0,0,1,0,1,1,0,1,0,1,0,0,0,1,1,0,1,0,1,1,1,1,1,1,1,1,1,0,1,0,0,0,1,1,1,1,0,1,0
1,0,0,1,0,0,0,0,1,0,0,0,0,0,1,1,1,0,0,0,1,1,0,1,0,0,0,0,1,0,0,0,0,0,1,0,1,0,1,0,1,0,0,1,1,0,0,0,1,1,1,1,1,1,0,1,0,1,0,0,0,0,0,0,1,1,0,1,1,1,0,0,1,1,1
1,0,0,0,1,1,0,0,1,1,0,1,0,0,1,0,1,1,0,0,0,1,1,1,1,1,0,0,0,1,0,0,0,1,1,1,0,0,0,1,0,1,0,1,1,1,0,0,0,0,1,0,1,0,1,1,1,1,1,1,0,1,1,1,1,1,0,0,0,1,0,1,1,1,1
1,0,1,1,1,0,0,0,1,0,0,1,1,0,0,0,1,1,0,0,0,1,0,1,0,1,0,1,1,0,1,1,1,0,1,0,1,0,0,1,1,1,0,1,0,1,0,1,1,1,1,1,1,1,0,1,1,1,0,0,0,1,1,0,1,0,1,1,1,1,1,1,0,1,0
1,0,0,1,0,0,1,1,0,1,0,1,0,0,0,1,1,0,1,1,0,1,1,1,1,1,1,0,1,1,0,1,1,0,1,0,1,0,1,0,1,1,0,1,1,0,0,1,0,1,1,0,1,1,0,1,1,0,1,1,0,0,0,0,0,0,1,1,1,1,0,1,1,0,0
1,1,1,0,0,0,0,1,0,0,0,1,0,0,0,0,0,0,1,0,0,0,0,0,0,1,1,0,1,1,1,0,1,0,0,1,1,0,0,1,1,1,0,1,1,0,0,1,0,1,1,1,0,1,0,1,0,1,1,1,1,0,1,0,0,1,0,0,1,1,0,1,0,1,0
0,0,1,1,1,0,0,1,1,1,1,0,0,0,1,0,1,1,1,1,0,1,1,1,0,0,1,1,0,0,1,0,0,0,1,0,1,0,1,0,1,1,0,1,0,0,1,1,0,1,1,1,1,1,1,1,1,1,0,0,0,1,0,0,0,1,1,1,1,0,0,1,0,1,1
1,1,1,1,1,1,0,1,0,1,1,1,0,1,1,1,0,0,0,0,0,1,0,0,0,0,1,1,1,0,0,1,1,0,1,0,1,0,1,0,1,1,0,1,1,1,0,0,0,1,1,1,1,0,0,1,1,1,0,0,0,0,1,0,0,0,1,0,0,1,0,0,1,1,0
1,0,1,1,0,0,0,1,0,1,0,0,1,0,1,1,1,0,0,0,1,1,0,1,0,0,1,1,1,0,1,1,0,1,0,1,1,1,0,1,1,1,0,1,1,0,0,0,0,0,1,1,1,1,0,1,0,1,1,1,0,0,1,0,0,0,1,0,1,1,0,0,1,1,0
1,1,1,1,1,0,0,1,0,1,0,0,0,0,0,1,1,0,0,0,1,0,0,1,1,0,1,0,1,1,1,1,1,0,1,1,0,1,0,1,0,0,0,1,0,0,0,0,1,1,1,1,1,1,1,1,0,0,0,1,0,0,1,0,0,1,1,0,1,1,1,1,0,1,0
1,1,1,1,0,0,0,1,1,0,1,0,0,0,0,0,1,1,0,1,0,1,0,0,0,0,0,1,1,1,1,1,0,0,1,0,1,0,1,0,1,1,0,1,0,0,1,0,0,0,1,0,1,0,0,0,0,1,0,0,0,0,1,0,0,0,0,0,0,1,0,1,1,1,1
1,0,1,1,0,1,0,1,0,0,1,1,0,0,0,1,1,1,0,0,0,1,1,1,0,1,0,1,0,0,1,1,1,0,1,0,0,1,0,1,1,1,0,1,0,1,1,1,1,1,1,0,1,0,1,1,1,0,1,0,0,0,1,0,1,0,1,1,1,1,0,0,0,0,0
1,0,1,1,1,0,0,1,0,0,1,1,1,0,0,0,1,0,1,0,0,1,0,1,1,1,1,0,1,0,0,1,1,0,1,1,1,0,1,0,1,1,0,1,0,1,0,1,1,1,1,0,1,1,0,1,1,1,0,1,1,1,1,0,1,0,0,1,1,1,0,1,0,1,1
0,0,0,1,1,1,0,1,0,0,0,1,0,0,0,0,0,1,1,0,0,1,0,1,0,0,0,1,0,0,1,1,0,0,1,0,1,0,0,1,1,1,1,1,0,1,1,1,0,1,1,1,1,0,1,0,1,1,0,1,1,0,1,0,1,0,0,0,0,0,1,0,0,1,0
1,1,0,1,1,1,1,1,0,0,0,1,0,0,0,0,0,0,1,0,1,1,0,1,0,0,0,0,0,1,0,1,0,0,1,0,0,1,1,0,1,1,0,1,1,1,0,1,1,1,1,1,1,1,0,1,1,1,0,1,1,1,1,1,0,1,1,1,1,1,1,1,0,1,0
0,0,0,0,0,0,0,1,0,0,0,1,0,1,0,0,1,0,0,0,0,0,0,0,0,1,0,1,1,1,1,1,1,0,0,0,0,0,0,1,0,0,0,1,1,1,0,1,0,0,0,1,0,1,0,1,1,1,1,0,1,1,1,0,1,0,1,1,1,1,0,1,0,1,0
1,1,1,0,1,1,0,1,0,1,1,1,1,0,0,0,1,0,1,0,1,1,0,0,0,0,0,0,1,1,1,1,0,0,0,0,1,0,1,0,1,0,1,1,1,0,1,0,0,0,1,1,1,0,0,0,0,0,1,1,1,0,1,1,0,0,1,1,0,1,1,1,1,1,0
0,0,0,1,1,1,0,1,0,1,1,0,0,0,0,1,1,0,1,0,1,1,0,1,1,1,1,1,1,1,0,0,1,0,1,0,0,1,1,1,1,0,1,1,0,0,1,0,1,0,1,1,0,0,1,0,1,0,1,0,0,0,1,0,1,0,1,0,1,1,1,1,1,0,0
1,0,0,1,1,0,0,1,0,1,0,1,0,0,1,0,1,1,0,0,0,0,1,1,0,0,1,0,1,1,0,1,1,1,1,1,1,1,0,0,0,1,0,1,1,0,0,1,0,0,1,0,1,1,0,1,1,1,0,0,1,0,1,0,1,0,1,0,0,1,0,0,0,1,0
1,0,1,0,1,1,0,0,0,1,0,0,1,0,1,1,1,1,0,0,1,1,1,1,0,1,1,0,0,0,1,0,1,0,0,1,1,0,1,0,1,1,0,1,0,0,0,1,1,0,1,0,0,1,0,1,1,1,1,1,0,0,1,0,0,1,1,1,0,1,0,0,0,0,1
1,0,0,0,1,0,0,1,1,0,1,0,0,0,0,0,1,0,0,0,0,1,1,1,1,1,0,1,0,1,1,1,0,0,0,0,1,1,1,0,1,0,1,1,1,1,0,1,0,1,1,0,1,1,1,0,1,1,1,1,0,1,1,1,1,0,0,1,1,1,1,1,1,1,1
1,0,1,1,0,1,0,1,0,1,1,1,0,0,0,1,0,1,0,0,0,1,0,1,0,0,0,1,1,0,1,1,1,0,0,1,1,0,0,1,1,0,0,1,1,1,1,0,0,1,0,1,1,0,1,0,0,0,1,0,0,0,1,0,1,1,0,0,1,1,1,0,1,1,0
1,0,0,0,0,0,1,1,0,1,0,0,0,0,0,1,1,1,0,0,0,1,1,1,0,0,1,0,1,0,1,0,1,0,1,0,1,0,0,1,0,0,0,1,0,0,1,1,1,1,1,0,1,0,0,0,0,1,1,0,0,1,1,0,1,0,0,0,0,1,0,0,0,1,0
0,0,1,0,0,0,1,0,0,1,0,1,0,0,0,1,1,1,1,0,1,1,1,1,0,1,1,0,0,0,1,1,1,0,0,1,0,0,1,1,1,0,0,1,0,1,1,0,0,1,0,0,1,1,0,0,1,1,1,1,1,1,1,0,0,1,1,0,1,1,0,0,0,1,0
1,0,1,0,1,1,0,1,0,1,1,1,0,1,0,1,0,0,1,1,1,1,1,1,0,1,1,0,1,1,0,1,0,0,0,1,0,0,0,1,1,0,0,1,1,0,0,0,1,1,1,0,1,0,1,1,0,1,1,0,1,1,1,1,1,0,0,0,0,1,0,1,0,0,0
1,1,0,0,1,0,1,1,0,0,1,1,0,0,1,1,1,0,0,0,1,1,1,1,1,1,0,0,0,0,1,1,0,0,0,1,1,0,0,0,1,0,1,1,0,1,0,0,1,0,1,0,1,1,0,1,0,0,1,0,0,1,1,1,1,0,1,0,1,1,1,0,0,1,0
1,0,1,1,1,0,0,1,0,1,0,1,0,0,1,0,0,1,1,0,1,1,0,1,0,1,1,0,0,1,1,1,0,0,0,1,1,0,0,1,1,0,0,0,0,0,0,1,0,0,1,0,1,1,0,1,0,1,0,0,1,0,0,0,1,0,0,0,1,1,0,1,0,0,1
0,1,0,0,1,0,1,0,0,0,0,0,0,0,0,1,0,1,0,0,0,1,1,1,0,0,1,0,0,1,0,1,1,0,0,0,1,1,0,1,0,0,0,1,0,1,1,0,1,0,1,0,1,0,0,1,0,1,1,1,0,0,1,1,1,0,0,0,1,1,0,0,0,1,0
0,1,1,0,1,0,0,1,0,1,0,1,1,0,0,0,0,0,0,1,0,1,0,0,1,1,0,1,1,0,1,0,1,0,1,0,0,0,1,0,1,1,1,1,1,1,1,0,0,1,1,1,1,0,0,1,0,0,1,1,1,1,1,0,1,0,0,1,0,1,1,1,0,1,0
1,1,0,1,0,0,0,1,0,0,1,1,0,0,0,1,1,0,1,0,1,1,0,1,1,1,1,1,1,0,0,0,1,0,1,0,0,0,0,0,1,1,0,1,0,1,0,0,0,1,1,0,1,0,1,1,0,1,1,0,0,0,1,1,1,0,1,0,0,1,0,1,1,1,0
1,1,1,1,1,0,0,1,0,0,0,1,0,0,0,0,0,0,1,0,1,1,0,1,0,0,1,0,0,1,1,1,1,0,1,1,0,0,1,0,1,0,0,1,1,0,0,1,1,1,1,1,1,1,0,1,1,0,0,0,1,0,1,0,1,0,0,0,1,1,0,0,0,0,1
1,0,0,1,1,1,0,1,0,0,0,1,1,0,1,1,1,1,0,0,1,1,0,1,0,0,0,1,1,1,1,0,0,0,1,0,1,0,1,0,1,0,1,1,0,1,1,0,0,0,0,0,1,0,1,1,0,1,1,1,0,1,1,0,0,0,1,0,1,1,1,1,1,0,0
1,0,0,0,1,1,0,1,0,1,1,1,0,0,0,1,1,0,1,0,0,1,0,0,1,0,1,0,0,0,0,1,1,0,0,0,0,1,0,0,1,0,0,1,0,0,0,0,0,1,1,1,1,0,1,1,0,1,1,1,0,0,1,0,1,1,1,1,0,1,1,1,0,1,0
1,0,1,0,1,1,0,1,1,1,0,1,0,0,0,1,0,1,0,1,0,1,0,0,0,0,1,0,1,0,1,1,1,0,0,1,0,1,0,1,1,1,1,1,0,0,0,0,0,1,1,1,1,0,1,0,0,1,0,0,0,1,0,0,1,0,1,0,1,1,0,0,0,1,1
1,0,0,0,0,1,1,1,1,0,1,0,1,1,1,1,1,1,0,0,0,1,1,1,1,1,1,0,0,0,1,1,1,0,1,0,0,0,0,0,0,0,0,1,0,1,1,1,0,1,1,0,1,0,1,0,1,0,0,1,0,1,1,1,1,1,1,1,1,1,0,0,0,0,1
0,1,0,1,0,1,1,1,0,1,1,0,0,0,0,1,1,0,1,0,1,1,1,1,0,0,0,0,1,1,0,1,1,0,1,0,0,1,1,0,1,1,0,1,1,0,1,1,0,1,1,0,1,1,1,1,1,0,0,1,1,1,1,0,0,0,1,1,0,1,1,1,0,1,1
1,0,1,1,1,0,0,0,0,1,0,1,0,0,0,0,0,0,1,0,1,1,0,1,1,1,0,0,1,0,1,0,1,0,1,1,1,1,0,1,1,1,0,1,0,1,1,1,1,1,1,1,1,1,1,0,1,0,0,0,1,0,1,0,0,1,0,1,1,1,0,1,1,1,0
1,0,0,1,1,0,0,1,1,0,1,0,1,0,0,1,0,1,0,1,0,1,0,0,1,1,0,0,1,0,0,1,1,0,1,0,0,0,1,0,1,0,0,1,1,1,0,1,1,1,1,1,1,0,1,1,1,1,0,0,1,1,1,0,1,0,0,1,1,1,0,0,0,1,1
1,1,0,1,0,0,0,1,1,0,1,1,0,0,1,0,1,1,1,1,1,0,0,0,0,1,1,1,0,0,1,1,0,1,1,0,1,0,1,0,1,1,0,1,0,0,0,1,1,0,1,0,1,0,0,0,1,0,1,1,1,0,1,0,0,0,1,1,0,1,1,0,0,0,0
1,0,0,0,0,0,0,0,1,1,0,1,1,0,0,1,1,1,0,1,0,1,0,1,0,1,0,1,1,1,1,0,1,0,1,0,1,1,0,0,0,0,0,1,0,1,1,0,1,0,1,1,1,0,1,1,1,0,1,0,0,1,0,0,1,1,1,0,0,1,0,0,0,1,0
1,0,1,1,1,0,0,1,1,1,1,1,0,1,0,0,0,1,1,1,0,0,1,1,0,0,0,0,1,0,0,1,1,0,1,1,0,0,0,1,0,1,1,1,1,1,1,1,1,1,1,1,1,0,1,1,1,1,1,1,0,1,1,0,1,0,0,0,0,0,1,0,0,1,0
1,0,1,0,0,0,0,1,0,1,0,1,1,0,1,1,0,1,1,0,0,1,0,1,0,0,0,0,0,1,0,1,0,0,0,1,0,1,0,1,1,1,1,1,1,0,0,1,1,0,1,0,1,1,1,1,0,1,1,1,0,0,1,0,1,0,0,0,1,1,1,0,0,1,0
1,0,0,0,0,1,1,1,0,0,0,1,0,1,0,0,0,0,1,1,1,1,0,1,0,0,1,0,1,0,0,0,0,0,1,1,1,0,0,1,1,0,0,1,0,0,0,1,0,1,1,1,0,1,1,1,0,1,1,0,1,1,1,0,1,0,0,0,1,1,0,1,0,1,0
1,1,0,1,1,1,0,1,1,0,1,1,0,0,0,0,1,1,0,1,0,1,0,1,0,0,0,0,1,0,1,0,1,0,0,1,0,0,0,1,1,1,1,1,1,1,1,1,0,1,1,0,1,1,0,0,1,0,0,0,0,1,0,0,1,0,0,0,0,1,1,1,1,1,1
1,0,0,1,0,0,0,1,0,1,0,1,0,0,0,1,1,1,1,0,1,1,0,1,0,0,1,1,1,0,0,1,1,0,0,0,0,0,1,0,0,0,0,1,1,0,1,1,0,1,1,1,1,1,0,1,1,0,0,1,0,0,0,0,1,0,0,1,0,1,1,0,1,1,0
1,1,0,0,0,1,0,1,0,1,0,1,0,0,1,0,0,0,0,0,0,1,0,1,1,1,1,1,0,1,1,1,0,0,0,1,1,0,0,1,1,0,1,1,1,0,0,0,0,1,1,1,1,1,0,0,1,1,1,1,0,1,1,0,0,0,1,1,1,1,1,1,1,1,0
1,1,0,0,0,0,0,1,0,1,0,0,1,0,0,1,1,1,0,1,0,1,0,0,0,0,0,0,0,1,1,1,0,1,0,1,1,1,1,1,1,1,1,1,0,1,1,1,0,0,1,0,0,0,0,0,0,0,0,0,0,0,0,0,0,1,0,0,1,1,1,1,0,1,0
1,0,0,1,1,1,0,0,1,0,0,0,0,0,0,1,0,0,0,0,1,1,0,1,0,0,1,1,1,1,1,1,1,0,1,1,1,1,0,1,0,0,0,1,1,0,1,0,1,1,1,1,1,0,1,1,0,0,0,0,0,0,0,0,1,0,0,0,1,1,1,0,0,1,1
1,0,0,1,1,1,0,0,0,1,1,1,0,0,1,0,1,1,0,0,1,1,0,1,0,0,0,1,0,0,1,1,1,0,1,1,1,0,0,1,1,0,0,1,1,1,1,1,0,1,1,1,1,1,0,1,1,1,0,0,0,0,1,0,1,1,0,0,1,1,0,0,1,1,1
1,0,0,0,0,0,1,1,0,0,1,1,0,1,1,1,1,1,0,1,0,1,1,1,0,0,1,0,1,0,1,0,0,0,1,0,0,0,1,0,1,0,0,1,1,1,1,1,0,1,0,1,1,1,0,1,1,1,0,1,1,1,1,1,1,0,0,1,0,1,0,0,0,1,0
1,1,0,0,1,0,0,0,0,1,0,1,0,1,0,1,0,1,0,1,0,1,0,0,0,1,0,0,1,1,0,1,0,0,1,1,1,1,0,1,0,1,0,1,1,0,1,0,0,1,1,0,1,1,0,1,0,1,0,0,1,1,0,0,0,1,1,1,0,1,0,0,0,0,0
1,1,1,0,1,0,0,1,0,1,0,1,0,0,0,0,1,0,1,1,1,1,0,0,0,1,1,0,0,1,1,0,1,0,1,0,1,1,1,0,1,1,0,1,0,0,0,1,0,1,1,1,1,1,0,1,0,1,1,1,0,0,0,0,1,0,0,0,1,1,1,1,0,1,0
1,0,0,0,1,1,0,0,1,1,0,1,0,0,0,1,1,1,0,0,1,1,0,1,1,1,1,0,0,1,1,0,1,0,1,0,1,0,1,0,1,0,0,1,0,1,1,1,0,1,1,1,1,0,1,0,1,1,1,0,1,1,1,1,1,0,0,0,0,1,0,0,0,1,0
1,0,0,0,1,0,0,0,1,1,0,0,0,0,0,1,0,1,0,0,0,0,0,1,0,1,1,1,0,1,1,1,1,0,1,0,0,0,1,0,1,0,0,1,1,0,1,0,0,1,1,1,1,0,1,1,1,0,0,0,1,1,1,0,0,1,1,0,1,1,0,0,0,0,0
1,0,1,1,0,0,0,0,0,0,0,1,0,0,0,1,1,1,0,0,1,1,0,1,1,1,0,1,1,1,0,1,1,1,1,0,1,1,0,1,1,1,0,1,1,1,0,0,1,1,1,1,1,0,1,1,0,1,0,1,0,1,1,1,1,1,1,1,0,1,0,0,0,1,0
0,0,1,1,1,1,0,1,0,1,1,1,0,0,0,1,1,0,0,1,0,0,1,1,0,0,1,0,1,1,1,1,1,0,1,1,1,0,0,1,1,0,0,1,1,0,1,1,0,1,1,1,1,1,0,0,1,0,0,0,0,0,1,0,1,1,0,0,1,0,0,1,1,1,0
1,0,0,0,1,1,0,1,1,0,1,1,0,1,0,1,1,0,0,0,0,1,0,0,0,0,1,1,1,1,0,1,1,1,0,1,0,0,0,1,1,0,1,1,1,0,0,0,0,1,0,0,1,0,1,1,0,0,1,1,1,0,1,1,1,1,0,1,1,1,1,1,1,1,0
1,0,1,0,1,0,0,0,0,0,0,1,1,0,1,0,0,1,1,0,0,1,0,1,0,0,0,1,0,1,0,0,0,0,1,1,0,0,0,0,1,1,1,1,0,0,0,0,0,0,0,1,1,1,1,1,0,1,0,1,1,0,1,1,1,1,0,1,0,1,1,0,1,1,1
1,0,0,1,0,0,0,1,0,0,0,1,1,0,0,0,1,1,1,0,1,1,0,1,0,0,0,1,1,0,1,0,1,1,1,1,0,0,1,0,1,1,1,1,0,1,1,0,0,0,1,0,1,0,0,1,0,1,0,0,1,1,0,0,1,0,1,1,1,1,1,0,0,1,0
1,0,0,0,0,1,0,0,1,0,0,0,1,1,1,1,1,1,0,0,0,1,0,1,1,1,1,0,0,1,1,0,0,0,0,0,1,0,1,0,1,0,1,1,0,1,1,0,0,0,1,1,1,1,1,0,0,1,0,1,0,1,0,0,1,1,0,0,1,1,1,1,1,1,1
1,0,0,1,1,0,1,1,1,1,1,1,1,0,1,0,0,1,0,0,1,1,0,1,0,0,1,0,0,0,1,0,0,0,1,0,0,0,0,1,1,1,1,1,0,1,0,1,1,0,1,1,1,0,1,1,1,1,1,1,1,0,1,0,0,1,1,1,0,1,1,0,0,0,0
1,1,1,0,0,0,0,1,1,1,1,1,0,1,1,1,0,1,0,0,0,0,0,1,0,0,1,1,0,1,1,1,0,0,0,0,1,1,1,0,1,1,0,1,0,0,1,0,0,1,0,1,1,1,1,0,0,1,1,0,0,0,1,0,1,1,0,1,0,1,0,1,1,0,0
1,0,0,0,1,1,1,1,1,0,0,1,0,0,0,0,1,0,1,0,1,1,1,1,0,0,1,0,1,0,1,1,1,0,1,1,1,0,0,1,1,1,1,1,0,0,1,0,0,1,1,0,1,0,1,1,0,1,0,1,0,1,1,0,1,0,0,0,1,1,1,1,0,0,1
1,1,1,0,0,0,0,0,1,0,0,1,0,0,1,0,1,0,1,0,0,0,0,1,0,1,1,0,0,1,1,0,0,0,1,1,1,0,1,1,1,1,1,1,0,1,0,0,0,1,1,1,1,1,0,1,0,1,1,1,1,0,1,0,0,1,1,1,0,0,1,1,1,1,0
1,0,1,0,1,0,0,0,1,0,0,1,1,1,0,1,0,0,0,0,1,1,1,1,0,0,0,1,1,1,0,0,1,1,0,1,0,0,1,0,0,1,1,1,1,0,0,1,0,1,1,0,1,1,1,1,0,1,1,1,0,0,1,1,0,1,1,1,1,1,1,1,0,1,1
1,0,0,1,0,0,0,1,1,1,0,1,0,1,0,1,0,1,1,0,1,1,0,0,0,1,0,1,1,1,1,0,1,0,1,0,0,0,1,0,1,0,0,1,0,0,1,0,0,1,1,1,1,0,1,0,0,1,1,0,0,1,0,0,1,0,0,0,0,1,1,0,1,1,1
1,1,1,0,0,1,0,0,1,0,0,1,0,0,1,1,1,1,0,0,0,0,0,1,0,1,0,1,1,0,0,0,1,0,1,1,0,0,0,1,1,0,0,1,1,0,1,0,0,1,1,1,1,1,1,1,0,0,1,1,1,0,1,0,1,1,0,0,1,1,0,1,1,1,0
1,0,1,0,0,1,0,1,0,1,1,1,1,0,0,1,1,0,1,0,0,1,0,1,0,1,0,1,0,1,1,0,0,1,0,0,0,0,1,0,1,1,1,1,0,1,0,0,1,0,1,1,1,1,0,1,0,1,1,1,1,0,0,0,0,0,0,1,1,1,1,1,0,1,0
1,1,1,1,1,1,0,1,0,0,1,1,1,0,0,1,1,0,0,0,0,0,1,1,1,0,0,1,1,0,0,1,1,0,1,1,1,0,0,1,0,1,0,1,1,1,0,0,1,0,1,0,1,1,1,1,0,0,1,1,1,1,0,0,1,0,0,0,0,1,1,1,1,0,1
0,0,1,1,0,0,0,1,1,0,0,1,1,0,0,1,1,0,1,1,0,1,0,0,1,1,1,1,1,0,1,0,0,0,1,0,1,1,0,0,0,1,1,1,0,1,0,1,1,0,1,0,1,1,0,0,1,1,0,0,1,1,0,0,1,0,1,0,1,1,1,0,0,0,0
1,0,0,1,0,0,0,0,1,0,0,1,0,0,1,1,1,0,0,0,0,1,0,1,1,0,1,1,0,0,1,1,1,0,1,0,1,1,1,0,1,1,1,1,0,0,0,0,0,0,1,1,1,1,0,0,0,1,0,0,1,0,0,1,1,1,0,0,1,1,1,0,0,1,0
1,0,0,0,0,0,0,0,0,0,0,1,1,0,0,1,1,0,1,0,1,1,1,1,0,1,1,1,1,0,1,1,1,0,0,0,1,1,1,0,1,1,0,1,1,1,0,0,0,0,1,0,1,0,1,1,0,0,1,1,1,1,1,0,1,1,0,0,0,1,1,1,1,1,0
1,0,1,1,0,0,0,1,0,1,0,0,0,0,1,0,0,1,0,0,0,1,0,0,1,1,1,1,0,1,1,0,0,0,0,0,0,0,0,1,1,1,0,1,1,0,1,1,0,1,1,1,1,1,1,1,1,0,0,0,0,0,1,0,0,0,1,1,1,1,0,1,1,1,0
1,0,0,1,0,0,0,1,0,1,1,0,0,0,0,0,1,1,0,0,0,0,1,1,1,0,1,0,1,1,1,0,1,0,1,0,0,1,1,0,0,0,0,1,0,1,0,0,0,0,1,0,1,1,0,1,0,0,0,0,0,1,1,0,1,1,1,0,0,1,0,1,1,0,0
1,0,0,0,1,1,0,1,0,0,0,1,0,0,0,1,1,0,1,1,0,1,0,0,0,1,1,0,1,0,1,1,1,0,1,0,1,0,0,0,1,0,1,1,0,1,0,0,1,1,1,1,1,1,0,0,0,1,0,1,0,1,0,0,1,0,1,0,1,1,1,1,0,0,0
1,0,1,1,0,0,1,1,0,1,0,1,1,0,1,0,1,1,0,0,0,1,1,1,0,1,1,0,0,1,1,0,1,0,1,0,1,0,1,0,1,0,0,1,0,0,0,1,1,1,1,1,1,0,1,1,1,1,1,1,1,1,1,0,1,0,0,0,0,1,1,1,0,0,1
1,1,1,0,1,1,0,0,0,1,0,1,1,0,1,0,1,0,0,0,1,1,0,1,1,0,0,0,1,0,1,0,0,0,1,1,1,0,0,1,0,1,0,1,0,1,1,1,0,0,1,1,1,1,0,1,1,0,1,0,0,1,1,0,1,1,0,1,1,1,0,0,0,1,0
1,0,1,1,1,0,0,1,0,0,0,1,1,1,0,0,1,0,0,0,1,1,0,1,0,1,0,1,1,0,0,0,1,1,0,1,1,1,0,1,0,1,1,1,0,1,1,0,0,0,1,1,1,0,0,1,0,1,0,0,1,0,0,1,0,0,0,1,0,1,0,1,0,1,0
0,0,0,1,0,0,0,1,0,0,1,1,1,1,1,0,1,1,0,1,1,1,0,0,0,0,1,1,1,0,1,1,0,0,1,0,1,0,1,0,1,1,1,1,1,1,1,0,0,1,1,1,0,0,0,0,1,0,1,1,0,0,1,0,1,0,1,0,1,1,1,0,0,0,1
1,0,0,0,1,0,0,1,0,0,0,1,0,0,0,1,1,0,1,0,0,1,0,1,0,0,1,0,1,0,1,0,0,0,1,0,1,1,0,1,0,0,1,1,0,1,0,1,1,0,1,1,1,1,0,1,1,1,1,1,0,1,1,0,1,0,1,1,0,1,1,1,0,1,1
1,1,1,0,1,1,0,1,0,1,0,1,1,0,0,1,1,0,0,1,0,1,0,0,1,0,0,0,0,1,1,1,1,0,1,1,1,0,0,1,1,0,0,1,0,0,0,0,1,0,1,1,1,1,0,1,1,1,1,0,1,0,1,1,1,0,0,0,1,0,1,1,0,1,0
1,1,1,0,1,0,0,1,0,0,0,1,0,0,1,1,1,0,1,1,1,1,0,0,1,0,1,0,0,1,1,1,0,0,0,1,1,0,1,0,1,1,1,1,1,0,0,0,0,1,1,1,1,0,0,1,0,1,1,1,1,1,1,0,1,0,0,0,0,1,1,1,1,1,0
0,0,0,0,0,1,0,1,1,1,1,1,1,0,0,0,1,1,1,1,1,1,0,1,0,1,1,0,0,0,0,0,0,0,0,0,1,0,1,0,1,1,1,1,1,1,1,0,0,1,1,1,1,0,1,0,0,1,1,0,0,1,1,1,1,0,0,0,1,1,1,0,0,1,0
1,0,1,0,0,1,0,1,0,1,1,1,1,0,0,1,0,0,0,1,0,1,0,0,0,1,0,1,1,0,1,1,1,0,1,0,1,0,1,0,1,1,1,1,0,0,0,1,0,1,0,1,1,0,1,1,1,1,1,1,0,0,0,0,0,0,1,1,0,1,1,1,0,1,1
1,0,0,1,0,1,0,1,0,0,1,1,1,0,1,1,1,0,1,0,1,1,0,0,0,0,1,0,1,0,1,1,0,0,1,1,0,1,0,0,1,1,0,1,1,0,0,1,0,0,1,1,1,1,0,1,0,1,0,0,1,0,1,0,1,0,1,0,0,0,0,0,0,1,1
1,1,1,1,0,0,0,1,1,1,0,1,1,0,1,0,1,1,1,0,0,1,1,1,1,0,1,1,1,1,1,0,0,1,1,1,1,0,0,0,0,0,1,1,0,1,1,0,0,0,0,0,1,0,0,1,0,0,1,0,1,1,1,1,0,0,0,1,1,1,0,0,1,0,0
1,0,1,1,1,1,0,1,0,0,1,1,0,0,0,0,1,0,1,1,0,1,0,0,1,1,1,1,1,1,1,0,1,0,0,1,0,1,0,1,1,0,0,1,0,1,0,0,0,0,0,1,0,1,0,0,0,0,0,1,1,1,1,0,0,1,1,1,1,1,0,0,0,1,1
1,0,0,0,1,1,0,1,1,0,0,1,0,0,0,1,1,0,1,0,1,0,0,1,0,1,0,1,0,1,1,1,1,0,1,1,1,1,0,1,1,0,0,1,0,0,0,0,1,1,1,0,1,1,1,0,0,1,0,0,0,1,1,0,1,0,0,1,1,1,0,1,0,1,1
1,0,0,1,1,1,0,1,0,0,1,0,0,1,0,1,1,0,0,1,1,1,0,1,0,1,1,1,1,1,0,1,1,0,1,0,1,0,0,1,0,0,0,1,0,1,0,0,1,1,0,0,1,0,1,0,0,0,0,1,0,0,1,0,1,0,1,1,1,0,0,1,0,1,0
1,0,0,1,0,0,0,1,0,1,1,1,1,0,0,0,1,1,1,1,0,1,0,1,0,0,1,0,0,0,1,1,1,1,1,0,0,1,0,0,1,0,0,1,0,0,1,0,0,0,1,1,1,0,1,1,0,1,0,1,1,0,0,0,0,0,0,1,1,1,1,1,1,0,1
1,0,0,1,0,1,0,1,1,0,1,1,0,0,0,1,1,0,1,0,1,1,1,1,1,1,0,1,1,1,0,0,1,0,1,0,0,1,1,0,1,0,0,1,0,0,1,0,0,1,0,1,1,0,1,0,0,0,1,0,1,0,1,1,1,0,0,0,0,1,0,0,1,1,0
0,1,0,0,1,0,1,0,0,0,1,0,1,0,0,0,0,1,1,0,1,1,1,1,0,1,1,1,1,1,1,1,1,0,1,0,0,0,1,0,1,0,0,1,0,1,0,0,0,1,0,0,1,0,0,1,1,0,0,0,1,1,1,0,1,1,0,0,1,1,0,0,1,0,0
1,0,0,1,1,0,0,1,0,0,1,0,0,0,1,1,1,1,0,0,1,1,0,1,0,0,0,0,1,0,0,1,0,1,1,0,1,0,1,0,1,0,1,1,0,1,0,0,1,1,0,1,1,0,1,1,0,1,0,1,0,1,1,0,1,1,0,1,1,1,1,0,0,0,0
1,0,0,0,1,0,0,1,0,0,0,1,1,1,0,1,1,0,0,0,0,1,0,1,0,0,1,0,1,1,1,0,0,0,1,0,1,0,1,0,1,1,0,1,0,1,0,0,1,1,1,0,1,0,1,0,1,1,0,1,1,1,0,0,1,0,0,0,0,1,0,1,1,1,1
1,0,0,0,0,0,0,1,0,1,1,1,0,0,1,1,0,0,0,0,1,1,0,0,0,0,1,0,1,1,1,0,1,0,1,1,1,1,0,0,1,1,1,1,0,1,0,0,1,1,1,1,1,0,1,0,0,1,0,1,0,0,1,0,0,0,0,1,0,1,1,1,0,1,0
1,1,1,1,1,1,0,0,1,0,0,1,0,1,0,0,1,1,1,0,1,1,0,1,0,0,0,1,1,0,1,1,0,1,0,1,1,1,0,1,1,1,0,1,1,0,1,0,1,1,0,1,0,1,0,0,0,0,0,1,1,0,1,0,1,1,0,0,1,1,0,0,1,1,1
1,1,0,0,0,1,1,1,0,0,1,1,0,1,0,0,0,1,1,0,1,1,1,1,0,0,1,1,0,1,0,0,0,1,1,1,1,1,0,1,0,1,0,1,1,0,0,0,1,0,0,1,1,1,0,1,0,1,0,1,1,1,0,1,1,0,0,0,0,1,0,0,0,1,0
1,0,0,0,0,0,0,1,1,0,0,1,0,1,0,1,1,1,0,0,1,1,0,1,1,1,0,0,1,0,0,1,1,0,1,0,1,0,1,0,1,0,1,1,0,1,1,1,0,0,1,1,1,0,1,0,1,0,1,1,0,1,1,1,1,0,0,1,1,1,1,1,1,0,0
1,1,1,1,1,0,0,1,1,0,0,1,1,0,1,0,0,0,0,0,0,0,0,1,1,0,0,0,1,0,1,0,1,0,1,1,0,1,0,1,1,1,1,1,0,1,0,1,0,0,1,1,1,0,0,1,1,1,0,0,0,1,1,0,0,1,1,1,1,1,1,0,1,1,0
1,0,0,0,0,0,0,0,0,0,0,0,0,0,1,1,1,0,1,0,0,1,0,1,0,0,1,1,1,0,1,1,0,1,0,1,1,0,1,0,1,1,0,1,0,1,0,0,0,1,1,1,1,1,0,0,0,0,0,1,0,0,0,0,0,0,1,0,0,1,0,0,0,1,0
1,1,1,1,0,1,0,1,0,1,0,1,0,0,0,0,1,1,0,0,0,1,0,1,1,1,0,0,0,0,0,0,0,0,1,0,1,1,0,1,1,1,1,1,1,0,1,0,1,1,1,1,1,1,0,1,0,1,0,1,1,1,1,0,1,1,0,1,0,1,1,0,0,1,0
1,1,1,1,0,0,0,1,0,1,0,1,0,0,1,1,1,1,1,0,1,1,0,1,0,0,1,0,1,1,0,0,0,1,1,0,1,0,1,0,1,0,0,1,1,0,0,1,0,1,1,1,1,0,1,0,1,1,0,1,0,0,1,0,1,0,0,0,1,1,0,1,1,1,0
1,1,0,1,0,0,1,1,1,0,1,1,1,0,0,0,1,0,0,0,1,1,1,1,0,1,1,1,0,1,0,1,1,0,0,0,0,0,1,0,0,1,1,1,0,1,1,0,1,1,1,0,1,0,1,1,0,0,0,1,0,1,0,0,1,0,0,0,0,1,1,1,0,1,1
0,0,0,1,1,1,0,1,0,0,1,1,1,0,0,1,1,0,0,0,1,1,1,1,1,1,1,0,1,0,0,0,0,0,1,0,1,0,1,0,1,0,0,1,0,1,1,0,0,0,1,0,1,0,1,1,0,1,1,1,1,0,1,1,0,0,0,1,1,1,1,1,0,0,0
1,1,1,1,1,1,1,1,0,1,1,1,0,0,1,1,1,0,0,0,1,0,1,1,0,0,1,0,1,0,0,0,0,0,1,1,0,0,1,1,1,0,0,1,1,1,0,0,1,1,1,1,1,0,0,1,0,1,0,0,0,0,1,0,0,1,0,1,1,1,1,0,0,1,1
1,0,1,1,1,0,0,1,0,1,1,0,1,0,1,0,1,1,0,0,1,1,0,1,0,0,1,1,1,0,1,1,0,0,1,1,1,1,1,0,1,1,1,1,1,1,1,0,1,0,0,1,1,0,0,1,0,1,0,1,0,0,1,0,1,0,0,0,0,1,1,1,0,1,0
1,1,1,1,0,0,0,1,0,1,0,0,0,0,1,1,0,0,0,1,0,1,0,0,0,1,1,1,0,1,1,0,0,0,0,1,0,0,0,1,1,0,0,1,0,1,0,0,1,1,1,1,1,1,1,1,0,1,0,0,0,0,0,0,1,0,0,0,1,1,0,1,0,1,0
1,0,1,0,0,0,0,1,1,0,1,1,1,0,0,1,0,0,0,0,1,1,0,1,0,1,1,0,1,1,0,1,1,0,1,1,0,0,1,0,0,0,0,1,1,1,0,1,0,0,1,1,1,0,1,0,1,1,0,0,0,1,1,0,1,0,0,0,1,1,1,0,0,0,0
0,1,0,0,1,1,0,0,0,0,0,1,0,0,0,0,0,0,1,0,0,1,0,1,1,1,1,0,1,0,1,0,1,0,1,0,1,1,1,0,1,1,1,1,1,1,0,0,0,1,1,1,1,0,0,1,0,1,1,0,0,1,0,0,1,0,0,0,0,1,0,1,0,1,0
0,0,1,1,0,1,0,1,0,0,1,1,0,0,1,1,1,1,0,0,0,1,0,1,0,1,1,1,0,0,0,1,0,0,1,0,0,0,0,1,1,0,0,1,0,1,0,0,0,1,1,1,1,1,0,1,0,1,1,1,1,1,0,1,1,0,1,1,0,1,0,0,0,1,0
1,0,1,1,0,0,0,1,0,0,0,1,0,1,1,0,1,1,1,0,0,1,0,1,0,0,1,1,1,1,0,1,1,0,0,0,0,0,0,0,0,1,1,1,1,1,0,1,1,0,1,1,1,0,0,1,1,1,0,1,1,1,1,0,1,0,1,0,1,1,1,1,0,1,0
1,0,1,1,0,0,0,1,1,1,0,1,0,0,0,1,0,0,0,0,0,1,0,1,0,0,0,1,1,1,0,0,1,0,0,0,1,0,0,1,0,0,0,1,1,0,0,0,0,0,1,1,1,0,1,0,1,1,0,0,1,1,0,0,1,0,0,0,1,1,0,1,1,1,1
0,1,0,1,0,0,0,1,0,1,1,1,1,0,1,0,1,0,1,0,1,1,1,1,0,0,1,1,0,0,1,0,0,0,1,0,0,1,1,0,1,0,0,1,1,0,0,0,1,0,1,0,1,1,0,0,1,1,0,0,1,1,1,1,1,1,0,0,1,1,0,0,1,0,0
1,1,0,1,1,0,0,0,0,0,0,1,0,0,0,1,1,1,0,0,0,1,0,1,0,0,1,1,0,0,1,0,1,0,1,0,0,0,0,0,1,1,0,1,1,1,0,0,0,0,1,1,1,0,1,1,0,1,0,1,1,1,0,0,1,1,0,1,0,1,0,1,1,1,0
1,1,1,0,0,1,1,1,0,0,1,1,1,0,1,1,0,1,0,0,1,1,1,1,1,0,1,1,1,0,1,1,0,0,1,1,0,0,0,1,0,0,1,1,0,0,0,0,0,0,1,1,1,0,1,0,0,0,1,0,0,0,0,0,1,0,0,0,0,1,0,0,1,0,1
1,1,1,0,1,1,0,1,0,0,0,1,0,0,1,0,1,1,0,0,1,1,0,0,0,1,1,0,1,1,0,0,1,0,0,1,1,0,1,0,0,1,0,1,1,1,0,0,0,1,1,1,1,0,0,1,0,1,1,1,0,0,1,0,0,0,0,1,0,1,1,1,0,1,0
1,1,0,1,0,0,0,1,1,1,0,1,1,0,0,1,1,0,1,0,1,1,0,0,0,1,1,1,1,0,1,1,1,0,0,0,1,1,1,0,1,1,1,1,0,1,0,0,0,1,1,1,1,1,0,1,0,1,1,0,1,1,0,1,0,0,0,1,0,1,1,1,1,1,0
1,0,1,1,1,0,0,1,0,0,1,1,0,0,0,0,0,1,0,1,1,0,1,1,0,0,1,1,1,0,1,0,1,0,0,0,1,0,0,1,1,1,0,1,0,1,0,0,1,1,0,0,1,0,1,1,0,1,0,0,0,1,1,0,1,0,0,0,0,1,1,0,0,1,0
1,0,0,0,1,0,0,1,1,1,0,0,1,1,1,0,0,1,1,0,1,1,1,1,1,1,1,0,0,1,1,1,0,0,0,1,0,1,1,0,1,1,1,1,0,1,1,1,1,0,1,0,1,0,1,1,1,1,1,0,0,1,0,0,0,1,0,1,0,1,1,1,0,1,0
1,0,0,0,1,1,0,1,0,0,0,0,0,1,0,1,1,0,1,0,1,1,1,1,1,0,1,1,1,1,0,1,1,0,1,0,1,1,0,1,1,1,0,1,0,1,0,0,1,1,0,0,1,0,1,1,0,0,1,0,0,1,1,1,1,0,0,1,0,1,0,1,1,0,0
1,1,0,1,0,0,1,0,0,0,0,1,1,0,0,0,1,0,0,0,1,1,1,1,1,0,0,1,1,0,1,1,1,0,1,0,1,0,1,0,1,1,0,1,1,1,1,0,0,0,1,0,1,0,0,1,0,1,0,1,0,1,0,0,1,1,0,0,0,1,0,1,1,1,0
1,1,0,1,1,1,0,1,1,1,0,0,1,1,1,1,1,1,1,0,0,1,0,0,0,0,1,1,0,1,0,0,1,1,0,0,0,0,0,1,1,0,0,1,1,1,1,1,1,0,1,1,1,1,0,0,1,1,1,1,0,0,1,1,1,0,0,1,1,1,1,1,0,1,1
0,1,0,0,0,0,0,1,1,1,0,0,0,0,0,1,0,1,1,0,1,1,0,1,1,0,1,1,0,1,1,0,0,1,0,0,1,0,1,0,1,0,1,1,1,1,1,0,0,1,1,1,1,0,0,0,0,1,0,0,0,1,0,0,1,0,0,1,1,1,0,0,0,0,0
0,0,1,0,0,1,0,1,1,1,1,1,1,0,1,0,1,1,1,1,0,1,1,1,1,0,1,0,0,0,1,1,0,0,1,0,0,0,0,0,1,1,1,1,0,1,1,1,1,1,0,0,1,0,0,1,0,0,0,0,1,0,1,0,0,0,0,0,0,1,1,0,1,0,0
1,1,0,1,0,0,1,1,1,0,0,0,1,1,0,0,1,1,1,0,1,1,0,1,0,0,1,0,1,0,1,0,1,0,1,1,1,0,0,0,0,1,0,1,1,0,1,1,0,0,1,1,0,0,0,1,1,0,1,1,0,1,1,0,0,0,0,1,0,1,0,1,0,1,0
1,1,1,0,0,1,0,1,0,1,0,1,0,0,0,1,1,0,1,0,0,1,0,1,0,0,0,1,1,1,1,0,1,0,0,0,0,0,1,0,1,0,1,1,1,0,0,0,0,0,1,1,1,1,0,1,0,0,1,1,1,1,1,1,1,0,1,1,0,1,1,1,0,1,1
1,0,1,0,0,1,0,1,0,0,1,1,0,0,1,0,0,1,0,0,0,1,1,1,1,0,0,0,1,1,0,0,1,1,1,1,1,1,0,1,1,1,0,1,1,0,0,0,0,1,1,0,1,1,1,0,1,0,1,0,0,0,1,0,0,0,1,1,1,1,0,1,0,1,0
0,0,1,1,0,0,0,1,0,1,0,1,0,1,0,0,0,0,0,0,1,1,1,1,0,1,1,0,1,0,1,1,1,0,1,1,0,1,0,1,0,0,0,1,1,1,0,1,0,0,1,0,1,1,0,1,1,1,0,1,1,1,1,0,1,0,0,0,1,1,0,0,0,1,0
1,0,0,1,1,0,0,1,0,0,1,1,0,0,0,0,1,1,1,1,0,1,0,0,1,1,1,1,1,0,1,1,1,0,0,1,1,1,0,1,0,0,1,1,1,1,1,1,1,0,1,1,1,1,0,1,1,0,1,0,1,1,1,0,0,0,1,1,0,1,1,0,0,1,0
0,1,0,1,1,0,0,1,0,1,1,0,0,1,0,1,1,1,0,0,1,1,0,1,0,1,1,0,0,0,1,1,1,0,0,0,0,0,1,0,1,1,0,1,1,0,0,1,0,1,1,1,1,0,1,1,1,1,1,0,0,1,1,0,0,1,1,0,0,1,0,0,1,1,0
1,0,0,1,1,0,0,1,0,1,1,0,1,0,0,1,1,1,0,0,1,1,1,1,0,1,1,1,1,1,1,0,1,0,1,1,0,1,1,1,1,0,1,1,0,1,0,0,0,0,1,0,1,1,0,1,0,1,0,0,0,1,1,0,0,1,1,1,1,1,1,0,0,1,0
1,1,0,1,0,1,0,1,1,1,1,1,0,0,1,0,1,1,0,0,1,0,0,1,1,1,0,0,1,1,0,1,0,0,0,1,1,0,0,1,1,0,1,1,1,1,1,0,0,0,1,1,1,1,0,1,0,0,1,1,0,1,0,0,1,1,1,1,1,1,1,1,1,1,0
0,0,0,1,0,1,0,1,0,1,1,0,0,0,1,1,0,0,0,1,0,1,1,1,0,1,0,1,0,1,0,1,0,1,1,1,1,1,0,1,0,0,0,1,0,1,0,1,0,1,1,0,1,0,1,0,1,1,0,1,1,1,1,0,1,0,0,0,1,1,1,1,1,0,0
1,1,0,1,1,1,0,0,0,1,0,0,0,1,0,0,0,1,1,1,0,1,0,0,0,0,1,0,1,1,1,0,0,1,0,0,0,1,0,0,1,1,0,1,0,0,1,1,0,1,1,1,1,1,0,0,1,0,0,1,1,1,0,0,0,1,0,1,0,1,0,0,0,1,1
1,1,1,0,0,1,0,1,0,1,0,1,1,1,1,0,0,1,1,1,1,1,0,1,1,1,0,1,0,1,1,1,0,0,1,1,1,1,1,0,1,1,1,1,0,1,0,1,0,0,1,0,1,1,0,1,1,0,1,1,0,0,1,1,1,0,0,0,0,1,1,1,1,1,0
1,0,0,0,1,1,0,1,1,0,1,1,0,0,1,1,1,1,1,0,0,1,0,1,1,0,0,1,0,0,0,1,0,1,1,1,0,1,0,1,0,0,0,1,0,0,0,1,0,1,1,1,1,0,0,1,1,1,1,1,0,0,0,0,0,0,1,1,1,1,1,1,0,1,0
1,0,0,0,0,0,0,1,0,0,0,1,0,0,0,1,1,0,0,0,0,0,0,1,0,1,1,0,0,1,1,0,1,0,1,0,1,1,0,1,1,0,1,1,0,1,0,1,0,1,1,1,1,1,0,1,1,1,1,1,0,0,0,0,0,0,1,1,1,1,1,1,0,1,1
0,0,0,1,1,1,0,1,0,1,0,1,0,0,0,1,1,1,0,1,1,0,0,1,0,0,1,0,0,1,1,1,0,1,0,1,1,1,0,1,0,0,1,1,0,0,0,0,1,1,1,1,1,1,0,1,0,1,0,1,0,0,1,0,1,0,0,1,0,0,1,0,0,1,0
1,0,0,0,1,0,0,1,1,0,0,1,0,0,1,1,0,1,0,0,1,1,1,1,0,1,1,0,0,0,1,1,0,0,1,0,1,0,0,1,1,0,1,1,0,1,1,1,1,0,1,1,1,1,0,0,0,1,1,0,1,0,1,0,1,0,0,0,1,1,1,0,0,1,0
1,1,1,1,0,1,0,1,0,0,0,1,0,0,1,1,0,1,1,0,1,0,1,1,0,0,1,0,0,1,1,0,1,1,0,1,0,1,0,1,1,0,0,1,0,0,0,0,0,1,1,0,0,1,1,0,1,0,0,1,1,1,0,0,0,1,0,1,1,0,0,1,0,1,0
1,0,1,0,0,0,0,1,0,1,0,1,1,0,1,1,0,1,0,1,1,0,1,1,1,1,1,0,1,0,1,0,1,0,1,1,1,1,0,1,1,0,1,1,0,1,0,1,0,0,1,0,0,0,1,0,1,1,1,1,1,1,0,0,1,0,1,0,1,1,1,0,0,1,0
0,0,0,1,1,1,1,1,0,0,0,1,0,0,1,0,0,0,0,1,1,0,1,1,1,0,1,1,0,0,1,1,0,0,0,1,1,0,1,1,1,0,1,1,0,1,0,0,1,1,1,0,1,0,1,1,0,1,1,0,0,0,1,0,1,0,0,0,1,1,1,1,0,0,0
0,1,1,1,1,0,0,1,0,0,1,1,0,0,0,0,1,0,0,0,0,1,0,1,0,1,1,0,1,0,0,0,1,0,0,0,0,0,0,0,1,0,0,1,1,1,0,0,0,1,1,0,1,0,0,1,1,0,0,1,0,0,1,0,1,0,1,1,0,1,0,1,1,1,0
1,1,1,0,1,1,0,1,1,0,1,1,0,0,1,0,0,0,0,0,0,1,0,0,1,0,0,0,1,0,0,0,0,0,1,0,0,1,0,1,0,1,1,1,1,1,1,0,1,1,1,1,1,1,0,0,0,0,0,0,0,1,1,0,0,0,1,0,0,1,1,0,0,0,1
1,0,1,1,1,1,0,1,0,0,0,1,1,0,0,1,1,1,0,0,0,1,0,0,1,1,1,0,0,0,1,0,0,0,1,0,1,0,1,0,1,0,0,1,0,1,0,0,1,0,1,0,0,1,0,1,0,0,1,1,1,1,1,0,0,0,1,1,1,1,0,0,1,0,0
1,0,0,1,1,0,0,1,0,1,0,0,0,1,0,0,0,1,0,1,0,0,0,0,0,1,1,0,0,1,1,0,0,1,0,1,1,0,0,1,1,1,0,1,0,1,1,0,0,1,1,1,1,1,1,1,0,1,0,1,0,0,0,0,0,0,1,0,0,1,0,0,0,1,0
1,0,0,1,0,0,1,0,0,0,0,1,1,0,0,1,1,1,1,1,0,1,0,1,0,0,1,1,1,0,1,1,1,1,1,1,0,1,0,1,1,0,0,1,0,0,1,1,1,0,1,1,1,1,0,1,1,0,0,1,1,0,0,0,0,1,1,1,1,1,0,0,0,1,0
0,1,0,1,1,1,0,1,0,0,0,0,0,0,0,0,0,1,1,0,0,1,0,1,1,1,1,0,0,0,0,0,1,0,1,0,0,0,1,0,1,1,0,1,1,1,0,1,1,1,0,1,1,0,0,1,1,1,0,1,0,0,1,0,0,0,1,0,0,1,0,0,0,0,0
1,0,1,1,1,1,0,1,1,0,1,1,0,0,0,0,1,0,1,0,0,1,1,1,0,1,1,0,1,0,1,0,1,0,1,0,0,1,1,0,1,1,0,1,1,0,0,0,0,1,1,0,1,1,0,1,0,0,0,0,0,1,1,0,1,0,0,1,0,1,0,1,1,0,1
1,0,1,0,0,1,0,1,0,0,1,0,1,1,0,1,0,1,0,0,0,1,1,1,0,0,0,0,1,0,1,1,1,0,0,0,1,0,1,0,0,0,1,1,0,1,0,0,0,1,1,1,0,0,1,1,0,1,1,1,0,0,1,1,1,0,0,0,0,1,0,0,0,1,0
1,0,0,1,0,1,1,1,1,1,0,1,1,0,0,1,1,0,0,0,1,1,0,0,0,0,1,1,1,0,0,1,1,0,1,0,0,1,1,0,1,1,1,1,1,1,0,1,0,0,1,1,0,1,0,0,1,0,1,0,1,0,1,0,1,0,0,0,0,1,1,1,0,1,0
1,0,1,0,0,0,0,1,0,1,1,1,0,0,0,0,0,1,1,0,0,1,0,1,0,1,1,0,1,1,0,0,1,1,0,0,1,0,1,0,1,1,0,1,1,0,0,0,1,1,0,1,1,0,1,1,0,1,1,0,1,1,1,0,0,1,1,0,0,1,0,0,0,1,0
1,0,0,0,0,0,0,1,0,0,1,1,1,0,1,1,0,1,0,1,0,1,1,1,1,1,1,1,0,1,1,1,0,1,0,0,1,1,0,1,1,0,0,1,0,1,1,0,0,0,1,0,1,1,0,0,1,1,1,1,1,0,1,0,1,0,0,1,0,1,1,1,0,1,0
1,0,1,1,0,1,0,1,1,1,1,1,1,0,0,0,1,1,0,0,0,1,0,0,1,0,0,1,1,0,1,1,0,0,0,1,1,0,0,0,0,1,1,1,1,0,1,0,1,0,1,1,1,1,0,1,1,1,0,0,1,0,1,1,1,0,1,0,0,1,1,0,0,1,0
1,0,0,1,0,1,1,0,0,0,0,0,0,0,0,0,1,0,0,0,1,1,1,1,0,0,0,1,0,1,0,0,1,0,0,1,0,0,0,1,0,1,1,1,1,1,0,0,1,0,1,0,0,1,1,1,1,0,0,1,0,0,0,0,0,1,1,0,0,1,1,0,1,1,0
1,0,1,1,0,0,0,1,0,1,0,1,0,0,0,0,1,0,0,1,1,1,0,0,0,1,1,1,1,1,1,1,1,0,0,0,0,0,1,0,1,1,1,1,0,1,0,0,1,1,1,1,1,0,1,1,0,1,0,0,0,1,0,1,1,0,0,0,0,1,1,0,0,1,0
1,0,0,0,1,1,1,1,1,0,1,1,0,1,0,1,1,1,0,0,0,1,0,1,0,1,1,0,1,1,1,0,1,0,1,0,0,0,1,0,0,1,1,1,0,1,1,0,1,1,1,1,1,0,1,0,0,1,1,0,0,1,0,0,0,1,1,0,0,1,1,0,0,0,0
1,0,0,0,1,1,0,1,0,0,1,1,0,0,0,0,1,1,0,0,0,1,0,1,1,1,1,1,1,0,1,1,1,0,1,0,1,1,1,0,1,1,1,1,0,1,0,1,0,0,1,0,0,0,1,1,1,0,0,1,1,0,1,0,0,0,0,1,1,1,1,0,0,0,0
0,0,1,1,1,0,0,1,1,0,0,1,0,0,0,1,1,1,1,0,1,1,0,1,0,1,1,0,1,1,0,0,1,0,0,0,1,1,0,0,1,0,1,1,0,0,0,0,0,1,1,1,1,0,1,0,0,0,0,1,0,0,0,0,1,0,1,1,1,1,1,0,1,1,0
1,0,0,0,1,0,0,0,1,1,0,1,1,0,0,0,1,1,0,0,1,1,0,0,0,0,0,1,1,0,1,0,0,1,1,1,1,0,0,1,1,0,1,1,0,1,0,1,1,0,1,1,1,0,0,1,1,1,1,0,0,1,1,1,1,0,1,1,1,1,0,0,0,1,0
1,0,1,1,1,1,0,1,0,0,1,0,0,0,0,1,0,0,0,1,0,1,0,0,0,1,1,1,1,0,1,0,1,1,1,0,0,0,1,0,1,1,0,1,0,1,0,1,0,1,1,1,1,0,1,1,1,0,0,0,1,1,1,0,1,0,1,1,0,1,0,1,1,1,0
1,1,0,0,0,0,0,0,0,1,0,1,0,0,0,1,1,0,0,1,0,1,0,1,1,0,1,0,1,0,1,1,1,0,1,1,1,0,1,1,1,0,0,1,0,1,0,0,0,1,1,0,1,1,0,1,1,0,0,1,0,0,1,1,0,1,1,1,1,1,1,1,0,0,0
1,0,1,1,1,1,0,0,1,1,0,1,0,1,1,1,1,0,1,0,1,1,0,1,1,0,0,0,1,0,0,0,1,0,0,0,1,1,0,1,1,0,0,1,0,1,0,0,1,1,0,1,1,1,0,0,1,1,1,1,0,1,0,0,0,1,0,0,0,1,1,0,0,1,0
0,0,1,1,1,0,1,1,0,1,0,1,0,1,0,1,0,1,1,1,1,0,0,0,0,0,1,1,0,1,1,1,1,0,0,0,0,1,1,0,1,1,0,1,1,0,1,1,1,1,1,1,0,0,1,0,1,0,0,0,0,0,0,0,0,0,1,1,1,0,0,1,1,1,1
1,0,1,1,1,1,0,1,1,0,0,1,0,0,0,0,1,0,0,0,1,0,1,1,1,0,1,0,0,0,1,1,1,0,1,1,0,0,0,1,0,1,1,1,0,1,0,1,0,1,1,1,1,1,0,0,1,1,0,1,1,0,0,0,1,0,1,0,0,1,1,1,1,1,0
0,0,1,0,1,1,0,1,0,1,0,1,1,0,0,1,0,0,1,0,0,1,1,1,1,1,0,0,0,1,0,1,1,0,1,0,0,1,0,1,1,0,1,1,1,0,0,1,0,1,1,0,1,0,1,0,1,1,1,1,1,1,1,1,1,0,0,1,1,0,1,1,0,1,0
1,0,1,1,1,0,0,1,0,1,0,0,0,0,0,0,1,1,0,0,1,1,0,0,0,1,1,0,1,0,0,0,1,0,0,0,1,1,0,0,1,1,1,1,1,1,0,0,0,0,0,1,1,1,1,1,1,1,0,1,0,1,0,0,0,0,1,0,0,1,1,1,1,1,1
0,0,0,1,1,0,1,0,0,1,0,1,1,0,0,0,1,1,0,0,1,1,0,1,0,0,1,0,0,0,0,1,1,0,1,0,1,1,0,0,1,0,1,1,1,0,0,0,0,0,1,1,1,0,1,1,0,0,0,1,1,0,1,0,1,1,1,0,0,1,0,0,1,1,0
1,0,0,0,1,1,0,1,0,1,0,0,0,0,1,1,1,1,0,0,0,1,0,1,0,1,1,0,0,0,1,1,0,0,1,1,1,0,0,1,1,0,1,1,0,1,0,1,1,1,1,0,1,1,0,1,1,1,0,1,0,1,1,1,1,0,0,0,1,1,1,0,0,0,0
1,0,0,1,1,1,0,1,0,1,1,1,0,0,1,0,0,0,1,0,0,1,1,1,0,0,0,0,1,1,0,1,0,0,1,0,0,1,0,1,1,1,0,1,1,0,0,0,0,1,1,0,1,1,1,1,0,1,0,1,0,0,1,1,1,0,1,1,0,1,0,1,0,0,0
1,1,1,0,1,0,0,1,0,1,1,1,0,0,0,1,1,0,0,1,0,1,1,1,1,0,0,0,1,1,1,1,1,0,1,1,0,1,1,0,1,1,1,1,1,1,0,1,0,1,1,1,1,1,0,1,1,1,1,0,0,0,0,0,0,0,1,1,0,1,0,1,1,1,0
1,1,0,1,1,0,0,0,0,0,0,0,1,0,0,1,1,0,1,0,1,1,0,0,1,1,0,1,1,0,0,0,1,1,0,0,1,0,1,0,1,0,0,1,1,0,0,1,0,0,1,1,1,1,0,1,1,1,0,0,0,0,1,0,0,1,1,0,1,1,0,1,0,0,1
1,0,0,1,1,1,0,0,0,0,0,0,0,0,1,1,1,1,1,0,1,1,1,1,0,0,0,1,1,1,0,1,0,0,1,0,0,0,0,1,0,0,0,1,0,1,1,0,1,0,1,0,1,1,0,1,1,1,0,1,1,0,1,1,0,1,0,0,1,1,0,0,0,1,0
1,1,1,1,0,1,0,1,0,0,1,1,1,0,0,0,0,1,1,0,0,1,0,1,0,0,0,1,1,1,0,1,0,0,1,0,0,0,1,0,1,1,1,1,1,1,1,0,0,0,1,0,1,1,0,1,1,0,1,0,1,0,0,1,1,0,0,0,1,1,0,1,0,0,1
1,0,0,0,1,1,0,1,1,0,1,0,0,0,0,1,0,0,0,0,0,1,0,0,1,0,1,0,1,1,1,1,1,0,1,1,1,1,0,1,1,0,0,1,1,0,0,0,1,1,1,1,1,1,0,0,0,1,1,1,0,1,1,0,1,0,0,0,1,1,0,1,0,1,0
0,0,0,0,1,1,1,1,1,0,0,1,1,0,0,1,1,1,1,0,1,1,1,1,1,1,1,0,1,0,1,0,1,0,1,0,1,1,1,0,1,0,0,1,1,0,1,0,1,0,1,1,1,1,1,0,0,1,1,1,1,0,1,0,1,0,0,0,0,0,1,1,0,1,0
1,0,1,1,0,1,0,1,1,1,0,1,1,0,0,1,1,0,0,0,0,1,0,1,0,0,0,0,1,1,1,1,0,1,1,0,1,0,1,0,1,1,1,1,1,1,1,0,0,1,0,1,1,1,0,0,0,1,0,1,0,0,1,0,0,0,1,0,1,1,1,1,0,1,0
0,1,1,1,1,1,0,1,0,1,1,1,0,0,0,1,0,0,0,0,0,1,1,1,0,0,1,0,1,0,1,1,1,0,1,0,1,1,1,0,1,0,1,1,1,0,0,0,0,1,1,1,1,0,0,1,0,1,1,1,0,0,1,1,1,0,0,0,1,1,1,1,1,0,0
0,0,1,1,1,1,1,1,0,1,1,1,0,0,0,1,1,0,0,0,1,0,1,1,1,0,1,1,1,1,0,0,1,0,1,0,0,0,0,1,1,1,1,1,0,1,0,0,0,1,0,0,1,0,1,1,1,1,0,1,1,1,1,0,1,0,0,0,1,0,1,1,0,1,1
0,1,1,0,0,1,0,1,0,1,0,1,0,0,1,0,1,1,0,0,1,1,0,0,0,0,1,0,1,0,1,1,0,0,0,1,1,1,0,1,1,1,0,1,0,1,1,1,1,1,1,1,1,1,0,1,0,0,1,0,1,0,1,0,0,0,1,1,1,1,0,1,0,1,1
1,1,0,1,1,1,0,1,0,0,0,1,1,0,1,1,1,1,1,0,0,0,1,1,0,0,1,1,0,1,0,1,0,0,0,1,1,1,0,1,1,0,1,1,1,0,1,0,1,0,1,0,1,0,0,1,0,1,1,1,1,0,1,0,1,1,0,0,1,1,1,1,1,1,0
1,1,0,1,1,0,0,1,1,1,0,1,0,0,0,0,0,0,0,1,1,1,0,1,0,0,0,1,1,0,1,0,0,0,1,1,0,0,1,0,1,1,0,1,0,1,1,1,0,0,1,1,1,0,1,0,0,0,1,0,0,1,1,1,1,0,0,0,0,1,0,0,0,0,0
1,1,1,1,0,1,0,1,0,1,1,0,0,0,0,1,0,0,0,0,1,1,0,1,0,0,1,1,0,1,0,1,1,0,1,0,0,0,1,0,0,0,0,1,1,1,0,0,1,1,1,0,0,1,0,1,0,0,0,0,0,0,1,0,1,0,0,0,0,1,1,1,1,1,0
0,0,0,0,0,0,0,0,0,0,0,0,0,0,0,1,1,0,1,1,0,1,1,1,1,1,1,0,1,0,0,0,1,0,0,0,1,1,0,1,0,0,0,1,1,1,0,0,0,1,1,0,1,1,0,1,0,1,1,0,0,0,1,0,1,1,0,0,0,0,0,0,0,1,0
1,0,0,0,0,0,0,1,0,0,1,1,0,1,0,0,1,1,0,0,0,0,1,1,0,0,0,0,1,0,0,0,1,0,1,0,0,0,0,0,1,0,0,1,0,1,1,1,0,0,0,0,1,1,1,1,1,1,1,0,1,0,0,0,1,0,0,1,1,1,0,0,0,1,0
1,0,0,1,1,1,0,1,0,0,0,1,0,1,0,1,0,1,0,1,0,1,0,0,1,1,1,0,1,1,1,1,1,1,0,0,1,1,1,0,1,0,1,1,0,1,0,1,0,1,1,1,0,0,1,1,1,1,1,1,0,0,1,0,0,1,0,0,1,1,1,0,0,1,0
1,1,1,0,1,1,1,0,0,1,0,1,0,0,1,0,1,0,1,0,1,1,1,1,1,1,1,0,0,0,0,0,1,0,0,1,1,1,0,1,1,1,0,1,1,1,1,1,0,1,1,0,1,1,0,0,1,0,1,1,1,1,1,0,0,1,1,0,0,1,0,0,0,1,0
1,1,0,1,1,1,0,1,0,1,1,0,1,0,0,0,0,1,0,1,0,1,0,1,0,0,1,0,0,0,0,1,1,0,0,0,1,1,1,0,1,1,0,1,1,1,1,0,0,0,1,1,1,0,1,0,0,0,1,1,0,0,1,1,1,0,0,0,0,1,1,1,0,1,1
1,1,0,1,0,0,0,1,0,1,0,1,0,0,0,1,0,1,0,1,0,1,0,1,1,0,1,1,1,0,0,1,1,0,0,1,0,0,0,1,0,1,0,1,1,0,1,0,1,1,0,1,1,1,1,0,0,0,0,0,1,0,0,0,1,1,1,1,0,1,0,0,1,1,0
0,1,0,0,1,0,0,1,1,0,0,1,0,0,0,1,1,0,1,1,0,1,1,1,0,0,1,0,1,1,0,1,1,0,0,1,1,0,1,1,1,0,1,1,1,0,0,0,0,1,1,0,1,1,1,1,0,1,1,0,1,1,1,0,1,0,1,1,1,1,1,1,0,1,0
1,0,1,1,1,1,1,0,1,1,0,1,0,1,0,1,1,1,1,0,1,1,1,1,1,0,1,0,1,1,1,1,1,0,1,1,0,1,1,0,1,1,0,1,0,1,1,0,0,0,1,1,1,1,0,1,0,1,0,1,1,1,1,0,1,1,0,0,0,1,1,1,1,1,1
1,1,1,1,1,0,0,1,1,1,1,1,0,0,0,1,1,0,1,0,1,0,1,1,1,0,1,0,1,0,0,1,1,0,1,0,1,0,0,0,1,1,0,1,1,1,0,1,0,1,1,0,0,0,0,0,0,1,0,0,0,1,0,0,1,0,1,0,1,1,0,1,0,0,0
1,0,0,0,0,1,1,1,0,0,1,1,0,0,1,0,1,0,1,0,1,1,1,1,1,1,1,0,0,1,1,0,0,0,1,1,0,1,0,1,1,1,0,1,0,1,0,0,0,0,1,1,1,1,0,1,0,1,1,0,1,1,0,1,1,1,0,0,0,1,0,0,1,1,1
1,0,0,1,1,1,0,1,0,0,0,1,0,0,1,0,1,1,0,0,0,1,0,1,1,1,1,0,0,0,1,0,0,0,1,1,0,0,1,0,1,1,0,1,0,0,1,0,0,1,1,1,1,0,0,0,1,0,1,0,1,1,1,0,1,1,0,0,1,1,0,0,1,0,0
1,0,0,0,0,0,1,1,1,0,0,0,0,0,0,1,1,1,0,1,1,1,1,1,0,0,1,1,1,1,1,0,1,0,1,0,0,1,1,0,1,1,0,1,0,1,0,0,1,0,1,1,1,0,1,0,0,1,1,1,0,1,1,0,0,0,0,0,0,1,1,1,0,1,0
1,1,1,0,0,0,0,0,0,1,0,0,0,0,0,0,1,0,1,1,0,1,1,1,1,0,1,0,1,0,1,1,1,0,0,1,1,1,0,1,1,0,1,1,0,1,0,0,0,1,1,0,1,1,0,1,0,1,0,0,0,0,0,0,1,1,0,0,0,1,0,1,0,0,0
1,0,0,0,0,1,1,1,0,0,1,0,1,0,0,1,1,1,1,1,1,1,1,1,1,0,1,0,1,1,1,0,1,0,0,1,1,0,0,1,0,0,0,1,1,0,1,1,0,0,1,0,1,1,0,1,1,1,1,1,0,1,1,1,1,0,0,0,1,1,0,0,1,1,0
1,0,1,1,1,0,1,1,1,0,0,0,1,0,1,0,0,0,0,0,1,1,1,1,1,0,1,1,1,0,1,0,0,0,0,0,0,0,0,0,0,1,0,1,1,0,0,1,0,0,1,1,1,0,0,1,0,0,0,0,0,1,1,0,1,1,1,1,1,1,0,0,0,1,1
1,0,0,1,1,0,0,0,0,1,0,1,0,0,1,0,0,0,1,0,1,1,0,1,0,0,1,1,0,0,0,1,0,0,0,1,1,1,0,1,1,1,1,1,0,1,1,0,1,0,1,1,1,1,0,1,0,1,0,0,1,1,0,0,0,1,1,1,1,1,1,0,0,1,0
1,0,1,0,1,0,0,1,0,0,1,0,1,0,0,0,1,1,0,0,0,0,0,1,0,1,0,1,1,1,0,1,1,0,1,0,0,0,1,0,1,1,0,1,0,1,1,1,1,0,1,1,1,0,0,1,1,0,1,0,0,1,1,0,1,0,0,1,0,1,0,0,0,1,1
1,0,0,0,0,0,0,1,0,1,0,1,0,0,0,1,1,0,0,1,0,1,0,1,0,0,0,0,1,0,0,1,1,1,1,0,0,0,0,1,1,0,0,1,0,0,0,0,1,0,1,1,1,0,0,1,1,1,1,1,1,1,1,0,1,0,1,1,1,1,1,1,0,1,0
0,0,1,1,0,0,0,1,0,1,0,0,0,1,0,1,1,0,0,0,0,1,1,1,0,0,1,0,1,0,0,1,1,0,0,1,0,0,0,1,1,0,1,1,1,0,0,1,0,1,1,0,1,1,0,1,1,0,1,1,0,0,1,0,1,0,0,1,1,0,1,1,1,1,0
0,0,1,0,0,0,1,0,1,0,0,1,0,0,1,0,0,1,1,0,1,1,0,0,0,1,0,0,0,0,0,1,0,1,0,0,0,1,1,0,0,1,1,1,1,0,0,0,0,1,1,1,1,1,0,1,0,1,1,0,1,1,1,1,1,0,0,1,0,1,1,0,0,1,1
1,0,1,0,1,1,0,1,1,1,1,1,0,0,0,0,1,0,0,1,0,1,0,0,1,1,1,0,0,0,1,0,0,1,1,0,1,1,1,0,1,1,1,1,0,1,0,1,0,0,1,0,0,0,0,0,1,0,1,0,1,0,0,0,0,0,0,1,0,1,1,1,1,1,0
0,1,0,0,0,0,1,1,1,0,0,1,0,0,0,1,0,1,0,1,0,0,1,1,0,0,1,0,1,0,0,1,0,0,0,0,0,0,1,0,1,0,1,1,1,1,0,0,1,1,0,0,1,1,1,1,0,1,1,0,0,0,1,0,1,0,0,0,1,0,1,0,0,1,1
1,0,1,1,0,1,0,0,0,1,0,1,1,0,1,1,1,0,0,0,1,1,0,0,1,1,1,1,0,0,1,1,0,1,1,1,0,0,0,1,0,1,1,1,0,1,0,1,0,1,1,0,1,0,1,0,0,0,0,0,0,0,1,1,1,1,0,0,0,1,1,0,1,1,0
1,0,0,1,1,0,0,0,0,0,0,1,1,0,0,0,0,0,0,0,0,0,1,1,0,0,1,0,1,1,0,1,1,0,1,0,1,1,1,0,1,1,0,1,1,1,0,0,1,0,1,0,1,1,0,1,1,1,1,0,0,0,1,0,1,1,0,0,0,1,0,1,0,1,0
1,0,1,0,0,1,0,1,0,1,1,0,1,1,0,0,0,0,0,0,0,1,0,1,1,1,1,0,1,1,1,0,1,0,0,1,0,1,1,0,1,1,0,1,0,1,0,1,1,0,1,1,1,1,0,1,1,1,0,0,0,1,0,1,1,1,0,1,1,1,0,0,0,0,1
1,1,1,1,1,0,0,1,0,0,0,1,1,0,0,1,1,1,0,0,1,1,1,1,0,1,1,1,0,0,0,1,1,0,1,0,1,1,0,1,0,0,0,1,1,1,1,0,0,0,1,0,1,1,1,0,0,0,1,0,1,1,1,0,1,0,0,0,1,1,1,0,1,0,0
1,0,0,0,0,0,0,0,1,1,0,0,0,0,1,1,1,1,1,0,0,1,1,1,1,1,1,0,1,0,1,0,1,0,1,0,1,1,1,0,1,0,1,1,0,1,1,1,0,1,1,0,0,1,0,0,1,1,0,0,0,1,1,0,1,1,1,0,0,1,1,1,0,0,1
1,0,0,1,1,0,1,0,0,0,1,1,0,0,1,0,0,0,1,1,0,1,1,1,0,0,1,1,0,1,0,1,0,1,1,1,1,0,0,1,1,1,1,1,1,0,1,0,1,1,1,0,1,1,0,1,0,1,1,1,1,0,1,0,0,1,0,1,0,1,1,0,0,0,0
1,0,0,1,1,0,0,1,0,0,0,1,0,0,0,1,1,0,1,1,1,0,1,1,0,1,1,0,1,0,1,1,1,1,1,0,1,0,1,0,1,0,1,1,0,1,0,1,1,1,1,0,1,0,1,1,1,1,0,1,0,0,0,0,1,0,0,0,1,1,1,1,0,1,0
1,1,0,0,1,1,0,0,1,1,0,0,1,0,0,1,0,1,0,1,1,0,0,0,1,1,1,1,0,1,0,0,0,0,0,1,0,0,0,1,1,0,0,1,1,1,1,0,0,0,1,1,1,0,1,0,0,0,1,1,0,1,0,0,0,1,1,1,1,1,1,1,1,1,1
1,0,0,1,1,0,0,1,0,0,0,0,0,0,0,1,0,0,1,0,1,1,0,1,0,1,1,1,1,1,1,1,1,0,1,0,0,1,1,0,1,1,0,1,1,1,0,1,0,1,1,1,1,1,0,1,1,0,1,0,1,1,1,1,1,0,0,1,1,1,1,1,1,0,1
0,0,0,0,1,0,0,1,1,1,0,1,0,0,1,0,1,0,0,0,1,0,0,0,0,0,1,0,1,1,0,0,0,0,0,0,0,0,1,0,1,0,0,1,0,1,0,1,0,1,1,1,0,1,0,1,1,1,1,0,0,1,1,0,0,0,0,1,1,0,0,0,0,1,0
1,0,0,0,1,0,0,1,0,0,0,1,1,0,0,1,1,1,1,1,1,1,0,1,1,1,1,0,1,0,1,0,1,0,1,1,1,0,1,0,1,0,1,1,0,1,1,0,0,0,1,1,1,0,1,0,0,1,1,0,1,1,1,0,1,0,0,0,1,1,1,0,0,1,1
1,0,0,1,0,0,0,1,0,0,0,1,1,1,1,1,1,1,1,1,1,1,1,1,0,0,1,0,1,1,1,0,0,0,0,0,1,1,1,1,1,0,0,1,0,1,1,1,1,0,1,0,1,1,0,1,1,1,1,0,1,1,1,0,1,0,0,1,1,0,0,0,0,1,0
1,0,0,1,1,1,0,0,0,0,0,0,0,0,1,1,1,1,0,1,0,1,0,1,1,0,0,0,0,1,1,0,1,0,1,0,0,1,1,0,1,1,1,1,0,1,0,1,1,0,1,1,1,1,0,1,1,1,0,0,0,1,1,1,0,1,1,1,0,1,0,1,0,1,1
1,0,0,1,0,0,0,1,0,1,0,1,1,1,1,0,0,1,0,0,0,1,1,1,0,1,1,1,1,0,1,1,1,0,0,0,1,1,0,0,1,1,1,1,1,0,0,0,0,0,1,1,1,0,1,1,1,0,1,1,1,0,1,1,0,0,1,1,1,1,1,0,0,1,1
1,0,0,1,1,1,0,1,0,1,0,0,0,0,1,0,0,0,0,0,0,1,1,1,1,0,1,0,1,1,1,0,0,0,1,1,0,0,0,1,1,1,1,1,0,1,0,0,0,1,1,1,1,0,1,0,0,1,0,1,0,1,1,0,1,1,0,0,0,1,1,1,0,1,0
1,0,1,0,0,1,1,0,0,0,0,1,1,1,0,0,0,0,0,0,0,1,1,0,0,1,1,1,1,0,0,0,1,1,0,0,1,0,0,0,1,1,1,1,0,1,0,1,0,1,0,1,1,1,1,1,1,0,1,1,0,1,1,0,1,1,1,0,0,1,1,1,1,1,0
1,1,1,1,0,0,0,1,0,1,0,1,1,0,1,0,0,1,0,0,1,1,0,0,0,0,1,1,0,1,1,1,1,1,1,0,1,0,1,0,1,0,0,1,1,0,0,0,1,0,1,1,1,1,0,1,0,1,1,0,1,1,1,0,1,0,0,0,1,1,0,1,0,1,0
1,0,0,0,1,1,0,1,1,1,0,0,1,0,0,1,1,0,0,0,1,0,1,1,0,1,1,1,1,0,1,1,1,0,0,0,0,1,1,0,1,1,0,1,0,0,0,0,0,0,1,1,1,1,0,1,1,1,0,1,0,1,0,0,0,0,0,1,1,1,0,1,0,1,1
1,0,0,0,1,0,0,1,0,1,0,1,0,1,0,0,1,1,0,1,0,0,0,1,0,0,1,1,1,1,1,0,1,0,0,0,0,0,1,0,1,1,0,1,1,0,0,0,0,1,1,1,1,1,1,1,0,1,1,1,1,1,1,0,1,0,0,0,1,1,0,0,0,1,0
1,0,0,1,0,1,0,1,0,1,0,1,0,0,0,1,1,0,1,1,1,1,0,1,1,1,1,0,0,1,0,0,0,0,1,1,1,1,1,0,1,1,1,1,1,1,1,1,0,0,1,0,1,1,0,1,1,0,1,1,1,1,0,0,0,0,1,0,0,1,1,1,1,0,0
0,0,1,1,1,0,0,0,0,1,0,0,0,0,0,1,1,0,0,0,1,1,1,1,0,0,0,1,0,1,0,0,1,0,0,0,1,0,0,0,1,1,0,1,1,0,0,0,0,0,1,1,1,0,1,1,0,1,0,1,0,1,0,1,0,1,0,0,1,1,0,1,1,1,1
1,0,0,0,0,0,0,1,0,1,0,1,0,0,1,1,1,0,0,1,0,1,0,1,0,0,1,0,1,0,0,1,0,0,0,1,0,1,0,1,1,0,1,1,1,1,0,1,0,0,1,1,1,1,0,1,1,0,1,1,1,1,1,0,1,0,0,1,0,1,0,0,0,1,0
1,0,1,1,1,0,0,1,0,0,1,0,1,0,0,0,1,0,1,0,0,0,0,1,1,1,1,1,0,1,1,0,1,1,1,0,0,0,0,0,0,1,1,1,0,1,0,0,1,1,1,1,1,0,1,1,0,0,0,0,1,1,0,0,0,0,0,1,1,1,1,1,1,1,0
0,1,1,0,0,1,0,1,0,0,1,1,0,0,0,1,0,1,0,0,0,1,0,1,0,1,1,0,0,1,0,0,1,0,0,0,1,0,1,0,1,1,0,0,0,1,0,0,0,1,1,1,1,0,0,0,0,1,1,1,1,0,1,0,1,0,0,0,0,1,0,0,1,0,0
0,0,0,1,0,1,0,1,0,1,0,1,0,0,0,1,1,1,0,0,1,1,0,0,1,1,0,1,1,0,1,1,1,0,1,1,1,0,0,1,0,0,1,1,0,1,1,1,1,0,0,1,1,1,0,0,1,1,0,1,1,0,1,0,1,0,0,0,1,1,1,1,0,1,0
1,0,0,1,0,1,1,1,0,0,0,1,0,0,1,1,1,1,0,1,0,1,1,1,0,0,0,0,0,0,1,1,1,0,1,1,0,1,0,1,1,0,1,1,0,0,1,0,0,1,1,1,1,1,0,0,0,0,0,1,0,0,1,0,1,0,1,1,1,1,1,1,1,1,0
0,0,1,1,1,1,0,1,0,1,0,1,1,0,0,1,1,1,0,0,0,1,0,1,1,1,0,1,1,0,1,0,1,0,0,1,0,0,0,1,1,0,0,1,0,1,0,0,0,0,1,1,1,1,0,1,0,1,0,1,1,0,0,1,1,0,0,0,0,1,1,0,1,1,1
1,1,1,1,0,1,0,1,1,1,1,0,0,0,0,0,1,1,0,0,1,1,0,1,1,0,1,1,0,0,1,1,1,0,1,0,0,1,1,0,1,0,0,1,1,1,0,0,1,1,1,0,1,1,0,1,1,1,1,0,0,0,1,0,1,0,0,0,0,1,0,0,0,1,0
1,0,1,1,0,0,0,1,1,0,1,0,1,0,0,1,1,1,0,0,0,0,0,1,1,0,0,1,0,0,1,0,1,1,1,1,1,0,0,1,1,1,0,1,1,1,1,1,1,0,0,0,1,1,0,1,1,1,1,1,0,1,1,0,1,0,0,1,0,1,0,0,0,0,0
0,0,0,1,0,0,0,1,0,0,0,0,1,0,0,1,0,0,1,0,0,1,0,0,0,1,1,0,1,1,1,0,1,1,0,0,0,0,0,0,1,1,0,1,0,1,0,1,0,0,1,1,0,1,0,0,1,0,1,0,0,0,1,0,0,0,0,1,0,0,0,1,1,1,0
1,0,0,1,1,0,1,1,1,0,1,1,0,0,0,0,0,1,1,1,0,0,1,1,0,1,1,0,0,0,1,0,0,0,0,1,1,0,0,1,0,0,0,1,0,0,0,0,1,1,1,0,1,1,1,1,1,1,1,0,1,1,0,0,1,0,1,1,0,1,0,0,1,0,1
0,1,1,1,1,1,0,1,0,0,0,1,0,1,1,0,0,0,0,0,1,1,0,1,0,1,0,1,0,0,0,1,0,0,1,1,1,0,1,1,1,0,1,1,1,0,1,0,0,0,1,1,0,1,0,0,1,0,1,1,1,1,1,1,0,0,1,1,0,0,1,0,0,0,1
0,1,0,1,1,0,0,1,0,0,0,1,0,0,1,0,1,0,1,1,1,1,0,0,1,1,1,0,0,0,0,0,0,1,1,0,0,0,1,0,1,1,0,1,1,1,0,1,0,1,1,1,0,0,1,1,1,1,0,1,0,0,0,0,0,0,0,0,0,1,1,0,0,1,1
1,0,0,1,0,1,0,1,1,1,0,1,1,0,0,1,1,1,0,0,0,1,0,1,1,1,1,0,1,1,1,0,1,0,1,0,1,0,1,0,1,0,0,1,0,1,1,0,0,1,1,1,1,1,0,0,0,0,0,0,1,1,1,0,1,1,1,0,1,1,0,0,1,1,0
1,1,0,1,0,0,0,1,1,0,0,0,0,0,0,1,0,0,0,0,1,1,1,1,0,0,1,1,1,0,0,0,1,0,1,0,0,0,0,1,1,0,0,1,1,0,1,0,1,0,1,0,1,1,0,0,0,1,0,0,0,1,1,1,1,0,0,0,1,1,0,0,0,0,0
1,0,0,0,1,1,1,1,0,1,0,0,1,0,0,0,1,0,0,0,1,1,0,1,1,1,1,1,1,1,1,1,1,1,1,0,0,0,1,0,1,0,1,1,0,0,0,0,0,0,0,0,1,0,1,1,0,1,1,1,0,0,0,0,0,0,1,1,1,1,1,0,1,1,0
0,0,1,0,1,1,0,1,1,0,0,1,1,0,0,1,1,0,0,0,0,0,1,1,1,1,1,0,0,1,1,0,0,0,1,1,0,0,1,0,1,1,1,1,0,0,0,1,0,1,1,1,1,1,0,1,1,1,1,1,1,0,1,0,1,0,0,1,0,1,1,1,1,1,1
0,0,1,1,0,1,0,1,0,1,1,1,0,0,0,0,1,1,0,0,1,1,1,1,0,0,1,0,1,0,1,1,1,0,1,0,0,1,0,1,0,1,1,1,0,0,0,0,1,1,1,0,1,1,0,1,0,1,1,1,1,0,1,0,1,0,0,0,0,1,1,0,0,0,0
0,1,1,1,1,0,0,1,1,0,1,1,1,0,1,0,1,0,0,0,1,1,0,1,0,0,0,0,0,0,1,1,0,1,1,0,0,0,1,0,1,1,0,1,0,1,0,0,0,1,1,1,1,0,0,1,0,1,0,0,0,1,0,0,0,1,0,0,0,0,0,1,0,0,0
0,1,0,1,0,0,0,1,0,0,0,0,1,0,1,1,0,0,0,0,1,0,1,1,0,0,1,0,1,0,1,1,1,1,1,1,0,0,1,0,1,1,0,1,0,1,1,0,0,1,1,1,1,0,1,0,0,1,0,1,0,0,1,0,1,0,0,0,0,1,0,0,0,1,0
1,0,0,0,0,1,0,0,1,0,0,1,0,0,0,0,1,0,0,0,1,1,0,1,0,1,0,0,0,1,1,0,0,1,0,1,1,1,1,0,1,1,0,1,0,1,0,1,0,1,1,0,1,1,1,0,1,0,1,1,0,1,1,0,1,1,1,0,0,1,1,1,1,1,1
1,0,0,0,0,1,1,1,0,0,1,1,0,1,1,0,0,1,0,0,1,1,1,1,0,0,0,1,0,0,1,1,0,1,1,1,0,0,1,1,1,1,1,1,1,0,1,0,0,0,1,0,1,0,0,1,1,0,1,1,1,1,0,1,0,0,0,0,1,1,1,1,1,1,0
1,0,0,1,1,0,0,1,0,1,1,0,0,0,1,0,1,0,1,0,0,1,0,1,0,0,1,0,0,0,0,1,0,0,1,0,0,1,0,1,1,1,0,1,0,0,1,0,0,1,1,0,1,1,1,1,0,1,1,1,1,1,0,1,1,0,0,0,0,1,0,1,0,0,0
1,0,1,1,0,0,0,1,0,1,1,1,0,0,1,0,1,0,1,0,1,1,1,1,1,0,1,1,1,0,1,0,0,0,1,1,1,1,0,1,1,1,0,1,0,1,1,1,1,1,0,0,1,0,0,1,1,1,0,0,1,1,0,0,0,0,0,0,1,1,0,0,0,1,1
1,1,0,0,0,1,0,1,0,0,1,1,0,0,1,0,0,1,0,0,0,0,0,1,1,1,1,1,0,1,1,0,0,1,1,1,0,0,0,1,1,1,1,1,0,0,0,1,0,1,1,0,1,0,0,1,1,0,1,1,1,1,0,0,0,0,1,0,0,1,1,1,1,0,1
1,0,0,0,0,0,0,1,0,1,0,1,0,0,1,1,1,0,0,0,1,1,1,1,0,1,1,1,0,0,0,0,0,1,0,1,1,0,0,1,1,1,0,1,0,1,0,0,1,1,1,1,1,1,0,1,0,1,0,0,0,0,0,1,1,0,0,0,0,1,1,0,0,0,0
1,1,1,0,0,1,0,1,0,1,1,0,1,0,1,0,1,1,1,0,1,1,0,1,1,0,1,1,1,1,0,0,0,1,0,0,0,0,1,0,1,1,1,1,1,0,0,1,0,0,1,1,1,1,0,1,1,0,1,1,0,1,1,0,1,0,0,0,1,1,1,1,1,1,0
1,0,0,1,0,0,0,0,0,0,0,1,0,1,0,0,1,0,0,0,0,0,0,1,1,1,1,1,1,1,1,0,1,0,1,0,1,0,0,0,0,0,0,1,0,1,0,0,0,1,1,1,1,0,0,1,0,0,0,1,0,1,0,0,1,1,0,1,0,1,0,1,0,1,0
1,0,0,1,0,0,0,1,0,0,0,1,1,0,1,1,0,1,0,0,0,1,0,1,0,1,1,1,0,1,1,0,0,0,1,0,1,0,1,0,1,0,1,1,0,1,0,0,1,1,1,1,1,0,1,1,0,1,0,1,0,0,1,1,0,1,0,1,1,1,1,1,0,1,0
1,0,1,1,1,0,0,0,0,1,0,1,0,0,0,0,1,0,0,1,1,1,0,1,0,1,0,1,0,1,0,0,0,1,1,0,0,1,0,0,0,1,1,1,1,0,0,1,0,1,1,0,1,0,1,1,1,0,0,1,0,0,1,0,1,1,1,0,0,0,1,1,1,0,0
0,1,0,1,1,1,0,1,1,1,1,1,1,0,1,1,1,1,0,0,0,1,0,0,0,1,1,1,0,1,0,0,0,0,1,1,1,0,0,1,1,1,1,1,0,1,1,1,0,0,1,1,1,0,0,1,1,0,0,0,1,1,1,0,1,0,0,0,1,0,1,1,1,1,0
1,1,0,1,0,0,0,1,0,1,1,1,1,0,1,0,1,0,1,1,1,1,0,1,0,1,1,1,0,0,0,0,0,1,1,1,1,1,1,0,1,1,0,1,1,0,0,0,1,0,0,1,1,1,1,1,1,1,0,0,0,1,1,0,1,0,1,0,0,1,0,0,1,0,0
1,1,0,1,0,1,0,1,0,1,1,1,1,0,0,1,0,0,0,0,1,1,0,1,0,1,1,1,1,0,0,0,1,0,1,0,1,0,1,0,1,0,0,1,1,0,0,0,0,1,1,1,1,0,0,1,0,1,1,0,0,1,1,0,0,0,1,0,1,1,0,1,0,1,0
0,0,1,0,0,1,0,0,0,0,1,1,0,0,1,1,1,1,0,1,0,1,0,1,0,1,1,0,1,0,1,1,1,1,1,0,0,1,0,1,1,0,0,0,0,1,0,0,0,0,0,1,1,0,1,0,1,0,0,1,1,1,1,0,1,1,0,0,0,1,0,1,1,0,0
0,0,1,0,0,0,0,1,1,0,0,1,0,0,0,1,0,0,1,0,1,1,0,1,0,0,1,0,0,0,0,0,1,0,0,1,0,0,0,0,0,1,0,1,1,0,0,0,0,1,1,1,1,0,1,1,1,0,1,1,0,1,1,1,0,1,0,1,0,1,0,1,1,1,1
1,1,0,1,1,0,0,1,0,1,1,1,0,0,1,0,1,0,0,1,0,1,1,1,0,0,1,1,1,0,1,0,0,0,0,1,0,0,1,0,1,1,0,1,0,1,1,0,1,1,1,0,1,1,0,1,0,0,0,1,1,1,0,0,1,0,0,1,1,1,0,0,0,1,0
1,0,0,1,0,0,0,1,1,1,0,0,1,1,1,1,1,1,1,1,0,1,0,1,0,0,1,0,1,1,1,0,0,0,1,0,0,1,0,0,0,0,0,1,1,0,0,0,0,0,1,1,1,1,0,0,1,1,0,0,0,1,0,0,0,1,1,1,1,1,0,0,0,1,1
1,1,0,1,1,0,0,1,0,1,1,1,1,0,1,0,1,1,1,0,1,1,1,1,1,1,0,1,0,1,0,0,0,0,0,1,1,0,0,1,1,0,1,1,1,0,0,1,0,0,1,1,1,1,0,1,1,1,0,1,1,0,0,0,0,0,1,1,1,1,1,1,0,1,1
1,0,0,0,1,1,0,0,0,0,1,1,0,0,1,1,1,1,1,0,1,0,0,0,0,1,0,1,1,0,0,1,1,0,1,0,0,0,1,0,1,0,0,1,0,1,1,0,0,0,0,1,1,1,0,1,0,0,0,0,1,1,1,0,0,1,1,1,1,1,0,1,1,0,0
1,0,0,1,0,0,0,1,0,0,0,0,0,0,0,1,0,0,1,0,1,1,0,1,1,1,1,0,1,0,1,1,1,0,0,1,1,1,1,0,0,0,0,1,0,1,0,1,1,0,1,0,1,1,0,1,1,1,0,0,1,1,1,0,1,0,0,1,0,1,0,1,0,1,0
1,1,0,1,1,1,0,1,0,0,0,1,1,0,0,0,1,0,1,1,0,1,0,1,0,1,1,0,1,0,0,1,0,1,1,0,0,1,0,0,1,0,0,1,0,1,0,1,1,0,1,0,1,0,0,0,0,0,0,1,1,1,1,0,1,0,0,1,0,1,0,0,0,1,1
1,0,1,1,1,1,0,1,1,1,0,1,0,0,0,1,1,1,1,0,0,1,1,1,0,1,1,1,0,0,1,1,0,1,1,1,0,1,0,1,1,0,0,1,0,1,0,1,0,1,1,0,1,1,0,0,1,1,1,0,1,1,1,1,1,0,1,0,0,1,0,0,0,1,1
1,0,0,0,0,0,0,1,1,0,1,0,1,0,0,1,1,1,1,0,1,1,0,0,1,0,1,0,1,1,1,0,1,0,0,0,1,0,1,1,1,0,1,1,0,1,0,0,0,0,1,1,0,0,1,1,0,1,0,0,0,1,0,1,1,0,1,0,1,1,1,0,0,0,0
0,0,1,0,1,1,0,1,0,0,1,0,0,0,0,0,0,0,0,0,1,1,0,0,0,1,0,0,1,0,0,0,1,1,1,0,1,0,1,0,1,1,1,1,1,1,0,0,1,1,1,1,1,0,1,1,0,1,1,1,0,0,1,1,0,0,1,0,0,1,0,1,0,1,0
1,0,0,1,1,1,1,1,0,1,1,1,0,0,0,1,1,1,1,0,0,1,0,1,0,0,1,0,1,1,0,0,0,1,1,0,0,0,1,0,1,0,0,1,1,0,0,1,1,1,1,1,1,0,1,1,1,1,0,1,0,1,1,0,1,0,0,0,1,1,0,0,0,0,1
1,0,1,0,1,0,0,1,0,0,0,1,0,1,0,1,1,1,1,0,0,1,0,1,0,0,1,1,1,1,1,0,1,0,1,0,1,1,0,1,1,0,1,1,1,1,1,0,0,0,1,1,1,0,1,1,0,0,0,0,0,0,1,0,0,1,1,1,1,1,0,1,1,0,0
1,0,0,1,1,0,1,1,0,1,1,1,1,0,1,1,1,0,0,0,0,1,1,1,0,0,1,1,0,0,1,1,0,0,1,0,0,0,1,0,1,1,0,1,1,0,0,1,1,1,1,0,1,0,0,1,1,0,1,0,0,0,1,0,1,0,0,0,0,1,0,1,0,0,1
1,0,1,1,0,0,0,1,0,1,0,1,0,1,1,0,0,0,1,0,0,1,1,1,1,1,1,1,0,0,0,0,0,0,1,0,1,0,0,1,1,0,1,1,0,0,0,0,0,0,1,0,1,1,1,1,1,1,0,0,1,0,1,0,0,0,0,1,1,1,1,0,0,1,0
1,0,1,1,1,0,1,1,0,1,0,1,0,0,1,0,0,0,0,0,1,0,1,1,0,1,1,0,0,0,1,1,0,0,1,1,0,1,1,0,1,1,1,1,0,1,1,0,0,1,1,0,1,1,0,1,0,0,0,0,1,0,1,0,0,0,0,1,1,1,0,0,1,1,0
1,1,0,0,1,1,0,1,1,0,0,0,0,0,0,1,1,0,0,1,1,1,0,1,0,1,0,0,1,0,0,0,1,0,0,1,0,1,0,1,1,0,0,1,1,1,0,1,0,1,1,1,1,0,0,1,1,0,0,0,0,0,0,0,1,0,0,0,1,1,0,1,0,1,1
1,0,0,1,1,0,0,1,0,0,0,1,1,0,1,1,0,1,0,1,0,0,0,1,0,0,0,0,0,1,0,1,1,1,1,1,0,0,0,1,0,0,1,1,1,0,0,0,0,0,1,1,1,0,1,1,0,0,0,1,1,1,1,0,1,1,1,1,1,1,1,1,1,1,0
0,0,0,0,1,0,0,1,0,0,0,0,0,0,1,0,1,1,1,0,1,0,0,1,0,0,0,1,1,1,1,1,0,0,0,0,0,1,1,0,1,1,1,1,0,1,1,0,1,1,0,1,1,1,0,0,0,1,0,1,0,0,0,0,1,0,0,0,0,0,1,1,0,1,0
0,0,0,0,0,0,0,1,0,0,1,1,0,1,0,0,1,0,0,0,0,1,0,1,0,0,0,0,1,1,0,1,1,0,0,0,1,1,1,0,1,1,0,1,0,1,0,0,1,1,0,1,1,1,0,1,0,1,1,0,0,1,1,0,0,1,0,1,0,1,0,1,0,1,0
1,0,1,1,0,1,0,1,1,1,0,0,0,1,1,1,1,1,1,0,1,1,0,1,0,1,1,0,1,0,1,1,0,0,0,0,1,0,1,0,1,0,0,1,1,1,0,1,0,1,1,0,1,0,1,1,1,1,1,1,1,1,1,1,0,1,1,1,0,1,0,1,0,1,1
1,0,1,1,1,1,0,0,0,1,0,1,1,0,0,1,1,0,0,0,1,1,0,1,0,0,1,1,1,0,1,1,1,1,1,0,0,1,1,0,1,0,0,1,0,1,0,0,0,0,1,1,1,0,1,1,0,0,0,0,1,0,1,0,0,1,1,0,1,1,0,1,0,0,1
1,0,0,0,1,0,0,1,1,1,1,1,1,0,0,1,1,0,0,0,0,1,1,1,1,0,1,0,1,1,0,1,1,0,0,0,1,0,1,0,1,0,1,1,0,1,0,0,0,1,1,1,1,0,1,1,0,1,1,0,0,1,1,0,1,0,0,1,1,1,1,1,0,1,0
1,1,0,0,0,0,0,1,0,0,0,1,0,0,0,1,0,1,0,1,0,1,0,0,1,1,1,0,1,0,0,0,1,0,1,0,0,1,1,1,1,0,0,1,1,1,0,1,1,1,1,1,1,0,0,1,1,1,1,0,0,0,1,1,1,0,0,1,1,1,0,0,0,1,0
1,0,1,1,1,1,1,1,0,1,1,0,0,0,1,1,1,0,0,0,0,1,0,1,0,1,1,1,0,0,1,1,0,0,0,1,1,0,0,1,1,0,0,1,1,1,0,0,0,1,1,1,1,0,1,0,0,1,0,0,0,0,0,0,1,0,0,0,1,1,1,0,0,1,0
1,0,1,1,0,0,0,1,0,1,0,0,0,0,1,0,1,0,1,1,0,1,0,0,0,0,1,0,0,0,1,0,1,0,0,1,0,0,0,1,1,1,0,1,0,0,0,0,1,1,0,1,1,0,0,0,0,1,0,1,0,1,0,0,1,0,0,0,0,1,0,0,0,0,0
1,1,0,1,1,0,1,1,0,0,1,1,0,0,0,0,1,0,0,0,1,1,1,1,0,1,1,0,1,1,1,1,1,0,1,0,0,0,1,0,1,1,1,1,1,1,0,0,0,0,0,0,1,0,0,0,0,0,1,0,0,1,0,0,1,0,0,1,0,0,0,1,1,0,1
1,0,0,1,1,0,0,1,0,1,0,0,0,0,0,0,1,1,0,0,1,1,0,1,0,1,1,1,1,1,1,1,1,0,0,1,0,1,0,1,1,0,0,1,0,0,1,1,1,1,1,1,1,1,1,1,0,1,1,0,0,0,1,0,1,0,0,0,0,1,1,0,0,1,0
0,0,0,1,0,1,0,1,0,0,1,1,0,0,0,0,1,1,0,0,0,1,0,1,0,1,1,0,0,0,1,0,0,1,1,0,1,1,1,0,1,1,1,1,0,1,1,0,0,1,1,1,1,0,1,1,1,0,1,1,0,0,1,0,1,0,0,0,0,1,1,0,1,0,0
1,0,1,0,1,1,0,1,0,0,1,1,0,0,0,0,0,0,0,0,1,1,1,1,0,0,1,1,1,0,1,0,1,0,0,0,0,0,0,1,1,0,0,1,0,1,0,1,0,1,1,0,1,0,1,1,1,1,1,0,1,0,1,0,1,1,1,1,0,1,0,0,1,1,0
1,0,0,1,1,0,0,1,0,1,1,0,1,0,0,1,1,0,0,1,0,1,0,1,0,0,0,0,1,0,1,1,1,0,0,0,1,0,1,0,1,1,0,1,1,1,0,0,0,1,1,1,1,1,0,1,0,1,1,0,0,0,1,0,0,1,0,0,1,1,0,1,0,1,0
0,0,1,1,1,0,0,0,1,0,0,0,0,0,1,0,1,1,1,0,0,1,0,1,0,0,1,1,1,1,0,1,1,0,1,1,1,0,0,1,1,1,1,1,1,0,0,0,0,1,1,1,1,0,0,1,0,0,0,1,0,1,0,0,0,1,0,1,0,0,1,1,1,1,0
1,1,1,0,1,1,0,1,0,1,1,1,1,0,1,1,1,1,0,0,1,0,0,1,0,0,1,0,0,0,0,1,0,1,1,0,1,1,0,1,1,1,0,1,0,1,1,1,1,0,1,1,1,1,1,1,1,1,1,0,1,1,0,0,0,1,0,0,0,1,1,1,0,1,0
1,0,0,0,1,0,1,1,1,0,0,0,0,1,1,1,1,1,0,0,0,1,1,1,0,0,0,0,1,0,1,1,0,1,1,0,0,0,0,1,1,0,1,1,0,1,1,1,0,1,1,0,1,1,0,1,1,1,1,1,1,0,1,0,0,0,1,0,1,1,0,0,1,1,1
1,1,1,0,1,0,0,0,0,0,0,1,0,1,1,0,0,1,0,1,0,1,0,0,1,1,0,0,1,0,1,0,0,0,1,0,1,1,0,1,1,1,0,1,1,1,1,0,1,1,0,1,1,0,0,1,1,0,0,1,0,0,0,0,1,1,0,0,0,1,0,1,0,1,0
1,0,1,1,1,1,0,1,0,1,1,1,0,0,0,1,0,1,1,0,0,1,1,1,0,0,1,1,1,0,1,0,1,0,1,1,1,0,0,1,0,0,0,1,1,0,1,0,1,1,0,0,1,1,0,0,0,1,0,0,1,1,1,0,0,0,0,0,0,1,0,0,0,0,0
1,1,0,1,0,1,0,0,1,1,0,0,0,1,0,0,0,1,1,0,0,1,0,0,1,0,1,1,1,0,0,1,0,0,0,0,0,0,1,0,1,1,0,1,0,1,0,1,0,1,1,1,1,0,0,0,1,0,1,0,0,1,1,1,0,1,1,0,0,0,1,0,0,1,0
1,0,1,0,1,1,0,1,0,0,1,1,1,1,0,0,1,0,1,0,1,1,0,1,1,0,1,0,1,1,0,0,1,0,0,0,0,0,1,0,1,1,1,1,1,1,0,1,1,0,1,1,0,0,0,1,1,1,1,0,1,1,1,0,0,0,1,0,0,1,1,1,1,1,1
1,0,1,0,1,1,0,1,1,1,0,1,0,0,1,1,1,1,0,0,0,0,1,1,1,1,1,1,0,0,1,0,1,0,0,0,1,1,0,0,1,0,0,1,0,0,1,0,0,1,1,0,0,1,0,0,0,1,0,1,0,1,0,0,1,0,1,1,1,0,0,0,0,0,0
1,0,0,0,1,0,0,1,0,0,0,1,0,0,0,0,1,0,0,1,0,1,0,1,0,0,1,1,1,1,1,1,1,0,0,0,0,1,0,1,0,0,1,1,1,1,0,0,1,1,1,1,1,0,1,1,0,0,0,1,0,0,0,0,1,0,0,0,1,1,1,1,0,1,1
1,0,0,1,0,1,0,1,0,1,0,1,1,0,0,0,1,0,1,1,1,1,1,1,0,0,1,0,0,1,1,1,0,0,0,1,0,0,0,1,1,0,0,1,0,1,1,0,0,1,1,0,1,0,0,1,0,0,0,1,1,0,0,0,1,0,0,0,0,1,1,1,0,1,0
0,1,1,0,0,1,0,1,0,0,1,0,0,0,0,1,1,1,0,0,0,1,0,1,0,0,1,0,0,0,1,1,0,0,1,0,1,0,1,1,1,0,0,1,1,1,1,0,1,1,0,1,1,1,1,1,1,1,1,1,0,1,1,0,1,0,1,0,0,1,0,0,0,1,0
0,1,1,1,0,0,0,1,0,1,0,1,1,0,1,1,0,1,1,0,0,1,0,1,0,0,0,0,1,1,0,1,0,0,1,1,1,0,0,1,0,0,1,1,1,0,0,1,1,0,1,1,1,1,1,1,1,1,0,0,1,0,1,0,1,0,1,1,1,1,1,0,0,1,0
1,1,0,1,1,1,0,1,0,1,1,1,0,0,1,1,1,0,0,0,0,1,1,1,0,0,0,0,1,1,0,1,0,0,1,0,1,1,0,1,1,0,0,1,1,0,0,1,1,1,1,0,1,0,1,1,1,1,0,1,0,0,1,0,1,0,0,0,1,1,1,1,0,1,1
1,0,0,0,0,0,0,1,1,0,0,1,1,0,1,1,1,1,1,0,0,1,1,1,0,0,1,0,1,0,1,1,0,0,0,0,0,0,1,1,1,0,0,1,0,0,1,1,0,0,1,1,1,1,0,0,1,1,0,1,1,0,1,1,1,0,1,0,1,1,0,0,0,1,0
1,0,0,1,0,0,0,1,1,1,0,0,0,0,1,1,1,1,0,1,0,1,0,1,0,0,1,1,0,0,0,1,1,0,0,0,1,1,0,1,1,0,0,1,1,1,1,1,0,1,1,0,1,0,1,1,1,0,0,0,0,1,0,0,0,0,1,0,1,1,0,0,1,1,0
1,0,1,1,1,1,0,1,0,1,0,1,0,0,0,0,1,1,1,0,0,0,0,1,0,0,0,0,1,1,1,0,1,0,0,0,1,0,0,0,1,1,1,1,0,0,0,0,0,1,1,1,1,1,0,1,0,1,1,1,1,0,1,0,0,1,0,1,0,1,1,0,0,0,0
0,0,1,0,1,1,1,0,1,1,0,1,1,0,0,0,0,0,0,1,1,1,0,0,1,1,1,0,1,1,1,1,1,0,0,0,0,0,1,0,0,1,0,1,0,1,0,1,0,1,1,1,1,0,1,1,1,1,1,0,0,1,1,0,0,1,0,1,1,1,0,0,1,1,0
1,0,0,1,0,0,0,1,1,0,0,0,0,1,0,0,0,1,0,0,0,1,0,1,1,1,0,1,1,0,1,0,1,1,1,1,1,0,0,1,1,1,0,1,0,1,1,0,0,1,1,1,1,1,0,1,1,1,1,0,0,0,1,0,1,0,0,0,0,1,0,0,0,1,0
1,1,0,1,1,1,0,1,1,1,0,1,1,0,0,1,0,1,0,0,1,1,0,0,0,1,1,1,1,0,0,0,1,0,1,0,0,0,1,0,0,0,0,0,1,1,0,0,1,0,1,1,1,1,0,1,0,0,1,0,1,1,1,0,1,0,0,0,1,1,1,0,0,0,0
1,0,0,0,1,0,0,1,0,0,1,0,0,0,0,1,1,1,1,1,1,0,0,1,0,0,1,0,0,0,1,1,1,0,1,0,1,0,1,0,1,0,1,1,0,1,1,1,0,1,1,1,1,0,1,1,1,0,0,0,1,0,1,0,1,1,0,0,1,0,1,0,1,0,0
0,0,0,1,1,1,1,1,0,0,1,1,1,1,0,1,1,1,0,0,1,1,1,1,0,0,0,1,1,1,1,0,1,0,1,0,1,0,1,0,1,0,0,1,0,1,1,0,0,0,1,0,1,1,0,1,0,0,1,1,1,1,0,0,1,0,0,1,0,0,1,1,1,0,0
1,0,1,1,1,0,0,1,1,1,1,0,1,0,0,0,1,0,0,0,1,1,1,1,0,0,1,0,1,0,0,1,1,0,1,0,0,1,1,0,1,1,0,1,1,1,1,1,0,0,1,0,1,0,0,0,1,1,1,0,0,1,1,1,1,0,0,0,1,1,1,0,0,0,0
1,0,0,1,1,1,0,1,1,0,0,1,1,1,0,1,1,1,0,1,1,1,0,1,0,0,1,0,0,1,1,1,1,0,0,0,0,1,0,0,0,0,0,1,0,0,1,0,0,0,1,1,0,0,1,0,0,0,1,1,1,0,0,0,1,0,1,0,0,1,1,0,0,1,1
1,0,0,1,1,0,1,0,0,1,0,1,0,0,0,1,0,1,1,1,0,1,0,1,0,0,1,0,1,1,1,1,0,0,0,0,1,1,0,1,0,0,1,1,1,0,1,1,1,0,1,0,1,0,1,1,1,1,1,1,1,0,1,0,0,1,1,0,1,1,1,1,0,1,1
1,1,1,1,1,1,0,1,0,1,0,1,0,0,1,1,0,1,0,1,0,1,1,1,0,0,1,0,0,1,1,0,0,0,1,1,1,1,0,1,1,1,1,1,0,1,1,0,1,0,0,0,1,1,1,1,0,0,1,0,1,1,1,1,0,0,0,1,0,1,0,0,1,0,0
0,0,1,0,1,0,0,1,0,1,1,0,0,0,0,0,1,1,0,0,1,1,0,1,0,1,1,0,0,0,0,1,1,0,0,0,1,0,0,0,0,1,0,1,1,0,1,0,0,1,1,1,1,0,0,1,0,0,1,1,0,0,1,0,0,0,0,1,0,0,0,0,0,1,1
1,0,0,1,1,0,1,0,1,0,1,0,0,0,0,1,0,0,0,0,1,1,1,1,1,0,1,0,0,0,1,0,1,1,1,0,1,0,0,0,1,0,0,1,0,1,0,0,1,1,1,0,1,0,1,0,0,0,0,0,0,1,1,0,0,0,0,0,1,0,0,1,0,0,0
1,0,1,1,0,0,0,1,0,0,0,1,0,0,1,0,1,0,0,0,0,1,0,1,0,1,0,0,0,0,0,0,0,0,1,0,1,1,1,0,1,1,0,1,1,1,0,0,0,1,1,1,0,1,1,1,0,1,0,0,1,0,1,0,1,0,0,1,1,1,0,1,0,1,0
0,0,1,1,1,0,0,1,0,1,0,0,0,0,1,0,1,0,0,1,0,1,0,0,0,1,1,0,1,0,1,0,0,0,0,0,1,0,1,0,1,1,0,0,1,1,0,0,0,1,1,1,1,0,1,1,0,1,0,0,0,0,0,1,1,0,0,0,0,1,0,1,0,1,1
1,1,0,1,0,0,0,0,1,0,0,0,1,0,1,1,0,1,0,0,0,1,0,1,0,1,1,0,0,1,0,0,0,0,0,1,1,0,0,1,1,1,1,1,0,0,0,0,1,1,1,1,1,0,1,1,0,1,1,1,0,0,1,1,0,1,0,0,0,1,1,1,0,0,0
1,0,0,0,0,0,0,0,0,1,0,1,0,1,1,1,1,0,0,0,0,1,0,0,0,0,0,1,1,0,1,0,1,1,1,0,0,1,1,0,1,0,1,1,0,0,0,0,0,1,0,1,1,1,0,1,1,0,0,0,1,1,1,1,1,1,0,1,1,1,1,0,1,1,0
1,0,1,1,1,0,0,1,0,0,0,0,0,0,1,0,1,1,1,0,0,1,1,1,0,0,0,1,0,0,1,1,0,1,0,0,0,0,0,0,0,1,0,1,0,1,0,1,1,1,1,0,1,0,0,1,1,0,0,1,0,0,0,0,1,0,1,0,0,1,0,0,0,1,0
1,0,1,1,0,1,0,1,1,1,0,1,0,0,0,0,1,1,0,0,1,1,1,1,0,0,1,0,1,0,1,0,0,0,1,0,1,1,1,1,1,1,0,1,0,0,0,0,0,0,0,1,1,1,1,1,1,1,0,1,1,1,0,0,1,0,1,0,0,1,1,0,0,1,0
0,1,1,0,0,0,0,1,0,0,1,0,0,1,0,1,1,1,0,1,0,0,0,0,0,0,1,1,1,0,1,0,1,0,1,1,0,1,1,0,1,1,0,1,1,0,0,0,1,1,1,1,1,1,1,1,1,0,1,1,0,1,0,0,0,0,1,1,0,1,0,0,1,0,0
0,1,1,0,1,1,0,1,0,1,1,0,0,0,0,0,1,0,1,0,0,1,0,1,0,0,0,1,1,0,0,0,1,0,0,1,0,1,1,1,1,1,1,1,1,0,0,1,1,1,1,1,1,1,0,1,1,0,1,1,0,0,0,1,0,0,1,1,0,0,1,1,0,1,1
1,0,0,1,1,0,0,1,0,0,0,1,0,0,0,1,1,0,1,1,0,1,0,1,1,1,0,0,1,0,0,1,1,0,1,1,1,1,0,1,1,0,1,1,1,0,1,0,1,1,1,0,1,1,0,1,0,0,1,1,0,0,1,1,0,0,0,0,1,1,1,1,1,0,0
1,0,1,1,1,0,0,0,0,0,0,1,1,0,0,0,1,0,0,0,0,1,0,0,1,1,1,1,1,1,1,1,1,0,1,1,0,1,0,1,0,0,0,1,0,1,0,0,1,1,1,0,1,1,0,1,0,0,0,1,0,0,1,1,1,1,0,1,1,1,0,1,0,1,1
1,0,0,0,0,0,0,1,1,1,0,1,0,0,0,0,1,1,0,0,1,1,0,1,1,0,1,0,1,1,0,1,0,0,0,0,0,0,0,0,1,0,1,1,0,1,1,0,0,1,1,0,1,1,0,0,1,0,1,1,1,1,1,1,1,1,0,1,0,1,1,0,1,1,0
1,0,0,0,1,1,0,1,1,0,0,0,0,0,0,1,1,0,0,1,0,1,0,0,0,1,1,1,0,0,0,1,0,0,1,0,0,0,1,0,0,0,0,1,1,0,0,0,0,0,1,1,0,1,0,1,0,1,1,0,0,1,0,0,0,0,0,1,1,1,0,1,0,1,1
1,0,1,0,1,1,1,1,0,1,0,1,1,0,0,0,1,0,0,0,0,1,0,0,0,0,1,0,1,0,0,0,1,0,0,0,1,1,1,0,1,1,1,1,1,0,1,1,0,0,1,1,0,0,1,0,1,0,1,0,1,0,1,0,1,0,0,1,0,1,1,1,0,1,0
1,1,1,0,1,1,1,1,0,0,0,1,1,0,0,0,1,0,1,0,0,0,0,0,1,0,1,1,0,0,1,1,1,1,0,1,0,1,0,1,1,1,0,1,0,1,1,0,0,0,1,1,1,0,0,0,1,0,1,0,1,0,1,0,0,0,1,0,0,1,0,0,1,1,1
1,1,1,0,0,0,0,1,0,1,1,1,1,1,1,1,0,0,0,0,1,1,0,1,1,0,1,0,1,0,1,0,0,1,0,1,0,1,1,0,1,1,0,1,0,1,0,1,1,1,1,1,1,1,1,0,1,0,0,0,0,1,0,1,0,0,1,0,1,1,1,0,0,1,0
1,0,0,1,0,1,0,1,1,0,1,1,0,0,0,1,1,1,1,0,1,1,0,1,0,0,0,1,1,0,0,0,1,0,0,0,1,1,1,0,1,0,0,1,1,0,0,1,0,1,1,1,1,1,0,1,1,1,0,0,0,1,1,0,0,0,1,0,1,1,0,0,1,1,0
0,1,1,0,0,1,0,1,1,1,0,1,0,0,0,0,0,0,0,1,0,1,0,0,0,0,0,0,0,0,0,1,1,1,1,1,1,0,1,0,0,1,1,1,1,1,0,0,1,0,1,1,1,0,0,0,0,1,1,1,1,0,0,0,0,1,1,0,1,0,1,1,0,1,0
1,0,1,0,1,0,0,1,0,0,1,1,1,0,0,1,0,0,1,0,1,1,0,1,0,0,0,0,1,0,1,1,0,0,0,0,0,0,0,0,1,0,1,1,0,1,0,0,0,1,1,0,0,1,0,0,0,1,1,0,1,0,1,1,0,1,0,1,1,1,1,1,0,0,0
1,0,0,1,0,0,1,1,0,1,0,1,1,0,1,1,1,1,1,1,0,0,0,1,0,0,1,1,0,0,1,1,1,0,0,1,1,0,0,1,1,0,1,1,0,1,1,1,0,0,1,0,1,0,1,1,0,1,0,0,1,1,0,0,1,0,0,0,1,1,1,1,0,1,0
1,1,1,0,0,0,1,1,0,0,0,0,1,0,0,1,1,0,0,0,1,1,1,1,0,1,0,0,1,1,0,0,1,0,0,0,0,0,1,0,1,0,1,1,1,1,1,1,1,0,1,0,1,1,1,0,1,0,1,1,0,0,1,0,1,0,0,0,1,1,1,1,0,1,0
1,0,0,0,0,0,0,0,0,0,0,1,0,0,0,0,1,1,0,0,1,1,1,1,0,0,1,1,1,0,0,1,1,0,0,0,0,0,0,0,1,1,0,1,1,1,1,0,1,1,1,0,1,1,1,1,0,0,1,0,0,0,1,0,0,1,1,1,0,1,0,0,0,1,1
1,0,1,1,0,1,0,1,1,1,0,1,0,0,1,0,0,1,0,0,0,0,0,1,0,1,1,0,0,1,1,1,1,0,1,1,0,1,1,0,1,1,0,1,0,1,1,0,1,0,0,0,1,1,1,0,0,0,1,1,0,1,1,0,1,0,0,1,0,1,0,0,0,0,1
1,0,1,1,1,0,0,1,0,0,0,1,1,0,0,1,1,1,0,0,0,1,1,1,0,1,1,1,1,0,1,1,1,1,1,0,0,1,1,0,1,0,1,1,0,1,0,0,1,0,0,0,1,0,1,0,0,1,1,0,1,0,1,0,1,0,0,1,1,1,1,0,0,1,0
1,0,1,1,0,0,0,1,0,0,1,1,0,0,0,1,1,0,1,0,1,1,1,1,1,1,0,1,0,1,1,1,1,0,1,1,0,0,0,1,1,0,1,1,1,1,0,1,0,0,1,0,1,1,0,1,0,0,0,1,1,0,0,0,0,0,1,0,1,1,1,1,1,0,0
1,0,0,0,0,0,0,1,0,0,0,0,0,1,0,1,1,0,1,0,0,1,1,1,0,0,0,0,0,1,1,1,1,1,0,0,1,1,0,1,1,1,0,1,0,1,0,1,0,1,1,0,1,1,0,1,1,1,1,0,0,0,1,0,1,0,0,0,0,1,0,1,1,1,1
1,0,0,0,0,0,0,1,0,1,0,1,0,0,1,1,1,1,1,0,1,1,1,1,0,0,1,1,0,0,1,0,0,0,0,1,1,0,1,0,1,1,0,1,0,1,0,0,1,1,1,0,1,0,1,1,1,1,1,1,1,1,1,0,1,0,0,1,1,1,0,1,0,1,0
1,0,0,1,1,0,1,1,0,0,1,1,0,0,0,1,0,1,0,1,0,1,1,1,1,1,1,0,1,1,1,1,1,1,1,0,0,0,1,0,1,0,1,1,1,1,0,0,1,1,1,0,1,0,1,1,1,1,0,1,1,0,1,0,0,0,0,1,0,1,1,0,0,1,1
1,0,1,0,1,0,0,0,1,1,0,1,1,0,0,1,1,1,0,1,0,1,0,0,0,1,1,0,1,0,1,0,0,0,1,1,0,0,0,1,1,0,0,1,0,1,1,0,1,0,0,1,0,1,0,0,0,0,1,0,0,0,1,0,0,1,1,1,0,1,0,1,1,1,0
1,0,0,1,1,1,0,1,0,1,0,1,1,0,1,1,0,0,0,1,1,1,0,0,0,1,1,0,0,1,1,0,0,0,1,0,0,0,1,0,1,1,0,1,0,1,0,1,1,1,1,1,1,0,1,1,1,0,1,1,0,0,0,0,1,0,0,1,1,1,1,1,0,1,0
1,1,1,0,1,0,0,1,0,0,0,0,0,0,0,1,1,0,1,0,1,1,0,1,1,0,0,0,1,1,0,0,1,0,0,0,0,1,0,1,0,1,0,1,1,1,0,1,1,1,1,1,1,0,1,0,0,1,0,1,1,0,0,0,0,0,0,0,0,1,0,1,0,0,0
1,0,0,1,1,1,1,1,1,1,0,0,1,1,0,1,1,1,0,1,0,0,0,0,1,1,1,1,1,1,1,0,1,0,0,0,1,1,1,0,1,0,1,1,0,1,0,1,0,1,1,0,1,1,0,1,1,1,1,0,0,1,1,0,1,1,0,1,1,1,1,0,1,1,1
1,1,1,1,1,0,0,1,1,0,0,1,0,1,0,0,1,0,1,0,1,1,0,1,0,0,1,0,1,1,1,0,1,1,1,1,1,1,0,0,0,1,0,1,0,0,1,0,1,1,1,0,1,0,0,1,0,0,0,1,0,1,1,0,1,1,1,0,0,1,1,1,0,1,0
1,0,1,0,0,0,0,1,0,1,1,0,0,0,1,0,0,0,1,0,1,1,0,1,0,0,1,0,1,1,1,0,0,0,1,1,0,0,0,0,0,1,0,1,1,0,0,0,0,1,1,1,1,0,0,1,0,1,0,1,0,1,1,0,1,0,0,1,0,1,0,0,0,0,0
1,0,0,1,1,0,0,1,0,0,1,0,0,1,1,1,0,0,0,0,1,1,0,1,0,0,1,1,1,1,1,0,0,0,1,0,1,0,0,0,1,1,1,1,0,1,0,1,1,1,1,0,1,0,1,1,1,1,1,1,1,1,1,0,0,0,0,1,0,1,1,1,0,1,0
0,0,1,0,0,0,0,1,0,1,1,1,0,0,0,1,0,0,1,1,0,1,0,0,0,1,0,0,0,1,0,1,0,1,1,0,1,1,0,1,1,0,0,1,1,0,0,0,0,1,1,1,1,0,1,1,0,0,1,0,1,1,1,0,1,0,0,0,0,1,0,1,1,0,0
1,0,1,1,1,0,0,1,1,1,0,1,1,0,0,0,1,1,0,0,1,0,0,1,0,0,1,1,0,0,1,0,1,0,1,0,0,0,1,0,1,1,1,1,1,0,1,1,0,1,0,1,1,1,0,1,1,1,1,0,0,1,1,0,1,0,0,0,0,1,1,0,0,1,1
1,1,0,0,0,0,0,1,1,0,1,1,1,0,1,1,0,0,1,0,0,1,1,1,0,0,0,0,0,1,0,0,0,0,0,1,1,1,0,0,0,1,0,1,1,0,1,1,1,1,1,0,1,1,1,1,0,0,1,1,0,1,1,0,1,0,1,0,0,1,1,1,0,1,0
1,1,1,0,1,0,0,1,0,1,0,0,0,0,0,0,1,0,0,0,0,1,1,1,0,1,1,1,1,0,1,0,1,0,1,0,1,1,1,0,0,1,0,1,1,0,0,1,0,1,1,0,1,1,0,1,0,1,1,0,0,0,0,0,0,0,1,0,0,1,0,1,1,1,1
1,1,0,0,0,1,0,0,1,0,0,1,0,1,1,0,1,0,1,1,1,1,0,1,0,1,1,0,1,0,0,1,0,0,0,1,0,0,0,1,1,0,1,1,1,0,0,0,0,1,1,1,1,1,0,1,0,0,1,0,1,1,1,1,1,1,1,1,0,1,1,1,1,1,0
1,0,0,1,1,1,0,1,0,0,0,0,0,0,1,1,1,1,1,1,1,1,0,0,0,0,1,0,1,1,1,0,0,0,1,0,1,1,1,0,1,1,1,1,1,1,1,1,0,0,1,0,1,0,1,1,1,0,0,0,0,1,1,0,0,0,0,1,0,1,0,1,1,0,1
1,0,0,0,1,0,0,1,0,1,1,0,1,1,1,0,0,1,1,0,1,1,1,1,1,1,1,0,0,0,0,1,0,0,1,1,1,1,0,1,0,1,1,1,0,1,1,1,1,0,0,0,1,0,0,0,1,1,0,0,0,1,0,0,0,0,1,1,0,1,1,0,0,0,1
1,0,1,1,0,0,1,0,0,0,0,1,0,0,0,0,1,0,1,0,1,1,1,1,0,1,1,1,1,0,0,1,1,0,1,0,0,0,1,0,1,1,0,1,0,0,1,0,1,1,1,1,1,0,1,0,0,1,0,0,0,1,1,0,1,0,0,1,0,1,0,1,0,1,0
1,0,0,0,1,0,0,1,0,1,0,1,0,0,0,0,1,1,0,0,0,1,0,0,0,0,0,1,0,0,0,1,1,0,1,0,0,1,1,0,1,1,1,1,0,0,0,0,1,1,0,0,1,1,1,1,0,1,1,1,1,0,1,0,1,0,0,0,1,1,1,0,0,1,0
1,0,0,0,1,1,0,1,0,0,0,1,0,1,1,1,1,1,1,0,1,1,0,1,1,1,1,0,0,1,1,0,0,0,1,0,0,0,1,0,1,0,1,1,0,1,0,0,1,1,0,1,1,0,1,1,1,0,1,0,1,0,1,0,1,0,0,1,1,1,0,1,0,1,0
0,0,0,0,0,1,0,1,1,0,0,1,0,0,1,1,1,1,1,0,0,1,0,1,0,1,0,0,0,1,1,1,0,1,0,0,1,0,0,1,1,0,0,1,1,0,0,1,0,0,0,1,1,1,0,1,1,1,0,1,1,1,0,0,1,0,1,1,1,1,0,1,0,1,0
1,1,0,1,0,0,0,1,0,0,0,1,0,0,0,1,1,0,1,1,0,0,1,1,0,1,0,1,1,1,1,1,1,0,1,0,1,1,0,1,1,0,0,1,0,1,0,1,0,0,1,0,1,1,0,1,1,1,0,0,1,1,0,0,0,0,1,1,1,1,0,0,0,1,0
1,0,1,0,0,0,1,1,1,0,0,1,0,1,0,1,1,1,1,0,1,1,1,1,0,1,1,0,1,0,1,1,1,1,0,0,1,0,1,0,1,1,0,1,0,1,1,0,0,1,1,0,1,1,0,1,0,0,1,0,0,1,1,1,1,0,0,1,1,1,0,0,0,1,0
1,1,0,0,0,0,0,1,0,1,1,1,0,0,1,0,0,0,0,0,1,0,0,1,0,0,1,0,1,0,0,1,1,0,1,1,0,1,1,0,1,1,0,1,1,1,0,1,1,1,1,1,1,1,0,0,1,1,1,0,1,0,1,0,1,0,0,0,0,1,0,0,0,0,0
1,0,1,0,1,0,0,1,1,0,0,1,0,1,0,1,0,1,0,0,0,1,0,1,0,0,1,1,1,0,0,0,1,0,0,1,1,0,0,1,1,1,0,1,0,1,0,0,0,1,1,1,1,0,1,1,0,1,1,0,0,1,1,0,0,1,1,1,1,1,0,0,0,1,1
1,1,1,1,1,0,0,1,0,0,0,1,1,0,0,0,0,1,1,0,1,1,0,1,0,1,1,1,1,0,0,0,1,0,1,0,1,0,1,0,1,0,1,1,1,0,1,0,1,0,1,0,1,1,0,1,0,1,1,0,1,0,1,1,1,0,1,0,0,1,1,0,0,1,0
1,0,0,0,0,1,0,0,1,1,0,0,1,0,0,1,1,1,0,0,1,1,0,1,0,0,0,0,0,0,1,0,0,0,1,1,0,0,1,0,0,1,0,1,0,1,1,0,0,0,1,1,1,1,0,0,0,1,0,0,0,1,1,1,1,1,0,1,1,1,0,0,1,0,0
1,0,1,0,1,0,0,1,0,0,1,1,0,0,0,0,1,0,0,0,0,1,1,0,0,1,0,0,1,0,1,0,1,0,0,0,1,1,1,0,1,1,1,0,0,1,1,0,0,1,0,0,0,1,0,0,0,1,1,1,0,1,1,0,1,0,0,0,0,1,0,1,0,1,0
1,1,0,0,1,0,0,1,0,0,1,0,0,0,0,1,0,1,0,1,0,1,0,0,1,1,0,0,0,1,1,0,0,0,0,0,0,0,0,1,1,0,1,1,1,1,0,0,0,0,0,0,1,0,0,1,0,1,1,1,0,1,1,0,0,0,1,1,1,1,1,1,0,1,0
0,0,0,1,1,0,0,0,0,1,0,1,1,0,0,0,1,1,0,0,1,1,1,1,0,0,1,0,0,0,0,1,1,1,1,0,1,0,1,0,1,1,0,1,0,0,1,0,0,1,0,0,1,1,0,1,0,1,0,0,0,0,1,1,1,1,0,0,1,0,0,0,1,1,1
1,0,1,1,0,0,0,1,0,1,1,1,0,0,1,0,1,0,0,0,0,1,0,1,0,1,1,0,0,1,0,1,0,0,0,1,0,0,1,1,1,1,0,1,1,0,0,0,0,1,1,1,1,1,0,1,0,1,1,1,1,1,1,1,1,0,0,1,1,1,0,1,0,1,0
1,1,1,0,0,1,1,1,1,0,1,0,0,0,0,1,1,0,1,0,1,1,1,1,0,1,0,0,1,0,1,0,1,0,0,1,0,0,1,1,1,0,0,1,1,0,0,1,0,1,1,0,1,0,1,1,1,1,0,0,0,0,0,0,0,0,0,1,1,1,0,1,0,0,0
1,0,1,1,1,0,0,1,1,1,0,1,0,0,0,1,1,0,0,1,1,0,0,1,1,1,1,0,0,1,0,0,0,0,1,0,1,0,1,0,1,0,0,0,1,0,0,0,1,1,1,0,1,0,1,1,0,1,0,0,1,0,1,0,0,0,0,1,1,1,0,0,0,1,0
1,1,0,1,0,0,1,1,1,1,0,1,1,0,1,0,0,1,0,0,0,1,0,1,0,1,1,1,1,1,1,0,1,0,1,0,1,1,1,0,1,1,0,1,1,0,0,0,1,0,0,1,1,1,0,0,0,0,1,1,0,1,1,0,1,0,0,0,1,1,0,0,0,0,0
1,0,1,0,0,0,0,0,0,0,0,1,0,0,1,0,1,1,1,0,0,1,1,1,1,0,1,1,0,1,1,0,1,0,0,0,0,0,0,0,1,1,0,1,0,1,0,0,1,1,0,0,1,0,0,1,0,1,0,0,0,1,0,1,0,0,0,1,0,1,0,1,0,1,0
1,0,1,0,1,1,0,1,0,0,1,1,1,0,1,1,1,1,0,0,0,1,0,0,0,1,1,1,0,0,1,0,0,0,1,0,1,0,0,0,1,1,0,1,0,0,1,1,0,0,1,1,1,0,0,1,1,0,1,1,1,1,1,0,1,0,1,0,0,1,0,0,1,1,0
1,1,0,0,1,1,0,1,0,0,1,0,1,1,0,1,0,0,0,0,0,1,1,1,1,1,1,1,1,0,0,0,1,0,0,0,1,1,0,1,1,0,0,1,1,1,0,1,1,1,1,0,1,0,0,0,0,1,1,0,0,0,1,0,0,1,0,0,1,1,0,1,0,1,1
1,0,0,0,1,1,0,0,0,1,0,0,1,1,0,0,1,0,1,0,1,1,0,0,1,1,0,0,1,0,1,0,1,1,0,0,0,0,1,0,0,1,1,1,0,1,1,0,1,0,1,1,0,0,1,0,0,1,1,0,0,1,1,0,1,1,0,1,0,1,1,1,1,1,0
1,0,0,0,0,0,1,1,1,0,1,0,1,1,0,0,1,1,1,1,0,1,1,1,0,0,1,0,1,0,1,1,1,0,1,0,0,0,0,0,1,1,0,1,0,0,1,0,0,0,0,0,1,0,1,0,0,0,1,0,0,0,0,0,0,0,0,0,0,1,0,0,1,1,0
0,1,1,1,0,0,0,1,0,1,0,1,0,0,1,1,0,0,1,1,0,0,1,1,1,0,1,1,1,0,0,1,0,0,1,1,1,1,1,1,0,0,1,1,1,1,1,1,0,0,0,0,1,1,1,0,1,1,0,0,1,0,1,0,1,0,1,0,0,1,0,1,0,1,0
1,0,1,1,0,1,0,1,1,1,1,1,0,0,0,1,1,0,1,0,0,1,0,1,0,1,1,0,1,1,0,0,1,0,0,0,1,0,0,1,1,0,0,1,1,0,0,0,0,1,1,1,1,0,1,1,0,1,1,0,1,1,1,0,0,0,0,0,1,1,0,0,0,0,0
1,0,0,0,1,0,0,1,0,1,1,1,1,0,1,1,1,0,1,0,0,1,1,1,1,1,0,1,0,0,1,0,0,0,1,0,0,1,0,1,1,1,0,1,0,0,0,0,1,0,1,0,1,1,0,1,1,1,1,0,1,1,1,1,1,1,0,0,0,1,0,0,0,1,0
1,1,1,1,1,0,0,0,0,1,0,1,0,1,1,1,0,0,0,0,1,1,0,1,0,0,0,0,0,0,0,0,1,0,1,0,0,0,1,0,1,1,0,1,1,0,0,1,1,0,1,1,1,0,0,1,1,1,0,0,1,1,1,0,0,1,0,1,0,1,0,0,1,1,0
1,1,1,1,1,1,0,1,0,1,1,0,1,0,0,0,0,1,0,0,1,1,1,1,0,0,1,0,1,1,0,1,0,0,0,0,1,1,1,0,0,1,1,1,1,0,1,0,0,1,1,0,1,1,0,1,1,0,0,0,0,0,1,0,1,0,0,0,1,1,0,0,0,1,1
0,0,0,1,1,1,0,1,0,1,1,1,0,0,1,1,1,1,1,0,1,1,1,1,0,0,1,1,1,1,1,0,0,0,0,1,1,0,0,1,1,0,0,1,1,1,1,0,1,0,1,1,1,1,0,0,0,1,0,1,1,1,0,0,1,0,1,1,1,1,0,1,0,0,1
1,1,0,0,0,0,0,1,0,1,1,1,0,0,1,1,1,1,0,0,1,0,0,1,0,0,1,0,0,1,1,1,0,0,0,0,0,1,0,1,0,0,0,1,1,1,0,0,0,0,1,1,1,0,1,1,0,0,1,0,0,0,1,0,1,0,1,0,1,1,0,1,1,1,0
1,1,0,1,0,1,0,1,0,1,1,1,0,0,0,1,1,1,1,1,1,1,0,0,0,0,1,1,1,0,1,0,1,0,0,0,1,0,0,0,1,0,0,1,1,0,1,1,1,1,1,1,1,0,1,0,1,1,0,1,1,1,0,0,1,0,1,0,1,1,0,0,0,1,0
1,0,0,1,0,0,0,1,0,1,0,1,1,0,1,0,0,0,0,1,1,1,1,1,0,0,0,0,1,0,1,0,0,0,1,0,1,1,0,0,1,0,1,1,1,0,0,0,0,1,1,1,1,1,1,1,0,1,0,1,1,1,1,0,1,0,0,1,1,1,1,0,1,1,0
0,1,0,1,1,0,0,1,0,0,0,0,0,1,0,0,1,0,1,0,0,1,1,1,0,1,1,0,1,0,0,0,1,0,1,0,0,1,1,0,0,0,0,1,1,1,0,1,0,0,1,1,1,1,0,1,1,0,1,0,0,0,1,0,0,0,1,0,1,1,0,1,0,0,0
1,0,0,0,1,0,0,1,0,0,0,1,1,0,0,1,1,1,1,0,1,0,0,0,0,0,1,0,0,1,1,0,1,0,1,0,1,1,1,0,1,0,0,1,0,1,1,0,0,0,1,1,1,1,0,1,1,0,1,1,1,1,0,0,1,0,1,1,1,1,0,1,0,1,0
1,0,0,1,1,1,0,1,1,0,1,1,0,0,0,1,1,0,0,0,1,1,1,1,0,0,1,1,0,1,0,1,1,1,0,0,1,0,1,0,0,0,0,1,1,1,1,0,1,1,1,0,1,1,0,1,1,1,1,1,1,0,1,0,1,0,0,0,0,1,1,1,0,0,0
1,0,1,0,1,1,0,1,1,1,0,0,0,0,0,0,0,0,0,0,0,1,1,1,0,1,0,1,1,0,0,1,0,1,1,1,1,1,0,1,0,1,1,1,0,1,0,1,0,1,1,0,1,1,0,1,1,1,1,1,0,1,1,0,0,0,0,0,0,1,1,1,0,1,0
1,1,1,1,1,1,0,1,1,0,1,1,0,0,0,1,0,1,1,0,1,0,0,1,0,0,1,0,1,0,1,0,0,1,1,1,0,0,0,1,1,0,0,1,1,0,0,0,0,1,0,1,1,0,0,0,0,0,0,0,0,1,1,0,1,0,0,0,1,1,0,0,0,1,1
1,1,1,1,0,0,0,1,0,1,1,0,1,0,1,1,1,1,0,0,1,1,1,1,0,0,0,1,0,0,0,1,0,0,1,0,1,0,1,0,1,0,1,1,1,0,0,0,0,0,1,0,1,0,1,0,0,0,0,1,0,1,0,0,1,0,0,0,1,1,1,1,1,0,0
0,1,1,1,0,0,0,1,0,0,0,1,1,0,0,1,1,1,0,0,1,1,1,1,0,1,1,1,0,0,0,0,1,1,1,0,0,0,1,0,1,1,0,1,1,1,0,0,1,1,1,1,1,0,0,1,0,1,1,0,1,0,1,0,0,0,1,1,0,0,0,0,0,0,0
1,0,0,0,1,0,1,1,1,0,0,1,0,1,0,1,0,1,1,0,0,1,0,1,0,1,1,0,1,1,1,1,1,0,0,1,1,1,0,1,0,0,1,1,0,1,1,0,0,1,1,0,1,1,0,0,0,0,1,1,0,1,1,0,0,0,0,0,0,0,1,0,1,1,0
1,1,1,1,0,1,0,1,1,0,1,1,1,0,0,1,1,1,1,0,1,1,0,1,0,0,1,0,1,0,1,0,1,1,1,1,0,1,1,0,1,1,1,1,1,0,0,1,0,0,1,0,1,0,0,0,1,1,1,1,1,1,1,0,1,0,0,0,1,0,1,1,0,1,1
1,1,0,0,0,0,0,1,0,0,0,0,0,0,0,1,0,1,0,1,1,1,0,1,1,1,0,1,0,0,1,1,0,0,0,0,1,0,0,0,1,1,1,1,1,1,0,0,1,1,1,0,1,0,0,1,0,1,1,1,0,0,1,0,1,0,1,0,0,1,1,0,0,1,1
1,0,0,1,1,0,1,1,1,0,0,0,0,0,1,0,1,1,1,0,1,0,0,1,0,0,1,0,0,1,1,1,0,0,1,0,0,0,1,0,1,1,1,1,0,1,1,0,0,1,1,0,1,0,0,1,0,1,0,1,1,0,1,0,0,1,1,0,0,0,1,1,1,1,1
0,1,0,0,1,1,1,1,1,1,0,0,0,0,0,0,0,1,0,0,0,1,1,1,1,0,1,0,1,0,0,1,1,0,1,0,0,1,1,0,0,0,1,1,0,1,0,0,0,0,1,0,1,1,0,1,0,1,0,0,0,1,0,0,1,1,0,0,1,1,1,0,0,0,1
1,0,0,1,1,0,0,1,1,0,1,0,0,0,1,0,1,0,0,0,0,1,0,1,1,1,1,0,1,0,1,0,1,1,0,0,1,0,1,0,0,0,0,0,0,0,1,0,0,1,1,0,1,1,0,1,0,1,1,0,0,1,1,1,0,0,0,0,1,1,0,1,1,1,1
1,0,0,1,0,1,0,1,0,1,1,1,0,0,0,0,1,0,1,0,1,1,0,0,0,1,1,1,1,0,1,1,1,0,1,0,1,1,0,1,1,0,0,1,1,0,0,0,0,0,1,0,1,0,0,1,0,1,1,0,1,1,1,1,1,0,0,1,0,1,0,0,0,0,0
1,0,0,0,0,0,0,1,0,0,0,1,0,0,0,1,1,1,1,0,0,0,1,1,0,0,1,0,1,1,1,0,1,1,1,0,0,1,0,0,1,1,1,1,0,1,0,0,0,1,1,1,1,1,0,0,0,1,1,1,0,1,1,0,0,0,1,0,0,0,1,1,1,1,1
1,0,0,1,1,0,0,1,1,0,0,1,1,0,1,0,1,1,0,1,0,1,0,0,0,0,0,0,1,0,1,1,0,1,0,1,0,0,1,0,0,1,0,1,0,1,1,0,1,0,1,0,0,0,1,0,0,0,1,1,1,1,0,0,1,0,1,0,1,1,0,1,1,1,0
1,0,0,1,1,0,0,1,0,1,0,1,0,0,0,0,1,1,1,0,0,1,0,1,0,1,1,0,1,1,0,0,1,0,1,0,1,0,1,1,1,1,0,1,0,0,0,0,0,1,0,0,1,0,0,1,0,0,0,1,0,0,1,0,1,1,1,0,0,1,0,0,1,1,0
1,0,1,1,0,1,0,1,0,1,1,1,0,0,1,1,1,1,0,0,0,1,0,1,0,1,1,1,1,1,1,0,0,0,0,1,1,0,0,1,0,0,1,1,0,0,0,0,0,1,1,1,1,0,1,0,0,0,0,1,1,0,1,1,0,1,1,1,0,1,1,0,0,1,0
1,0,0,1,0,0,0,1,0,1,1,1,0,0,0,1,1,1,1,0,1,1,0,1,1,1,1,0,1,1,0,0,1,0,1,1,1,0,0,1,1,0,0,0,1,0,1,0,0,1,1,1,1,1,0,0,0,1,0,0,1,1,0,0,1,0,1,0,0,0,0,0,0,1,0
0,0,0,1,1,1,0,1,0,0,0,1,0,1,0,1,1,0,1,0,1,0,1,1,0,0,0,0,0,1,1,1,0,0,1,0,0,1,0,1,1,0,1,1,0,1,1,0,1,1,1,0,1,0,1,0,0,0,1,1,0,0,1,0,0,0,0,1,1,1,1,1,1,1,0
0,1,0,1,1,0,0,1,0,0,1,1,1,0,1,1,1,1,1,0,0,0,0,1,1,1,0,1,0,1,1,1,0,0,1,1,0,0,0,1,1,0,0,1,0,1,0,0,1,0,1,1,1,1,0,1,0,1,0,1,1,0,1,0,0,0,0,1,1,1,0,0,0,1,1
0,1,1,0,1,1,0,1,0,0,0,1,1,1,0,1,1,0,0,0,0,1,0,1,0,0,1,1,1,0,0,1,0,1,1,0,1,0,1,0,1,1,0,1,1,0,1,0,0,1,1,1,1,0,0,1,0,0,0,0,0,0,0,1,1,0,0,0,0,1,0,1,0,0,0
1,1,1,1,0,0,0,1,0,0,0,1,1,0,0,1,1,0,0,1,0,0,1,1,1,1,0,1,1,0,1,0,1,1,1,0,1,1,1,0,1,0,0,1,0,1,0,0,1,1,1,1,0,0,0,1,0,1,1,1,0,0,1,0,1,0,1,0,1,1,1,0,1,1,0
1,0,1,1,1,0,1,0,1,0,0,1,1,0,1,0,1,1,0,0,1,1,1,1,0,1,0,0,0,1,1,0,0,0,1,1,1,0,0,1,1,1,0,1,0,0,1,1,0,0,1,0,1,0,0,1,0,0,0,0,0,1,1,0,0,1,1,1,0,0,0,1,1,1,0
1,0,0,0,1,1,0,0,0,0,0,0,1,0,0,1,1,1,0,0,1,0,1,1,0,1,0,1,1,0,1,1,1,0,1,0,0,0,1,0,1,0,1,1,0,1,0,0,1,0,0,1,1,0,1,1,0,0,0,1,0,1,1,0,0,1,0,0,1,1,1,1,0,0,0
1,0,1,0,0,1,0,1,0,0,0,1,0,0,1,0,1,0,0,1,0,1,0,0,0,1,1,0,0,0,1,0,0,0,0,0,0,1,1,0,0,1,0,1,0,1,0,1,0,1,1,1,0,1,0,0,1,1,1,1,0,0,1,0,1,0,0,0,1,1,0,0,0,1,0
1,0,1,0,1,1,0,1,0,1,0,1,0,0,1,0,1,1,1,0,0,1,0,1,0,1,0,1,0,0,0,0,0,0,1,1,1,0,0,1,0,1,1,1,0,0,1,1,1,0,1,1,1,1,0,0,0,1,1,1,0,1,0,0,1,0,0,0,1,1,0,0,0,0,0
1,0,0,1,0,0,1,1,1,0,1,1,0,0,0,0,1,0,0,0,1,1,0,1,0,0,1,0,0,1,0,1,0,0,0,1,1,0,1,1,1,1,1,1,1,0,0,1,0,1,1,1,1,0,0,1,1,1,0,0,0,1,0,1,1,0,0,1,0,1,0,1,0,1,0
1,1,1,0,1,1,0,1,0,0,0,1,0,1,0,0,1,1,1,0,1,1,1,1,1,0,1,0,0,0,1,1,1,0,0,1,0,1,0,0,1,1,1,1,0,0,0,0,0,1,1,0,1,1,0,1,0,1,0,0,1,0,0,0,1,1,1,0,0,1,1,0,0,0,0
0,0,1,1,0,0,0,0,0,1,0,0,0,0,0,0,1,0,0,1,0,0,0,1,0,1,0,1,1,0,1,1,1,0,0,0,0,1,1,0,1,1,0,1,1,0,0,0,1,1,1,1,1,1,0,1,0,1,1,1,0,0,1,0,0,1,1,1,1,1,1,1,0,0,0
1,0,1,0,1,0,0,1,1,0,1,1,1,0,0,1,0,0,0,0,1,0,0,1,0,0,1,1,1,1,1,0,1,0,0,1,0,0,1,1,1,0,0,1,0,1,0,0,0,0,0,1,1,0,1,1,1,1,0,1,0,1,0,0,1,0,0,1,1,1,1,1,0,1,0
1,0,1,1,1,0,0,0,0,0,0,0,0,1,1,0,1,1,0,0,1,1,0,1,1,1,0,0,0,0,0,0,0,0,1,1,1,1,1,0,1,1,0,1,0,0,0,1,0,0,1,1,1,1,0,1,1,0,0,1,0,1,0,0,1,1,0,0,1,1,0,0,1,1,0
0,0,0,1,1,0,0,1,0,0,0,1,1,0,0,1,1,0,0,0,0,1,0,1,1,0,0,1,1,1,0,0,1,0,0,0,0,1,1,0,0,0,0,1,1,1,0,0,1,1,1,0,1,0,1,0,0,1,0,0,0,0,0,0,0,0,1,1,1,1,0,1,0,1,0
1,0,0,1,1,0,0,1,1,1,1,0,1,1,0,1,1,0,0,0,0,1,0,0,0,0,0,1,1,1,1,0,1,0,1,0,1,0,1,0,0,0,0,1,0,1,1,0,1,0,1,0,1,1,1,1,0,0,1,1,0,1,1,0,1,0,0,1,1,1,1,1,0,0,1
1,0,1,1,1,0,0,0,0,1,0,1,1,0,0,1,0,1,1,0,0,1,0,1,1,1,1,0,1,0,0,0,1,0,0,0,1,0,0,0,1,1,1,1,1,0,1,0,0,0,1,1,1,0,1,0,0,0,1,1,1,1,1,0,1,1,1,0,0,1,1,1,1,1,0
1,1,0,1,1,1,0,1,1,1,1,1,0,0,0,0,1,1,1,0,0,1,0,1,1,1,1,0,0,0,1,1,0,1,1,0,1,0,0,1,1,0,1,1,1,1,0,1,1,0,1,0,1,0,0,1,0,0,0,1,1,1,0,1,1,0,1,1,1,1,1,0,0,0,0
1,0,0,0,1,1,0,1,0,0,0,1,1,0,0,1,1,1,1,0,1,1,0,1,0,0,0,0,1,0,0,1,1,0,0,0,0,0,1,0,1,0,1,1,0,1,0,0,0,0,0,1,1,0,1,1,0,0,1,1,1,1,0,1,1,0,1,1,1,1,1,1,1,1,1
1,0,1,0,1,1,0,1,0,1,0,0,0,0,1,1,0,0,1,0,1,1,0,1,0,0,0,0,0,1,1,0,0,0,0,1,0,1,1,1,1,0,1,1,1,1,0,1,0,1,1,1,1,1,0,1,0,1,1,1,0,1,1,0,0,1,1,1,0,1,1,1,0,1,0
1,1,1,1,0,0,0,1,1,0,1,1,1,0,0,0,1,0,1,0,1,1,0,0,0,0,1,0,0,0,1,0,1,0,1,1,1,0,1,0,1,1,0,1,1,0,0,1,1,1,1,1,1,0,0,1,1,1,0,1,1,1,1,0,1,0,0,1,1,1,0,1,0,1,0
1,0,0,1,0,1,0,1,0,0,0,1,0,0,1,0,1,0,0,0,0,1,0,1,0,1,0,0,0,0,1,0,0,0,1,1,0,1,0,1,1,1,0,1,0,1,0,1,0,0,1,1,1,1,0,1,1,0,1,0,0,0,1,1,1,0,0,0,0,1,0,0,1,0,0
0,0,0,0,1,0,1,1,0,0,1,0,1,0,1,1,1,1,0,0,0,1,1,1,1,0,1,1,0,1,1,1,0,0,0,0,0,0,1,0,1,0,1,1,0,1,0,1,0,1,1,0,1,0,1,1,1,1,1,0,0,0,1,0,0,0,1,0,1,0,0,0,1,1,0
0,0,1,0,0,0,0,0,0,0,0,0,0,1,0,0,0,0,1,0,1,1,0,1,0,0,1,1,0,0,0,0,0,0,0,1,1,0,1,0,1,0,1,1,1,0,0,0,0,1,1,1,1,1,1,1,0,0,0,1,0,0,0,0,1,1,1,1,1,0,1,1,1,1,0
0,0,0,1,1,1,0,1,0,0,0,1,1,1,0,1,0,0,1,0,1,0,0,1,0,0,1,1,1,1,1,1,1,1,1,0,1,0,0,0,0,1,0,1,0,1,0,0,0,0,1,0,1,0,1,1,0,0,1,0,1,0,1,0,0,0,1,1,0,1,0,1,1,0,0
1,0,0,1,1,1,0,1,0,1,1,1,0,0,1,0,1,0,1,0,0,1,0,1,0,1,1,0,0,0,1,1,0,0,0,1,1,0,0,0,1,1,0,1,1,1,0,1,1,1,1,1,1,0,1,1,1,1,0,1,1,0,1,0,1,0,1,0,0,1,0,0,0,1,0
1,1,1,0,0,1,0,1,0,1,1,1,0,0,1,1,0,0,1,0,1,1,0,1,1,1,1,1,0,1,0,0,0,0,1,1,0,0,0,1,1,1,0,1,0,1,1,0,0,1,1,1,1,1,0,1,0,0,0,0,0,0,0,0,1,1,0,0,0,1,0,0,0,0,0
1,0,0,1,1,0,1,1,0,1,0,1,0,0,1,1,0,1,1,0,1,0,1,1,0,0,1,1,0,0,1,0,0,0,0,1,1,0,0,1,1,0,1,1,0,1,1,0,1,1,0,1,1,0,1,1,0,1,1,1,1,1,1,0,0,0,1,0,1,1,1,1,0,1,0
1,1,1,0,1,1,0,1,1,1,0,0,1,0,1,1,1,1,0,0,1,1,1,1,0,0,1,0,0,0,1,0,0,1,1,0,1,0,0,1,0,0,0,1,0,1,1,0,0,0,1,0,1,0,0,1,0,1,1,0,0,1,0,0,1,0,0,0,0,1,1,1,0,1,1
1,0,0,0,1,1,0,1,0,0,0,1,0,1,0,1,1,1,0,1,1,0,0,1,0,0,1,0,1,0,1,1,0,0,0,0,0,0,0,1,1,0,0,1,0,1,0,0,1,1,0,1,1,1,0,0,0,0,0,0,0,0,0,0,0,0,0,1,1,1,0,0,0,1,0
1,0,0,0,0,0,0,1,0,0,0,0,0,0,0,0,1,0,0,1,1,1,0,0,0,1,1,0,1,1,0,0,1,0,0,0,1,1,0,1,0,1,1,1,1,1,0,0,0,1,1,1,1,1,0,1,0,0,1,1,0,0,1,1,1,1,1,1,1,1,1,1,1,1,0
0,0,0,1,0,1,0,1,1,1,1,0,0,0,0,1,1,1,0,0,0,1,1,1,1,0,0,1,1,0,1,0,1,1,0,0,1,0,1,0,0,0,0,1,1,0,1,1,0,0,1,1,1,0,1,0,1,1,0,0,0,1,0,0,0,0,0,1,1,0,0,0,0,0,0
1,0,1,1,1,0,0,1,0,0,0,0,0,1,1,0,1,0,1,1,1,0,0,1,0,1,1,0,0,0,1,1,0,0,1,0,1,0,1,0,1,1,1,1,0,1,0,0,1,1,1,1,1,0,0,1,0,1,0,0,1,1,0,1,1,0,0,0,1,1,1,0,0,1,1
1,0,1,1,1,1,0,0,0,0,0,1,0,0,1,1,0,1,0,0,0,1,0,1,1,1,1,1,1,0,1,0,1,0,1,0,1,0,1,0,0,1,0,1,0,1,1,0,1,0,0,1,1,0,1,1,0,0,0,0,0,0,1,0,1,1,0,0,1,1,0,1,1,0,0
1,0,0,0,0,0,0,1,1,1,0,0,0,0,1,1,1,1,0,0,0,0,0,0,0,0,0,1,1,0,1,0,0,0,1,0,1,0,0,0,0,0,0,1,1,1,0,1,1,1,0,1,1,0,1,1,1,1,1,0,1,1,1,0,1,0,0,1,1,1,0,1,0,1,0
1,0,0,1,1,0,0,1,1,0,0,1,0,0,1,1,0,0,1,0,0,1,0,0,0,1,1,0,1,1,0,1,0,0,1,1,0,1,0,1,1,0,1,1,1,0,0,1,1,1,1,1,1,0,1,0,1,1,0,1,1,1,1,0,0,1,0,1,1,1,1,0,0,1,0
1,0,1,0,1,0,0,1,0,0,0,0,0,0,1,1,1,1,1,0,0,1,1,1,1,0,1,0,1,0,0,1,0,0,0,0,0,1,0,0,0,1,0,1,0,1,1,0,1,1,1,0,1,1,0,1,0,0,0,0,0,0,0,1,0,0,0,1,0,1,1,0,0,1,1
1,0,0,0,1,1,0,1,1,1,0,1,1,0,1,0,1,1,1,1,0,1,0,1,0,0,1,0,0,1,1,1,0,0,0,0,0,0,1,0,1,0,0,1,0,1,0,0,1,0,0,1,0,1,1,1,0,1,1,1,0,1,0,0,1,0,0,0,0,1,1,0,1,1,0
0,1,0,1,0,1,0,0,0,0,0,0,0,0,0,1,1,1,0,1,0,0,1,0,0,1,1,1,0,1,1,0,0,0,1,0,1,1,1,0,1,1,0,0,0,1,1,0,0,1,0,1,1,1,1,0,0,0,0,0,1,0,0,0,0,1,0,0,1,0,1,0,0,0,1
0,0,0,1,0,0,0,0,0,1,0,1,1,0,1,0,1,0,0,0,1,1,0,1,0,1,1,0,0,1,0,0,0,0,0,0,0,1,1,0,1,1,0,1,0,0,0,0,1,1,1,1,1,1,0,1,0,1,0,1,0,0,0,0,1,0,0,0,1,0,0,1,0,1,0
0,1,1,1,1,1,0,1,0,1,1,0,1,0,0,0,0,1,1,0,0,1,0,1,0,1,0,1,1,0,1,0,1,1,1,0,0,1,1,0,1,1,0,0,1,0,0,1,0,0,1,0,1,1,0,0,1,1,0,0,0,0,1,0,0,0,0,0,1,0,0,0,1,0,0
1,1,0,0,0,0,0,1,0,0,0,1,1,0,1,1,1,0,0,1,1,0,1,1,1,1,1,0,0,0,0,1,0,0,0,0,0,0,1,0,1,0,0,1,1,1,0,1,1,1,1,0,1,1,0,1,1,0,1,0,0,0,1,0,0,0,0,1,0,1,0,0,0,1,0
1,1,0,0,0,0,0,1,0,1,1,1,0,1,1,1,1,1,1,0,1,1,0,0,0,0,1,0,1,0,0,0,0,0,1,0,0,0,1,0,1,0,0,1,1,0,0,1,0,1,1,1,1,1,0,1,1,1,0,1,1,1,1,0,1,0,0,0,1,1,0,1,1,0,0
1,0,1,0,1,1,0,1,1,1,1,0,0,0,0,0,0,1,0,0,1,1,1,1,0,1,1,0,1,1,0,1,1,0,1,1,0,0,1,1,1,0,1,1,1,1,0,0,0,1,0,0,1,0,1,1,1,1,1,0,0,1,1,0,1,0,1,0,1,1,1,0,0,1,0
1,0,0,0,1,1,1,1,0,0,0,0,0,0,0,0,1,1,0,1,0,0,1,1,0,0,1,0,0,0,1,1,1,0,1,1,1,0,1,0,1,1,0,1,1,1,1,1,1,1,1,0,1,1,0,1,1,0,1,0,0,0,0,0,0,0,1,0,1,1,1,0,0,1,0
0,0,0,1,0,1,0,1,0,0,1,0,0,0,1,1,1,0,0,0,0,0,1,1,0,0,1,1,0,1,1,1,0,0,1,1,1,1,0,1,1,0,1,1,0,1,0,0,0,1,1,0,1,1,0,1,1,1,0,0,0,0,0,0,1,0,0,0,1,1,0,0,0,0,0
1,0,0,1,1,0,0,1,1,1,1,1,1,0,0,0,0,1,1,0,0,1,0,1,1,1,1,0,1,1,1,0,0,0,1,0,0,1,1,0,1,1,1,1,0,1,1,0,0,1,0,1,1,0,1,0,0,0,0,1,1,0,1,0,0,0,0,1,1,1,1,0,1,0,0
1,1,0,1,1,1,1,0,0,1,0,1,1,0,0,0,1,1,0,0,1,1,1,1,0,0,1,0,0,0,1,1,1,0,1,1,1,0,0,1,1,1,0,1,1,1,1,0,0,1,1,0,1,1,0,0,0,0,1,0,0,0,1,0,1,1,0,0,1,1,0,0,1,0,0
1,0,1,1,0,0,1,1,0,0,0,1,0,0,1,1,1,1,0,1,1,1,1,1,0,0,1,0,1,1,1,1,1,0,1,0,0,0,0,1,1,0,0,1,0,1,0,0,0,1,1,1,1,1,0,1,0,1,1,0,0,0,1,0,0,1,1,1,1,1,0,1,0,0,0
1,1,1,0,0,0,0,1,1,0,0,0,0,1,0,0,1,1,1,0,0,1,0,1,0,0,0,1,1,1,0,1,1,0,1,1,0,1,0,1,0,1,1,1,1,0,1,0,0,1,1,1,1,0,0,1,0,1,0,1,0,0,1,1,1,0,0,0,1,1,1,0,1,1,0
0,1,0,1,1,1,0,0,0,0,0,1,0,0,0,1,1,1,1,0,1,1,1,1,1,0,1,1,0,0,1,1,1,0,1,1,0,1,0,1,1,0,1,1,1,1,1,0,0,1,1,1,1,1,0,1,1,0,0,0,1,0,1,0,1,1,0,1,1,1,1,0,1,1,1
1,0,0,1,1,0,0,1,0,1,0,1,0,0,0,1,1,0,0,0,0,0,0,1,0,0,0,1,1,1,0,1,1,0,1,0,0,1,1,0,1,0,1,1,1,0,0,1,0,1,1,1,1,0,1,1,1,0,1,1,0,0,1,0,1,0,0,1,1,1,1,1,0,0,0
0,0,1,1,1,1,0,1,0,1,1,0,0,1,1,0,1,1,0,1,0,1,1,1,0,0,1,0,1,0,0,1,1,0,1,1,0,1,1,0,0,1,1,1,0,1,0,0,1,1,0,0,1,1,0,1,0,1,0,1,0,0,1,0,1,0,0,0,0,0,1,0,0,1,0
0,1,0,0,0,0,0,1,0,1,1,1,1,0,0,1,0,1,0,0,0,1,0,0,0,0,1,0,0,0,1,1,1,1,0,0,1,0,1,0,1,0,0,1,0,0,1,0,0,1,1,1,1,1,0,1,0,1,1,0,1,0,1,1,1,0,0,0,1,0,0,0,0,0,0
1,1,1,1,0,1,0,0,0,1,0,1,1,0,0,1,0,1,0,0,1,1,1,1,0,1,0,1,0,1,0,1,0,0,1,1,0,0,0,1,0,1,0,1,1,0,0,0,1,0,1,0,1,1,0,0,0,0,0,0,1,1,0,0,0,1,1,1,1,1,0,1,0,1,0
1,0,0,0,1,0,0,1,1,1,0,1,0,0,1,1,1,0,0,0,1,1,1,1,0,1,1,1,0,1,1,0,0,0,0,0,0,0,1,0,1,0,0,1,0,1,0,0,0,1,1,0,1,1,0,1,1,1,1,1,0,0,1,0,1,0,0,0,0,1,1,1,0,1,0
1,0,1,1,0,0,0,1,1,0,1,1,1,0,0,1,0,0,1,0,1,1,0,1,1,0,1,1,1,1,0,1,0,0,1,1,0,0,0,1,0,0,0,1,0,1,1,0,0,1,1,1,1,1,1,0,0,0,0,1,0,0,0,0,0,0,0,1,1,1,1,1,1,0,0
0,0,1,1,0,0,0,0,1,1,0,0,1,0,1,1,0,0,1,1,1,1,0,0,1,0,1,1,1,1,1,0,0,0,0,1,1,0,0,1,0,1,0,1,0,1,1,1,1,1,1,1,1,1,0,1,0,0,1,1,0,1,1,0,1,1,0,0,0,0,0,0,0,1,0
1,0,0,1,0,0,0,1,1,0,0,1,1,1,1,0,0,0,0,0,1,1,0,1,1,0,1,0,0,1,1,0,0,0,0,1,0,0,0,1,0,1,1,1,0,1,0,0,0,0,1,0,1,0,1,1,0,1,0,0,1,1,0,1,0,1,1,0,1,0,1,0,0,1,0
0,1,0,1,0,0,0,1,0,0,0,1,1,0,0,1,1,1,1,1,0,1,0,0,0,0,0,1,0,1,1,1,1,0,1,1,0,1,0,1,1,0,1,1,1,0,1,0,1,1,1,1,1,1,1,0,0,1,1,0,0,0,0,1,1,0,1,0,1,1,1,0,0,1,0
0,1,0,0,0,0,0,1,1,0,1,1,0,1,1,1,0,1,0,1,1,1,1,1,0,0,1,0,0,0,1,1,1,1,1,1,0,0,0,1,1,0,0,1,1,0,1,0,0,1,0,0,1,1,0,1,0,0,0,1,1,0,1,1,1,0,1,1,1,1,1,1,1,0,0
1,0,1,1,1,0,0,1,0,1,0,1,1,0,0,0,0,0,0,0,0,1,1,1,1,1,1,0,1,0,1,0,1,0,1,0,1,0,0,0,1,1,1,1,1,0,0,1,1,1,1,0,1,0,1,1,1,1,0,1,0,0,1,0,0,0,0,1,0,1,1,1,0,1,0
1,1,1,0,1,1,0,1,1,0,0,0,1,0,1,0,0,1,0,0,1,1,0,1,1,0,1,1,0,0,0,1,0,0,1,0,0,0,1,0,0,1,0,1,1,0,1,1,1,0,1,1,1,1,0,0,0,0,1,0,0,0,0,0,1,0,0,0,0,1,0,0,0,1,1
1,1,1,1,0,0,0,1,0,0,1,1,1,0,0,0,1,0,0,0,1,1,1,1,0,1,1,0,1,0,1,0,1,0,1,0,1,1,1,0,1,1,1,1,1,1,0,1,1,0,1,0,1,1,0,1,1,1,1,1,1,1,1,0,1,0,0,0,0,1,1,1,0,1,1
1,0,1,1,1,1,0,1,1,0,0,1,1,0,1,1,1,1,1,0,1,1,0,1,0,0,0,0,0,0,0,1,0,0,0,1,1,0,0,0,0,1,0,1,1,0,1,1,0,1,1,1,1,0,1,1,0,0,0,1,1,0,1,0,0,1,0,1,0,1,1,1,1,1,0
1,1,1,1,1,0,1,1,0,0,1,1,1,1,0,0,1,1,0,1,1,1,1,1,0,0,0,1,1,0,1,1,1,1,1,0,1,0,0,1,1,1,0,1,0,1,1,1,1,0,1,1,1,1,0,1,1,0,1,0,1,0,1,1,1,0,0,0,1,1,0,0,0,0,1
0,0,1,0,1,1,0,1,0,0,0,1,1,0,0,0,0,0,0,1,1,1,1,1,0,0,0,0,0,0,0,0,1,0,0,0,0,0,1,0,1,1,0,1,1,1,0,0,1,0,1,0,1,0,0,1,0,1,1,1,1,1,1,1,0,1,1,0,1,0,1,1,0,1,0
1,1,0,1,0,0,0,0,1,0,0,1,0,0,1,1,1,1,1,0,1,1,0,1,0,0,1,1,1,1,1,0,0,1,1,1,0,1,0,1,0,0,0,1,1,1,1,1,0,1,1,1,0,0,1,0,1,0,1,1,1,0,1,0,0,0,0,1,0,1,0,1,0,1,0
1,0,1,1,0,0,0,1,0,1,0,0,0,0,0,0,1,1,1,0,0,1,1,1,1,0,1,0,1,1,1,1,1,0,1,0,1,1,1,0,1,1,0,1,0,1,1,0,1,1,0,1,1,1,1,1,1,1,1,1,1,0,1,0,1,1,0,0,0,1,1,0,0,1,0
1,0,0,1,0,0,0,1,0,1,0,1,0,0,0,0,1,1,0,0,0,0,1,1,1,1,1,1,1,1,1,0,1,0,0,1,1,0,0,1,1,1,0,1,0,1,1,0,0,1,1,0,1,1,0,1,0,1,0,0,1,1,0,0,1,0,0,0,0,1,0,0,0,1,0
1,0,1,1,0,0,0,0,0,0,0,1,0,0,0,0,1,1,0,1,0,1,0,0,1,1,0,1,0,1,1,0,0,0,1,1,1,1,0,1,1,1,0,1,1,0,1,1,1,0,1,1,1,1,0,1,1,1,0,1,0,0,1,1,0,1,1,0,1,0,0,1,0,0,0
1,1,1,1,1,0,0,0,0,1,0,1,0,0,0,0,1,1,0,0,0,1,0,1,0,1,1,0,1,1,0,0,1,0,1,0,0,0,1,0,1,1,1,1,1,0,0,1,0,1,1,1,0,0,0,1,0,1,0,1,1,0,1,0,0,1,0,1,0,1,1,0,0,0,0
1,0,0,0,0,0,0,1,0,0,0,1,1,0,1,0,1,1,0,1,0,0,0,0,0,0,0,1,1,1,1,1,0,0,0,1,0,0,0,0,1,1,0,1,1,0,0,1,1,0,0,1,1,1,0,1,1,0,1,0,1,1,1,0,1,0,0,1,0,1,0,1,0,1,0
1,0,0,1,1,0,1,1,1,0,0,1,0,0,1,0,0,0,0,1,0,0,1,1,0,0,1,0,1,0,1,0,0,0,0,0,1,0,1,0,1,1,1,1,0,1,0,0,1,1,1,1,1,1,0,0,0,1,1,0,1,1,1,0,0,0,1,1,1,1,1,0,0,1,0
1,0,1,1,0,0,0,1,0,1,0,1,0,0,0,1,0,0,1,0,1,0,0,1,1,1,1,0,1,1,0,0,1,0,1,0,1,0,1,0,1,1,1,1,0,0,0,0,0,1,1,1,1,0,1,1,1,0,0,1,0,0,0,0,1,0,0,0,0,1,1,1,1,1,0
1,0,0,0,0,0,0,1,0,0,0,1,0,0,1,1,0,1,0,0,0,1,0,1,0,0,1,0,0,0,1,0,1,0,0,0,0,0,0,0,0,1,0,1,0,1,1,0,0,0,0,1,1,0,1,0,0,1,1,0,1,1,1,1,1,0,1,0,0,1,0,1,0,1,0
1,1,0,1,0,0,0,1,1,0,0,0,0,0,0,1,1,1,0,0,1,1,0,1,0,0,0,0,1,0,0,1,1,0,1,0,0,0,0,0,0,0,1,1,1,0,1,0,1,1,0,1,1,0,0,0,0,0,0,1,0,1,1,1,0,0,0,1,1,1,1,0,0,1,0
1,0,0,1,1,0,0,0,0,1,0,0,0,0,0,1,1,1,0,1,0,1,0,0,0,0,1,1,1,0,0,1,0,1,1,0,1,0,1,0,1,1,0,1,1,0,1,0,0,1,0,1,0,0,1,0,0,1,0,1,0,0,1,0,0,0,1,1,1,1,1,0,0,1,1
1,0,1,1,1,0,0,0,0,0,0,1,0,1,1,1,0,0,1,1,0,1,1,1,0,1,1,1,0,0,1,1,0,0,1,1,1,0,0,1,1,0,1,1,0,0,1,1,0,1,1,0,1,1,0,0,1,0,0,0,1,0,1,1,0,1,0,1,0,1,0,0,1,1,1
0,0,1,1,1,0,0,1,1,1,0,1,1,0,1,0,1,1,0,0,1,1,0,1,1,0,1,0,0,1,0,0,0,0,0,0,0,0,0,0,1,1,0,0,1,0,1,0,1,0,0,1,1,0,0,1,0,1,0,0,1,1,0,1,0,0,1,0,0,1,0,1,0,1,0
1,0,0,0,1,1,0,1,1,1,1,0,0,0,0,1,1,0,0,0,0,1,0,1,0,0,0,0,1,0,1,0,0,1,1,1,1,0,1,1,1,0,0,1,0,1,1,1,0,1,1,1,0,1,0,0,0,1,0,1,1,1,1,0,0,1,1,1,0,1,0,1,0,0,0
1,0,0,1,0,0,0,1,1,1,0,0,0,1,0,1,0,0,0,1,0,1,1,1,0,0,1,0,1,0,1,1,1,0,1,1,0,1,0,1,0,0,1,1,0,1,1,0,0,1,1,0,1,1,0,0,0,1,1,0,0,0,1,0,1,0,1,0,1,1,0,1,1,0,1
0,0,0,1,1,0,0,1,0,0,0,1,0,0,0,0,1,1,1,1,0,1,0,1,0,0,1,0,1,0,0,1,0,1,1,1,1,0,1,0,1,1,0,1,1,1,1,1,0,1,1,1,1,0,1,1,1,0,0,1,1,1,1,0,0,1,0,1,1,0,1,0,1,0,0
1,0,0,1,1,0,0,1,0,0,0,1,0,0,1,1,1,0,1,0,0,1,0,1,0,0,1,1,1,0,1,1,0,1,0,1,0,1,0,1,1,0,1,1,0,0,0,0,1,1,1,1,1,1,0,1,0,1,1,1,0,0,1,0,1,0,0,0,0,1,1,0,0,1,1
0,0,1,0,0,0,0,1,1,0,0,0,1,0,0,1,1,0,0,0,0,1,0,1,0,1,1,0,1,0,1,0,1,1,1,1,1,1,1,1,0,1,0,1,0,1,1,1,1,0,1,1,1,0,1,0,1,1,0,1,0,1,1,0,1,0,0,1,1,1,1,1,0,1,0
1,1,0,1,1,0,0,1,0,1,1,1,0,0,0,1,1,0,0,0,0,0,0,0,1,1,1,1,0,1,0,1,1,0,1,1,0,1,0,1,1,1,1,1,1,1,0,0,0,0,1,1,1,1,1,1,0,1,1,0,1,1,1,0,0,0,0,1,0,1,0,1,1,1,0
1,0,1,1,0,0,0,1,0,1,0,1,0,0,1,0,1,0,0,0,1,1,0,1,1,1,1,0,1,0,1,0,1,1,1,0,0,1,1,0,1,1,0,1,0,1,1,0,0,0,1,1,1,1,0,0,0,0,1,0,1,1,1,0,1,0,0,1,1,1,0,0,1,0,0
1,1,0,0,1,0,0,1,1,0,0,0,0,0,0,1,0,1,0,1,1,1,0,1,0,1,1,0,0,1,0,1,0,0,1,1,0,0,0,1,0,0,0,1,1,1,1,0,1,0,1,1,1,0,0,0,1,0,1,0,0,1,1,0,0,0,1,1,0,1,0,1,0,1,0
0,0,0,0,1,0,1,1,1,1,0,0,0,0,0,0,1,1,0,1,0,1,1,1,0,1,1,1,0,0,1,1,1,1,1,1,1,1,1,0,1,1,0,1,0,1,0,0,1,1,1,0,1,1,0,1,0,1,1,0,0,1,1,1,1,0,0,0,1,0,0,0,1,1,1
1,0,0,0,1,1,0,1,1,1,0,1,0,0,0,0,0,1,0,0,0,1,1,1,0,0,1,1,0,0,0,1,1,0,1,0,0,1,0,1,0,1,0,1,1,1,0,0,0,1,1,0,1,0,0,1,1,1,1,1,0,0,1,0,1,0,0,0,0,1,0,0,0,1,0
1,0,0,0,0,0,0,1,0,1,0,0,1,0,0,0,1,1,1,0,1,1,1,1,1,0,0,1,1,1,1,1,1,1,0,1,1,0,0,0,1,1,1,1,0,1,0,0,1,0,1,0,1,1,1,1,0,1,1,1,0,0,1,0,1,0,1,0,0,0,1,1,0,1,0
1,1,1,1,1,0,0,1,0,0,1,1,0,0,1,0,1,1,0,1,1,0,1,1,0,0,1,0,1,0,1,1,0,0,0,1,0,0,0,1,1,1,1,1,1,1,0,0,1,1,1,0,1,1,0,1,0,1,1,1,0,0,1,0,1,0,0,0,0,1,1,1,0,1,0
1,0,0,0,0,1,0,1,0,0,1,0,0,0,1,0,1,0,0,0,0,1,0,1,0,0,0,1,1,0,1,1,0,0,1,0,1,1,1,0,1,1,0,1,0,1,0,1,0,1,1,0,1,0,0,1,0,0,0,1,0,1,1,0,0,0,1,0,1,1,1,0,1,0,0
1,0,0,1,0,0,0,1,0,1,0,0,1,0,1,0,1,0,0,0,0,1,0,0,0,1,1,1,0,1,1,1,0,0,1,1,0,0,1,0,1,1,1,1,0,1,0,0,0,1,1,1,1,0,0,1,1,1,1,1,0,1,1,0,1,0,0,0,0,1,1,1,0,1,0
1,0,0,0,1,0,0,1,0,0,0,1,1,1,0,0,0,1,0,1,1,1,0,1,0,0,1,0,1,0,0,0,1,0,0,0,0,0,0,0,0,1,0,1,1,1,0,1,1,0,1,1,1,1,1,1,0,0,0,0,1,0,1,0,0,1,1,1,0,0,0,0,0,1,1
1,0,0,1,0,1,0,1,1,1,0,0,0,0,1,1,1,0,1,1,1,1,0,0,0,1,1,1,1,0,1,1,1,0,0,0,0,0,1,0,1,1,1,1,0,0,0,0,1,1,1,1,1,0,1,0,0,0,1,0,1,1,0,1,1,0,0,0,1,1,1,0,0,1,0
0,0,1,0,1,0,0,1,0,0,0,1,0,0,1,1,1,0,0,0,0,1,0,1,0,1,0,0,0,1,1,1,0,0,1,0,1,1,1,0,1,0,0,1,0,1,1,1,0,1,1,1,1,0,1,0,1,1,1,1,0,0,1,1,1,0,0,0,1,1,0,1,0,0,0
0,1,1,1,1,1,1,1,0,0,0,1,1,0,1,1,0,0,0,0,0,1,1,1,1,0,1,0,1,1,1,0,0,0,0,1,1,0,1,1,1,0,1,1,0,0,0,0,0,1,1,0,0,0,0,1,0,0,0,0,0,1,0,0,0,0,1,1,1,0,1,0,0,1,0
1,0,0,1,1,0,0,1,0,1,0,1,1,0,0,0,0,0,1,1,0,0,0,0,0,1,1,0,1,0,0,1,1,0,0,0,1,0,0,1,0,0,0,1,1,0,1,0,0,0,1,1,1,0,1,0,1,0,1,1,0,1,1,0,1,0,1,1,1,1,1,1,1,1,0
1,1,1,1,1,0,1,1,0,0,0,0,1,1,0,1,1,1,1,1,0,1,1,1,0,0,0,0,0,0,1,0,0,0,1,0,0,0,1,0,1,1,0,1,1,1,1,1,1,0,1,1,1,0,1,0,1,1,1,1,0,1,1,0,0,0,1,1,0,1,0,0,1,0,0
0,0,0,0,1,1,0,1,1,0,0,1,0,0,1,1,0,0,1,0,1,0,0,1,1,1,1,0,0,1,0,0,0,0,0,1,1,0,0,1,1,0,0,0,1,0,1,0,1,0,1,1,1,0,1,0,0,0,0,0,0,1,1,0,1,0,0,0,1,1,0,1,0,1,0
1,1,0,1,1,0,0,1,0,1,0,1,1,0,0,1,0,1,0,0,0,1,0,1,0,0,1,1,1,0,1,0,1,0,0,1,0,0,0,1,1,0,1,1,1,1,1,0,1,1,1,1,1,1,1,1,0,1,1,1,0,0,1,0,0,0,1,1,1,1,1,0,0,1,0
1,0,1,0,0,1,1,1,0,1,1,0,1,0,0,0,1,0,0,0,1,1,1,1,0,1,1,0,1,1,1,1,1,0,1,0,1,0,1,0,1,1,0,1,0,1,1,0,0,0,1,0,1,1,0,1,0,0,0,0,0,1,1,0,1,1,0,0,0,1,0,0,1,0,1
1,0,1,1,1,0,0,1,0,0,0,1,0,1,0,0,0,0,0,0,1,1,0,1,0,0,1,0,1,1,1,0,1,0,0,0,1,1,0,0,1,1,0,1,0,0,0,0,1,1,1,1,1,0,1,0,1,1,1,0,0,0,1,0,0,1,1,1,0,1,0,1,0,1,0
1,0,0,0,0,0,0,1,0,1,0,1,0,0,0,1,1,1,0,1,0,1,0,1,0,1,1,1,1,0,0,1,1,0,0,0,0,0,1,0,1,0,0,1,0,0,0,1,0,0,1,1,1,1,0,0,0,1,1,1,1,1,1,0,1,0,0,0,0,1,1,0,1,0,0
1,0,0,0,1,0,0,1,1,1,1,1,0,0,1,1,1,1,1,1,1,1,1,1,1,1,1,1,1,0,1,0,0,0,1,0,0,1,1,0,1,0,0,1,1,0,1,0,0,1,1,0,1,1,0,0,0,1,0,0,0,1,1,0,1,1,0,1,1,1,0,1,1,0,1
1,1,1,0,0,0,1,1,0,1,1,0,0,0,0,0,1,1,1,0,1,1,0,1,0,0,1,0,1,0,1,0,1,0,1,0,0,0,1,0,1,1,1,1,1,0,0,0,1,1,1,1,1,0,0,1,0,0,1,0,0,1,0,1,1,0,0,0,1,1,1,0,0,0,1
1,1,1,0,1,1,0,1,1,0,0,1,0,0,0,0,0,1,0,0,0,1,0,1,0,0,1,0,1,1,1,0,1,0,1,0,0,1,0,0,1,1,1,1,0,1,1,1,1,0,1,0,1,1,0,1,1,0,1,1,1,1,0,0,0,0,0,0,0,0,1,1,0,1,1
0,0,0,1,1,1,0,0,1,0,0,1,0,0,0,1,1,1,0,0,0,1,1,1,1,1,1,1,1,1,0,0,1,1,1,0,0,0,0,0,1,0,1,1,0,1,1,1,1,1,1,1,1,0,0,1,1,1,0,0,1,1,0,0,1,1,1,0,1,0,0,0,0,1,1
1,1,1,1,0,1,1,1,0,0,1,1,0,0,0,0,0,0,1,0,1,1,1,1,1,0,1,1,0,1,1,0,0,1,0,1,1,0,1,0,1,1,0,1,1,0,0,0,0,1,1,0,1,1,0,1,0,0,0,0,1,1,1,0,1,0,0,0,0,1,0,1,0,1,0
1,0,0,1,1,0,0,1,0,0,0,1,1,0,0,0,1,0,1,0,1,1,0,1,0,0,1,0,0,1,1,0,0,0,1,0,0,1,1,0,1,0,0,1,0,1,0,1,0,1,1,1,1,0,1,1,1,1,0,1,1,1,1,0,1,1,0,0,0,1,1,1,1,1,1
1,0,1,0,1,0,0,1,0,0,1,0,0,0,0,1,0,0,0,0,1,0,1,1,0,0,1,0,1,0,0,0,0,0,1,0,1,0,1,0,1,0,0,1,0,1,0,0,0,1,1,0,1,0,1,1,1,1,1,1,0,1,0,0,0,0,0,0,1,1,1,1,0,1,0
0,1,0,1,1,0,0,1,0,0,0,0,1,0,1,0,1,1,1,0,0,1,1,1,0,1,1,0,1,1,1,0,0,0,0,0,0,0,0,0,1,1,0,1,0,1,1,1,0,0,1,1,1,1,0,1,1,0,0,0,1,1,0,1,0,1,1,1,1,1,0,0,0,1,0
0,0,0,1,1,0,0,1,0,1,0,1,1,0,0,1,1,1,1,0,1,1,0,0,0,1,0,0,0,0,1,1,0,0,1,0,0,0,1,0,1,0,1,1,0,1,1,0,1,0,1,1,1,1,0,1,0,0,0,0,1,0,1,1,1,0,0,0,1,1,0,0,1,0,0
0,0,0,1,1,0,0,1,1,1,1,0,0,0,0,1,0,0,0,0,1,0,0,1,0,0,1,1,1,1,1,0,1,0,0,0,1,1,1,0,1,1,1,1,0,1,0,0,1,0,1,1,1,0,1,1,0,1,0,0,0,1,0,0,1,0,0,0,0,1,1,1,0,1,1
1,0,1,1,1,0,0,1,0,0,0,1,1,1,0,1,1,1,0,0,0,1,0,1,1,1,0,1,0,1,1,0,1,0,1,0,0,1,1,0,1,0,0,1,0,1,0,0,0,1,1,1,1,0,1,1,1,1,1,0,0,0,1,0,1,0,1,1,1,1,0,0,0,1,0
1,1,1,0,0,1,1,0,0,0,0,1,0,0,1,1,1,0,1,1,0,0,1,1,1,1,1,1,0,0,0,1,0,0,0,1,1,0,1,0,1,0,0,1,1,1,1,0,0,1,1,0,1,0,0,1,0,1,1,1,0,0,1,0,0,1,1,1,1,1,1,0,0,1,0
1,0,0,0,0,1,0,1,1,1,1,0,0,0,1,1,1,1,0,0,1,1,1,1,0,0,1,1,0,1,1,0,0,0,1,1,0,1,0,1,1,0,0,1,1,1,1,1,0,0,0,0,1,1,0,1,1,1,1,0,0,1,1,0,1,0,0,1,0,1,0,1,0,0,0
1,1,0,0,0,0,0,1,0,0,0,0,1,0,0,0,1,1,0,0,0,1,0,1,0,0,1,1,1,0,0,1,1,0,0,0,1,1,0,0,1,1,1,1,1,1,1,1,0,0,0,1,1,0,0,0,1,0,1,1,0,0,0,1,1,0,0,1,1,1,1,0,0,1,0
1,0,1,0,0,0,0,1,1,0,0,1,0,0,1,1,0,1,1,0,1,1,0,1,0,0,1,1,1,1,0,1,0,1,1,0,1,0,0,0,0,0,1,1,1,0,0,0,1,0,1,1,1,0,1,0,0,1,1,0,0,1,1,0,0,1,0,0,1,0,0,1,1,1,1
1,0,1,1,0,0,1,1,0,1,0,0,1,1,1,0,0,1,0,0,1,1,1,1,0,1,1,1,1,0,1,1,1,1,0,1,0,1,1,0,1,1,0,1,0,1,1,0,0,0,1,1,1,1,1,1,0,0,0,0,0,1,1,0,1,0,0,0,0,1,1,1,1,1,0
1,0,0,1,1,1,0,1,0,1,0,1,0,1,0,1,1,0,0,0,0,1,0,1,0,1,0,0,0,1,0,1,0,0,1,0,1,1,0,1,1,0,0,1,0,1,0,0,0,1,1,1,1,1,0,1,1,1,0,0,1,1,1,0,0,1,1,1,1,1,0,1,0,1,0
0,1,1,0,1,1,0,1,0,1,0,1,1,0,1,0,1,0,1,1,1,1,0,0,1,0,1,0,0,0,1,1,0,1,0,0,1,1,1,0,1,0,0,1,1,0,0,1,1,0,1,1,1,1,0,1,1,0,1,0,0,0,1,0,1,0,0,0,1,1,0,0,0,1,1
1,1,1,1,0,0,0,1,1,0,1,0,1,1,1,0,0,1,0,1,0,1,0,1,1,0,1,0,0,1,0,1,0,0,0,1,0,0,0,1,0,1,0,1,1,0,0,0,0,0,0,0,1,0,0,1,0,1,1,0,0,1,1,0,1,1,1,1,0,1,0,1,1,1,0
0,0,1,0,0,1,0,1,0,0,1,0,0,0,0,1,0,1,1,0,1,1,1,1,0,1,1,1,1,1,1,0,1,0,1,0,1,0,1,0,1,1,0,1,0,1,1,0,1,1,0,0,1,0,1,0,0,1,1,0,0,0,1,1,1,0,0,0,0,0,0,0,0,1,0
0,0,1,1,0,1,0,1,1,1,1,1,0,1,1,1,0,0,0,0,1,1,0,1,0,1,1,1,0,0,0,0,0,0,1,1,1,1,1,1,1,1,0,1,1,1,1,0,0,1,1,1,1,1,1,0,0,0,1,0,0,0,1,1,1,0,0,0,1,0,0,0,1,1,0
0,0,1,0,0,0,0,1,0,1,1,1,0,0,0,0,0,0,0,1,0,1,1,1,1,1,1,0,0,0,1,1,0,0,0,1,0,1,0,0,0,1,1,1,0,1,0,1,0,0,1,0,1,1,1,1,1,0,1,0,1,1,1,1,0,0,0,1,1,0,1,0,1,1,1
1,1,1,1,1,0,1,0,0,1,0,0,0,0,0,1,0,1,0,1,1,1,0,0,0,0,1,0,0,1,1,0,0,0,1,0,0,1,1,0,1,0,1,1,1,0,1,0,0,0,0,1,0,1,0,0,1,1,0,1,1,1,0,0,0,1,1,1,0,1,1,0,0,0,0
1,0,0,0,0,0,0,1,0,0,1,1,0,0,0,0,1,1,1,1,1,1,0,0,0,0,1,1,1,0,1,0,1,1,1,0,0,0,0,0,1,1,0,1,0,1,1,0,1,0,0,0,1,1,0,0,0,1,0,1,1,1,1,0,0,1,0,0,1,1,0,0,0,1,0
1,0,0,1,0,1,1,1,1,0,1,0,1,0,0,0,1,1,0,0,1,1,1,1,0,0,0,0,0,1,0,1,0,0,1,1,0,1,0,1,1,1,0,1,0,0,1,0,0,1,0,1,1,1,0,1,0,1,0,1,0,1,0,1,1,0,1,1,1,1,1,0,1,1,1
0,0,0,1,0,0,0,1,0,0,0,1,0,0,0,0,0,0,0,0,0,1,0,1,1,0,1,0,1,1,1,1,1,1,0,0,0,0,1,0,1,0,0,1,0,1,0,0,1,1,1,1,1,0,1,1,0,1,1,1,0,0,0,0,1,0,0,0,1,0,1,1,0,1,0
0,0,0,1,1,0,0,1,0,1,0,0,0,0,1,1,0,0,1,1,0,1,0,0,0,0,1,0,0,1,0,0,0,0,1,1,0,0,0,1,1,0,0,1,1,0,1,0,0,1,1,1,1,1,0,1,1,1,0,1,0,1,0,1,0,0,0,0,1,1,0,0,0,1,0
1,1,0,1,1,0,0,1,1,0,1,0,1,0,0,0,1,1,0,0,0,1,0,1,0,1,0,1,1,0,1,1,0,0,1,1,0,1,0,1,1,0,0,1,0,0,0,0,1,1,0,1,1,0,0,1,0,1,0,1,1,0,1,0,1,0,0,0,1,1,0,0,0,1,1
1,0,1,1,0,0,1,1,0,1,0,0,1,0,0,0,1,1,1,0,0,1,1,1,0,0,1,1,0,0,1,0,0,0,1,1,0,1,0,1,1,1,1,1,0,0,0,0,1,0,0,0,1,1,1,1,0,1,0,0,0,1,1,0,1,0,1,1,0,1,1,0,0,1,0
1,1,1,1,0,0,0,1,1,1,1,1,0,0,0,1,1,0,0,0,0,1,0,1,1,1,1,0,0,1,1,1,0,0,1,1,0,1,0,1,1,1,1,1,1,1,1,0,0,1,1,0,1,0,1,0,0,0,0,1,0,1,1,1,1,0,0,0,0,1,1,1,0,0,1
1,1,1,1,0,0,0,1,0,1,0,1,1,0,1,0,0,1,1,1,1,1,0,0,0,1,0,1,0,0,0,0,1,0,0,0,1,1,0,1,1,0,1,1,1,0,1,1,0,0,1,1,1,1,0,1,1,1,0,1,1,1,0,0,0,1,0,0,1,1,0,0,1,1,0
1,0,0,0,0,0,0,1,0,0,0,0,0,1,1,0,1,1,0,1,0,0,1,1,0,1,1,0,1,0,1,0,0,0,1,0,0,0,0,1,1,0,1,1,0,1,0,0,0,0,1,0,1,0,0,1,0,0,1,0,0,0,1,0,1,1,1,1,1,1,1,1,1,1,0
1,0,0,1,0,0,0,1,0,1,1,1,0,0,1,1,1,1,1,1,0,1,0,1,1,1,0,1,0,1,0,1,1,0,1,1,1,0,0,1,1,0,0,1,0,1,0,0,1,0,1,1,1,0,1,1,0,1,0,0,1,0,0,0,0,1,1,1,0,1,0,1,0,1,0
1,0,0,0,0,1,1,1,0,1,1,1,0,0,1,1,0,1,0,0,1,1,1,1,0,0,1,0,1,1,1,0,0,0,1,1,1,0,0,1,0,0,0,1,0,1,1,1,0,0,1,0,1,0,1,1,1,0,1,1,1,1,1,1,1,0,0,1,1,1,0,1,1,1,0
0,0,0,0,0,0,0,1,1,0,0,0,0,0,1,0,1,0,0,0,0,1,1,1,0,0,1,1,1,1,0,1,0,1,0,0,1,1,1,0,0,1,0,1,1,0,0,0,0,1,1,0,1,1,0,1,0,0,1,0,0,1,1,0,1,0,1,1,0,0,0,1,1,1,0
1,0,1,1,0,1,0,1,0,1,1,1,0,0,1,0,1,0,0,0,0,1,1,1,0,1,1,1,0,1,0,0,0,1,0,1,1,0,1,1,1,0,0,1,1,1,0,1,0,1,1,0,1,1,0,1,1,0,0,1,1,0,0,1,1,0,1,0,1,1,1,1,1,1,0
1,0,0,1,0,1,0,1,0,0,0,1,0,1,1,1,0,1,1,1,0,1,0,0,0,1,1,1,0,1,1,0,0,0,1,0,1,0,0,0,1,0,0,1,0,1,0,1,0,1,1,0,1,0,1,0,1,1,0,1,1,1,0,1,0,0,1,0,1,1,0,1,1,1,0
1,0,1,0,0,1,0,1,1,1,1,0,0,0,1,0,1,1,1,1,0,1,0,0,0,1,1,0,0,1,1,1,0,0,1,0,1,1,0,0,1,0,1,1,0,1,0,0,0,0,1,0,1,1,0,1,0,1,0,0,0,1,0,0,0,1,0,1,1,1,1,0,0,0,1
1,0,1,1,1,0,0,1,1,0,1,0,0,0,0,0,1,1,1,0,1,0,0,1,0,1,1,1,1,0,0,1,1,0,0,0,0,1,0,0,1,1,0,1,1,0,1,0,0,0,0,1,1,0,1,0,1,1,0,0,0,1,0,0,1,0,1,1,0,1,1,0,0,0,0
1,0,0,1,0,0,1,1,0,0,0,1,0,0,1,1,1,1,1,1,1,1,1,1,0,0,1,1,0,1,1,1,0,0,1,0,0,0,1,0,1,0,0,0,0,1,1,0,1,1,1,1,1,1,0,0,0,1,1,0,1,1,1,0,1,0,0,0,1,1,0,1,0,1,0
1,0,1,1,1,0,1,1,0,1,0,0,1,0,0,1,1,0,1,1,0,1,0,1,0,1,1,1,1,0,1,1,1,0,0,0,0,1,1,0,1,1,0,1,0,0,0,0,0,1,1,0,1,1,0,0,0,1,1,0,0,0,0,0,0,0,0,0,0,1,0,0,1,0,1
1,1,1,0,1,0,0,1,0,0,0,1,0,0,1,1,1,1,0,0,1,1,0,1,1,1,1,1,0,0,0,0,0,0,1,0,0,0,1,1,1,0,0,1,1,1,1,1,1,1,1,1,1,0,0,0,0,0,1,0,1,0,1,0,0,0,1,1,0,1,0,0,0,1,0
1,1,0,0,1,0,0,1,0,0,0,1,1,0,1,1,0,0,1,0,1,1,1,1,0,0,0,0,1,1,0,0,0,0,1,1,1,0,0,0,1,1,0,1,1,1,0,1,1,1,1,1,1,0,0,0,1,1,1,1,1,1,0,1,0,0,0,0,1,1,0,1,0,0,1
1,1,1,1,0,0,1,1,1,1,1,0,0,0,0,1,0,1,0,0,0,1,0,1,0,0,1,1,0,1,0,1,0,0,0,0,1,0,1,0,1,0,0,1,1,1,0,0,1,1,1,0,1,0,0,0,1,0,0,0,0,1,0,0,0,0,0,0,1,1,1,0,1,1,1
1,1,0,1,0,0,0,1,0,1,1,0,1,0,0,1,1,0,1,0,1,1,0,0,1,1,1,1,1,0,1,1,1,0,0,0,1,0,1,0,1,0,1,1,1,0,0,1,0,1,1,0,1,1,0,0,1,1,1,1,0,0,1,0,1,0,0,0,1,1,1,1,1,1,0
0,1,1,1,1,0,0,1,1,0,0,1,0,0,0,1,0,0,0,0,0,1,0,1,1,1,1,1,1,0,0,1,1,0,1,0,0,0,0,0,0,0,0,1,1,0,1,0,0,1,1,1,1,0,0,0,0,1,0,0,0,1,0,1,1,1,0,1,1,1,0,1,0,1,0
0,1,0,0,1,0,0,1,1,0,0,1,0,0,1,0,0,1,0,0,0,1,0,1,0,0,0,1,0,0,0,0,0,0,0,0,1,1,1,0,1,1,1,1,1,0,1,0,0,1,0,1,1,1,0,0,0,1,1,1,1,1,1,0,0,1,0,0,0,1,0,0,0,1,1
1,0,1,1,0,1,0,1,1,0,0,0,0,1,0,1,1,0,0,1,0,1,1,1,1,1,1,1,1,0,1,1,0,0,1,0,0,0,0,1,1,1,0,1,1,1,0,0,1,1,0,0,1,0,1,0,0,1,0,1,0,0,1,0,1,0,0,0,0,1,1,1,0,1,0
0,0,1,1,1,1,0,1,1,0,0,1,1,0,0,0,1,1,1,1,1,1,1,1,0,1,1,1,1,1,1,0,1,0,1,0,0,1,1,0,1,1,0,1,1,0,0,0,1,0,1,0,1,1,0,0,0,1,0,0,0,1,1,0,1,0,0,0,0,1,0,0,0,1,0
0,0,1,1,0,0,0,1,0,1,0,1,0,0,0,0,1,1,1,0,1,1,1,1,1,1,0,0,0,0,0,0,1,1,1,1,1,0,0,1,1,1,0,1,1,1,1,1,1,0,0,0,1,0,0,1,1,0,1,0,1,0,1,0,1,0,0,0,0,1,0,0,0,0,1
0,1,1,1,1,1,0,1,0,1,0,1,1,1,0,1,0,0,1,0,0,0,0,0,1,0,0,0,1,1,0,1,1,0,1,1,1,0,0,1,1,0,1,1,1,1,0,0,0,0,1,0,0,1,1,1,0,1,0,1,1,1,1,0,0,0,0,1,0,0,1,0,0,1,1
1,0,0,1,0,0,0,1,1,1,0,1,0,0,1,0,1,1,0,1,0,1,0,0,1,1,0,1,1,0,1,0,1,0,0,1,1,0,0,1,1,0,0,1,0,1,1,0,1,0,1,0,1,1,0,1,0,1,1,1,1,1,0,0,1,1,1,0,0,1,0,1,0,1,0
0,0,0,1,1,0,0,1,1,0,1,1,0,0,0,0,0,0,0,0,0,1,0,0,1,0,1,1,0,1,0,1,1,0,1,1,0,0,0,1,0,0,1,1,1,0,0,1,0,1,1,0,0,1,0,0,1,1,0,0,1,1,1,0,0,0,1,0,0,1,1,1,0,0,0
0,0,1,0,1,1,0,1,1,1,1,1,0,1,1,1,1,0,0,1,1,1,0,0,0,1,1,0,1,1,0,0,1,1,1,0,0,1,0,1,1,0,0,1,0,1,1,1,1,1,1,1,1,0,1,0,0,1,1,1,0,1,0,0,1,0,0,0,0,0,0,0,0,0,0
0,1,1,0,1,0,1,1,1,1,0,1,0,0,0,0,1,0,1,0,1,0,1,1,0,0,1,1,0,1,1,1,0,0,1,0,1,1,1,0,1,1,1,1,1,0,0,0,1,1,0,0,1,0,0,1,0,0,1,1,1,1,1,0,1,0,0,0,0,0,1,1,0,1,0
0,0,1,0,0,1,0,1,0,0,0,1,1,0,1,0,0,1,0,0,0,1,1,1,0,0,1,1,1,0,0,0,1,1,1,1,1,1,1,0,1,1,0,1,1,0,0,0,0,0,1,1,1,1,1,1,1,0,1,1,0,0,1,1,1,0,0,0,0,1,1,1,1,1,0
0,0,0,0,0,1,0,1,1,0,1,0,0,0,0,1,1,0,1,1,1,1,1,1,0,0,0,1,0,1,0,1,0,0,1,0,0,1,1,0,0,0,0,1,1,0,0,1,0,1,1,0,1,1,0,1,0,1,1,1,1,1,0,0,1,0,1,1,1,1,1,1,1,0,1
0,1,0,1,0,1,0,1,1,1,1,0,1,1,0,1,1,0,0,0,0,1,0,1,0,1,0,0,1,0,1,1,1,0,1,0,0,0,1,0,1,0,1,1,1,1,0,0,1,0,1,1,1,1,1,0,0,0,1,0,0,1,1,1,1,0,0,0,0,0,0,1,0,0,0
1,1,1,0,0,1,0,1,0,0,0,0,0,0,0,0,1,0,0,1,0,1,0,1,0,0,1,1,1,0,1,1,1,1,0,0,0,1,1,0,1,1,1,1,0,1,0,1,1,0,1,1,1,1,0,1,1,1,1,1,0,0,1,0,1,0,0,0,1,1,1,1,0,1,0
1,1,0,1,1,0,0,0,0,1,0,1,0,0,0,1,1,1,0,0,0,1,0,0,1,1,1,1,1,0,1,0,1,0,1,1,0,0,1,0,1,1,0,1,1,1,1,0,0,1,1,1,1,1,1,1,0,0,0,0,0,0,1,0,1,1,0,0,1,1,0,0,0,1,0
1,1,0,1,0,0,0,1,0,1,0,0,1,0,0,0,0,0,0,0,0,1,0,1,0,1,1,1,1,0,0,1,1,0,1,1,0,1,0,1,1,1,0,1,1,0,0,1,0,0,1,0,1,1,0,1,1,1,1,0,0,1,1,0,1,0,0,1,0,1,1,0,0,0,0
1,0,0,0,1,0,0,1,0,0,0,0,1,0,0,1,1,1,1,1,1,1,1,1,0,0,0,1,1,0,0,1,1,0,1,0,1,1,1,0,1,1,0,1,0,1,0,0,0,1,1,0,1,0,1,1,0,1,1,0,0,1,0,0,1,0,0,1,0,1,0,0,0,1,0
1,0,1,0,1,0,0,0,0,1,0,0,0,0,1,1,0,1,0,0,0,1,0,0,0,1,0,0,1,1,1,1,0,0,0,1,0,0,0,1,1,0,1,1,1,1,0,0,1,0,1,1,1,1,0,1,1,1,1,0,0,1,1,0,0,1,1,0,1,1,1,0,0,1,0
1,1,0,1,0,0,1,1,1,1,1,0,0,0,0,1,1,0,1,0,0,1,1,1,0,0,1,0,1,1,0,1,1,0,0,1,1,1,0,1,0,0,1,1,1,1,0,1,0,1,1,1,1,1,0,0,1,1,0,1,0,1,0,1,1,0,1,1,1,1,1,1,0,1,0
0,0,1,1,0,0,0,1,0,1,0,1,1,0,1,0,1,0,0,0,0,1,0,1,1,0,1,0,0,1,0,1,0,0,0,1,1,0,0,1,0,0,0,1,1,1,0,0,0,0,0,0,0,0,1,0,0,1,0,0,1,0,0,0,1,1,1,0,1,1,0,1,0,1,0
1,0,0,0,1,1,0,1,0,0,0,0,1,0,1,1,1,1,0,1,0,1,0,0,1,1,1,1,1,1,1,1,1,1,0,0,1,0,1,0,0,0,0,1,0,1,1,0,0,1,0,1,1,1,0,1,0,1,0,1,0,1,0,0,0,0,1,1,1,1,1,0,1,0,1
1,0,0,0,0,0,0,1,1,0,0,1,0,0,0,1,1,0,1,0,1,1,0,1,0,0,1,0,0,0,1,0,0,1,1,1,1,0,1,0,0,1,0,1,0,1,0,0,1,1,1,1,1,0,1,1,1,1,1,1,0,1,1,1,0,0,1,1,0,1,0,1,0,1,0
1,1,1,0,0,1,0,1,0,1,0,1,0,1,1,1,1,1,0,0,0,1,0,1,1,1,0,1,1,1,1,0,1,1,1,1,0,0,1,0,1,1,0,1,1,0,0,1,1,1,1,0,1,1,1,1,0,1,0,0,1,1,1,0,0,0,1,1,0,1,0,0,0,1,0
1,0,1,0,1,1,0,1,1,1,0,1,1,0,0,0,1,1,0,0,0,1,0,1,1,1,1,1,0,1,0,0,0,0,1,0,1,0,1,0,0,1,0,1,0,1,1,0,0,1,1,1,1,1,0,1,0,1,0,0,1,0,1,0,1,0,0,0,0,1,0,0,1,1,0
1,0,1,1,0,1,0,1,0,1,1,1,0,1,0,1,1,0,0,0,0,1,0,1,0,1,1,0,0,0,0,1,1,0,1,0,0,0,0,0,0,1,1,1,1,1,0,0,0,0,1,0,1,1,0,1,0,1,1,0,0,1,0,0,0,1,1,0,1,1,0,0,0,0,1
1,0,0,0,0,1,0,1,0,0,1,1,0,0,0,0,1,1,0,1,1,1,0,0,1,1,0,1,1,1,1,1,1,0,1,0,1,0,1,0,1,0,1,1,0,1,0,0,0,0,0,1,1,0,0,1,0,1,1,0,1,1,1,0,1,0,1,1,1,1,1,0,0,1,0
0,0,1,1,0,1,0,1,1,0,1,1,0,0,0,0,1,1,0,1,1,1,1,1,0,0,1,0,1,1,1,0,0,1,1,0,0,0,1,0,1,1,1,1,1,0,0,1,1,1,1,0,1,0,1,0,1,1,0,1,1,1,1,0,1,0,0,1,0,0,1,0,0,1,0
1,1,1,0,1,0,0,1,0,1,1,1,1,0,0,1,1,1,1,0,1,1,0,1,0,0,1,0,1,0,0,1,1,0,0,0,0,0,1,0,1,1,0,1,1,0,1,0,1,0,1,0,1,0,0,1,0,1,1,0,0,1,1,1,1,1,0,1,0,1,0,0,0,1,1
1,1,1,1,0,0,1,1,0,1,1,1,0,0,0,1,1,1,0,0,0,1,1,1,1,1,0,1,0,0,1,0,1,0,0,1,0,1,0,1,1,0,1,1,1,0,1,0,1,1,1,1,1,1,0,1,0,0,0,0,0,0,0,0,0,0,1,1,1,1,1,0,0,1,0
1,1,1,0,0,1,0,1,0,0,0,0,1,0,0,0,1,1,1,0,1,1,1,1,1,0,1,1,0,1,1,1,1,1,1,1,0,0,1,0,1,1,0,1,0,0,0,0,0,1,1,1,1,1,0,1,0,1,1,0,1,1,1,0,1,0,0,0,1,1,0,0,0,1,0
1,0,0,1,0,1,1,1,0,0,0,0,0,0,1,0,0,0,0,0,1,1,1,1,1,1,1,0,0,0,1,0,0,0,1,1,0,0,0,1,1,0,0,1,0,1,0,0,1,1,0,1,1,0,0,1,0,1,0,1,0,0,1,0,0,0,1,1,1,1,0,0,0,1,0
1,0,0,0,0,1,1,1,0,0,0,0,0,0,1,1,0,1,0,0,1,1,1,1,1,1,1,1,0,1,1,1,0,0,0,1,1,1,1,1,1,0,0,1,0,1,1,1,1,0,1,1,1,1,0,0,0,1,1,1,0,1,1,0,1,0,0,0,1,1,0,1,0,1,0
1,0,0,1,0,0,0,1,0,1,0,0,0,1,1,0,1,1,0,0,0,1,0,0,0,1,0,0,0,1,0,1,0,1,1,1,0,0,0,1,1,0,1,1,0,1,0,0,1,0,1,1,1,0,1,1,1,0,1,1,0,1,1,1,1,0,0,1,1,1,1,1,0,1,1
1,0,1,1,1,0,1,1,1,1,1,0,1,0,0,1,1,0,1,1,0,1,0,1,1,0,1,1,1,1,1,1,1,1,0,0,1,1,1,0,0,0,1,1,0,0,0,0,1,0,1,0,0,1,0,1,1,1,0,1,0,1,0,0,0,0,0,0,0,1,0,0,1,1,0
0,0,0,1,1,0,0,1,1,0,0,1,1,0,0,1,1,1,1,1,0,1,0,1,0,0,1,0,1,0,1,0,1,0,0,0,0,0,0,1,0,0,1,1,0,0,0,0,0,1,1,1,1,1,0,1,0,0,0,0,1,1,1,0,0,1,0,1,1,1,0,0,1,1,0
1,0,0,1,1,0,0,0,0,1,0,0,1,0,0,1,1,0,0,1,1,1,0,1,0,0,0,1,1,1,0,0,1,0,1,0,1,0,1,0,1,1,1,1,1,0,0,0,1,1,0,1,1,0,1,1,0,1,0,1,0,1,1,0,0,0,0,1,1,1,1,1,0,1,0
0,1,1,1,1,0,0,1,0,1,1,1,0,0,1,0,1,0,0,0,0,1,0,1,1,0,1,0,0,0,1,0,0,0,0,1,0,1,0,1,1,1,1,1,1,1,0,1,1,0,1,1,1,1,0,1,1,1,0,1,1,1,0,1,0,0,0,1,0,0,1,0,0,1,0
1,0,0,0,0,0,0,1,0,1,0,0,0,0,0,1,1,1,1,0,1,1,0,1,0,1,1,0,1,1,1,1,1,0,0,1,1,0,1,1,1,0,0,1,0,1,0,0,0,1,0,1,1,1,1,1,1,0,1,1,0,0,1,0,1,1,0,1,0,1,1,0,1,1,0
0,0,1,1,1,1,1,1,0,1,0,0,0,0,0,1,1,0,0,1,0,1,1,1,0,1,1,0,1,0,0,0,1,1,1,1,0,1,0,1,1,0,1,1,0,1,0,1,0,1,1,1,1,1,0,0,1,1,0,0,1,1,1,0,1,0,0,0,1,1,0,0,0,1,0
1,0,1,1,1,0,0,1,0,0,1,1,0,0,0,0,1,0,1,0,1,1,0,1,0,1,1,0,1,1,0,0,1,0,0,0,1,1,1,0,1,1,0,1,1,1,1,1,0,1,1,1,1,0,0,0,1,0,1,0,0,0,1,0,1,0,0,0,0,1,0,1,1,1,1
1,0,1,0,1,0,1,1,1,1,1,1,0,0,0,0,0,1,0,0,0,1,1,1,0,1,1,0,1,0,1,0,1,0,0,0,0,0,1,0,1,0,1,1,0,1,0,0,1,1,1,0,1,0,1,1,1,1,1,1,1,1,1,0,0,0,1,0,1,1,1,0,0,0,0
1,0,1,1,0,0,0,1,1,0,1,1,0,0,1,1,0,0,1,0,1,1,0,1,1,0,1,1,1,0,0,0,0,0,1,1,0,1,1,0,1,1,1,1,0,1,1,0,0,1,1,0,1,0,1,0,0,0,1,0,1,1,1,1,1,1,0,0,1,1,1,0,0,0,0
1,0,0,1,1,0,0,1,1,1,0,1,0,0,0,1,0,0,1,0,0,1,1,1,0,0,1,1,1,1,1,1,1,0,1,1,1,0,0,1,1,0,1,1,1,1,0,0,0,1,1,1,1,0,0,1,0,1,0,1,0,0,1,0,0,0,0,0,1,1,1,1,1,1,1
1,1,0,0,1,1,0,1,0,1,0,0,0,0,1,0,0,1,1,0,1,0,1,1,1,1,1,1,0,1,0,0,0,0,0,1,1,0,0,0,0,1,0,1,1,0,0,0,0,0,0,0,1,1,0,1,0,1,1,0,0,0,1,0,0,0,0,1,0,1,0,1,1,1,0
0,0,0,1,1,0,0,1,1,1,1,0,1,0,0,0,1,1,1,0,1,1,1,1,1,1,0,0,1,1,0,0,1,0,1,0,1,0,1,0,1,1,0,1,0,0,1,0,1,0,1,0,0,1,0,0,0,0,1,1,0,0,1,0,0,0,1,0,0,0,0,0,1,0,0
1,0,0,0,0,1,0,1,0,1,1,1,0,0,0,0,1,0,0,0,1,1,1,1,1,0,1,1,1,1,1,1,1,0,1,1,1,0,1,0,1,0,0,1,0,1,0,1,1,1,1,1,1,1,0,1,1,1,0,1,1,1,1,0,1,0,0,0,1,1,0,1,0,1,0
1,0,0,1,1,1,0,1,0,1,1,1,0,0,0,1,1,1,1,0,1,1,0,0,0,0,1,1,0,1,1,1,1,0,1,0,1,0,1,0,1,0,1,0,1,0,1,0,0,1,0,1,1,0,1,1,1,1,0,0,1,0,0,0,0,1,0,1,1,1,1,0,1,1,1
1,0,0,0,0,0,0,0,0,0,0,0,0,1,0,0,1,1,0,0,0,1,0,1,0,0,1,1,1,0,0,0,0,0,0,0,0,0,1,0,1,1,1,1,1,1,1,1,0,0,1,1,1,1,0,1,1,0,1,1,0,1,1,0,1,1,0,0,1,1,1,0,1,1,0
1,0,0,0,1,0,0,1,1,0,0,1,0,0,0,1,0,0,0,0,0,1,0,1,1,0,0,1,1,1,0,0,1,1,0,0,1,0,1,0,1,0,0,1,1,1,0,0,1,1,1,1,1,0,1,0,0,1,1,0,1,1,1,0,0,0,0,1,0,1,0,1,0,0,0
1,0,1,0,1,0,0,1,0,0,0,1,1,0,1,0,0,1,0,0,0,1,0,1,0,1,1,0,0,1,0,0,0,0,1,0,0,1,1,0,1,1,0,1,0,1,1,1,1,0,1,1,0,0,1,0,1,0,1,0,1,0,0,0,1,0,0,0,0,1,1,1,1,1,0
0,1,1,1,1,0,1,1,0,1,0,1,0,0,0,1,1,1,0,0,0,1,1,1,0,0,1,0,1,1,0,0,1,0,1,0,1,1,1,0,1,0,1,1,1,0,1,0,1,0,1,0,1,0,1,1,0,1,0,1,1,1,1,1,0,1,0,0,0,1,1,1,0,1,0
1,0,0,1,1,0,1,1,1,1,0,1,0,0,0,0,1,0,0,0,1,1,1,1,0,0,0,1,0,1,1,1,0,0,1,0,1,1,0,0,1,0,1,1,1,0,0,0,1,0,0,0,1,0,0,0,0,1,0,0,0,0,1,0,0,0,1,1,1,1,1,1,0,1,1
1,0,0,0,1,1,0,1,0,1,1,1,0,0,1,1,0,1,0,0,0,0,0,1,1,1,1,1,0,0,1,1,0,0,1,0,0,1,1,0,1,0,0,1,1,0,1,1,1,0,1,0,1,0,1,1,1,1,1,0,0,1,0,0,1,1,0,0,0,1,0,0,0,0,0
1,1,0,1,1,0,1,1,0,0,1,1,0,0,1,0,1,1,0,0,1,1,0,1,0,0,1,1,0,1,0,0,0,0,1,1,0,1,1,0,1,1,0,1,1,0,1,0,0,1,1,1,1,1,0,1,1,1,0,0,0,0,1,1,1,1,0,0,0,1,0,0,1,0,0
0,0,0,0,1,0,0,1,1,0,1,1,0,0,1,1,0,1,0,0,0,0,1,1,0,0,0,0,0,1,0,1,0,0,1,1,0,1,0,1,1,1,0,1,1,0,1,1,0,1,1,0,1,1,0,0,0,1,0,0,1,1,1,0,1,0,0,0,1,1,0,0,0,0,0
1,0,0,1,1,1,0,0,0,0,1,0,1,0,0,1,1,0,1,0,1,1,0,1,0,0,1,0,1,1,1,1,1,0,0,0,0,0,1,0,1,0,0,1,0,1,0,0,1,1,1,1,0,0,1,0,0,0,0,1,1,1,0,0,1,1,1,0,1,1,1,0,1,1,0
1,0,1,1,1,1,0,1,0,1,1,1,0,0,0,0,0,0,1,0,0,1,0,0,1,0,1,0,1,1,0,0,0,0,0,1,1,0,0,1,1,1,0,1,0,1,1,1,1,1,1,1,1,1,1,1,1,0,0,0,0,0,1,0,0,0,0,1,0,1,0,1,1,1,0
1,0,0,1,1,1,0,1,0,1,1,0,0,0,1,1,1,0,1,0,0,1,1,1,0,0,1,0,1,1,1,1,1,0,0,0,1,0,1,0,1,0,0,1,0,1,0,1,0,1,1,1,1,0,0,1,1,1,0,0,0,0,0,1,1,0,0,0,0,1,0,1,1,0,1
1,0,0,1,0,1,1,1,0,1,0,1,0,1,1,0,0,0,1,0,1,1,0,1,0,0,1,1,0,0,0,1,0,0,1,1,0,1,1,0,1,1,0,1,0,0,0,0,1,0,0,1,1,0,1,1,1,1,0,0,1,0,0,0,1,1,0,0,0,1,1,0,0,1,0
0,0,1,0,0,1,0,1,0,0,1,1,1,0,0,0,0,1,0,0,1,1,0,1,1,0,1,1,1,1,0,0,1,0,0,0,1,0,0,0,0,1,1,1,0,1,0,0,0,0,0,0,1,0,0,1,0,1,0,1,1,1,1,1,0,0,0,0,0,1,1,1,0,0,0
0,1,1,0,1,0,1,1,0,0,1,1,0,0,0,1,0,1,0,1,0,1,0,0,0,0,0,1,0,0,1,1,0,1,0,0,1,1,0,1,1,1,1,1,0,1,1,1,1,1,1,1,1,1,0,0,1,1,1,0,0,0,1,1,1,0,0,0,0,1,0,0,0,1,0
1,0,1,0,1,1,1,1,0,1,1,0,0,0,1,0,0,0,1,0,0,1,0,0,0,0,1,1,1,1,1,0,0,0,1,1,1,0,0,0,0,1,1,1,0,1,0,1,0,1,1,1,1,1,0,1,1,1,1,1,0,1,0,0,1,0,1,0,1,1,1,0,1,1,1
0,1,0,1,1,1,0,1,1,0,1,0,0,0,1,1,1,1,1,0,0,1,1,1,1,1,0,1,1,0,1,0,1,0,0,1,1,0,0,1,1,0,1,1,0,1,1,0,0,1,1,0,1,0,0,0,1,1,1,0,0,1,0,1,1,0,0,0,1,1,1,1,0,1,0
0,1,0,0,0,0,1,1,0,0,1,1,0,0,0,1,0,0,1,0,0,1,0,0,0,0,1,1,0,0,1,1,1,0,1,1,0,1,0,1,0,0,0,1,1,1,1,1,0,0,1,1,1,1,1,1,1,0,1,0,1,0,1,1,1,0,0,0,0,1,0,1,0,1,0
1,0,0,0,1,0,0,1,0,1,0,1,1,0,0,0,1,1,1,1,0,1,1,1,1,1,1,1,1,1,1,1,1,0,1,1,0,0,1,0,1,1,1,1,0,0,1,1,0,1,1,1,1,1,0,1,1,1,1,1,0,1,1,0,0,0,0,0,1,1,1,0,1,1,1
1,0,0,0,1,1,0,1,0,0,0,1,1,0,0,0,1,0,0,1,0,0,0,1,0,1,1,1,0,1,1,0,0,0,0,0,1,1,0,1,0,0,0,1,1,1,0,0,1,0,1,1,1,1,0,1,1,0,1,0,1,1,0,0,0,0,0,0,0,1,0,0,0,1,1
1,1,1,0,1,0,0,1,1,1,1,0,0,0,1,1,1,0,0,1,1,1,1,1,0,0,1,1,1,0,0,0,0,0,1,1,0,0,1,1,1,0,0,1,1,1,0,0,1,1,0,0,1,0,0,0,0,0,1,1,0,1,1,0,1,0,0,0,0,1,0,0,0,0,1
1,0,1,1,1,0,0,1,1,0,0,0,1,0,0,1,1,0,0,0,0,1,0,1,1,1,1,1,1,0,1,1,1,0,0,0,1,1,0,0,1,0,0,1,0,1,0,0,0,0,1,1,1,1,0,1,0,1,0,1,0,1,0,0,1,1,1,0,0,1,0,0,0,1,0
1,1,0,1,1,0,0,1,1,1,0,0,1,0,1,0,1,0,0,0,0,0,0,0,0,1,1,1,0,0,1,0,0,0,1,0,0,0,0,0,1,1,0,1,1,0,1,1,1,0,1,1,1,0,0,1,1,0,1,0,0,1,1,0,1,0,1,0,1,1,0,0,0,1,0
1,0,1,1,0,0,1,1,0,1,1,0,1,0,1,1,1,0,1,0,1,0,1,1,0,1,1,1,0,0,1,0,0,1,1,0,0,0,1,0,1,1,0,1,0,0,0,0,0,1,1,1,1,1,0,1,0,1,0,0,0,1,1,0,0,1,0,1,0,1,0,0,0,1,0
0,0,0,1,0,0,0,1,0,0,0,1,1,0,1,0,1,0,1,0,1,1,0,1,0,0,1,1,0,0,1,0,0,0,1,1,0,0,1,0,1,0,1,1,1,0,0,1,0,1,1,1,1,1,0,1,1,1,0,0,1,1,1,1,1,0,0,1,1,1,1,0,1,1,1
1,0,1,0,1,0,0,0,0,1,0,1,0,0,0,1,1,0,1,0,1,1,0,1,0,1,1,0,1,1,0,1,1,0,0,0,0,1,0,1,1,1,1,1,1,0,0,0,0,1,1,1,1,0,1,1,0,1,1,0,1,1,1,1,0,1,0,1,0,1,1,1,0,1,1
1,0,0,1,0,0,0,1,1,0,0,0,1,0,0,1,1,0,0,0,0,0,0,1,1,1,0,0,1,0,1,0,1,0,1,0,0,1,1,0,1,0,0,1,0,1,1,0,0,1,1,0,1,1,0,0,0,0,0,1,0,1,1,0,1,0,0,0,0,1,0,1,1,0,0
1,0,1,1,1,0,0,0,1,1,0,0,0,0,0,1,0,1,0,1,0,1,0,0,0,0,0,0,1,0,1,0,1,0,1,1,1,0,0,1,1,1,0,1,0,1,0,0,0,1,0,1,1,0,1,1,0,1,0,0,0,1,0,0,1,1,1,1,1,1,0,0,1,0,1
0,1,0,1,1,1,0,1,0,1,0,1,1,0,0,1,0,1,0,0,0,1,0,1,0,0,1,1,0,0,1,0,1,1,1,0,1,0,1,0,1,0,0,1,1,0,0,1,1,0,1,1,1,0,0,1,1,1,1,0,1,1,1,0,1,0,0,1,1,0,0,1,0,1,0
1,0,0,1,0,0,0,1,0,1,0,1,0,0,0,0,0,0,0,0,1,1,1,1,1,1,0,1,1,1,0,0,1,1,1,1,0,1,1,0,1,1,0,1,0,1,1,0,1,1,0,0,1,1,1,0,0,1,0,1,0,0,1,0,1,0,0,0,1,1,0,1,0,1,0
1,0,1,1,1,1,0,1,0,0,1,0,0,0,1,1,1,0,1,1,1,1,0,1,0,1,1,1,0,0,1,0,0,0,0,0,0,0,0,1,1,0,0,1,0,1,0,1,0,1,1,1,1,0,1,1,1,1,1,0,1,1,1,0,1,0,0,1,1,0,0,0,0,1,0
1,0,0,1,0,0,1,1,1,0,0,0,0,0,0,0,0,1,0,0,1,1,1,1,1,1,1,0,1,0,1,1,1,1,0,0,0,1,0,1,1,1,1,1,0,1,1,0,0,0,1,1,1,1,0,0,0,0,1,0,0,1,1,0,1,1,0,1,0,1,0,1,1,1,0
0,1,1,1,0,0,0,1,1,0,0,1,1,0,1,0,1,1,1,0,0,1,0,1,0,1,1,1,0,0,1,1,0,0,0,0,0,1,1,0,1,1,0,1,1,1,1,0,1,0,1,1,1,1,0,0,0,0,0,1,1,1,0,0,1,0,0,1,1,1,0,0,0,1,1
1,0,0,1,1,0,0,1,0,0,0,1,0,0,0,0,1,0,1,0,1,1,0,1,0,0,0,1,1,1,1,0,1,0,0,0,0,0,1,0,1,1,0,1,0,1,0,1,1,1,1,1,1,1,0,0,0,1,0,0,1,1,0,0,1,0,0,0,1,1,0,1,0,1,0
0,0,1,1,1,0,1,0,1,1,0,1,0,0,0,1,0,1,1,0,1,1,1,1,0,0,1,1,1,0,0,0,0,1,0,1,0,1,0,1,0,0,0,1,1,1,1,0,1,1,0,0,1,1,0,0,1,0,1,1,1,0,1,0,0,1,0,1,1,1,0,0,0,1,0
1,1,1,0,1,1,1,1,0,1,1,0,0,1,0,1,1,1,0,0,0,1,1,1,0,0,1,0,0,1,0,1,1,0,1,0,1,1,0,1,1,0,1,1,1,1,0,0,1,1,1,0,1,1,0,1,0,0,0,1,0,0,0,0,0,0,1,0,1,1,1,0,1,0,0
1,0,1,0,1,1,0,1,1,1,0,1,0,0,0,1,1,0,0,0,1,1,0,1,1,0,1,0,1,0,1,0,1,0,0,0,0,1,1,0,1,1,0,0,0,1,0,0,0,1,1,1,1,0,1,1,0,0,1,1,1,1,1,0,1,1,0,0,0,1,0,1,1,1,0
1,1,0,0,0,1,0,1,0,0,0,0,1,1,0,0,1,1,0,0,1,1,1,1,1,0,1,1,1,0,1,0,1,0,0,1,0,0,1,0,1,1,1,1,1,0,1,1,0,0,1,0,1,1,0,1,1,0,1,1,0,1,1,0,0,0,0,1,0,1,0,1,0,1,0
1,0,1,0,0,1,0,1,0,1,1,1,1,0,0,1,0,1,1,0,0,1,0,1,0,1,0,1,0,1,0,0,0,1,0,0,0,0,1,0,1,1,1,1,1,0,0,0,0,0,1,1,1,0,1,0,0,1,1,1,1,0,0,1,1,1,0,0,0,1,1,1,1,1,1
1,1,1,1,1,0,0,1,1,0,0,1,1,0,1,1,0,1,0,0,1,1,1,1,0,0,0,0,1,0,0,1,1,0,1,0,1,0,0,1,1,0,0,1,1,0,1,1,1,0,1,0,1,0,0,0,1,0,1,1,1,1,1,0,0,1,1,1,1,0,1,1,0,1,0
1,0,0,0,0,1,0,0,0,1,0,0,0,0,1,1,1,0,0,1,1,1,0,1,0,1,1,0,0,1,1,1,0,0,0,1,1,1,1,0,1,1,1,1,0,1,0,0,1,1,1,1,1,1,0,1,1,1,1,1,0,0,1,0,1,0,0,0,0,1,1,1,0,1,1
1,1,1,0,1,0,0,1,0,0,0,0,0,0,0,0,1,1,1,0,1,1,0,1,1,0,0,0,0,0,1,0,0,0,1,0,1,0,0,0,1,1,0,1,0,1,1,0,1,0,0,1,1,0,0,1,0,0,0,0,0,1,1,0,1,0,0,1,1,1,0,0,0,0,1
1,1,0,1,1,0,1,1,0,0,0,0,0,0,0,1,1,1,0,0,1,1,0,1,0,0,1,1,1,0,1,1,1,0,1,0,1,1,0,1,1,0,0,1,0,1,1,0,1,1,0,1,1,0,1,0,0,1,1,1,0,0,1,0,1,0,0,0,1,1,1,0,0,1,0
0,0,1,1,1,1,0,1,0,1,1,0,1,0,0,0,1,0,1,0,1,1,0,1,0,1,0,1,1,0,1,0,1,1,0,0,1,0,1,0,1,1,1,1,1,0,0,0,0,0,1,1,1,0,0,1,0,0,0,0,0,1,0,1,0,0,0,0,1,1,0,1,1,1,0
1,1,1,1,1,0,1,1,1,0,1,1,0,1,0,0,0,1,0,1,0,1,0,1,1,0,1,1,0,0,0,1,0,0,0,0,1,1,0,0,1,1,0,1,1,0,0,0,1,0,1,1,1,1,0,1,0,1,1,0,1,0,1,1,0,0,0,1,1,1,0,0,1,1,1
1,0,1,1,1,0,0,0,0,1,0,1,0,0,1,1,0,1,1,1,0,1,0,0,1,0,1,1,1,0,0,1,0,1,0,1,1,0,0,1,1,1,1,1,1,0,0,1,0,1,1,1,1,1,0,0,1,0,0,0,1,0,1,0,0,1,1,1,0,1,0,0,1,1,0
1,0,1,1,0,0,0,1,0,1,1,1,0,0,0,1,1,1,0,0,1,1,0,1,1,1,1,0,1,1,1,0,1,0,1,1,0,0,0,1,1,1,0,1,1,1,0,1,0,1,1,0,1,1,0,1,1,0,0,1,1,0,1,1,0,0,0,0,1,1,1,0,1,1,0
1,0,1,1,0,0,0,1,0,1,0,1,0,0,0,0,1,1,0,0,0,0,1,1,0,0,0,0,1,0,0,1,1,0,1,0,1,0,1,0,1,1,0,1,1,0,1,0,0,0,1,0,1,0,0,1,1,1,0,1,1,1,1,0,0,0,0,1,1,1,1,0,0,1,0
1,1,1,0,0,0,0,1,0,0,1,0,1,0,0,0,1,1,0,0,0,0,0,0,1,0,1,0,1,0,1,0,1,1,1,1,1,0,1,0,1,1,1,1,0,0,0,0,0,1,0,1,1,0,0,1,0,1,1,0,0,1,1,0,1,1,0,1,0,1,1,0,1,1,1
1,0,0,0,1,1,0,1,1,0,1,0,0,0,0,1,1,0,1,1,0,1,0,0,0,1,0,1,1,0,1,0,1,0,0,1,0,0,0,1,1,0,0,1,0,1,0,0,1,0,1,1,1,1,0,1,0,1,1,0,0,1,1,0,1,0,0,1,1,1,0,1,0,1,1
1,1,1,1,0,1,1,0,1,1,0,1,0,0,1,1,0,0,1,1,1,1,0,0,0,1,1,1,0,1,0,1,0,0,0,1,0,0,1,1,1,0,1,1,1,0,0,1,0,1,1,1,1,1,0,1,1,0,1,1,0,0,1,0,0,1,0,1,1,1,1,1,0,1,0
1,1,1,1,1,0,0,0,0,1,1,1,0,0,1,1,1,1,1,0,0,1,0,1,1,0,0,1,1,1,0,0,0,0,1,1,1,0,0,1,1,0,0,1,1,0,1,1,0,0,1,1,1,1,1,0,1,0,0,0,1,1,1,0,1,1,0,0,1,1,0,0,0,1,0
1,0,0,1,0,0,0,1,0,0,0,1,0,0,1,1,0,1,0,1,1,1,1,1,0,0,1,1,0,0,0,1,0,0,1,1,0,1,0,1,1,0,1,1,1,0,0,0,0,1,1,1,1,0,1,0,0,1,0,1,0,0,1,1,1,0,0,0,1,1,1,0,0,1,0
1,0,1,1,1,1,0,0,0,1,1,1,1,0,0,0,0,0,1,0,1,1,0,1,1,1,0,0,1,0,0,0,1,0,1,1,1,0,1,0,1,1,1,1,1,0,1,0,0,0,1,1,1,0,0,1,1,0,0,1,0,0,1,0,1,1,0,0,0,1,1,0,1,0,0
0,1,1,1,0,1,0,1,0,1,1,0,1,0,0,0,1,1,1,1,1,1,1,1,0,1,0,1,1,1,0,0,0,1,1,0,1,1,1,0,1,1,0,1,1,0,1,0,1,1,0,0,1,0,0,1,0,1,0,0,0,0,0,0,1,0,0,0,0,1,0,0,0,1,0
0,0,0,1,0,0,0,1,0,0,0,1,0,1,0,1,1,0,1,0,1,1,1,1,0,0,0,1,0,0,1,0,1,0,1,0,1,1,1,1,1,0,0,1,1,1,1,1,1,0,1,1,1,1,0,1,1,0,0,0,1,1,0,0,0,1,0,1,0,1,0,0,0,1,1
1,0,1,1,1,0,0,0,0,0,0,1,0,0,0,1,0,1,0,0,1,1,1,1,0,0,0,0,1,0,1,0,0,0,0,1,0,1,1,0,1,1,0,1,1,1,1,0,1,1,1,1,1,1,1,1,0,0,0,0,0,0,0,0,1,1,1,1,0,1,0,0,1,1,0
0,0,0,1,0,1,0,1,0,0,1,0,0,0,1,1,0,1,0,0,0,1,1,1,1,1,1,0,1,1,0,1,0,0,1,1,0,1,0,1,0,0,0,1,0,0,1,0,0,0,1,0,1,1,0,1,1,0,0,0,0,1,1,1,1,1,1,1,1,1,0,1,1,1,1
1,1,1,0,1,1,1,1,1,1,0,1,1,0,0,1,1,0,1,0,0,1,1,1,0,1,0,0,1,0,0,1,1,1,1,1,0,1,0,1,0,0,0,1,0,1,0,1,1,1,1,1,1,1,1,1,1,0,0,1,0,1,1,0,1,0,1,1,0,0,0,1,0,0,1
1,1,1,0,1,1,0,0,0,0,0,1,0,0,1,0,1,1,0,1,0,0,1,1,0,0,1,0,0,0,1,0,0,0,0,1,1,0,0,1,1,1,1,1,1,0,1,0,0,1,1,0,1,1,0,1,0,1,1,0,0,0,1,0,0,1,0,1,0,0,0,1,1,1,0
1,0,0,1,1,0,0,1,0,0,0,1,0,0,0,1,1,1,0,0,1,1,0,1,0,0,0,0,1,0,0,1,1,0,0,0,1,1,1,0,0,1,1,1,0,1,1,0,0,1,1,1,1,1,1,1,0,1,1,1,0,0,1,0,1,0,0,0,0,1,1,1,1,0,1
1,0,1,0,1,0,0,1,1,0,1,0,1,0,1,1,1,0,0,0,0,1,1,1,0,0,1,0,0,1,0,0,1,0,1,0,1,1,1,1,1,0,0,1,1,0,0,1,0,0,1,0,1,0,1,0,1,1,1,0,0,1,1,1,1,0,0,0,0,1,1,0,0,1,0
1,0,1,1,1,1,0,0,0,0,0,1,1,0,0,0,1,1,0,1,0,0,0,1,0,1,1,1,0,0,1,1,1,1,0,0,0,0,1,0,1,1,1,1,0,1,0,0,0,1,0,1,1,1,0,1,0,0,1,0,0,0,1,0,1,0,1,0,0,0,1,0,0,1,0
0,1,1,0,1,1,0,1,0,0,0,1,0,0,0,0,0,0,1,0,1,1,0,1,0,0,1,0,1,1,1,1,0,0,0,0,0,1,1,0,0,1,0,1,0,1,1,0,1,1,1,1,1,1,0,0,1,0,1,1,1,0,1,0,1,0,0,0,1,0,1,1,0,1,1
1,0,1,1,1,0,0,0,1,0,0,0,0,0,0,0,1,0,1,0,0,1,0,1,0,1,0,1,0,1,1,0,0,0,1,1,1,0,0,1,1,1,1,1,0,0,1,0,1,1,0,0,1,0,1,0,0,0,0,1,0,1,0,0,0,1,1,1,0,1,1,1,0,1,1
1,0,0,0,1,0,0,0,0,0,0,1,0,0,0,0,1,1,0,0,1,1,1,1,0,0,0,0,1,1,0,0,1,0,0,0,0,1,0,0,1,1,0,1,1,1,1,0,1,1,1,0,0,1,0,0,0,1,1,1,1,1,1,0,0,1,1,1,0,1,1,0,1,1,1
1,0,0,0,0,0,0,1,1,0,1,1,0,0,1,0,1,0,0,0,0,1,0,1,0,0,0,1,0,1,1,0,0,0,1,1,1,1,0,1,1,1,0,1,0,0,0,1,0,1,1,0,1,1,1,0,1,0,0,0,0,0,1,1,1,0,1,1,0,0,0,1,1,0,0
0,1,0,1,0,0,0,1,0,0,1,0,1,0,0,1,1,1,0,0,1,1,0,1,0,0,1,1,0,0,1,0,1,0,1,1,0,0,1,0,1,0,0,1,1,0,1,1,0,1,1,1,1,1,0,1,1,0,0,0,0,0,1,1,0,0,0,1,0,0,1,0,1,1,0
1,1,0,0,0,1,0,1,0,1,1,0,1,0,0,0,0,0,1,0,1,1,0,0,1,1,1,0,1,1,0,1,1,0,0,0,0,0,1,0,1,1,0,1,1,0,0,1,0,0,1,1,0,0,0,1,1,0,1,1,0,1,1,1,0,0,1,1,1,1,0,0,0,1,0
0,0,0,1,0,0,0,1,0,0,0,0,1,0,0,1,0,1,0,0,0,1,0,1,0,0,0,0,0,0,1,0,1,0,1,0,1,0,0,0,1,0,1,1,0,1,0,0,1,0,0,1,1,0,1,1,0,0,1,1,0,1,1,1,1,0,1,0,1,0,1,1,0,0,1
0,1,0,1,0,0,0,1,1,1,0,1,0,0,0,1,1,1,1,1,1,1,0,1,0,1,1,1,1,0,0,0,1,0,0,1,0,1,1,0,1,1,1,1,1,1,0,1,0,0,0,1,0,1,0,1,0,1,0,1,1,1,0,0,0,1,0,0,0,1,1,0,0,0,0
1,1,0,1,1,0,0,1,0,1,1,0,0,0,1,0,0,0,0,0,1,1,1,1,0,1,0,0,0,0,0,1,0,0,1,0,1,0,1,0,1,1,1,1,1,0,0,1,0,1,1,0,1,0,0,1,0,0,1,1,0,1,1,0,0,0,0,0,0,1,1,0,1,0,1
0,0,0,1,1,1,0,1,0,1,0,0,0,1,0,1,0,0,0,1,0,1,0,0,0,1,0,1,1,1,0,0,1,0,1,1,1,1,0,1,1,0,0,1,1,1,0,0,0,1,1,1,1,1,1,1,1,1,1,0,0,0,1,0,0,1,1,1,0,1,0,0,0,1,0
1,1,1,0,1,0,0,1,0,0,1,1,0,0,0,1,1,1,0,0,0,1,1,1,0,0,0,0,0,0,1,1,0,0,0,0,0,0,1,0,1,1,1,1,0,1,1,1,1,0,1,0,1,1,1,1,1,0,1,1,1,0,1,0,1,0,0,0,0,1,0,1,0,1,1
1,0,0,1,0,0,0,1,1,0,0,1,0,0,0,0,1,0,1,0,1,1,0,1,0,0,1,0,1,1,1,0,1,1,0,0,0,1,0,1,0,0,0,1,0,1,0,0,0,1,1,1,1,1,0,1,1,1,1,0,0,0,1,0,0,0,0,1,0,1,0,1,0,1,0
1,0,0,0,1,1,0,1,1,0,1,0,0,0,1,0,0,0,0,0,0,1,1,1,0,0,1,0,0,1,1,1,0,0,1,1,1,1,0,1,0,0,0,1,0,1,0,0,0,1,1,1,1,0,0,1,0,0,0,1,0,1,0,0,1,1,1,1,1,1,1,0,0,1,0
1,0,0,0,1,0,0,1,1,1,0,1,0,0,1,0,1,0,0,0,0,1,0,0,1,0,1,1,0,1,0,0,0,0,0,1,0,0,0,1,1,0,0,1,1,1,0,1,0,1,1,0,1,0,0,0,0,1,1,1,0,1,0,1,1,0,1,1,1,1,0,1,1,1,1
1,1,0,1,0,1,0,1,0,1,0,1,0,1,0,1,1,1,1,1,1,1,1,1,0,0,0,0,0,0,0,0,0,0,1,1,1,0,1,0,1,1,0,1,1,0,1,0,1,0,1,1,1,1,0,1,0,0,0,0,1,0,1,0,0,1,0,1,1,1,0,0,0,1,0
1,0,0,0,0,1,0,1,0,0,0,0,0,0,0,0,1,0,0,0,0,0,1,1,0,1,0,1,0,0,0,1,1,1,0,0,1,0,1,0,1,1,0,1,0,1,0,0,1,0,1,0,1,1,0,1,1,1,1,1,0,1,1,0,1,0,0,1,1,1,1,0,0,1,0
1,0,0,1,1,1,0,1,0,0,1,0,1,0,1,0,0,1,0,1,0,1,0,1,1,0,1,1,0,1,1,1,0,0,1,1,0,1,1,0,1,1,0,1,0,1,0,0,1,1,1,1,1,1,1,1,0,1,0,1,0,0,1,1,1,0,0,0,1,1,0,1,0,1,0
1,0,1,0,1,0,0,0,0,0,0,0,0,1,0,1,0,0,1,0,1,1,0,1,0,0,1,0,0,1,1,0,1,1,1,0,0,0,1,0,0,1,0,1,1,0,1,0,0,1,1,0,1,0,1,0,0,0,1,1,0,1,1,1,1,0,0,0,1,1,0,1,1,0,0
0,1,1,0,0,0,0,1,0,0,0,1,1,0,0,1,1,1,1,0,1,1,0,1,0,0,1,0,1,1,0,0,1,0,1,0,1,1,1,0,1,1,1,1,1,1,1,1,0,0,1,1,0,1,0,0,1,1,0,0,1,1,1,1,1,0,1,0,0,1,0,1,0,0,1
0,1,0,1,1,1,0,1,1,0,0,0,0,0,0,1,0,1,1,1,1,1,0,1,1,0,1,0,0,0,1,0,0,0,0,0,0,0,1,0,1,1,0,1,0,1,0,1,0,0,1,1,1,0,0,1,1,1,1,0,0,1,1,0,0,0,0,0,0,1,0,1,1,1,0
1,0,0,0,0,1,0,1,0,1,1,1,1,0,0,0,1,0,1,1,1,1,1,1,1,0,1,1,0,0,0,0,1,0,1,1,1,1,0,0,0,1,0,0,0,1,0,0,1,0,0,1,1,1,1,1,0,1,0,0,1,1,1,0,1,1,1,0,1,1,0,0,0,0,0
1,0,1,1,1,1,0,1,1,1,1,1,1,0,1,0,1,0,1,0,1,1,1,1,0,0,0,1,0,1,1,0,1,0,0,0,0,0,0,1,1,1,1,1,0,1,0,0,0,0,1,0,1,1,0,0,0,1,0,0,1,0,1,0,1,0,0,1,0,1,1,0,0,0,0
1,0,0,0,0,1,0,0,0,0,0,0,0,0,1,0,1,0,0,0,0,1,0,1,0,1,0,1,1,0,0,0,1,0,0,0,1,0,0,1,1,1,0,1,1,1,0,0,0,1,1,0,1,0,0,1,0,1,1,0,0,0,1,0,0,1,0,0,0,1,0,0,0,0,0
1,0,0,1,1,0,0,1,0,1,1,1,0,0,0,0,1,0,0,1,1,1,0,1,1,1,1,1,1,0,0,0,1,0,1,0,0,0,0,0,0,1,1,1,1,0,0,0,0,1,0,0,0,1,0,1,0,1,0,0,0,0,1,0,1,0,1,0,1,1,1,1,0,1,0
1,0,0,1,1,0,0,1,1,1,0,1,0,0,0,1,0,0,1,1,0,1,0,0,1,1,1,1,1,1,0,1,1,1,1,0,0,0,0,1,1,0,0,1,0,1,0,0,0,0,1,1,1,1,1,1,0,0,1,0,1,1,0,1,1,0,0,0,0,1,1,0,1,0,0
1,1,1,0,0,0,0,1,1,1,0,0,0,0,0,1,1,1,0,0,0,1,1,1,0,1,1,0,0,0,1,0,1,0,1,0,0,0,0,1,1,0,0,1,1,1,1,1,1,1,1,1,1,0,1,0,1,1,1,0,0,1,0,0,0,0,1,1,1,1,0,0,0,1,1
1,1,1,0,0,1,0,0,0,0,0,1,1,0,0,0,1,1,0,1,0,1,0,1,0,0,1,1,1,0,0,1,0,0,0,0,0,0,1,0,1,1,0,1,1,1,1,1,0,0,0,1,1,1,0,1,1,0,1,0,0,1,1,0,1,1,0,1,1,1,0,0,1,1,0
1,0,0,0,0,0,0,1,1,1,0,1,0,0,0,1,1,1,1,1,0,1,0,0,0,0,1,0,1,1,1,0,1,0,1,1,1,1,0,0,1,1,1,1,0,1,1,0,0,0,1,1,1,1,0,1,0,1,1,1,1,1,0,0,0,1,0,0,1,1,1,1,0,0,0
1,0,0,0,1,1,0,0,1,0,0,1,0,1,0,1,1,1,0,0,1,1,1,1,1,0,1,0,1,0,0,0,1,0,1,1,1,1,0,1,0,1,1,1,1,0,0,0,0,1,0,1,1,1,0,1,0,0,0,0,0,1,1,1,1,1,0,0,1,1,1,0,1,1,0
1,0,0,0,0,1,0,1,0,1,1,1,0,0,0,1,1,1,0,0,0,1,0,1,0,1,1,0,1,1,0,0,1,0,1,0,1,1,1,0,1,1,0,1,1,0,0,0,0,1,0,1,1,1,0,0,0,0,1,0,1,0,0,0,0,0,0,1,0,0,0,0,1,1,0
1,0,1,0,1,0,0,1,1,0,1,1,0,0,1,1,1,1,1,0,1,1,0,0,0,1,1,0,0,1,1,0,0,0,1,0,0,1,1,0,0,1,0,1,1,0,1,1,1,0,1,0,0,1,0,0,1,1,1,1,1,1,1,0,0,1,0,0,1,1,0,1,1,1,0
1,0,0,1,1,1,0,1,0,0,0,1,1,0,1,0,1,1,0,0,1,1,0,1,1,0,1,1,0,1,0,1,0,0,0,0,0,1,0,0,1,1,0,1,0,1,1,0,1,1,1,1,1,0,0,0,0,1,1,1,1,0,1,1,1,0,1,0,0,1,0,0,0,0,0
1,0,0,1,0,0,0,1,0,1,0,0,0,0,0,1,1,0,1,0,1,0,1,1,1,1,1,0,1,0,0,0,1,1,1,0,0,1,1,0,1,0,1,1,1,0,0,0,1,0,1,1,1,1,0,1,0,1,1,1,0,0,1,0,1,0,0,0,0,1,1,0,0,1,0
1,0,0,0,1,1,0,1,0,0,1,1,0,0,0,1,1,0,0,0,1,1,1,1,0,0,1,0,0,1,1,0,0,0,1,0,0,0,0,0,1,0,0,1,0,1,1,0,1,1,1,0,1,0,1,0,0,0,1,1,0,0,1,1,1,0,0,1,1,1,0,1,0,0,1
1,0,0,0,1,0,0,1,0,0,0,1,1,0,0,1,1,1,0,0,0,1,0,1,0,1,1,0,0,1,1,1,1,0,1,0,0,0,1,0,1,1,0,1,0,1,1,0,1,0,0,1,1,1,0,1,0,1,0,1,1,0,1,0,1,0,0,1,1,1,0,0,0,0,0
1,1,0,1,1,0,1,1,0,0,0,0,0,0,0,0,0,0,1,0,1,1,1,1,0,1,1,1,0,1,1,1,0,0,0,0,1,0,1,0,1,0,1,1,1,1,0,1,1,1,1,1,1,1,0,1,0,0,0,1,1,0,1,1,1,0,0,0,1,1,1,1,0,1,1
1,0,0,1,1,0,1,1,0,1,1,0,0,0,0,1,1,1,0,1,0,0,1,1,1,1,1,0,0,0,0,1,0,0,1,1,0,1,1,1,1,0,0,1,0,0,0,0,1,1,1,1,1,0,1,1,1,1,0,1,0,0,0,0,1,0,0,1,1,1,1,0,1,1,1
1,1,0,1,1,1,0,0,0,1,0,1,1,0,0,1,0,1,1,1,0,0,0,0,0,1,1,0,0,0,0,0,0,1,1,0,0,1,1,0,1,0,1,1,1,0,0,1,0,1,1,1,1,1,1,1,1,1,0,1,0,1,1,0,1,1,0,0,1,1,1,0,1,1,0
1,0,1,1,0,1,0,0,0,0,0,1,0,0,0,1,1,0,0,0,0,1,1,1,0,1,0,1,0,1,1,0,1,0,1,0,1,1,1,0,1,0,0,1,1,1,0,0,0,1,1,1,1,1,0,1,0,0,0,0,1,0,1,0,1,0,0,0,1,1,0,1,1,1,0
1,0,1,1,1,1,1,1,0,1,1,1,0,0,1,1,0,0,0,0,0,1,1,1,0,1,1,1,0,0,1,0,0,0,1,1,1,1,0,1,1,0,0,1,1,0,0,0,0,1,0,1,1,1,0,1,0,1,1,1,1,1,0,0,1,0,0,0,1,0,1,0,0,0,0
1,0,0,0,1,0,1,1,0,0,0,1,1,0,1,1,1,1,1,0,1,1,1,1,0,0,1,1,0,0,0,1,0,1,0,1,0,1,0,1,1,1,0,1,0,0,0,0,0,1,0,0,1,0,1,1,0,0,0,0,0,0,0,0,1,0,1,0,0,1,0,0,1,1,0
1,0,0,0,1,0,0,1,1,0,1,0,0,0,1,0,1,1,1,0,0,1,0,1,1,1,1,1,0,1,1,1,0,0,0,0,1,0,0,0,0,1,1,1,0,0,1,0,0,0,1,1,1,0,0,0,0,0,1,1,0,1,1,1,0,0,0,1,1,1,1,1,1,1,0
1,0,0,0,1,1,1,1,1,0,0,0,0,0,0,0,1,0,0,0,0,1,1,1,0,1,0,1,1,1,0,1,1,1,1,0,1,1,1,0,1,1,0,0,0,1,0,0,1,1,1,0,1,0,1,0,0,1,1,0,0,0,1,0,1,0,0,1,1,1,0,0,0,1,1
1,0,0,1,1,0,1,0,1,0,0,1,0,0,0,1,1,1,1,0,0,0,1,1,1,1,1,1,1,1,1,1,1,0,1,0,1,0,0,1,1,0,0,1,0,0,1,0,0,1,0,0,1,0,1,0,1,0,1,0,1,1,1,0,0,1,1,1,0,1,1,0,1,0,0
1,0,0,0,1,0,0,1,1,1,1,1,0,1,1,0,1,1,0,0,0,1,1,1,0,0,0,0,1,0,1,0,0,0,1,1,1,0,1,0,1,1,0,1,0,1,0,0,1,0,0,0,1,0,1,1,0,1,0,0,1,0,0,0,0,0,0,1,0,1,0,0,0,0,0
1,1,0,1,0,1,1,1,0,0,0,1,1,0,0,1,1,1,0,0,1,0,1,1,1,1,1,1,1,0,1,1,1,1,1,0,1,0,1,0,1,0,1,1,0,1,0,0,0,1,0,0,1,0,1,0,1,1,0,1,0,1,1,0,1,0,1,1,0,1,1,0,1,1,0
1,0,0,1,0,1,0,1,0,0,0,0,1,0,1,1,1,1,0,0,1,0,1,1,1,1,1,0,0,1,1,0,0,0,1,0,1,0,1,0,1,0,1,1,0,1,1,0,0,0,0,0,1,0,1,1,0,0,0,1,0,1,1,0,0,0,1,0,0,0,1,1,1,1,0
1,0,1,1,1,0,0,1,0,1,0,1,0,0,0,0,1,0,1,1,0,1,1,1,0,1,0,0,0,1,1,0,0,1,0,0,0,1,1,0,1,1,0,1,0,0,0,1,1,1,1,0,1,0,1,1,1,1,0,0,1,0,0,0,1,0,0,0,0,1,0,1,0,1,1
0,0,0,0,0,0,0,1,0,1,1,1,0,0,0,1,1,1,1,0,0,1,0,0,0,0,1,1,1,1,1,1,0,0,0,0,1,1,0,1,1,0,0,1,0,0,1,1,1,1,1,0,1,1,0,1,1,0,1,0,0,0,1,0,1,0,1,1,1,1,0,0,0,1,1
1,1,1,0,0,1,0,1,1,0,1,1,0,0,0,0,1,1,1,0,1,0,0,1,0,1,1,0,1,0,1,1,1,1,1,0,1,0,1,0,1,1,0,1,1,0,1,0,0,1,1,1,1,0,0,1,0,0,0,0,0,1,1,0,0,0,1,1,0,1,1,0,1,0,1
1,0,1,1,0,0,0,1,0,0,0,0,1,0,0,0,1,0,0,1,0,1,0,1,0,0,1,1,1,0,1,0,1,0,0,0,0,1,1,0,1,1,0,1,0,1,0,0,1,0,1,1,1,0,1,1,0,1,1,1,0,1,1,1,0,0,0,1,0,1,1,1,0,0,0
1,0,1,0,1,0,0,1,0,1,0,0,0,0,0,0,0,0,0,0,0,1,0,1,0,1,1,1,0,1,1,0,1,1,0,0,1,1,1,0,1,0,0,1,1,0,0,0,1,1,1,1,1,0,1,1,1,0,1,0,0,0,1,0,0,1,1,0,1,1,0,1,1,1,0
1,0,1,1,1,0,0,0,0,0,0,1,0,0,1,1,1,0,1,1,1,1,0,0,0,1,1,1,0,0,1,0,0,0,1,0,1,0,1,0,1,0,0,1,0,1,0,1,0,1,1,1,1,0,1,1,1,1,0,1,1,0,1,0,0,1,0,1,0,1,0,0,1,0,1
1,0,0,0,0,1,0,1,0,1,1,1,1,0,0,1,1,1,0,0,1,1,1,1,0,1,0,0,0,1,1,0,0,0,1,0,0,1,1,0,1,1,0,1,0,1,0,1,1,1,1,0,1,1,0,1,1,1,1,1,0,0,1,1,1,0,0,0,1,1,0,0,0,1,1
1,0,0,0,1,1,1,1,0,1,1,0,0,0,1,1,1,1,0,0,1,1,0,0,1,1,1,1,0,1,0,0,0,1,1,1,1,0,0,1,1,0,0,1,0,1,0,1,0,1,0,1,1,1,0,1,1,0,1,0,0,0,1,1,1,0,1,0,1,1,0,1,0,1,0
1,0,0,1,1,0,0,1,0,1,1,0,0,0,0,1,0,0,0,0,0,1,1,1,1,1,1,1,1,1,0,0,1,0,0,1,1,0,0,1,1,0,0,1,1,1,0,1,1,1,1,0,1,1,0,0,1,0,0,0,0,0,0,0,0,0,0,0,1,1,0,1,1,1,0
1,1,1,1,1,0,0,0,1,1,0,1,1,0,1,1,1,1,0,0,1,1,0,1,0,1,0,1,1,1,1,1,0,0,1,0,1,0,1,0,1,1,0,1,1,1,0,0,0,1,1,1,1,0,1,0,1,1,0,0,1,0,1,0,1,1,0,0,0,1,0,0,1,1,0
1,1,1,0,0,1,0,0,0,1,0,1,0,0,0,1,1,0,0,1,0,0,0,1,0,1,1,1,0,1,0,0,0,0,0,0,1,0,0,1,1,0,0,1,1,0,0,0,1,1,1,0,1,1,1,0,0,1,1,1,0,0,1,0,1,0,0,0,1,1,0,1,0,1,0
1,0,0,1,1,1,0,1,0,0,1,1,1,0,0,0,0,0,0,0,1,1,1,1,0,1,1,0,0,1,1,1,1,0,1,0,0,1,1,0,1,1,1,1,0,1,0,0,0,1,1,0,1,0,1,1,0,0,1,1,1,0,0,1,0,0,1,1,1,1,1,1,0,0,0
1,0,0,0,1,0,0,0,0,0,0,0,0,0,1,1,1,0,0,1,1,1,0,1,0,0,1,0,1,1,1,0,1,0,1,0,1,1,1,1,1,0,1,1,0,1,0,0,1,1,1,1,0,1,0,1,0,0,0,0,0,1,1,1,0,1,1,0,1,1,1,0,1,0,0
1,0,1,1,0,1,0,1,0,1,0,1,0,0,1,1,1,0,0,1,0,1,0,1,1,0,1,0,1,0,0,1,1,1,0,1,1,0,1,0,1,1,1,1,1,1,0,0,1,1,1,1,1,1,0,1,0,0,0,1,0,0,0,1,0,1,0,1,1,1,1,0,0,1,1
0,0,0,1,1,1,0,1,0,0,1,0,0,0,0,1,1,0,0,0,0,1,1,1,0,1,1,1,1,0,1,0,1,0,1,0,0,1,0,1,1,0,0,1,0,1,1,0,0,1,1,0,1,0,1,1,0,0,0,1,0,1,1,1,0,0,1,1,1,1,1,1,1,0,0
1,0,0,0,1,0,1,1,0,1,1,0,0,0,0,1,1,0,1,0,1,1,0,1,1,1,1,1,1,0,0,0,0,0,0,1,0,1,0,0,1,1,0,1,1,0,0,0,1,0,1,1,1,1,0,1,0,1,0,0,0,1,1,0,0,0,1,0,0,1,0,0,0,0,0
1,1,0,1,0,0,0,1,1,0,0,0,1,0,0,1,1,1,0,1,1,0,0,0,0,0,0,1,1,1,0,1,0,0,1,0,0,0,0,1,0,1,0,1,0,1,1,0,0,0,0,1,1,0,1,1,0,0,0,1,0,1,0,0,1,1,1,1,1,1,0,1,1,0,0
0,0,1,1,1,1,0,1,0,0,0,1,0,0,1,1,1,0,0,0,0,1,0,0,0,1,1,1,0,0,1,1,0,0,1,0,1,1,0,1,1,0,1,1,0,1,0,1,0,0,1,1,1,0,0,1,1,1,0,0,1,1,1,0,0,0,1,1,0,1,1,0,0,1,0
1,0,1,0,1,0,0,1,0,0,0,1,1,1,1,0,1,0,1,0,1,0,0,1,1,0,1,1,1,0,0,0,0,0,1,0,1,0,1,0,1,1,0,1,1,1,1,0,0,1,1,1,1,1,0,0,0,0,0,0,1,0,1,0,0,1,1,1,1,1,0,1,0,1,1
1,0,1,0,1,0,0,1,0,1,0,1,0,0,0,0,1,0,0,0,0,1,0,1,0,1,1,0,1,0,1,1,1,1,0,1,0,1,1,0,1,1,0,1,0,0,1,0,1,1,1,1,1,0,0,1,0,1,1,1,1,0,1,0,0,1,1,1,0,1,0,1,0,1,1
1,0,0,1,0,0,0,1,1,1,0,1,0,0,0,0,0,1,0,1,0,1,0,1,1,1,1,0,1,0,1,0,1,0,0,0,1,0,0,0,0,1,1,1,1,1,1,0,0,1,1,1,1,0,1,1,1,0,1,1,0,1,1,0,0,0,1,1,0,1,0,0,1,1,0
0,0,0,1,1,1,1,1,0,0,1,1,1,1,0,1,1,0,0,1,1,0,0,1,0,0,1,1,1,0,1,1,1,0,0,0,0,0,0,0,1,0,1,1,1,1,0,0,1,1,1,0,1,1,1,1,1,1,1,1,0,0,1,0,1,0,1,0,1,1,1,1,0,0,0
1,0,0,0,1,1,1,1,1,0,1,1,0,0,0,1,1,0,1,0,0,1,1,1,1,0,0,0,1,0,1,1,1,0,0,1,0,1,1,1,1,1,0,0,0,0,0,0,1,1,1,0,1,1,1,1,1,1,1,1,1,0,1,0,1,0,1,0,0,1,0,1,0,1,1
1,1,1,0,0,0,0,1,0,0,0,0,1,1,0,0,1,0,0,0,1,1,0,1,1,0,1,1,0,1,1,1,1,0,0,0,1,1,1,0,1,1,1,1,0,1,0,1,0,0,1,1,1,0,0,1,1,1,1,1,0,0,1,1,1,0,0,0,0,1,1,1,0,1,0
1,1,1,0,1,0,0,1,0,0,1,0,1,0,0,0,0,0,1,0,1,1,0,1,0,0,0,1,1,0,1,1,1,0,0,0,1,1,1,0,1,1,0,1,0,1,1,0,0,1,1,1,1,0,0,1,0,1,1,0,0,0,0,0,1,0,0,0,1,1,0,0,0,1,0
0,1,1,1,0,0,0,1,0,0,0,1,0,0,0,1,1,0,0,1,0,1,0,1,0,0,1,1,1,0,1,1,1,0,0,0,0,0,1,0,1,0,0,1,1,1,0,0,0,0,1,1,1,0,1,1,0,1,0,0,0,1,0,0,1,0,0,0,1,1,1,0,0,0,1
1,1,0,1,1,1,0,1,0,1,0,1,1,0,1,1,0,1,1,0,0,1,0,1,1,1,1,0,0,1,1,1,0,1,1,1,1,1,0,1,1,0,1,1,1,0,0,0,1,0,0,1,1,1,1,0,1,0,0,1,1,0,0,1,0,0,0,1,1,1,1,1,0,1,1
1,1,1,1,1,1,0,1,0,0,0,1,0,0,0,0,0,1,0,0,0,1,1,1,0,0,1,1,0,0,1,0,0,0,0,0,0,1,0,1,0,1,0,1,1,1,0,0,1,0,1,0,1,1,0,1,0,0,1,0,1,1,1,1,1,0,0,0,0,1,0,0,0,1,1
0,1,1,1,1,0,0,1,0,0,1,0,1,0,1,0,0,1,0,1,0,0,0,1,0,0,0,0,1,0,0,1,1,0,0,0,1,1,0,0,0,1,1,1,1,1,1,0,1,1,1,0,1,0,0,0,0,1,1,1,0,0,1,0,1,0,1,0,0,0,1,0,0,0,0
0,1,0,1,0,0,0,1,1,0,0,0,0,0,0,0,0,0,0,1,0,0,0,1,0,1,1,1,1,1,1,1,1,0,0,0,1,0,0,1,1,0,1,0,0,0,0,0,1,1,1,0,1,1,0,1,1,1,0,0,0,0,0,0,0,0,0,0,1,1,0,1,0,1,0
0,1,0,0,0,0,1,1,1,0,1,1,0,1,1,0,1,1,1,0,0,1,1,1,0,0,0,0,1,0,1,0,1,1,1,1,0,1,0,1,0,0,0,1,1,0,0,0,1,1,1,0,1,1,0,1,0,0,0,1,1,1,1,1,1,0,0,0,1,0,0,1,0,0,0
1,1,1,0,1,0,0,0,1,0,0,1,0,1,1,0,0,0,1,1,1,1,1,1,0,0,0,1,1,0,0,0,1,0,0,1,1,1,0,1,0,0,1,1,1,1,0,1,0,1,1,1,1,0,0,1,1,1,1,1,1,0,1,0,1,1,1,1,0,1,1,1,1,1,1
1,0,1,0,0,0,0,1,0,0,0,1,0,0,0,1,1,0,0,1,0,1,1,1,1,1,1,0,1,0,0,0,1,0,1,1,0,0,0,1,0,0,0,1,1,1,0,1,1,0,1,0,1,1,1,1,1,0,1,0,0,0,1,0,1,0,0,0,1,1,0,1,0,1,0
1,0,1,0,0,1,0,0,1,1,0,1,0,0,0,1,1,0,0,0,1,1,0,1,0,1,1,1,0,1,0,1,0,0,0,0,1,1,1,0,1,1,0,1,1,0,0,1,0,1,1,1,0,1,0,1,1,0,1,0,0,1,1,1,0,1,1,1,0,1,0,1,0,1,1
1,0,1,1,0,0,1,1,0,0,1,0,1,0,0,0,0,1,0,0,1,1,1,1,0,1,0,1,1,0,1,1,1,0,1,0,1,0,1,0,1,0,0,1,0,1,1,1,0,0,1,0,1,0,0,1,1,1,1,0,0,0,0,0,1,0,0,0,1,1,0,1,0,1,0
1,0,0,0,0,1,1,1,0,1,0,1,1,0,1,1,1,0,1,0,1,1,1,1,0,0,1,0,1,1,1,1,1,0,1,1,1,1,0,1,1,0,0,1,1,0,0,0,1,0,1,0,1,1,0,1,0,1,1,0,1,1,1,1,0,0,0,0,0,1,0,0,0,1,1
1,1,0,1,1,0,0,1,0,0,1,0,0,0,0,0,1,1,0,0,1,1,0,0,0,1,1,1,1,0,1,1,1,0,0,0,1,1,1,0,1,1,0,1,1,1,1,0,1,1,0,0,1,0,0,0,0,1,1,0,0,1,1,0,1,0,0,0,0,1,0,0,0,0,0
1,0,1,1,1,1,0,1,0,0,1,1,0,0,0,0,1,0,0,0,1,0,1,1,1,0,0,0,1,1,0,1,0,0,1,0,1,1,0,0,1,1,0,1,1,1,0,0,1,1,1,0,1,1,0,1,0,1,0,1,0,0,1,0,1,0,1,0,0,1,1,1,0,1,0
1,0,0,0,0,0,1,1,0,1,1,1,1,0,0,0,1,1,1,0,1,1,1,1,0,0,0,1,1,0,1,0,0,0,0,0,1,0,1,0,1,1,0,1,1,0,0,0,0,0,1,1,1,0,0,1,0,1,1,0,1,1,1,1,1,0,0,0,1,1,0,0,0,1,0
1,1,0,0,0,0,1,1,1,1,1,0,0,1,0,1,0,0,0,0,1,0,0,1,0,1,1,0,0,0,1,0,1,0,1,1,1,1,0,1,0,0,1,1,0,1,0,0,0,1,1,0,1,1,1,1,0,1,0,0,0,1,0,0,0,0,0,1,0,1,1,0,1,0,0
1,0,0,1,0,1,1,1,1,0,1,1,0,0,1,1,1,1,0,0,1,0,1,1,0,1,1,0,0,0,1,0,0,1,0,0,0,1,1,0,1,0,0,1,1,0,1,0,0,1,1,1,1,1,1,0,0,1,0,1,0,1,0,0,1,0,0,0,0,1,0,0,0,0,0
1,1,0,1,1,0,1,1,1,1,1,1,1,0,0,1,1,0,0,0,0,1,1,1,0,0,0,0,1,1,0,0,1,0,1,0,1,0,1,0,1,0,1,1,1,1,1,0,0,0,0,0,1,0,1,0,1,0,0,1,0,1,1,0,1,1,1,0,1,1,1,1,1,0,0
1,0,0,1,1,0,0,0,1,0,0,1,0,0,0,0,0,1,1,0,0,0,1,1,1,0,1,0,1,0,0,0,1,0,1,1,0,0,0,1,1,0,0,1,1,1,1,0,0,1,0,0,1,0,0,1,0,1,0,0,0,1,1,0,0,1,0,0,1,1,0,0,1,1,1
1,0,1,0,1,1,0,1,0,1,0,1,0,0,1,0,1,0,0,0,1,1,0,1,0,0,1,1,0,0,0,0,0,0,0,1,1,1,0,1,0,1,0,1,0,1,0,1,0,0,1,1,1,1,0,1,1,0,1,1,1,1,1,0,1,0,0,0,0,1,0,0,0,1,1
1,0,1,0,0,0,0,1,0,0,1,0,1,0,0,1,1,1,0,0,0,1,0,0,0,0,1,0,1,0,1,0,1,0,1,0,1,1,0,0,1,1,0,1,0,1,0,0,1,0,1,1,1,1,0,1,0,0,1,0,0,1,1,0,1,0,1,1,0,1,0,0,0,0,1
1,0,0,1,0,0,0,1,0,1,0,0,1,0,0,1,1,0,1,0,0,1,0,1,0,0,0,0,0,0,0,1,1,0,0,1,0,0,0,1,1,0,1,1,1,0,1,0,0,0,1,1,1,1,0,0,0,0,0,1,0,0,0,1,1,0,0,0,1,1,1,0,0,1,1
1,0,0,0,1,1,0,0,1,0,0,1,0,1,1,0,1,0,0,0,0,0,1,1,1,1,1,1,0,1,0,1,0,0,1,1,0,0,0,1,0,0,0,1,1,0,0,0,1,1,1,0,1,0,0,0,0,1,1,1,1,1,1,0,1,0,1,1,1,1,1,1,0,1,0
1,0,1,1,0,0,0,1,0,0,1,1,0,0,1,0,1,0,0,1,1,1,0,1,0,0,1,1,1,1,0,1,1,1,1,0,0,0,1,0,0,1,0,1,0,1,0,1,1,1,1,0,1,0,0,1,1,1,1,0,1,0,1,0,0,0,0,1,0,1,0,1,0,0,0
1,1,1,1,0,0,0,1,0,0,0,0,0,0,0,0,0,0,0,0,1,1,0,1,0,1,1,1,1,0,1,1,1,0,0,0,1,0,0,1,1,1,0,1,1,0,0,1,0,1,1,1,1,0,0,0,1,1,0,1,0,0,0,0,1,1,0,0,0,1,1,1,1,1,0
0,0,0,1,0,1,0,0,1,0,0,0,0,0,0,0,0,1,0,1,0,0,1,1,0,0,1,0,1,0,0,0,0,0,1,0,0,1,0,0,0,0,0,1,1,1,1,1,0,0,0,0,1,1,1,1,1,1,1,0,0,1,1,0,0,1,0,1,1,1,0,0,1,1,1
1,0,0,1,1,0,0,1,0,1,0,0,0,0,0,1,1,0,0,1,1,1,1,1,0,1,1,0,1,0,1,0,1,0,1,0,1,0,1,0,1,0,1,1,0,0,0,1,1,1,1,0,1,1,0,0,0,1,0,1,0,1,1,0,0,0,0,0,1,1,0,1,0,1,0
1,1,0,0,0,0,0,0,1,0,0,0,0,0,0,1,0,1,0,0,1,1,0,1,0,0,0,1,1,0,0,0,1,0,0,1,1,1,1,1,1,0,1,1,1,0,1,1,0,1,1,1,1,0,1,1,1,1,1,0,0,0,1,0,1,1,0,1,1,1,0,0,0,1,0
1,1,1,0,1,1,0,1,1,1,0,1,1,0,1,0,0,1,1,0,1,0,1,1,1,1,1,1,1,1,1,0,1,0,1,1,1,0,0,1,1,1,0,1,0,1,1,0,0,0,1,1,1,0,0,0,1,0,1,0,1,1,1,0,0,0,0,1,1,1,1,0,1,1,0
0,0,0,0,1,0,1,1,1,0,1,1,0,1,1,1,1,0,1,1,1,0,0,0,0,1,1,1,1,0,1,0,1,0,0,0,0,0,0,0,0,0,0,1,0,0,0,0,1,1,1,1,1,1,0,0,0,1,1,0,0,0,0,0,1,0,0,1,1,0,0,1,0,1,1
1,0,0,1,0,1,0,1,0,0,0,1,0,0,1,0,0,1,0,1,0,1,1,1,1,1,1,0,0,1,1,0,0,0,1,1,1,1,0,1,1,0,0,1,0,1,1,0,1,1,1,0,1,1,0,1,0,0,0,1,1,1,1,0,1,0,0,0,1,1,1,1,0,1,1
1,0,1,0,1,0,0,1,0,1,1,0,0,1,1,1,0,0,0,0,1,1,1,1,0,0,1,0,0,0,1,0,0,0,0,0,0,0,0,0,0,1,0,1,0,1,0,0,0,1,1,1,1,0,1,1,1,1,0,1,0,1,0,0,1,0,1,0,1,1,0,0,0,0,0
0,1,0,1,1,0,0,1,1,0,0,1,0,1,1,0,1,1,0,0,0,1,0,1,0,0,1,0,1,0,0,0,0,0,1,1,1,0,0,0,0,1,1,1,1,1,1,0,0,0,1,1,1,1,0,1,0,1,0,1,1,1,1,0,1,0,1,0,1,0,1,0,1,1,0
1,0,0,0,1,0,0,1,1,1,0,0,0,0,1,1,1,1,1,0,1,1,0,1,0,1,1,1,1,0,0,0,1,0,0,0,1,0,0,1,1,0,0,1,1,1,1,1,1,1,1,1,0,0,1,0,1,0,1,1,1,0,0,1,0,1,1,0,1,1,0,0,1,1,0
1,0,0,1,1,0,0,0,0,0,0,1,1,0,1,0,1,0,0,0,0,1,0,0,0,1,0,1,0,1,0,0,0,0,1,0,1,1,1,0,1,0,0,1,0,1,0,1,0,1,1,1,1,1,0,1,0,1,0,1,1,0,1,0,0,1,0,1,1,1,0,1,0,1,0
0,0,1,0,1,0,0,0,0,1,0,0,0,0,0,1,0,1,1,1,1,1,0,1,0,0,1,0,1,0,0,1,1,0,1,0,0,0,0,0,0,0,0,1,1,0,1,0,1,0,1,1,0,0,1,1,0,0,1,0,0,1,1,0,0,1,0,1,0,1,1,1,1,1,0
1,1,0,1,0,1,0,1,1,0,1,1,1,0,1,0,1,1,0,0,1,1,0,1,1,1,0,1,0,1,0,1,0,0,1,0,1,1,0,0,1,0,0,1,1,0,0,0,0,0,0,1,0,1,0,0,0,0,0,0,1,1,1,1,0,0,0,1,1,1,1,1,0,1,0
1,0,1,1,1,1,1,1,0,1,1,1,0,0,1,0,1,1,1,0,1,1,1,1,0,1,1,1,0,1,1,1,0,0,1,1,1,0,0,1,1,0,1,1,0,1,1,0,0,1,0,0,1,1,0,1,0,0,0,0,1,1,0,0,0,1,1,0,1,1,0,0,0,0,1
1,1,0,1,1,0,0,0,0,0,0,1,0,0,0,1,1,0,0,0,1,1,0,0,1,1,0,1,0,0,1,0,1,0,1,1,0,1,0,1,1,0,1,1,1,0,0,1,0,1,0,0,1,1,0,1,1,1,0,0,0,1,1,0,1,1,0,0,1,1,1,0,1,0,0
1,0,1,0,1,1,1,0,0,0,0,0,0,0,0,1,0,0,0,0,1,1,1,1,0,0,0,1,1,0,0,0,1,0,0,0,0,1,0,0,1,0,1,1,0,1,0,0,1,1,1,0,1,0,1,1,0,1,1,0,1,1,1,0,0,1,0,0,1,1,0,1,0,1,0
1,0,0,0,1,1,0,1,0,0,0,1,0,1,0,0,1,0,1,0,1,1,0,1,0,1,1,1,0,1,1,1,0,0,0,0,1,1,0,0,1,1,1,1,0,1,0,0,1,0,1,1,1,1,1,1,0,1,1,1,1,0,1,0,1,0,1,0,1,1,1,1,0,1,0
1,0,0,0,1,0,1,1,1,1,0,1,1,1,1,1,0,1,0,0,1,1,0,1,0,0,1,0,0,0,1,1,1,0,0,0,1,0,0,1,0,0,1,1,0,1,1,0,0,0,0,1,1,0,1,0,1,0,1,0,0,1,1,0,1,0,0,1,1,1,1,0,1,1,1
0,1,0,1,0,0,0,1,0,0,1,1,0,1,0,1,1,0,0,0,0,1,0,1,0,1,0,1,1,0,1,1,1,0,0,0,1,0,1,0,1,0,1,1,0,1,0,0,0,1,0,1,1,0,1,1,1,1,1,1,0,0,1,0,1,1,0,1,1,1,1,1,1,1,0
1,1,0,0,0,1,0,1,0,0,0,1,0,1,0,0,0,0,1,0,0,1,1,1,0,0,1,1,0,1,1,1,1,0,0,0,0,0,1,0,1,0,1,1,1,1,1,0,0,1,1,0,1,1,0,1,0,0,0,1,0,0,0,0,1,0,0,0,1,1,1,1,1,1,0
1,1,0,0,1,1,0,1,0,1,1,1,1,0,0,0,1,1,0,0,0,0,0,1,0,0,1,0,0,1,0,1,1,1,1,0,1,1,1,0,1,0,0,1,1,0,0,0,0,0,1,1,1,0,1,1,0,1,1,1,1,1,1,0,1,0,0,0,1,1,1,1,0,1,0
1,0,1,0,0,1,0,1,1,1,1,0,0,1,1,1,0,0,1,0,1,1,0,1,1,1,0,1,0,0,1,1,0,0,1,1,0,0,0,1,1,0,1,1,0,0,0,0,1,0,1,1,1,0,1,0,0,1,1,1,0,1,1,0,1,0,1,0,1,0,1,0,0,1,1
1,1,0,0,1,0,1,1,0,0,1,1,0,0,0,1,0,0,1,1,1,1,1,1,1,1,0,0,1,1,0,0,0,0,1,0,1,1,0,0,1,0,0,1,1,0,0,1,1,0,1,1,1,1,1,1,1,0,1,1,1,1,0,0,1,0,1,0,1,1,0,1,0,0,1
1,0,1,1,1,0,1,1,0,1,0,1,0,0,0,1,1,1,1,0,0,1,1,1,0,1,1,1,1,0,1,1,1,0,1,0,0,1,0,0,1,0,1,1,1,0,0,0,1,1,1,0,1,1,0,1,0,1,0,0,0,0,1,0,1,0,1,0,0,1,1,0,0,1,1
1,0,0,1,0,0,0,0,1,1,0,1,0,0,0,0,0,0,0,0,0,0,0,1,0,0,0,0,1,1,0,1,1,1,1,0,1,1,0,0,1,0,1,1,0,1,0,0,0,1,1,1,1,1,0,0,0,1,0,0,0,1,1,0,0,1,1,1,1,0,0,1,0,1,0
1,0,1,1,0,1,1,1,0,1,0,1,1,0,0,0,1,1,1,1,0,1,0,1,0,0,1,0,0,0,1,1,1,0,0,1,0,1,1,0,1,1,0,1,0,1,1,0,0,1,1,1,1,1,0,1,0,1,1,0,1,0,1,0,1,0,0,0,0,1,0,0,0,0,0
0,0,1,1,1,0,0,0,1,1,0,0,0,0,1,1,1,1,0,0,1,1,0,1,0,1,1,1,1,0,1,1,1,0,1,1,1,0,0,1,1,0,0,1,0,1,0,0,1,1,1,0,1,0,1,0,0,1,0,0,0,0,1,0,0,1,1,1,1,0,0,1,0,1,0
1,0,0,0,1,1,0,0,0,0,0,0,0,1,0,1,1,0,0,1,1,1,1,1,0,1,0,1,1,0,1,1,1,0,1,1,1,0,0,1,1,0,0,1,1,1,0,0,0,1,1,0,1,1,0,1,1,1,0,0,0,0,0,0,0,1,0,1,1,1,0,1,0,0,0
1,1,0,1,1,0,0,1,1,1,0,1,0,0,1,1,1,1,0,1,1,1,0,1,0,1,1,0,0,1,0,0,0,0,1,1,1,0,0,1,0,0,1,1,1,1,1,0,0,0,1,1,1,0,0,0,0,0,0,1,0,1,1,0,1,0,1,0,1,1,1,1,0,1,1
1,0,1,1,0,1,0,1,1,1,1,1,0,0,1,0,0,0,0,0,0,1,0,1,0,1,1,1,0,1,0,0,0,0,0,0,1,1,1,0,1,1,0,1,0,1,0,0,0,1,0,1,1,1,0,1,0,0,0,0,1,1,0,0,0,0,1,0,0,1,0,0,1,1,0
1,1,0,0,1,1,0,1,0,1,1,1,1,0,1,0,1,1,1,0,0,1,1,1,0,0,0,1,0,0,0,1,0,0,1,0,0,0,0,0,1,0,1,1,1,0,0,1,1,0,1,0,1,0,0,1,1,1,1,0,1,1,1,1,0,0,1,0,1,1,1,1,0,1,0
1,0,0,0,1,1,1,1,0,1,0,1,0,0,1,1,0,1,1,0,1,1,1,1,1,1,1,0,1,0,1,1,1,0,0,0,0,0,1,0,1,1,1,1,1,0,1,1,0,1,1,1,1,1,0,1,0,0,1,1,0,1,1,0,1,1,0,1,1,1,1,1,1,1,1
1,0,1,1,0,1,0,0,0,0,0,1,1,0,0,1,1,1,0,0,1,1,0,1,0,1,1,1,0,1,1,0,1,0,0,0,0,1,0,0,1,0,1,1,0,1,0,0,0,0,0,1,1,0,1,1,0,1,1,1,0,0,1,0,0,1,0,1,0,1,1,1,0,0,1
1,0,0,0,0,0,1,1,0,0,0,1,1,0,1,1,0,1,1,0,1,1,1,1,0,0,1,1,1,1,1,1,0,0,1,0,1,0,1,0,0,0,1,1,0,1,1,0,0,0,1,0,1,0,1,0,0,1,1,1,1,1,1,0,1,0,0,1,1,1,1,1,0,1,0
1,1,1,0,0,1,0,1,0,0,1,1,0,1,0,1,1,1,0,0,1,1,0,1,0,1,1,1,0,1,1,0,0,1,0,0,1,0,0,0,1,1,0,0,1,1,0,0,0,1,0,1,1,0,1,0,0,0,1,0,0,1,1,1,0,0,1,0,0,1,0,0,0,1,0
1,0,0,0,1,0,1,1,0,1,0,1,1,0,1,0,1,0,1,0,0,0,1,1,0,1,0,1,1,1,1,0,0,0,1,0,1,0,1,0,1,1,0,1,0,0,0,0,1,0,1,0,1,0,0,1,0,1,1,0,1,0,1,0,1,0,0,1,0,1,0,0,1,0,1
1,1,0,0,0,0,0,1,0,0,1,0,0,0,0,1,0,1,1,0,0,1,0,1,1,0,1,1,0,1,1,0,1,0,0,1,0,1,0,1,0,0,0,1,1,0,0,0,0,1,1,1,1,1,0,1,0,1,1,1,0,1,1,0,1,0,1,1,0,1,0,0,1,1,0
1,0,0,1,1,1,0,1,1,1,0,0,0,1,0,1,1,1,0,0,1,0,0,1,1,0,1,0,0,0,0,1,1,1,0,1,1,0,0,1,0,0,0,1,0,1,0,0,1,1,0,1,1,1,0,1,1,1,0,0,0,0,0,0,0,0,0,0,1,1,0,0,0,1,1
1,0,1,1,0,0,0,1,0,0,0,1,0,0,1,1,0,1,0,1,1,1,0,0,0,1,0,1,0,1,0,1,0,0,0,0,0,0,1,0,0,1,0,1,0,1,0,0,0,1,0,1,1,0,1,1,0,0,0,0,0,1,0,0,1,1,0,0,0,1,1,1,1,1,0
0,1,0,0,0,1,0,0,0,1,0,0,0,0,0,0,0,0,0,0,1,0,0,1,0,1,0,0,0,1,1,0,0,0,0,0,1,0,1,0,1,1,1,1,1,0,0,1,0,0,1,0,1,1,0,1,1,0,1,1,0,1,1,0,0,1,1,1,0,1,1,1,0,1,1
0,0,0,1,1,0,1,0,0,1,0,1,0,0,0,1,1,1,0,1,1,1,0,1,0,1,1,0,0,0,0,1,1,0,1,0,1,0,0,1,1,0,0,1,0,0,0,0,0,1,1,1,1,0,1,1,0,0,0,1,1,1,1,0,0,1,0,0,1,1,1,0,0,1,1
1,0,1,0,1,1,0,1,1,0,0,1,0,0,0,0,1,0,0,0,0,0,1,1,0,1,0,0,1,0,1,1,1,0,0,0,0,1,1,0,1,1,0,1,0,1,1,0,0,1,1,0,1,1,1,1,0,0,1,1,0,1,1,0,1,0,0,0,1,1,0,1,1,1,0
1,0,1,1,0,0,0,1,0,0,1,1,0,1,0,1,1,0,0,0,0,0,1,1,1,1,1,0,1,1,0,0,0,1,0,0,1,0,1,0,1,0,0,1,0,1,1,0,0,0,1,0,1,1,0,1,0,0,1,0,0,1,1,0,1,1,0,0,0,1,0,0,1,1,0
0,1,1,0,1,0,0,1,0,1,1,0,0,1,1,0,0,1,1,1,1,1,0,1,0,0,1,1,0,1,0,1,0,0,1,0,0,1,1,0,1,1,1,0,1,0,1,0,1,0,0,1,1,1,0,1,1,0,1,1,1,0,0,1,1,0,0,0,0,0,1,0,1,1,1
1,0,0,1,1,0,0,1,1,1,0,0,0,0,0,1,1,0,0,0,1,0,0,1,0,0,0,0,1,0,1,0,1,0,1,1,1,1,1,1,1,0,1,1,1,1,1,0,1,1,1,1,0,1,0,0,0,1,1,0,0,1,0,0,1,0,0,1,1,1,0,1,1,1,1
1,1,0,1,1,1,0,1,0,1,0,1,0,0,1,0,0,0,0,1,0,1,0,1,1,1,1,0,0,0,1,1,0,0,1,0,0,1,0,0,1,0,0,1,1,0,0,0,0,1,1,1,1,0,0,1,1,1,0,0,0,1,1,0,0,1,1,0,1,1,0,0,1,1,0
1,1,0,1,1,1,0,1,0,1,0,1,0,1,1,1,1,1,1,0,0,1,1,1,0,1,1,0,0,0,0,1,0,0,1,1,0,1,0,1,1,0,0,1,1,1,0,1,0,1,1,0,0,1,0,0,1,1,0,0,1,1,0,0,1,0,1,0,1,1,0,0,0,1,1
0,1,0,1,1,0,0,1,1,1,1,1,0,0,0,0,0,1,0,0,0,1,0,1,0,1,1,1,1,1,0,0,1,0,1,0,0,0,1,0,1,1,1,1,0,1,0,1,1,1,1,1,1,1,0,1,1,0,0,0,1,1,1,0,0,0,1,0,0,0,1,0,0,1,0
1,1,0,1,1,1,0,1,1,0,1,1,1,0,1,1,0,1,0,0,1,0,0,1,0,1,1,0,0,1,0,0,0,0,0,0,0,1,1,0,1,1,0,1,1,1,0,0,1,1,1,0,1,0,0,1,0,0,0,1,0,0,0,0,1,0,0,0,0,1,1,1,0,1,1
1,0,1,1,1,0,0,0,1,1,0,0,1,0,1,1,1,1,0,0,0,0,0,1,1,1,0,1,0,1,1,0,0,0,0,1,1,1,1,0,1,1,0,1,0,1,0,1,0,0,1,1,1,1,0,1,1,0,0,1,1,1,0,0,1,1,0,0,1,1,0,0,1,1,0
1,0,1,0,1,1,0,1,0,1,0,1,0,1,0,1,1,1,1,0,0,1,0,1,1,1,0,1,1,0,1,1,1,1,0,0,1,0,0,1,1,0,0,0,1,0,0,1,0,1,1,1,0,0,1,0,1,1,1,1,1,1,1,0,0,0,0,0,1,1,0,0,0,1,0
1,0,0,1,1,0,0,1,0,1,0,0,1,0,1,1,0,1,1,1,0,1,0,0,0,0,1,1,1,1,1,1,1,0,0,1,0,0,1,0,1,1,0,1,1,0,0,0,1,0,1,1,1,0,1,1,0,1,0,0,0,1,1,0,1,0,0,1,0,1,0,1,0,1,0
0,0,1,1,0,1,0,0,0,1,0,1,0,1,1,1,1,0,1,1,1,1,0,1,1,1,1,1,0,0,0,0,0,0,1,0,1,0,1,0,1,0,1,1,1,0,1,1,0,1,1,1,1,0,1,0,1,0,0,0,1,0,1,0,1,1,0,0,1,0,1,0,1,0,0
1,1,1,0,1,0,0,1,0,1,0,1,1,0,0,0,1,0,0,0,0,1,0,0,0,0,1,1,1,1,0,1,1,0,1,1,1,1,1,0,1,1,1,1,1,1,0,0,0,1,1,0,1,0,0,1,0,1,1,1,0,1,1,0,0,0,1,1,0,1,1,1,0,1,0
1,0,0,1,1,0,0,0,0,0,0,0,1,0,0,0,1,1,0,0,0,0,0,1,1,0,1,0,1,0,1,1,1,0,1,0,1,0,1,0,1,1,1,1,0,1,0,0,0,1,1,0,1,0,0,1,1,1,1,1,0,0,1,0,0,1,0,0,0,1,0,0,1,0,0
1,1,1,1,0,0,0,1,0,0,0,1,0,0,0,0,0,1,0,1,0,1,0,0,1,0,1,1,1,0,0,1,1,0,0,1,1,0,1,1,1,0,0,1,1,0,1,0,1,1,1,1,1,1,0,1,0,0,0,1,1,0,0,0,1,0,0,0,0,0,1,0,0,1,0
1,1,1,1,1,1,0,0,0,0,0,0,0,0,1,1,1,0,0,0,0,1,1,1,1,1,0,1,0,1,0,0,0,0,1,0,0,1,0,1,0,0,0,1,0,1,0,0,1,1,1,0,1,1,1,1,0,1,0,0,1,0,0,0,1,1,1,0,0,1,0,1,0,1,0
1,1,1,1,1,1,0,1,0,1,0,0,0,0,0,1,1,1,0,0,0,1,0,1,1,1,0,0,0,0,1,1,0,1,0,1,0,1,1,1,1,0,1,1,1,0,0,0,1,1,1,1,0,1,1,1,0,0,0,1,0,0,1,1,1,1,1,0,1,1,1,0,1,1,1
0,0,0,0,0,0,1,1,0,1,1,1,0,0,0,0,1,0,1,0,1,1,0,1,0,0,1,1,0,0,1,1,0,0,1,1,1,1,0,0,0,1,0,1,0,1,0,0,0,1,1,1,0,1,1,1,0,1,1,1,0,0,0,0,1,0,1,0,0,1,1,0,0,1,0
0,0,0,1,1,0,0,1,1,0,1,1,1,0,0,1,1,0,1,0,0,1,0,1,0,0,1,0,1,1,1,1,1,0,0,1,0,1,0,1,1,0,1,1,0,1,0,1,1,0,1,1,1,1,0,0,1,1,0,1,1,0,1,0,0,1,1,1,1,1,1,1,0,1,0
1,0,0,1,0,1,0,1,0,1,1,0,0,0,1,1,1,1,0,0,1,1,0,0,1,1,1,0,1,1,1,1,1,0,0,1,0,0,0,1,1,0,0,1,0,1,1,1,0,1,1,1,0,1,0,0,1,1,1,0,0,0,1,0,0,0,0,0,1,1,0,1,0,1,0
1,0,1,1,0,1,0,1,0,0,1,1,0,0,1,1,1,1,1,1,1,1,1,1,0,1,1,1,0,1,1,1,0,0,1,0,0,0,1,0,1,1,0,1,0,1,0,0,1,1,0,0,1,1,0,1,0,1,1,0,1,0,1,1,0,0,1,1,1,0,0,1,0,1,0
0,0,1,0,1,0,0,0,0,0,0,1,0,1,0,1,0,0,0,0,1,1,0,0,0,0,1,0,1,1,1,0,1,0,1,0,1,0,0,0,1,1,0,1,0,1,0,1,0,1,1,1,1,0,1,1,1,1,0,1,1,1,1,0,0,1,1,1,0,1,0,1,0,1,0
1,0,0,1,1,1,1,0,1,1,0,1,1,0,1,1,1,0,0,1,1,1,0,1,0,0,0,0,1,1,1,1,1,1,1,1,1,0,0,1,1,1,0,1,0,1,0,1,1,0,1,1,0,0,0,1,1,0,0,0,0,1,1,0,0,1,0,0,1,1,0,0,1,1,0
1,0,0,1,1,1,0,1,0,1,1,1,0,0,0,1,0,0,1,1,1,1,0,0,0,1,1,0,1,0,1,0,1,0,1,1,1,0,0,1,0,0,0,1,1,0,0,1,0,1,1,1,1,1,0,1,1,1,1,0,0,0,1,0,1,0,0,0,1,1,0,1,0,0,0
0,1,1,0,0,1,0,1,0,1,0,0,0,0,1,0,0,1,1,0,1,1,0,1,1,0,1,1,0,0,0,1,0,0,1,1,1,1,1,0,1,1,1,1,1,1,1,0,0,0,1,0,1,1,0,1,0,1,1,0,0,0,1,0,1,0,1,1,0,0,0,1,0,1,0
1,0,0,1,1,1,0,1,1,0,0,1,0,0,0,1,1,1,1,0,1,1,0,1,0,0,1,1,0,0,1,0,0,0,1,0,1,1,1,1,1,0,0,1,1,1,1,1,0,1,1,0,1,1,0,0,0,0,0,0,0,1,1,0,1,0,1,0,0,1,0,0,1,1,0
0,0,0,0,1,0,0,1,1,0,1,1,1,0,0,0,1,0,0,0,1,1,0,1,1,1,0,1,0,1,1,1,0,0,0,0,1,1,1,0,1,1,0,1,1,0,0,0,0,1,1,0,1,1,0,1,1,1,1,0,1,1,1,0,0,0,0,1,0,0,0,1,0,1,0
1,1,0,1,0,1,0,1,0,0,0,1,0,0,0,1,0,0,0,1,0,1,1,1,0,1,1,0,0,1,0,1,1,0,1,0,0,0,1,0,1,0,1,1,1,1,0,1,0,1,1,0,1,1,0,0,1,1,1,1,0,1,1,0,1,0,0,1,1,1,1,1,0,0,0
1,0,1,0,0,0,0,1,1,1,0,1,0,1,0,1,1,1,1,0,0,1,1,1,0,1,0,1,0,0,1,1,1,1,1,0,0,0,1,0,0,0,1,1,0,1,1,0,1,0,1,0,0,0,1,0,0,1,0,1,1,0,1,0,0,0,1,1,1,1,0,0,1,1,1
1,1,0,1,1,0,0,1,0,1,1,0,0,0,1,1,1,0,1,0,1,1,0,1,1,1,0,0,0,0,0,1,1,1,0,0,1,1,0,1,1,0,1,1,1,0,0,0,1,1,1,1,1,1,1,1,0,0,0,1,0,1,0,1,1,0,0,1,1,1,1,0,0,1,0
1,0,0,0,1,0,0,1,0,0,0,0,0,1,1,0,1,0,0,0,1,1,0,1,0,1,0,0,0,0,1,0,0,1,1,1,0,0,0,0,1,1,0,1,0,1,0,1,1,0,1,1,1,0,0,1,1,1,1,0,0,0,0,1,0,0,0,0,1,1,0,0,0,0,0
1,0,0,1,1,0,0,1,1,0,0,1,0,0,0,1,0,0,0,0,0,1,0,1,0,1,1,0,0,1,1,0,0,1,1,1,0,0,0,1,1,0,0,1,1,0,0,0,1,1,1,0,1,0,1,1,0,0,0,0,0,1,0,0,0,1,1,1,1,1,0,1,0,0,1
1,0,0,1,0,0,0,1,0,1,1,1,0,0,1,0,0,0,0,0,1,0,1,1,0,0,1,1,1,1,0,1,1,1,1,1,1,0,0,1,1,1,1,1,1,1,0,1,0,1,1,1,1,1,0,1,1,1,0,0,0,0,1,0,0,0,0,1,1,1,1,0,0,1,0
1,1,1,0,1,0,0,1,1,0,0,1,1,0,0,1,1,0,1,0,1,1,0,0,1,1,0,0,1,0,1,0,1,0,1,1,0,0,1,1,1,0,0,1,0,1,0,0,0,0,1,0,1,0,0,1,0,0,1,0,1,1,1,0,1,0,1,0,1,1,0,0,0,1,1
0,0,1,1,1,0,0,1,1,1,0,1,0,0,0,0,1,1,0,1,1,1,1,1,0,1,1,1,0,1,0,0,0,1,1,0,0,1,1,0,1,1,0,1,0,1,1,0,1,1,0,1,1,1,0,0,0,1,0,0,0,0,0,1,0,1,1,1,0,1,0,0,0,1,0
1,1,1,0,0,1,0,1,0,0,1,1,0,0,1,1,0,0,0,0,0,1,0,1,0,0,1,1,1,1,1,0,1,1,1,0,0,1,0,1,1,1,0,1,0,0,1,1,0,1,1,0,1,1,0,1,1,1,1,0,1,1,1,1,0,0,0,1,0,1,0,1,1,1,0
1,0,0,1,0,0,1,1,0,0,1,1,0,0,1,0,1,1,1,0,1,1,0,1,1,1,1,0,0,1,1,0,0,0,1,1,0,0,1,0,1,1,1,1,1,1,0,1,1,1,0,1,1,1,0,0,1,1,0,1,0,1,1,0,0,0,1,1,1,1,1,1,0,1,0
1,0,0,1,0,1,1,0,0,1,0,1,1,0,1,0,0,1,1,1,0,1,0,0,1,0,1,1,0,1,1,0,0,1,1,1,1,0,0,1,0,1,1,1,0,1,0,0,1,0,0,1,0,1,1,1,0,1,0,0,1,1,1,0,0,1,0,1,1,1,1,1,0,1,0
1,0,1,0,1,0,1,0,0,1,0,0,0,0,0,1,1,1,0,0,1,0,0,0,0,1,1,0,1,0,1,0,1,0,1,0,0,0,1,0,1,1,0,1,0,0,1,1,0,1,1,1,1,0,1,0,1,0,1,1,0,1,1,0,1,1,1,1,0,1,0,0,1,0,0
1,1,0,0,1,0,0,1,0,1,0,1,0,0,0,1,1,1,1,0,1,0,0,1,0,0,0,1,1,0,1,1,1,1,0,0,1,0,1,0,1,1,0,1,1,0,1,0,0,0,1,0,1,0,1,1,0,0,1,1,1,0,1,0,0,0,1,1,0,1,1,0,1,1,0
1,0,1,0,1,1,1,1,1,0,1,1,1,0,0,0,0,0,0,1,1,1,1,1,1,0,1,1,1,0,1,0,1,0,1,0,1,0,1,0,1,1,1,1,0,1,0,1,0,0,1,0,1,0,1,0,1,1,1,1,1,1,0,0,0,0,1,0,0,1,1,0,0,1,0
0,1,1,0,1,1,0,1,0,0,0,1,1,0,1,0,1,1,1,0,1,0,1,1,0,0,1,1,1,0,0,1,0,0,0,1,0,0,0,1,0,1,0,1,1,0,0,0,0,0,1,0,1,0,0,1,0,0,1,0,1,0,1,0,1,0,1,0,0,0,0,1,1,1,0
1,1,1,0,0,1,0,1,1,0,0,1,1,0,0,0,0,1,1,0,1,0,0,1,0,0,1,1,1,0,1,1,0,0,1,1,0,0,0,0,1,1,1,1,1,0,1,0,0,1,1,1,1,1,1,1,0,1,1,1,0,0,0,0,1,0,1,0,1,1,1,0,0,1,0
1,0,0,1,1,0,0,1,0,1,0,1,1,0,1,1,1,1,1,0,1,1,0,1,0,1,1,1,0,1,1,0,0,0,1,0,1,0,1,0,1,1,1,1,0,0,1,1,1,0,1,0,0,0,1,0,0,1,1,0,1,1,1,1,0,0,0,0,1,1,1,1,0,0,0
0,0,0,0,0,1,0,1,1,0,1,1,1,0,0,0,1,0,0,0,1,1,0,1,1,0,1,0,1,1,0,0,0,0,1,0,0,1,1,1,1,0,0,1,1,0,0,0,1,0,0,1,1,1,0,1,0,0,1,0,0,1,1,0,0,0,0,0,1,1,0,1,0,0,0
1,0,0,1,1,0,1,0,1,0,0,1,0,0,0,1,1,1,0,1,0,1,1,1,0,0,1,1,0,0,1,1,1,0,0,0,0,0,1,0,1,0,0,1,0,1,1,0,0,1,1,0,1,1,0,0,0,0,0,0,0,1,0,0,1,1,1,0,1,1,0,1,1,1,1
1,1,1,0,1,1,0,1,0,1,1,1,0,1,1,1,0,1,0,1,0,1,0,0,1,0,1,0,0,1,0,1,0,0,0,0,1,0,0,0,1,1,1,1,1,0,0,0,1,1,1,1,1,0,1,1,1,1,1,1,0,0,1,0,0,0,1,1,0,0,1,1,0,1,0
1,0,0,1,0,0,0,1,1,0,0,0,0,1,0,0,1,0,1,0,0,1,1,1,0,0,1,1,1,1,0,1,0,0,1,0,1,1,1,0,1,1,0,1,1,0,0,0,1,1,1,1,1,0,1,1,1,1,1,0,0,0,1,0,0,0,1,0,1,1,0,1,0,0,0
0,0,0,0,1,1,0,1,0,1,1,1,0,0,0,1,0,1,0,0,0,1,0,1,1,1,1,1,1,0,1,0,1,0,1,1,0,1,0,1,1,0,1,1,0,0,1,0,0,1,1,1,1,0,1,1,0,0,1,0,1,1,0,0,1,0,0,0,1,1,1,0,1,1,1
1,1,0,0,1,1,0,1,0,0,1,1,0,1,0,0,0,1,1,0,1,1,1,1,0,0,1,1,0,0,0,0,1,0,0,0,0,0,0,1,0,1,1,1,1,1,1,0,1,1,1,1,1,0,0,1,1,1,1,0,1,1,1,1,1,0,0,0,1,0,1,0,0,1,0
1,0,1,0,1,0,0,1,0,1,1,1,1,0,1,0,1,1,1,0,1,1,1,1,1,0,1,0,0,1,1,1,0,0,0,1,0,1,1,1,1,1,0,1,0,1,1,0,0,0,1,0,1,0,1,1,0,1,1,0,1,0,1,0,0,0,1,0,1,0,0,1,0,1,0
1,0,0,1,0,1,0,1,0,0,0,1,0,0,1,0,1,0,1,0,0,0,0,1,1,0,1,1,0,0,0,0,0,0,0,1,1,0,0,1,1,0,1,1,1,0,0,0,0,1,1,1,1,0,0,0,0,0,0,0,0,0,0,1,0,1,1,1,1,1,0,0,0,1,1
1,0,0,1,0,1,0,1,0,1,1,1,0,0,1,1,1,0,0,1,0,1,0,0,0,0,1,1,0,0,1,1,0,0,0,1,0,1,0,1,1,0,0,1,0,1,1,0,0,1,1,1,0,1,0,1,0,0,0,1,1,0,0,0,1,0,0,0,0,1,0,0,0,1,0
1,0,1,0,0,0,0,1,1,1,0,1,1,0,1,1,0,1,1,1,0,1,1,1,1,0,0,0,1,1,1,1,0,0,0,1,1,0,0,1,0,0,1,1,0,1,0,0,0,0,0,1,1,0,1,0,0,1,1,1,0,1,0,0,0,0,1,0,0,1,1,1,0,1,1
1,1,0,0,0,0,0,1,0,0,0,1,1,0,0,1,0,0,1,0,0,0,0,1,1,0,0,0,0,1,1,1,1,0,1,0,1,1,0,0,1,0,0,1,0,1,1,0,0,1,1,1,1,0,0,1,1,1,1,0,0,0,0,0,0,0,0,0,1,1,1,1,1,1,0
1,0,0,0,1,0,1,1,0,1,1,0,0,0,1,0,1,1,0,0,0,1,0,1,1,1,0,1,0,0,1,1,0,1,0,1,1,1,0,1,1,0,0,1,0,1,1,0,0,1,1,1,1,1,0,0,0,1,0,0,0,0,0,0,1,0,1,1,0,1,0,0,0,0,0
1,0,0,0,0,1,0,1,0,1,0,0,0,0,1,0,1,0,1,0,1,1,0,1,1,0,1,1,0,0,1,1,0,0,0,1,1,0,0,1,1,1,0,1,1,0,0,1,0,1,1,1,1,1,0,1,1,1,1,1,0,0,1,1,0,0,0,1,1,1,1,0,0,1,0
1,1,1,0,0,1,1,1,0,1,0,1,0,0,0,0,1,1,1,1,1,1,0,1,1,1,1,0,1,1,1,0,0,0,0,0,1,0,1,1,1,1,1,1,1,0,1,0,1,1,1,1,1,0,1,0,1,0,1,0,0,0,1,1,1,0,1,0,1,0,1,0,0,1,1
1,0,0,0,1,1,0,1,1,0,0,1,1,0,1,1,0,1,1,1,1,0,0,0,1,1,0,0,0,0,1,0,0,0,1,0,0,0,0,1,1,0,0,1,0,1,1,1,1,0,1,1,1,0,1,0,1,1,1,1,1,0,0,0,0,0,0,1,1,1,0,0,0,1,1
1,0,0,1,0,0,0,1,0,1,1,1,0,0,0,1,1,0,1,1,1,1,1,1,1,0,0,1,1,1,1,0,1,0,1,1,1,0,0,1,1,0,0,1,0,1,0,0,0,0,1,0,1,1,0,1,0,1,0,0,1,1,1,0,1,0,1,1,1,1,0,1,0,1,0
1,0,0,1,1,0,0,0,0,0,0,0,0,0,1,0,1,1,1,1,0,1,0,0,0,0,1,0,0,0,0,1,0,1,1,1,0,0,0,1,1,1,0,1,0,0,0,0,0,0,1,1,1,1,0,1,1,0,0,0,0,0,0,0,1,1,0,0,0,1,0,0,1,1,0
1,0,1,0,0,1,0,1,0,1,0,0,0,0,0,0,0,0,0,0,1,1,1,1,1,0,1,0,0,0,1,1,1,0,1,0,0,0,1,0,0,1,1,1,0,1,0,1,0,1,1,0,1,0,1,1,1,1,1,1,0,0,1,0,1,0,0,0,0,1,1,1,0,1,0
1,1,0,1,1,0,1,1,0,1,0,1,0,0,1,0,1,0,0,0,0,1,1,1,0,1,1,1,0,1,1,1,0,0,0,1,0,0,1,0,0,1,1,1,1,1,0,1,0,1,1,1,1,1,0,1,1,1,1,1,0,1,1,0,0,0,1,0,1,1,0,0,1,1,1
1,0,1,0,0,0,0,0,0,1,0,0,1,0,0,0,1,1,0,0,1,1,0,1,0,1,1,1,1,1,0,1,1,0,1,0,1,0,1,0,1,1,1,1,0,1,1,1,0,1,1,0,1,1,0,1,0,1,1,1,0,1,1,0,0,1,0,0,1,1,0,0,0,1,0
1,1,1,1,1,0,0,1,0,0,0,0,0,0,0,1,0,0,0,0,1,1,0,1,1,0,1,1,0,0,1,1,0,0,0,0,1,1,0,1,1,1,1,1,0,1,0,0,0,0,0,1,1,0,0,1,0,0,1,1,0,0,1,1,0,0,1,0,0,1,1,1,1,1,0
1,0,0,0,0,0,0,1,0,1,0,0,0,0,0,0,0,1,1,0,1,1,0,1,0,0,0,1,1,0,0,1,1,0,0,0,0,1,1,0,1,1,0,1,1,0,1,0,1,1,0,1,1,1,1,1,0,1,1,0,0,1,1,0,0,1,1,1,0,1,0,0,0,1,0
1,0,0,0,0,1,0,1,0,1,1,1,0,0,1,0,1,0,0,0,0,1,0,1,0,0,1,0,1,1,1,1,0,0,1,1,0,0,0,1,0,1,0,1,1,0,0,1,0,1,1,1,1,1,0,1,1,1,1,0,0,0,1,0,1,0,0,1,0,1,0,1,0,1,0
1,0,1,0,1,0,1,1,1,0,0,0,0,0,1,0,1,1,0,1,1,1,1,1,0,1,1,1,1,0,0,0,0,0,0,0,0,0,0,1,1,1,1,1,1,1,0,1,0,1,1,0,0,1,1,0,1,1,1,1,1,0,1,0,1,0,0,0,1,1,1,0,0,1,0
1,0,0,1,1,0,0,1,0,1,0,1,0,0,0,0,1,1,0,1,1,1,0,0,0,0,1,0,0,1,0,1,0,0,1,0,1,0,0,1,1,0,0,1,1,0,1,0,0,1,0,1,1,1,0,1,0,1,0,0,0,0,1,1,1,0,0,0,1,1,0,0,0,1,0
1,1,0,1,1,1,0,1,0,1,1,1,1,0,1,0,1,1,1,1,0,1,0,0,0,1,1,1,1,0,1,0,0,0,0,0,0,0,1,0,1,1,1,1,1,0,0,1,1,0,1,1,0,0,1,0,1,0,1,1,1,1,1,0,1,1,0,0,1,1,1,0,1,1,1
1,0,0,1,0,0,0,1,0,0,0,1,0,0,1,1,0,1,1,0,1,1,0,1,1,0,0,1,1,0,1,0,0,1,1,1,1,0,0,1,0,0,0,1,0,1,0,1,0,0,1,1,1,0,1,1,1,1,0,0,0,1,1,0,1,0,0,0,0,1,0,0,0,1,0
0,1,1,0,1,1,0,0,0,1,0,1,0,1,0,1,1,0,0,0,1,1,0,1,1,0,0,1,1,1,1,1,1,0,0,1,1,1,0,1,0,0,0,1,0,1,1,1,0,1,1,1,1,1,0,0,1,0,0,0,0,0,0,0,1,1,0,0,0,1,0,1,1,1,1
1,0,1,0,1,0,1,0,0,0,0,0,0,0,1,1,1,1,0,1,0,1,1,1,0,0,1,1,0,0,0,1,0,0,0,0,1,0,1,0,1,1,1,1,1,1,1,0,0,0,0,1,1,0,0,0,0,1,1,1,0,0,1,0,1,1,0,0,1,1,1,1,1,0,1
1,0,0,1,1,0,0,1,1,1,1,1,0,1,1,1,1,1,1,0,0,0,0,0,1,1,0,0,0,0,1,0,0,1,1,1,0,1,0,1,0,0,0,1,0,1,1,0,1,1,0,1,1,1,0,1,0,1,0,0,1,1,1,0,1,0,1,1,1,1,1,0,0,0,1
1,0,1,0,0,0,0,1,0,0,1,0,1,0,1,0,0,0,1,1,0,0,0,1,0,0,0,1,1,1,1,0,1,0,1,1,0,0,0,0,0,1,1,1,0,1,0,0,0,1,1,1,1,0,0,0,0,1,1,1,1,1,0,0,0,0,0,0,1,1,0,1,0,1,0
1,0,0,1,0,1,0,1,0,1,1,1,0,1,1,1,1,1,1,0,1,0,0,0,0,0,1,0,1,0,1,1,0,0,0,0,1,1,0,1,1,0,1,1,0,0,0,0,1,0,0,1,1,1,1,0,0,0,0,1,1,1,1,0,1,1,0,0,1,1,1,0,1,1,0
1,1,1,1,1,0,0,1,1,1,0,1,1,0,0,0,1,0,0,0,0,1,0,0,0,0,1,1,0,0,1,0,1,0,1,1,0,0,0,1,1,0,0,1,1,0,0,0,0,0,1,1,1,0,0,0,0,1,0,0,1,1,1,0,1,0,1,1,1,1,0,1,0,1,0
1,0,0,1,1,0,0,0,0,1,0,1,1,0,1,1,0,0,1,0,0,0,1,1,0,0,1,1,1,1,1,0,1,0,1,0,1,1,0,1,1,0,0,1,1,0,0,0,1,0,1,0,1,1,1,1,0,0,0,0,0,1,1,0,1,1,0,0,0,1,1,0,0,1,0
0,1,1,0,1,1,1,1,0,1,0,1,1,1,0,1,1,0,1,0,1,1,1,1,1,0,0,0,1,0,0,1,0,0,0,0,0,0,0,1,0,0,1,1,1,0,0,1,1,1,1,0,1,0,1,1,0,1,1,1,1,0,1,0,1,1,0,0,1,1,1,1,1,1,0
1,0,0,1,0,0,0,1,0,1,1,0,0,0,1,1,1,1,0,0,1,1,0,1,0,0,0,1,0,0,0,1,0,0,0,1,1,1,0,1,1,0,0,1,0,0,0,0,0,1,1,1,1,1,0,0,1,1,0,1,0,0,0,1,1,0,0,0,1,1,1,1,0,1,0
1,0,0,0,0,0,0,1,0,1,0,0,0,0,0,1,1,0,0,0,1,1,0,1,0,0,1,0,0,0,0,0,1,0,1,1,1,1,0,1,0,0,1,1,0,1,1,1,0,0,1,1,1,1,1,1,1,0,1,0,0,1,0,0,0,0,0,0,1,1,1,0,1,0,1
1,0,0,0,1,0,0,1,0,1,0,1,0,1,0,1,1,0,1,0,1,1,0,1,0,0,0,1,1,0,1,0,1,0,1,0,0,0,1,0,1,1,1,1,1,0,0,0,0,1,1,1,1,0,1,1,0,1,0,1,0,0,0,0,0,1,1,1,0,1,1,1,0,1,0
1,0,1,0,0,1,0,1,0,1,1,0,0,0,0,0,0,0,1,0,1,1,1,1,0,0,1,1,0,0,0,0,1,0,1,0,1,0,1,0,1,1,1,1,0,1,0,1,0,1,1,1,1,0,0,0,1,1,1,1,0,1,0,0,1,0,0,0,1,1,1,1,0,1,1
1,0,1,1,1,1,1,1,1,0,1,0,0,0,1,0,1,1,1,1,0,1,1,1,1,0,0,0,0,0,0,1,0,0,0,0,0,1,0,1,1,1,1,1,1,0,1,1,1,1,1,0,1,0,0,1,0,1,1,1,0,0,1,0,0,0,0,0,0,1,1,1,0,0,1
1,0,1,0,0,1,0,1,0,0,0,1,0,0,1,1,0,1,1,0,1,1,0,0,1,1,1,0,1,0,0,0,1,0,0,1,1,0,1,0,1,1,0,1,1,1,1,1,1,1,1,1,1,0,1,1,1,0,1,0,0,0,1,0,1,0,0,0,0,1,0,1,0,1,0
0,0,0,0,1,0,0,1,0,0,0,0,0,0,1,0,1,0,1,0,1,0,1,1,0,0,1,0,1,0,1,1,0,1,1,1,1,0,1,0,1,1,1,1,1,0,0,0,0,1,1,0,1,0,1,1,0,0,1,0,0,0,0,0,1,0,0,0,0,0,1,0,1,1,0
1,1,0,1,1,1,1,1,1,1,0,0,0,0,0,1,1,1,0,0,0,1,0,1,0,0,0,0,1,1,0,1,0,0,1,0,1,0,1,0,1,0,0,1,1,1,1,0,0,1,1,1,1,1,1,0,0,1,1,1,0,1,0,0,1,0,0,1,0,1,1,1,0,0,0
1,0,0,0,1,0,0,1,1,0,1,1,0,0,0,0,0,0,1,0,1,0,0,1,1,0,1,0,0,0,0,0,1,0,0,0,1,0,1,0,1,1,0,1,1,1,1,0,0,1,1,1,1,0,0,0,0,0,1,0,1,0,1,0,1,0,0,1,0,1,0,1,0,1,0
1,0,0,1,0,1,0,1,1,0,1,0,1,0,0,1,1,0,1,0,0,1,0,1,0,0,1,0,1,0,1,1,1,0,1,0,1,0,0,0,1,0,1,1,0,0,0,0,1,0,1,1,1,1,0,0,0,1,1,1,0,0,1,0,1,0,1,0,1,1,0,0,0,0,0
1,1,1,1,1,1,0,1,0,0,1,0,1,0,1,0,0,1,0,0,0,1,0,1,0,0,1,0,0,1,0,1,0,0,1,1,1,0,1,0,1,1,0,1,1,0,0,0,0,0,0,1,1,0,0,1,1,1,0,1,0,1,1,0,0,0,1,1,1,1,0,1,1,1,0
1,0,1,1,1,0,0,1,0,0,0,1,0,0,0,0,1,0,0,0,0,0,0,1,0,1,0,0,1,1,0,0,1,0,0,0,1,1,1,0,1,0,0,1,1,1,0,0,0,1,1,0,1,1,0,1,0,0,0,0,0,0,0,0,1,0,0,1,0,1,0,0,1,1,0
0,0,0,0,1,0,1,1,0,1,1,1,1,0,1,0,1,1,0,0,0,1,0,1,0,1,1,1,1,1,1,1,0,0,0,0,1,0,1,0,1,1,1,1,1,0,1,1,0,1,1,1,1,1,0,1,1,0,1,0,0,1,1,0,1,0,0,1,1,1,0,1,0,1,0
0,1,1,1,0,0,0,1,1,0,1,0,1,1,1,0,0,0,0,1,0,1,0,0,0,0,1,1,1,0,0,0,0,0,1,0,0,1,1,0,1,1,0,1,1,1,0,1,0,1,1,1,1,1,0,1,1,0,0,0,0,1,1,0,1,0,0,1,1,1,1,0,0,1,0
1,1,0,1,0,1,1,1,0,1,0,0,0,0,1,1,1,0,1,0,1,0,0,1,1,1,1,0,1,1,0,1,0,0,1,0,0,0,0,0,0,0,0,1,1,0,0,0,0,1,1,1,1,1,1,1,0,0,0,1,0,0,1,0,1,1,1,1,0,1,1,1,0,1,0
1,0,0,1,1,1,1,1,0,1,1,1,0,0,1,0,1,1,0,0,0,0,1,1,0,1,0,1,0,0,1,1,0,0,0,1,1,1,0,1,1,1,0,1,1,1,1,1,0,1,1,0,1,1,0,1,1,1,1,0,0,0,1,0,1,0,0,0,0,1,0,0,0,0,0
0,1,1,0,1,0,0,1,1,0,0,1,0,0,0,1,1,1,1,1,1,1,1,1,1,1,1,0,1,1,0,0,1,1,0,0,1,0,1,0,1,1,0,1,1,1,1,0,1,1,1,0,1,1,1,0,0,0,1,0,1,0,1,0,1,0,0,0,1,1,0,0,0,1,1
0,0,0,1,1,0,0,1,1,1,0,1,0,0,0,1,0,0,0,0,0,1,0,1,0,0,1,1,1,1,0,0,1,0,1,0,1,0,0,1,1,0,1,1,1,1,0,0,1,1,0,0,1,1,0,1,0,1,0,1,0,1,0,0,1,0,0,0,1,1,1,1,0,1,0
1,0,1,1,1,0,0,1,0,0,0,0,0,0,0,0,1,1,0,0,1,1,1,1,1,1,0,0,1,1,0,0,1,0,1,1,1,1,0,1,0,1,0,1,0,1,1,0,1,1,1,0,1,1,0,1,0,0,0,1,0,1,1,0,0,0,1,0,0,1,0,0,0,1,1
1,0,1,0,0,0,0,0,0,1,0,0,0,0,0,1,1,1,1,1,0,1,1,1,1,0,1,1,0,1,1,0,1,1,1,1,0,1,0,1,0,1,0,1,0,1,1,0,0,1,0,1,1,1,0,1,0,1,1,1,0,1,0,0,1,1,0,0,0,1,0,0,0,1,0
1,0,0,1,0,0,0,1,0,0,0,0,0,0,1,0,1,0,1,0,1,1,0,1,0,0,1,0,0,1,1,1,0,0,0,0,0,0,0,1,1,0,1,1,1,1,0,0,0,1,1,1,1,0,1,1,0,1,0,1,0,0,1,0,1,0,0,0,0,1,1,1,1,1,0
0,0,0,1,1,1,0,1,1,1,0,0,0,0,0,1,1,1,0,1,0,0,0,0,0,0,1,1,1,0,1,0,1,0,1,0,1,0,1,0,1,0,0,1,1,1,0,0,0,1,1,0,1,1,0,0,0,0,1,0,0,0,0,0,0,0,0,1,1,1,0,0,0,0,1
1,1,1,1,0,0,1,1,1,0,0,1,0,0,0,0,1,0,0,0,0,1,0,0,1,0,0,1,1,1,0,1,1,0,0,0,1,0,0,1,1,1,0,1,1,1,0,1,0,1,1,1,1,1,0,1,1,1,0,0,1,1,0,0,1,0,0,1,0,1,0,1,0,1,1
1,0,0,0,0,0,1,1,0,0,0,0,0,0,1,0,1,0,1,0,1,1,1,1,0,0,1,1,1,0,1,1,0,0,0,0,0,1,1,0,1,1,0,1,0,1,1,1,1,1,1,1,1,1,0,1,1,1,1,1,0,1,1,1,0,0,0,0,0,1,1,1,0,1,0
1,1,1,0,0,1,0,1,0,1,1,1,0,0,0,1,1,0,0,0,0,1,0,1,0,0,1,0,0,0,1,0,1,0,1,0,0,0,0,0,1,1,1,1,0,0,0,0,0,1,1,1,1,1,0,1,1,0,1,1,0,1,1,1,1,0,1,1,1,1,1,1,0,1,1
1,0,1,0,0,0,1,1,1,1,0,0,1,0,0,1,0,0,0,1,0,1,0,1,0,0,1,0,1,0,1,0,1,0,0,1,1,1,0,1,0,1,1,1,1,1,1,1,0,0,1,1,1,1,0,0,1,0,1,0,0,1,1,1,1,0,1,1,1,1,1,0,1,1,0
1,0,0,1,0,0,0,1,0,0,0,1,0,1,0,1,0,0,0,0,0,1,0,0,1,1,1,0,0,1,1,0,1,0,0,1,0,0,0,1,1,0,0,1,0,0,0,1,1,1,1,0,1,0,1,0,0,1,1,1,0,0,1,1,1,0,0,0,0,1,1,1,0,1,1
1,0,1,0,0,0,0,0,1,0,0,0,0,0,0,0,1,1,1,0,1,1,0,0,0,0,1,0,0,0,0,0,1,0,0,0,0,0,1,0,1,1,0,1,1,0,1,1,1,1,1,0,1,1,0,1,1,0,1,0,0,1,1,0,0,1,0,1,1,1,0,0,1,1,0
1,1,0,1,0,0,1,1,1,0,1,0,0,0,1,0,1,0,0,0,0,1,1,1,0,1,0,1,0,0,0,0,0,0,1,1,0,0,0,1,1,0,0,1,0,1,0,0,0,0,1,1,1,1,0,0,0,1,1,1,0,0,0,1,0,1,1,0,1,1,1,0,0,0,0
1,0,0,0,0,0,0,1,0,1,1,0,0,0,1,0,1,0,0,0,1,1,0,1,0,1,1,0,0,0,0,0,0,0,1,1,1,1,1,0,1,1,0,1,1,0,0,1,0,1,1,1,1,1,0,1,0,1,1,1,0,0,1,0,1,0,0,0,0,1,0,0,0,1,0
1,1,0,0,1,0,0,1,1,0,0,1,0,0,0,0,0,0,1,0,0,1,1,1,0,0,1,1,1,0,0,1,1,0,0,0,0,0,0,1,1,0,0,1,1,0,1,0,0,1,1,1,1,0,0,0,0,0,1,0,0,0,1,1,0,0,1,1,1,1,0,1,1,1,1
1,0,0,1,1,0,0,0,0,0,0,1,0,0,1,1,1,0,0,1,0,1,1,1,1,1,1,0,0,0,0,0,0,0,0,0,1,0,0,1,0,0,0,1,0,1,1,1,0,1,1,0,1,1,0,1,0,0,1,1,0,0,1,0,0,1,1,1,0,1,0,0,1,1,0
0,1,0,0,1,0,0,1,1,0,0,0,1,0,0,1,1,1,1,0,1,1,0,1,0,1,1,0,0,1,1,1,0,0,1,0,0,1,1,0,1,1,0,1,1,0,1,0,1,1,0,1,1,1,0,0,0,1,1,1,0,1,1,0,0,0,0,0,1,0,1,1,0,0,0
1,0,1,0,1,0,0,1,1,0,0,1,0,1,1,1,1,1,0,0,1,1,0,1,0,1,0,0,1,1,1,1,0,0,1,0,0,0,0,1,1,0,0,0,0,1,1,0,0,0,0,1,1,0,1,0,0,0,1,0,0,1,1,0,1,0,1,1,1,1,0,1,1,0,0
1,0,1,1,1,1,0,1,0,1,1,1,1,0,1,0,1,1,0,0,0,1,1,1,0,1,1,0,1,0,0,1,1,0,1,0,1,1,0,1,1,1,0,1,1,0,0,0,0,0,1,1,1,1,0,1,0,1,1,0,1,1,1,0,0,1,1,1,0,1,0,1,0,1,0
1,1,0,0,0,1,0,1,0,0,0,1,0,0,0,1,0,1,1,0,1,0,0,0,1,1,1,0,1,0,1,0,1,1,0,0,0,1,1,0,1,0,1,1,1,1,0,0,0,0,1,1,0,0,0,1,0,1,1,1,1,0,1,0,1,0,1,1,1,1,1,0,0,1,1
1,0,1,1,1,1,0,1,0,1,0,0,0,0,1,0,1,0,0,0,1,1,0,1,0,1,1,1,0,0,1,0,0,0,1,1,0,1,1,0,1,1,1,1,0,1,0,1,1,1,1,0,1,1,0,1,1,1,0,0,0,1,0,0,0,1,1,1,0,1,1,0,0,1,0
1,1,1,1,0,0,0,1,0,1,0,0,0,0,0,1,1,0,1,1,1,1,0,0,0,1,1,0,1,0,1,0,1,0,1,0,0,1,1,1,1,0,1,1,1,0,1,0,0,1,1,1,1,1,1,1,0,0,0,1,1,1,1,0,0,0,1,1,1,1,1,1,1,1,0
1,0,1,1,0,0,0,1,0,0,0,1,0,1,1,1,1,1,0,0,1,1,1,1,0,1,1,0,1,0,1,0,0,0,1,1,0,1,0,1,1,0,0,1,0,1,1,0,0,1,1,0,1,1,1,1,0,1,0,0,0,0,1,1,1,1,0,1,1,1,0,1,0,0,0
1,1,1,1,0,0,0,1,0,1,0,1,0,0,0,1,0,0,0,0,0,1,1,1,0,0,0,1,0,0,1,0,1,0,1,0,0,0,0,0,0,1,0,1,1,0,0,0,1,1,1,1,1,0,0,1,0,0,1,1,0,0,0,0,0,1,0,1,0,1,0,1,0,0,0
1,0,0,0,0,0,0,1,0,0,1,1,0,0,0,0,1,1,1,0,1,1,0,0,0,0,1,0,1,1,1,0,1,0,1,1,0,1,1,1,1,0,0,1,0,0,0,0,0,0,0,1,1,1,0,1,1,1,0,1,1,1,1,1,0,1,0,1,1,1,0,0,1,0,1
0,0,0,0,0,0,0,0,0,0,0,1,0,0,0,1,1,1,1,0,0,0,1,1,0,0,0,0,1,0,1,0,1,0,1,0,1,0,0,1,1,0,1,1,0,1,1,1,1,1,1,1,1,0,1,1,0,1,1,0,1,1,1,0,0,1,0,1,1,0,1,0,0,1,0
1,0,1,1,0,1,1,1,1,0,0,1,1,0,0,0,1,0,0,0,1,1,1,1,1,0,1,1,0,1,0,1,1,0,1,0,1,0,0,1,0,0,0,1,0,1,0,0,1,0,1,0,1,1,0,1,1,1,1,1,1,1,0,0,0,1,1,1,1,1,1,1,0,0,0
1,0,0,0,1,0,0,1,0,0,0,1,0,0,1,1,1,1,0,0,0,1,0,0,0,1,1,1,0,1,0,0,0,0,1,1,0,0,0,1,1,0,0,1,0,1,0,1,0,1,1,1,1,1,0,1,0,0,0,0,0,0,1,0,0,0,0,0,1,0,0,1,1,1,0
1,0,1,1,1,1,1,0,0,0,0,1,0,1,1,0,1,0,0,0,0,0,1,1,0,1,1,0,0,0,1,0,0,0,1,0,1,0,1,0,0,1,1,1,0,1,1,0,1,1,1,0,1,0,1,1,0,1,0,0,1,1,0,0,0,1,0,0,0,1,0,0,0,1,0
1,0,0,0,1,0,0,1,1,0,0,1,1,0,0,0,0,1,0,0,0,0,1,1,1,1,1,0,1,0,1,0,1,0,0,0,1,0,0,0,1,0,0,1,0,1,1,1,1,0,0,0,1,0,1,1,1,0,0,0,0,0,1,0,0,0,1,1,0,1,1,0,0,1,0
0,0,0,0,1,0,0,1,0,0,0,1,0,0,1,1,1,0,0,1,0,1,0,0,1,1,1,1,0,0,1,0,0,0,1,1,0,0,0,1,1,0,1,1,0,1,1,1,0,1,1,0,0,1,0,0,1,1,1,1,0,0,0,1,1,0,1,0,0,0,1,0,0,1,0
1,0,0,1,0,0,0,1,0,0,1,1,0,0,0,0,1,0,1,0,1,1,0,0,0,1,1,1,0,1,0,0,0,1,0,0,1,0,0,0,1,1,0,1,1,1,1,0,0,1,1,1,1,1,0,1,0,1,0,0,1,1,1,1,0,0,0,0,1,1,0,1,0,1,0
1,0,0,0,0,0,0,1,0,0,1,0,0,0,0,0,1,1,0,1,0,1,0,1,0,0,1,0,1,0,1,1,1,0,1,0,0,0,1,0,1,0,1,1,0,1,1,0,1,1,0,1,1,1,0,1,0,1,0,1,0,0,0,0,1,0,0,0,1,1,1,0,0,1,0
1,0,0,0,0,1,0,0,0,0,0,0,0,1,0,1,1,1,1,0,0,1,1,1,0,1,1,0,1,1,0,0,1,0,0,1,1,0,0,1,0,0,0,1,1,0,0,1,1,1,1,0,1,1,0,1,1,1,1,0,0,0,1,0,0,1,0,0,1,1,0,0,0,1,0
0,0,1,0,1,1,0,0,1,0,0,1,0,1,0,1,0,0,0,0,1,0,1,1,0,0,1,0,0,1,1,0,0,0,0,1,0,1,0,1,1,1,0,0,1,0,0,0,0,1,1,0,1,0,1,1,0,0,1,1,0,1,1,0,0,1,1,1,0,0,1,1,1,1,0
1,0,1,1,0,0,1,1,1,0,0,1,1,1,0,0,1,1,1,1,0,0,1,1,0,0,1,0,1,0,0,0,1,0,1,0,0,0,0,1,1,0,0,1,0,1,0,1,0,0,1,1,1,1,1,1,0,0,1,0,1,1,0,0,1,0,0,0,1,0,0,0,0,1,1
1,0,1,1,1,0,0,0,0,1,0,0,0,0,1,1,1,0,0,0,0,1,0,1,0,0,1,0,1,1,0,1,0,1,0,1,1,1,0,1,1,0,1,1,0,1,0,1,0,1,1,1,0,0,1,0,0,0,0,1,0,0,1,0,0,1,0,0,1,1,1,0,0,1,1
1,0,1,1,0,1,0,1,1,0,0,0,0,0,0,0,1,0,0,0,0,1,0,1,0,1,1,0,0,1,0,1,0,0,0,0,0,0,1,0,1,1,0,1,1,1,0,0,0,1,0,1,1,0,1,0,1,1,1,0,0,1,1,1,0,0,1,0,0,1,0,1,1,0,0
1,0,0,1,0,1,1,1,0,1,0,1,0,0,0,0,1,0,0,0,0,0,1,1,1,1,1,0,1,1,0,0,1,0,1,0,0,1,0,1,1,0,1,1,1,0,0,0,0,0,1,0,1,1,0,0,0,0,1,0,1,0,1,0,0,0,1,1,0,1,1,0,1,0,0
1,0,0,0,0,1,1,1,1,1,1,0,0,0,0,0,1,0,1,0,0,0,1,1,0,0,1,0,1,0,0,1,1,0,1,0,1,1,0,0,0,0,0,1,0,1,0,0,0,0,1,1,1,1,0,1,0,1,1,1,0,1,1,0,1,0,1,0,1,1,1,1,0,1,0
1,0,1,1,0,0,0,1,0,0,0,1,0,0,1,0,1,1,0,0,0,1,0,1,0,0,1,1,0,0,0,1,0,0,1,0,1,0,1,0,1,1,1,1,1,1,1,0,0,1,1,0,1,1,0,1,0,1,0,1,0,0,1,0,0,1,0,1,1,1,1,1,0,1,0
1,0,1,1,0,0,0,1,1,0,0,1,0,1,0,0,1,0,1,1,0,1,0,0,0,1,1,0,1,0,1,1,1,1,1,0,0,1,1,1,1,0,1,1,0,0,1,0,1,1,1,1,1,0,0,0,0,1,0,0,1,0,1,1,1,0,0,1,1,1,0,1,0,1,0
0,1,1,0,1,1,0,1,1,0,1,1,0,0,1,1,1,1,1,1,1,1,0,1,0,1,1,0,0,0,1,0,0,1,0,0,1,1,1,0,1,1,0,1,1,0,1,0,1,0,0,0,1,1,0,0,0,1,1,0,1,0,1,1,1,0,0,0,0,1,0,0,0,1,1
1,0,0,0,0,1,0,1,0,1,1,0,0,1,1,0,0,1,1,0,1,0,0,1,1,1,0,0,1,0,1,0,1,0,1,1,1,0,0,1,1,0,0,1,0,1,1,0,0,0,1,1,1,1,1,1,0,1,0,0,0,0,1,0,1,0,0,0,0,1,0,1,0,1,0
1,0,0,1,1,0,0,1,1,0,0,0,0,0,0,0,1,1,0,0,1,1,0,1,1,1,1,1,1,1,1,0,1,1,0,0,1,0,0,1,0,1,1,0,1,1,1,0,1,0,0,1,1,0,1,0,0,1,0,0,0,1,1,1,0,0,1,1,0,1,1,0,0,1,0
1,1,0,0,1,1,0,1,1,0,0,0,1,1,0,0,0,1,1,0,0,0,1,1,0,1,0,0,0,0,0,1,0,0,1,0,1,0,0,1,1,1,0,1,0,0,1,0,0,0,0,1,1,1,0,1,0,0,1,1,0,1,0,0,1,0,1,1,1,1,0,0,0,0,0
1,0,0,1,1,1,1,1,0,0,0,1,1,0,1,0,1,0,0,0,0,1,0,0,0,0,1,1,0,0,0,1,0,0,0,0,0,0,1,0,1,1,0,1,1,1,1,1,0,0,0,1,1,1,1,1,1,0,1,0,1,0,1,0,1,1,0,1,1,1,0,0,1,1,0
1,0,1,1,1,1,0,1,0,1,0,0,0,1,0,1,0,1,1,1,0,0,0,1,0,1,0,0,0,0,1,0,0,0,1,1,1,1,0,0,0,1,0,1,0,1,1,0,0,1,0,1,0,1,0,0,0,1,1,0,1,1,1,0,1,0,1,0,1,1,0,0,0,1,0
0,1,1,1,0,0,0,1,1,1,0,1,1,0,0,1,1,0,1,1,0,1,0,1,1,0,1,0,0,0,1,0,1,0,0,1,0,1,0,1,0,0,1,1,1,1,0,1,0,0,1,1,1,1,1,0,1,0,0,1,1,1,1,1,1,1,1,1,1,0,1,1,1,1,1
1,1,1,1,0,0,0,1,0,1,0,1,0,0,0,1,1,1,0,0,0,1,0,1,1,0,1,0,1,0,1,0,1,1,1,0,0,1,1,0,1,0,1,1,1,0,1,1,1,0,1,0,1,1,1,0,1,0,1,1,1,1,1,0,1,0,1,0,1,1,0,0,0,0,0
1,0,0,1,1,0,0,0,0,1,0,1,1,1,1,1,1,0,1,0,0,0,0,1,0,1,0,0,1,1,1,1,0,0,1,1,0,1,0,1,1,0,0,1,1,0,1,0,1,1,1,1,1,1,0,0,0,0,0,0,0,0,1,0,0,1,1,1,0,1,0,0,0,1,1
1,0,1,1,0,0,0,1,0,0,1,0,1,0,1,0,1,1,1,0,1,1,0,1,0,1,1,0,1,1,1,0,1,1,1,1,0,0,0,0,1,1,0,1,1,0,0,0,0,1,1,1,1,0,0,1,0,0,0,1,0,0,1,0,0,1,0,0,0,1,0,1,1,1,0
1,1,1,1,1,0,0,1,0,1,1,0,1,1,1,0,1,1,0,0,0,0,1,1,0,0,1,0,0,1,1,1,0,0,0,1,0,0,1,0,1,1,1,1,1,0,0,1,0,0,1,0,1,1,0,1,1,0,1,1,0,0,1,0,1,0,1,0,0,1,1,1,0,1,1
1,1,1,1,1,0,0,1,0,1,0,0,1,0,0,1,1,1,0,1,0,1,0,0,1,0,1,0,1,1,0,1,1,1,1,0,0,0,1,0,1,0,0,1,0,0,0,0,0,0,0,1,1,0,0,1,0,1,0,0,0,1,0,0,1,0,1,1,1,1,0,0,0,1,0
1,1,1,0,1,0,0,1,1,1,1,0,0,1,0,0,1,1,0,0,0,0,1,1,0,1,1,0,1,1,0,1,0,0,1,1,0,0,0,1,1,1,1,1,1,1,1,0,0,1,0,1,1,0,0,1,1,0,0,0,0,1,0,0,1,0,1,1,0,1,0,0,1,0,0
1,0,0,1,0,1,0,0,1,0,0,1,1,0,0,1,1,0,0,1,0,1,1,1,1,0,1,1,1,1,0,1,1,0,1,1,0,1,0,1,1,0,1,1,0,1,0,0,0,0,1,0,1,0,1,0,0,0,1,0,1,0,1,0,1,1,0,0,1,1,1,0,1,0,1
0,0,0,1,0,1,1,1,1,1,0,1,0,0,0,1,0,0,1,0,1,1,1,1,0,0,0,1,0,1,0,1,1,0,1,0,0,0,0,1,1,0,0,1,1,0,0,1,1,1,1,0,1,0,1,0,0,1,0,1,1,0,1,0,0,0,0,1,1,1,1,1,0,1,0
1,1,0,1,0,0,0,1,0,1,1,1,0,1,0,1,1,1,0,1,1,1,0,0,1,1,1,0,1,1,1,0,1,0,1,1,1,0,1,1,1,0,0,1,1,0,0,0,0,1,1,1,1,0,0,1,0,0,1,1,1,0,0,1,1,0,1,0,1,1,1,0,1,1,1
0,1,0,1,0,0,0,1,0,1,0,1,0,0,0,1,1,0,0,0,0,0,1,1,0,1,1,1,1,0,0,0,0,0,1,0,0,0,0,1,0,0,1,1,1,0,0,0,0,0,1,1,1,1,1,0,1,1,0,1,1,0,1,0,0,1,0,1,0,1,1,1,1,1,0
1,0,0,1,1,1,0,1,0,0,1,0,1,0,0,1,0,1,0,0,1,1,0,1,0,0,0,0,0,0,1,1,0,0,1,0,0,1,1,0,1,1,0,1,0,1,0,0,0,1,1,1,1,1,0,1,0,0,0,0,0,0,1,0,1,0,0,0,1,1,0,0,1,1,0
0,1,0,1,0,0,0,1,0,1,0,1,1,0,0,1,1,1,0,1,0,0,0,0,0,0,1,1,1,0,1,1,1,0,0,0,0,0,0,0,1,0,0,1,1,0,0,0,0,0,1,0,1,0,1,1,1,1,1,0,1,1,1,0,1,0,0,1,1,0,1,0,1,1,0
1,0,0,1,0,1,0,1,1,0,1,1,0,0,0,1,1,1,1,1,0,1,0,0,0,1,1,0,1,1,1,1,1,0,0,0,0,0,1,0,1,0,1,1,0,1,1,0,1,1,1,1,1,1,0,0,0,1,0,1,0,1,0,0,1,0,0,1,1,1,0,0,0,1,0
0,1,0,1,1,0,0,1,1,1,1,1,1,0,0,1,1,1,0,0,0,0,0,1,1,1,1,0,1,0,1,1,1,0,1,0,0,0,0,0,0,1,0,1,1,1,1,0,0,1,1,1,1,0,0,0,1,1,0,0,1,0,1,0,0,0,0,1,0,0,0,0,0,1,0
1,1,1,1,1,0,0,0,0,0,1,0,1,0,0,1,0,0,0,1,0,0,0,1,0,0,0,0,1,0,1,1,0,0,1,0,1,1,1,0,1,0,0,1,0,1,1,0,1,1,0,1,1,0,0,1,0,0,0,1,0,0,0,0,0,1,1,1,1,1,0,0,0,1,1
1,0,0,1,0,1,0,0,0,1,0,1,1,0,1,1,0,1,1,0,1,1,0,1,0,1,0,0,0,1,0,1,0,0,0,1,0,1,0,1,1,0,1,1,1,0,0,0,0,0,1,1,1,1,0,0,0,1,0,1,1,1,0,0,0,1,1,1,1,0,1,1,0,1,1
1,1,0,1,1,0,0,0,1,1,0,1,1,0,0,1,0,1,1,0,1,1,0,1,0,1,1,1,1,1,0,0,1,0,0,0,1,0,1,0,1,1,0,1,1,0,1,0,0,0,1,1,1,0,0,0,0,1,0,0,0,1,0,1,0,1,1,1,0,1,1,0,1,1,1
0,0,0,1,1,0,0,1,1,1,0,1,1,0,0,1,1,0,0,1,0,1,0,0,1,1,1,0,1,0,1,1,1,0,1,0,1,1,1,0,1,0,0,1,0,1,0,0,0,1,0,0,1,1,0,1,0,0,0,1,0,0,0,0,1,0,0,1,1,0,0,0,1,0,0
0,1,1,1,1,1,0,1,0,0,1,0,1,0,1,1,1,0,0,1,0,1,0,1,0,0,1,0,0,1,1,0,0,0,1,0,1,0,0,1,1,0,0,0,1,1,0,0,0,0,1,1,1,0,0,0,1,1,1,0,0,1,0,0,1,0,1,0,1,0,0,1,1,1,0
1,0,0,0,0,0,0,1,0,1,0,0,1,0,0,1,1,0,1,1,1,0,1,1,0,0,0,0,0,0,0,0,0,0,1,0,0,0,1,0,1,1,1,1,0,1,0,0,0,0,1,0,1,1,0,1,1,0,1,1,0,1,1,0,0,1,1,0,0,1,1,1,1,1,0
1,0,0,0,1,0,0,1,1,1,1,1,1,0,1,0,1,1,1,0,1,1,1,1,1,1,1,0,0,1,1,0,0,0,0,1,1,1,1,0,1,1,1,1,0,1,0,0,1,0,1,1,1,0,0,1,0,1,1,1,1,0,1,0,0,0,1,1,0,1,0,1,0,1,0
1,0,0,0,1,0,0,1,1,1,0,0,0,0,1,1,1,0,0,0,0,0,0,1,0,1,1,0,1,0,1,0,1,1,0,1,1,0,1,0,1,1,1,1,0,0,0,0,0,1,1,1,1,1,0,0,0,1,1,0,1,0,0,0,0,1,0,0,1,1,0,0,0,1,0
1,0,0,0,0,1,0,1,0,1,0,1,1,0,0,0,1,1,0,0,0,1,0,1,0,0,1,0,0,0,1,0,1,0,1,1,0,1,0,1,1,1,0,1,0,1,0,1,0,0,0,1,1,0,0,1,1,0,1,1,1,0,0,0,1,1,0,1,1,1,0,0,1,0,0
1,0,1,1,1,0,1,1,0,1,1,1,1,0,1,1,1,1,0,0,0,1,1,1,1,0,0,1,1,0,1,1,0,0,0,0,1,0,0,1,0,1,0,1,0,1,1,0,0,0,1,0,1,0,1,1,0,1,1,1,1,1,1,1,1,0,0,0,0,1,1,1,0,1,0
1,0,1,1,0,1,0,1,0,1,0,1,1,0,1,0,1,0,1,0,1,0,0,1,0,0,1,0,1,0,1,1,0,1,0,1,1,0,1,0,1,1,0,1,1,0,1,1,0,1,1,1,1,1,0,1,1,1,0,0,1,0,0,0,1,1,0,0,1,1,0,0,1,0,1
1,0,0,1,0,0,0,1,0,0,1,1,0,0,1,1,1,0,1,0,0,1,0,1,0,0,1,1,0,0,1,1,0,0,1,1,1,0,0,1,1,0,1,1,1,0,0,0,0,1,1,1,1,1,0,1,0,1,0,0,0,0,0,0,0,0,1,1,0,1,1,1,1,1,0
1,0,0,1,0,1,0,1,0,1,1,1,0,0,1,0,0,0,1,0,0,0,0,1,1,1,1,1,0,0,0,1,0,1,0,1,1,0,0,1,0,0,1,1,0,1,1,0,0,1,1,0,1,0,1,0,0,1,0,0,1,1,0,0,1,0,0,1,0,1,1,0,1,0,1
1,0,0,1,0,0,0,0,0,1,0,1,0,0,1,0,1,0,0,1,0,1,1,1,0,0,1,0,1,0,1,0,0,1,1,0,1,1,1,0,1,1,1,1,0,0,0,1,0,1,1,1,1,1,0,1,1,0,0,0,0,1,1,0,0,1,0,1,0,1,0,0,1,1,0
1,0,1,0,0,0,0,1,1,1,1,1,0,0,1,0,1,1,0,0,0,1,0,0,0,0,1,0,0,1,1,1,1,1,0,0,0,1,0,0,1,0,0,1,0,0,0,0,0,1,1,1,1,0,0,1,1,1,1,0,0,1,1,1,0,1,1,0,0,1,1,0,0,1,1
0,0,0,0,1,0,1,1,0,0,0,0,1,0,0,0,1,0,0,0,0,1,1,1,0,1,0,0,1,0,1,1,1,0,0,0,0,1,0,0,1,1,0,1,0,1,0,0,1,1,0,0,1,1,0,1,0,1,1,0,0,0,1,0,0,1,0,0,1,0,0,1,0,1,1
1,0,0,0,1,1,0,1,0,0,1,1,1,0,0,1,1,1,0,0,1,1,1,1,0,1,0,0,1,0,0,0,1,0,1,0,1,1,1,0,1,1,0,1,1,1,0,1,1,1,0,1,1,0,1,1,1,0,0,1,0,0,1,0,0,1,0,1,1,1,1,0,0,0,0
1,1,0,1,1,0,0,1,1,1,1,1,1,0,0,0,0,0,1,1,1,0,0,1,0,0,1,1,1,0,1,1,1,1,1,0,1,0,1,0,1,1,0,1,1,1,1,1,0,1,1,1,0,0,0,1,1,1,0,1,0,0,1,0,1,0,1,0,1,1,0,1,0,1,0
1,0,0,1,1,0,0,1,0,0,1,1,0,0,1,0,1,1,0,0,1,0,0,1,1,1,1,1,1,1,0,0,1,0,1,0,0,0,0,0,1,0,0,1,0,1,1,0,1,1,1,0,0,1,0,0,0,0,1,1,1,1,1,0,0,0,1,0,0,1,0,0,1,0,0
1,0,0,1,1,1,0,0,1,0,0,0,0,0,0,1,0,0,1,0,1,1,0,1,1,0,1,0,1,0,1,0,1,1,0,0,0,0,1,0,1,0,1,1,0,0,0,1,1,1,1,1,1,0,1,1,1,1,1,1,1,1,1,0,1,1,0,1,1,1,1,1,0,0,0
1,0,0,1,0,1,0,0,1,0,0,0,0,0,0,1,1,1,1,1,1,1,1,1,1,1,1,0,1,1,1,0,1,0,1,0,0,1,0,1,1,0,1,1,1,0,0,0,0,1,1,1,0,1,0,1,0,1,1,1,0,0,0,1,0,0,0,0,0,1,0,0,0,1,0
0,0,0,1,0,1,0,1,0,1,1,1,1,0,0,1,1,0,1,0,1,1,1,1,0,0,1,1,1,0,0,1,1,0,1,1,0,0,0,1,1,0,0,1,1,0,0,0,0,0,1,0,1,1,0,0,0,1,0,0,0,0,0,0,1,0,0,0,1,0,1,0,0,0,0
1,0,1,1,1,0,0,0,0,1,0,1,1,0,0,0,1,0,0,1,1,1,0,1,1,1,1,0,1,0,0,1,1,1,0,0,1,1,0,1,1,1,0,1,1,0,1,1,0,0,1,1,1,0,0,0,1,1,0,0,0,1,0,0,0,1,1,1,1,1,0,1,1,1,0
1,1,0,1,0,1,0,0,1,0,0,1,1,0,1,1,1,1,0,0,0,0,0,0,1,1,1,1,1,0,0,1,0,0,0,1,0,1,1,0,1,1,0,1,1,0,1,0,0,0,0,1,1,1,1,0,0,0,0,0,1,1,1,0,1,1,0,1,0,1,1,0,0,1,0
0,0,0,0,0,0,0,1,0,1,0,1,0,0,0,1,0,0,1,0,1,0,0,1,0,0,1,1,1,1,1,0,1,0,0,1,1,0,0,1,1,1,1,1,0,0,1,0,0,1,1,1,1,1,1,1,0,0,0,1,0,0,0,0,0,0,1,1,0,0,0,1,0,1,1
0,0,0,0,1,0,0,1,0,0,1,1,1,1,0,0,1,1,0,0,0,0,0,1,0,0,0,1,1,0,1,1,0,1,1,0,1,1,1,0,1,0,0,1,0,1,1,0,1,1,1,0,1,0,0,1,0,1,0,0,0,0,0,0,1,1,0,1,0,0,0,0,1,0,0
0,0,0,1,0,0,1,1,0,0,0,1,0,0,0,1,1,0,0,0,0,1,1,1,0,0,1,1,0,1,0,0,0,0,0,0,0,0,0,1,1,0,1,1,0,1,0,0,0,1,1,0,1,0,1,1,0,1,0,1,0,1,0,1,1,0,0,0,1,0,1,1,0,1,0
1,0,0,1,0,1,0,1,1,1,1,0,0,1,0,1,0,0,0,1,1,1,0,0,0,1,1,1,1,0,1,0,1,0,1,0,1,1,1,0,1,0,1,1,0,0,1,0,0,0,1,1,1,0,1,1,0,0,0,0,0,1,0,1,0,1,0,0,1,1,0,1,1,1,0
1,0,0,0,1,1,0,1,0,0,0,1,0,1,1,0,1,1,0,0,1,1,0,1,0,1,0,0,0,1,1,1,0,0,0,1,0,1,0,1,0,1,0,1,1,1,0,0,1,1,1,1,1,0,1,1,0,1,1,1,1,0,1,1,0,1,1,1,0,1,0,1,1,1,0
1,1,1,1,1,1,0,1,0,0,1,1,0,0,1,0,0,1,1,0,0,1,0,1,0,0,1,1,1,1,0,1,1,1,1,1,0,0,0,1,0,1,0,1,1,0,0,0,1,1,1,0,1,1,0,1,0,1,0,0,1,1,1,0,1,0,0,0,0,1,0,1,0,0,0
1,0,0,0,1,1,0,1,0,0,0,0,1,0,0,1,1,1,0,0,0,0,0,1,1,1,1,0,1,1,1,1,0,0,1,0,1,1,1,1,1,0,0,1,0,1,1,0,0,1,1,1,1,1,0,0,0,1,1,0,1,1,1,0,0,1,1,1,1,1,0,0,0,1,0
1,1,0,0,0,0,0,1,0,1,0,1,0,0,0,1,1,0,1,0,0,1,0,0,0,0,1,1,1,1,0,1,1,0,0,0,1,0,0,1,0,0,0,1,1,0,0,1,0,1,1,1,1,0,1,0,1,1,1,0,0,0,1,1,0,0,1,0,1,1,0,1,0,1,0
0,0,1,1,0,1,0,1,1,0,0,0,0,1,0,1,0,1,0,0,1,1,1,1,0,1,1,0,1,0,0,0,1,0,0,1,0,1,0,1,1,1,0,1,0,0,1,0,1,1,1,0,0,0,1,0,0,0,0,1,0,0,0,0,0,0,0,0,1,1,0,0,1,1,0
1,0,0,1,1,1,0,1,1,0,0,1,0,0,0,1,0,0,0,0,1,0,0,1,0,1,1,0,0,1,1,1,0,1,1,1,1,0,0,1,1,0,0,1,0,1,0,0,1,1,1,1,1,0,1,1,0,1,0,0,0,1,1,0,0,1,0,1,0,1,0,1,0,1,0
1,1,1,1,0,1,0,1,1,0,1,0,0,0,0,0,0,1,1,0,1,1,1,1,0,0,1,0,1,1,0,1,1,0,1,1,0,0,1,1,0,1,1,1,1,0,0,0,0,1,1,1,1,0,0,1,0,1,0,0,0,1,1,1,1,0,0,1,0,1,1,0,0,1,0
0,0,0,1,0,1,0,0,1,0,0,0,0,0,1,1,1,1,1,0,1,1,0,1,0,1,0,0,0,0,1,1,1,0,1,0,1,0,1,0,1,0,1,1,0,0,0,0,0,0,1,1,1,0,1,1,1,1,0,1,0,1,1,0,0,1,0,1,0,1,1,0,1,0,0
1,1,1,1,1,0,1,1,0,0,0,1,1,0,1,0,0,1,0,0,1,1,0,1,0,1,0,1,0,1,0,0,0,1,0,1,1,1,0,1,0,1,0,1,1,1,0,0,0,0,1,1,1,1,0,1,0,1,0,1,1,1,0,0,1,0,0,0,1,1,0,1,0,1,1
1,0,0,1,0,1,0,0,0,1,0,0,0,1,0,1,0,0,0,0,0,1,0,1,1,0,1,0,1,1,1,1,1,0,1,1,0,0,0,1,0,0,1,1,0,1,0,0,1,1,1,1,1,1,0,0,0,1,0,1,0,0,1,0,0,1,1,0,0,1,1,1,0,1,0
1,1,0,1,0,0,0,1,0,0,1,1,1,0,0,1,1,1,0,1,0,1,0,0,0,0,1,1,0,1,1,0,0,0,1,0,1,1,0,0,1,0,0,1,0,1,1,0,0,0,0,1,1,1,0,1,0,1,0,1,1,0,1,0,0,1,1,1,1,1,1,0,0,1,0
1,1,1,0,1,0,0,1,0,1,0,1,0,0,1,0,1,0,0,0,0,1,1,1,0,1,1,1,0,0,1,1,0,0,1,1,1,1,0,1,1,0,0,1,1,0,1,0,1,0,1,1,1,1,0,1,0,0,1,0,1,1,1,0,1,0,0,0,0,1,0,0,0,1,1
0,0,0,0,1,0,0,0,0,0,0,0,0,0,0,1,1,1,1,0,0,1,0,1,1,0,1,0,0,1,0,0,0,0,1,1,0,0,0,1,0,0,0,1,1,1,0,0,1,1,1,1,1,1,0,1,0,0,1,1,1,1,1,0,1,0,1,1,1,0,0,0,0,0,1
1,0,1,1,1,0,0,1,0,0,0,1,0,1,1,1,1,0,0,0,0,1,0,0,0,1,0,0,0,0,1,0,0,0,0,0,1,1,0,0,1,1,1,1,0,1,0,1,0,1,1,1,1,0,1,1,1,1,1,1,0,0,1,0,0,1,1,1,1,1,1,0,0,1,1
1,0,1,0,0,1,0,1,1,0,0,0,0,0,1,1,1,1,1,0,1,0,1,1,1,0,1,0,0,1,1,1,1,0,0,1,0,1,1,0,1,0,1,1,0,0,0,0,0,1,0,0,0,1,0,0,0,1,1,0,1,0,1,0,0,0,1,0,1,1,1,1,0,1,0
1,0,0,1,0,0,0,0,1,0,0,0,1,0,0,1,1,0,1,0,0,1,1,1,1,0,1,0,1,1,0,1,1,0,1,0,1,1,0,0,1,0,0,1,0,0,0,1,0,0,1,0,1,1,0,0,1,1,0,0,0,1,1,0,1,1,1,1,1,1,0,1,0,1,0
1,1,0,1,0,1,0,1,0,1,0,1,0,0,1,0,1,1,0,0,1,1,1,1,0,0,1,1,0,1,0,0,1,1,0,1,0,0,0,1,0,0,1,1,1,1,1,0,0,1,0,1,1,1,0,1,0,1,1,0,1,1,1,0,1,0,0,0,1,0,0,1,0,1,0
0,1,1,1,1,1,1,1,0,1,0,0,0,0,1,1,0,0,1,1,0,1,1,1,0,0,1,1,1,1,1,0,1,1,1,1,0,0,0,1,1,0,0,1,1,1,0,1,0,1,1,1,1,0,1,1,0,1,0,0,1,1,1,0,0,1,0,1,1,0,0,0,1,1,0
1,1,0,1,0,0,0,0,1,1,0,1,1,0,0,0,0,0,0,0,0,0,0,1,0,1,1,1,1,1,0,0,1,0,0,1,1,1,0,1,0,1,1,1,0,1,0,0,0,0,1,1,1,0,1,0,0,1,0,0,1,0,1,0,0,1,0,1,0,1,1,0,1,1,0
0,0,0,0,0,1,1,1,1,0,1,1,1,0,1,1,1,1,0,1,0,1,0,0,0,0,0,0,1,0,1,1,0,0,1,0,0,1,0,0,1,0,1,1,0,1,1,0,1,0,0,1,1,1,0,1,0,1,1,1,1,0,0,0,1,0,1,0,1,1,1,1,0,1,0
0,0,0,1,0,1,0,0,0,1,0,1,1,0,0,1,1,1,1,0,1,1,0,1,1,1,1,0,1,0,1,0,1,0,1,1,1,1,0,1,1,0,0,1,0,1,1,0,1,0,1,0,1,1,0,1,0,1,0,1,1,1,1,0,1,1,1,1,1,0,0,1,0,1,0
1,1,1,0,1,1,0,1,0,1,1,1,0,1,1,1,1,0,0,0,1,0,0,1,1,0,1,0,1,1,1,1,0,1,0,1,1,0,0,1,1,1,1,1,1,1,0,0,1,1,1,1,1,1,1,1,0,1,1,1,0,1,1,0,1,1,0,0,1,1,1,1,0,1,0
1,0,0,1,0,0,0,1,1,0,1,0,0,0,0,1,1,0,0,0,0,1,1,1,0,0,0,0,0,1,0,0,1,0,1,1,0,1,0,1,0,0,1,1,1,0,1,1,1,1,1,0,1,1,0,0,1,0,1,1,0,1,1,0,0,1,1,1,0,1,1,1,0,0,1
1,0,0,1,0,0,0,0,0,0,0,1,1,0,1,0,1,1,1,0,0,1,0,1,0,0,1,1,0,0,1,0,0,0,1,0,0,1,1,0,0,1,0,1,0,1,1,0,1,0,0,0,1,1,0,1,0,1,0,0,1,1,1,1,1,1,0,0,0,1,0,0,0,1,0
1,0,1,1,0,0,0,1,0,1,0,0,0,0,0,1,0,0,0,1,0,1,0,0,0,1,1,1,0,1,0,0,0,0,0,1,1,0,0,1,0,0,1,1,0,0,0,1,0,1,1,0,1,1,0,1,0,0,0,0,0,0,0,0,1,0,0,0,1,1,0,1,1,1,0
1,1,1,1,1,1,0,1,0,0,0,1,1,0,0,0,1,1,0,1,0,1,0,1,0,0,1,0,0,0,0,1,1,1,0,0,0,0,1,0,0,1,1,1,1,1,0,0,0,0,1,0,1,0,0,1,0,0,1,1,1,1,1,0,0,1,1,0,0,1,1,0,0,1,1
0,0,0,0,1,0,0,0,0,0,0,0,1,0,1,0,0,1,0,0,0,1,0,1,0,0,0,0,1,1,1,0,0,1,0,0,1,1,0,0,1,0,1,1,0,1,1,1,0,1,0,1,1,0,1,0,1,1,1,0,1,1,1,1,1,1,1,0,0,1,1,1,1,1,1
1,1,0,1,1,0,0,1,0,0,0,1,1,0,0,0,1,1,0,1,1,1,0,1,0,1,0,0,0,1,0,0,0,0,0,1,1,0,0,1,1,1,0,1,1,0,0,0,0,0,1,1,1,1,0,1,0,0,1,1,1,1,1,0,1,0,0,0,0,1,0,1,1,1,0
1,1,1,1,0,1,0,1,0,1,1,1,1,0,0,0,1,1,1,0,1,1,0,1,1,0,0,0,1,1,0,0,0,0,0,1,1,0,1,0,1,1,0,1,1,0,0,1,0,1,1,0,1,1,0,1,1,0,0,0,0,1,0,0,1,0,0,0,0,1,0,0,0,1,0
1,0,0,1,1,0,0,0,0,0,0,1,0,0,1,1,1,1,0,1,0,1,0,1,0,0,1,0,0,0,1,1,0,1,1,0,1,0,1,1,1,0,1,1,0,1,1,1,0,1,1,1,1,0,1,0,1,0,0,1,0,0,1,0,1,0,0,1,1,1,1,1,1,1,0
0,0,1,0,0,1,0,1,0,1,1,0,0,0,0,1,0,0,1,1,0,1,0,1,1,1,1,0,1,0,1,0,1,0,0,1,1,0,0,1,1,1,0,1,0,0,0,0,0,1,1,1,1,0,1,1,0,1,1,0,1,1,1,0,0,0,1,0,0,0,0,1,1,1,1
1,0,0,0,1,1,0,1,0,0,0,1,0,0,1,0,1,1,0,0,1,0,1,1,1,0,1,1,1,0,1,0,0,0,1,1,1,1,0,1,0,0,0,1,1,0,0,1,1,1,0,1,1,1,0,1,1,1,1,0,0,0,1,0,1,0,1,1,0,1,0,0,0,1,0
1,1,1,1,0,0,0,1,1,0,0,1,0,0,1,1,1,0,0,0,0,0,0,1,0,1,1,0,1,0,1,1,1,0,1,1,1,0,0,1,1,0,1,1,0,1,0,0,0,1,0,1,1,0,1,1,0,0,0,1,0,0,1,0,1,0,0,0,1,1,1,0,0,1,0
0,1,1,0,0,1,0,1,0,1,1,1,0,0,1,1,1,1,1,1,1,1,0,0,0,0,1,0,1,1,0,1,0,0,0,0,0,1,0,0,1,0,0,1,0,1,0,0,1,1,0,1,1,1,1,1,0,1,1,0,0,0,1,0,1,0,1,0,1,1,0,1,0,1,0
1,1,1,1,1,1,0,1,1,0,1,0,1,0,0,1,0,1,1,0,0,1,0,0,1,0,1,0,1,0,0,0,1,0,0,1,1,1,0,1,1,0,0,1,1,1,1,1,0,1,1,1,0,0,1,0,1,0,0,1,0,0,1,1,0,1,1,0,0,1,1,0,0,1,0
1,0,0,0,1,0,0,1,1,0,0,0,0,0,1,0,1,0,0,0,0,1,1,1,1,0,1,0,1,0,1,1,1,0,1,0,0,0,1,0,1,0,0,1,0,1,0,1,0,1,1,0,1,0,1,1,0,1,1,0,0,0,1,0,0,0,1,0,1,1,1,0,1,1,1
0,0,0,1,1,1,1,1,0,0,1,0,1,0,0,0,1,1,0,0,0,1,1,1,1,1,1,1,0,1,0,0,0,0,0,1,1,0,1,0,1,1,0,1,0,1,1,0,0,1,0,0,1,0,1,1,0,1,1,0,0,0,1,0,1,0,0,1,0,0,0,1,0,1,0
1,0,1,0,1,1,0,1,0,0,1,1,0,0,0,1,0,0,1,1,1,0,0,0,1,0,1,0,0,1,0,1,1,0,1,1,0,1,1,0,1,1,1,1,1,0,0,1,0,1,1,1,1,1,0,0,1,1,1,1,1,1,0,0,0,0,0,1,1,1,1,1,1,1,1
0,0,1,1,0,0,0,0,1,1,0,1,0,0,0,1,0,1,0,0,1,1,0,0,0,1,1,0,1,0,1,1,1,0,0,1,1,0,0,1,1,0,1,1,0,1,0,1,0,1,1,0,1,0,1,0,0,1,1,1,1,1,1,0,1,1,0,0,1,0,1,0,1,1,1
1,0,0,0,1,0,1,1,0,1,0,1,1,0,0,1,0,0,0,0,0,1,1,1,1,1,0,0,1,1,1,1,1,0,0,1,0,1,1,0,1,0,0,1,0,1,1,0,0,1,1,0,1,0,1,1,0,0,1,1,0,0,1,1,1,0,0,0,1,1,0,0,1,1,1
1,0,0,1,1,0,1,1,0,1,0,1,0,0,1,1,1,1,0,0,1,1,1,1,1,1,1,1,0,0,1,0,0,0,1,0,0,1,1,0,1,0,0,1,0,0,1,0,1,0,1,0,1,1,0,0,0,0,0,1,1,1,0,0,0,1,1,0,1,1,1,0,0,1,1
1,0,1,0,1,0,1,1,0,0,1,1,0,0,0,0,1,0,0,0,1,0,0,1,0,0,0,1,0,0,0,1,0,0,1,0,1,0,0,1,1,0,1,1,0,1,1,0,1,0,1,1,1,0,0,0,0,0,0,1,1,1,1,1,0,1,0,0,1,1,1,1,0,0,0
0,0,1,0,1,1,0,1,0,1,1,1,1,1,0,0,1,0,0,0,0,1,0,1,1,1,1,1,0,1,1,0,1,0,1,1,0,1,1,0,1,1,0,1,0,0,0,0,0,1,1,1,1,1,0,1,0,1,0,0,1,0,1,0,1,0,1,1,1,1,0,1,0,1,1
0,1,0,1,0,0,1,1,0,1,1,1,0,0,0,1,0,1,1,0,1,0,1,1,1,1,1,1,0,1,1,0,0,0,0,1,1,1,0,0,1,0,0,1,1,0,1,0,1,1,0,0,1,1,1,1,0,0,1,0,1,0,1,0,1,0,1,0,1,0,0,1,0,1,0
1,0,0,1,1,0,0,0,0,0,0,0,0,0,0,0,1,0,1,1,1,1,0,0,1,1,1,0,0,1,1,1,0,0,0,0,1,1,1,0,1,1,1,1,0,1,1,0,0,0,1,0,1,1,0,1,0,0,0,1,0,0,0,0,1,1,0,0,0,1,0,0,1,1,0
1,0,1,0,1,1,0,1,1,1,1,1,1,0,0,1,1,0,0,0,0,1,1,1,1,0,0,0,1,1,1,1,1,0,0,0,0,0,1,0,1,1,0,1,1,0,1,0,0,0,1,0,1,1,1,0,1,0,1,0,1,0,0,0,0,0,1,1,0,1,0,1,1,1,0
1,1,1,1,0,0,0,1,1,1,0,1,1,0,0,0,0,0,1,0,1,1,0,1,0,0,0,0,1,0,0,1,1,0,1,0,1,1,0,0,0,1,0,1,1,0,0,0,0,0,1,1,1,1,0,1,0,1,0,1,1,1,1,0,1,1,1,1,0,1,0,0,1,0,0
0,0,1,0,1,0,0,1,0,0,0,1,0,0,0,1,1,1,0,0,0,1,1,1,1,0,1,0,1,0,1,0,1,1,0,0,1,0,1,0,1,1,1,1,0,1,0,1,0,1,1,0,0,0,1,0,1,0,1,1,0,1,0,0,1,0,1,0,0,0,1,0,0,1,1
0,0,0,1,0,1,1,1,0,0,0,0,1,0,0,1,0,1,0,0,1,0,1,1,1,0,1,0,1,0,1,0,1,0,1,0,0,1,0,0,0,0,1,1,0,1,1,1,1,1,1,0,1,1,0,0,1,1,0,1,0,0,1,0,1,1,1,1,1,1,1,0,1,0,1
1,0,1,1,1,0,0,1,1,1,0,0,1,0,0,0,1,1,0,0,0,1,1,1,1,1,1,0,1,0,1,0,1,0,0,0,1,0,1,0,1,1,0,1,0,1,0,0,0,0,1,1,1,0,0,1,0,0,1,0,0,1,1,0,1,0,0,0,0,1,0,0,0,1,0
1,0,0,0,0,1,1,1,0,0,1,1,1,0,0,0,1,0,0,0,0,0,0,1,1,0,0,0,1,1,0,1,1,0,1,0,1,1,1,0,1,1,0,1,0,1,0,0,0,0,1,1,1,0,0,1,0,1,0,1,0,1,1,0,1,0,0,1,0,1,0,1,0,0,0
1,0,1,0,1,1,1,1,0,1,1,0,0,0,0,0,0,0,0,1,0,1,0,1,1,0,1,0,1,1,1,1,1,0,0,1,1,1,1,0,1,1,1,1,0,1,0,0,1,1,1,1,1,1,1,1,0,1,1,1,0,0,1,0,1,0,0,0,1,1,1,1,0,1,1
0,1,1,1,1,0,0,1,0,0,1,1,1,0,0,0,1,0,1,1,0,1,0,0,1,0,0,1,1,0,1,0,0,0,1,0,0,0,0,0,0,1,1,1,0,1,1,1,0,0,1,1,1,1,0,1,1,0,1,0,1,0,0,0,0,0,1,1,0,1,1,0,1,0,1
1,0,1,0,0,0,0,1,0,0,0,0,1,1,0,1,0,0,0,0,0,0,1,1,0,1,1,1,0,0,1,0,0,0,0,0,0,1,0,0,1,0,0,1,0,1,0,0,0,0,1,0,1,1,0,0,0,1,1,0,0,1,1,0,0,0,0,0,1,1,0,0,0,1,0
1,0,0,1,0,0,0,1,0,0,0,1,0,0,0,0,1,1,0,1,1,1,0,0,1,1,0,0,1,1,0,0,1,0,0,0,1,1,1,0,0,0,0,1,1,1,1,0,0,1,1,1,1,0,0,1,0,0,0,0,0,1,0,0,1,0,0,0,1,1,0,0,1,1,1
1,0,0,1,1,0,0,1,0,0,1,1,0,1,1,1,1,0,0,0,1,1,0,1,1,1,1,1,0,1,1,1,0,0,1,1,0,0,1,1,1,1,1,1,0,1,0,1,0,1,1,1,1,0,1,1,1,1,1,0,0,0,0,0,1,0,1,1,0,1,1,0,0,1,0
1,0,0,1,0,1,1,1,0,1,0,1,1,1,1,1,0,0,1,0,0,1,0,0,0,1,0,1,0,1,1,0,0,1,1,0,1,0,0,1,1,0,0,1,0,1,0,0,0,0,0,1,0,0,1,1,0,1,0,0,1,1,1,0,1,0,0,1,0,1,0,1,0,1,0
1,0,0,1,0,0,0,0,1,0,0,1,0,0,0,1,1,1,0,0,0,0,1,1,1,0,1,1,1,1,1,0,1,0,1,0,1,0,0,1,0,0,0,1,0,1,0,0,0,1,1,0,0,0,1,0,0,1,0,1,0,1,1,0,0,1,0,0,1,1,0,0,0,1,0
1,0,1,0,0,1,0,0,0,1,0,0,1,0,1,0,1,1,0,0,1,0,1,1,0,1,1,1,1,1,0,0,1,0,1,1,1,1,1,0,1,1,0,1,0,1,1,0,1,0,1,0,1,1,0,1,1,1,1,0,0,0,1,0,0,1,1,0,1,1,0,0,0,1,0
1,1,1,1,0,1,0,1,0,1,1,1,0,0,1,0,1,1,0,0,0,1,0,1,0,0,1,0,1,1,0,1,0,0,0,0,0,1,0,0,0,1,0,1,1,0,0,0,1,1,1,1,1,0,1,1,0,0,0,0,1,0,0,0,0,1,1,1,1,1,0,1,0,1,0
1,1,0,1,0,0,0,1,1,1,0,1,1,1,0,0,1,0,1,1,0,1,0,0,0,1,0,0,1,1,0,1,1,0,0,1,1,1,0,0,0,1,0,1,0,1,0,1,1,0,1,1,1,1,0,1,1,0,1,0,1,1,1,0,0,0,0,1,1,1,0,0,0,1,0
1,1,1,0,1,0,0,1,0,1,1,1,0,0,1,0,1,1,0,1,1,1,0,0,1,1,1,0,0,0,1,1,0,1,1,0,1,1,1,0,0,0,0,1,1,1,1,1,1,0,1,1,1,0,0,1,1,1,1,0,1,0,0,0,1,0,1,0,1,0,0,0,0,1,0
1,1,1,0,0,0,0,1,1,0,0,1,0,0,0,0,1,0,0,0,0,1,0,0,0,0,0,1,1,0,1,0,1,0,0,1,0,0,0,1,0,0,1,1,1,0,0,0,1,1,1,0,1,0,0,1,0,1,1,1,1,0,1,0,1,0,1,1,1,1,1,1,0,1,0
1,0,1,1,1,0,0,1,0,1,0,1,1,0,0,1,1,1,1,0,1,1,0,1,0,1,1,0,0,0,0,1,0,0,1,0,1,1,0,0,1,0,1,1,1,1,0,0,1,0,1,0,0,1,0,0,0,1,0,0,1,1,1,0,0,0,0,1,1,1,1,1,1,1,1
1,0,0,1,1,1,0,1,0,0,1,1,0,1,0,1,0,1,1,1,1,1,1,1,0,1,0,1,1,1,1,0,1,0,1,1,0,0,0,0,1,0,1,1,0,0,0,1,0,0,1,0,1,0,1,1,0,1,0,1,0,1,0,0,0,0,1,1,1,1,0,0,0,1,0
1,0,1,1,0,1,0,1,0,1,1,1,1,0,1,1,1,1,0,1,1,1,1,1,0,0,1,1,1,1,0,1,0,0,1,0,1,1,0,0,0,1,1,1,1,0,1,1,1,0,1,0,1,1,0,1,1,1,0,0,0,1,0,1,1,0,0,1,0,0,0,1,0,1,0
0,1,0,1,1,0,0,1,0,1,1,1,1,1,1,1,1,1,1,0,0,1,0,1,1,1,1,0,0,1,0,0,0,0,0,1,1,1,0,1,1,1,1,1,1,0,1,0,0,0,0,1,1,1,1,1,1,0,1,0,1,1,1,0,1,0,1,0,0,0,0,1,1,1,1
1,1,0,1,0,1,1,1,0,1,1,1,1,0,0,0,0,0,0,0,0,1,0,1,0,0,1,1,1,0,1,1,1,0,1,0,1,0,1,0,1,1,0,1,1,0,0,0,0,1,0,0,1,1,0,1,1,0,1,0,1,1,1,0,1,0,1,1,1,1,0,0,1,0,0
1,0,1,1,1,0,0,1,1,0,1,1,1,1,0,1,0,1,0,1,1,1,1,1,0,0,1,0,0,1,0,1,1,0,0,1,1,1,0,1,1,0,0,1,1,0,1,0,1,0,1,0,1,1,0,0,0,1,1,0,0,1,1,1,0,1,0,1,1,1,0,0,0,1,1
1,1,1,1,0,1,0,1,0,1,1,0,0,0,0,0,1,1,1,0,1,1,0,1,0,0,1,1,0,0,0,1,0,0,1,1,1,1,1,0,1,1,0,1,0,1,0,1,0,1,1,1,1,1,0,1,1,1,0,0,0,1,0,0,0,0,1,0,1,1,0,0,1,1,0
1,0,0,0,0,0,0,0,1,0,0,0,1,0,0,1,0,1,0,1,0,1,1,1,0,0,1,1,1,0,1,0,1,0,0,1,0,0,0,1,1,0,1,1,0,0,1,0,0,0,1,1,1,0,1,0,0,0,1,1,0,1,1,0,1,1,1,1,1,1,0,1,1,1,0
1,0,0,1,0,1,0,1,0,1,0,0,0,0,0,1,0,1,1,0,0,1,0,1,0,1,0,1,0,0,1,1,1,0,1,0,0,1,0,0,1,0,1,1,0,0,0,0,0,1,1,0,1,1,0,1,0,0,0,1,0,0,1,1,1,0,1,0,1,1,0,0,1,1,0
1,0,1,1,1,0,1,1,0,0,1,1,1,0,1,1,0,1,0,0,0,1,0,1,1,0,1,0,0,0,1,1,0,0,1,1,1,0,0,1,1,0,1,1,0,1,1,1,0,0,1,1,1,0,1,1,1,0,1,1,1,1,1,0,1,0,0,0,1,1,1,1,1,1,0
0,1,0,0,0,0,0,1,0,1,0,1,0,0,0,0,1,0,1,1,0,1,0,1,0,1,0,0,0,1,0,0,0,1,1,0,0,1,0,1,1,0,0,1,1,0,0,0,0,1,1,1,1,1,0,1,0,0,1,1,1,0,1,1,0,0,0,1,1,1,0,1,1,0,0
0,1,1,1,0,1,0,1,0,1,1,1,0,0,0,0,0,1,0,0,1,1,0,1,1,1,1,1,1,0,1,0,1,0,0,1,1,0,0,1,1,0,1,1,1,0,1,0,0,1,0,1,1,1,0,0,1,0,0,1,0,0,1,0,0,0,0,1,1,0,1,0,0,1,0
1,1,0,0,1,0,0,1,0,1,1,0,0,0,0,0,0,0,1,0,1,1,1,1,0,1,1,1,1,1,1,1,1,1,0,0,1,0,0,1,0,0,0,1,1,0,0,1,0,1,1,0,1,0,0,1,1,0,0,1,1,1,1,1,1,0,0,0,0,1,1,1,0,1,1
1,0,1,0,1,0,0,1,1,0,0,0,0,0,0,0,0,0,0,0,0,1,1,1,0,0,1,1,1,0,0,1,1,0,0,0,1,0,1,0,1,1,1,1,1,0,0,0,0,1,0,1,1,0,1,1,0,1,1,1,0,1,1,0,0,1,0,1,0,1,1,1,0,1,0
1,0,0,0,0,0,1,1,0,1,0,1,0,0,0,1,1,1,0,1,1,1,1,1,0,0,0,0,0,0,1,0,1,0,0,0,0,1,1,0,1,0,0,1,1,0,1,0,0,1,0,1,1,1,0,0,0,0,1,1,0,0,1,0,1,0,0,1,1,1,0,0,1,1,0
1,0,1,1,1,0,0,1,0,0,1,1,1,0,0,1,1,1,0,1,1,1,1,1,0,1,1,1,1,0,1,0,0,0,0,0,0,0,1,0,1,1,0,1,0,1,0,0,0,1,1,0,0,1,0,1,0,1,0,1,0,0,0,0,1,0,1,1,0,1,0,0,0,1,0
0,0,1,1,1,0,0,0,0,0,0,0,1,0,0,0,1,1,0,0,0,1,0,1,0,0,0,0,1,0,1,0,1,1,1,0,0,0,1,0,1,1,1,1,1,1,0,0,1,0,1,1,1,1,0,1,1,1,1,1,1,1,0,1,0,1,1,1,1,1,1,1,0,1,0
1,0,0,1,0,1,1,1,0,0,1,1,0,0,0,0,1,0,0,1,0,0,1,1,1,0,0,1,0,1,0,1,1,0,1,0,0,1,0,0,0,0,0,1,0,1,0,0,0,1,1,0,1,0,0,1,0,0,1,1,0,0,1,0,0,0,1,1,1,1,1,1,1,1,0
0,0,0,1,1,1,0,1,0,1,1,1,1,0,1,1,0,1,1,0,1,1,0,0,1,0,1,1,0,0,1,1,0,0,1,0,0,0,0,1,1,0,1,1,1,0,0,1,1,0,1,1,0,1,0,0,0,0,1,1,1,0,1,0,1,0,0,0,0,1,1,0,1,0,1
1,0,1,1,1,1,1,1,0,1,1,1,1,0,1,0,0,1,0,1,1,1,1,1,1,1,1,1,1,0,0,0,0,0,1,1,1,1,0,1,1,1,1,1,0,1,1,0,0,0,0,1,1,1,1,1,0,0,0,0,1,1,0,0,1,1,0,0,1,1,1,0,1,0,0
0,1,1,1,0,0,0,1,0,0,0,1,1,0,0,1,1,0,1,0,1,1,0,1,0,0,0,1,1,0,1,1,1,0,0,0,0,1,1,0,1,0,0,1,1,1,0,1,1,1,1,1,1,1,1,1,1,1,0,1,0,0,0,0,1,0,0,0,1,1,1,1,0,1,0
1,0,1,1,1,0,0,1,1,1,0,1,0,0,1,1,1,0,1,0,1,1,0,0,0,1,1,1,0,0,1,1,0,0,1,0,0,1,0,1,0,0,1,1,0,1,1,1,0,1,1,1,0,1,0,0,0,0,0,1,0,0,1,0,1,0,1,0,1,1,0,0,0,0,1
1,0,0,1,1,0,1,1,1,1,0,1,1,1,0,1,1,1,0,0,1,1,0,1,0,0,1,1,1,0,1,0,1,0,1,0,0,1,0,0,1,0,1,1,0,1,1,1,0,0,1,1,0,1,0,0,1,1,0,0,0,1,1,1,1,0,1,1,0,1,1,0,0,1,1
1,0,0,0,0,1,1,1,1,0,1,0,0,0,1,1,0,1,0,0,1,0,0,1,0,0,1,1,1,0,1,1,0,0,0,1,1,0,0,1,1,0,0,1,0,0,1,0,0,1,0,0,1,0,1,1,0,1,1,0,1,0,1,0,1,0,1,0,1,1,0,0,0,1,0
1,0,1,1,0,0,1,1,0,1,0,0,1,0,0,0,1,0,1,0,1,0,1,1,0,1,0,1,0,1,1,0,0,0,1,0,1,1,1,0,1,1,1,1,0,0,0,0,1,0,1,0,1,1,1,1,0,1,0,1,0,1,1,0,0,0,1,1,1,1,1,1,0,1,0
0,0,1,1,1,1,0,1,0,1,1,1,1,0,0,0,1,0,1,0,0,0,0,1,1,1,1,0,1,0,1,1,1,0,1,0,0,0,0,0,1,0,0,1,0,0,0,0,0,1,1,1,1,1,0,1,0,0,0,0,0,0,1,0,0,0,0,1,0,0,0,1,0,1,1
0,0,0,0,0,1,1,1,0,0,1,0,0,0,0,1,1,0,1,0,1,1,0,1,0,0,1,0,0,1,0,1,0,1,0,0,1,0,1,0,1,0,1,1,1,1,0,0,1,1,0,1,1,1,0,1,0,1,0,1,0,0,0,0,0,0,0,1,1,0,1,1,0,0,0
1,0,0,1,0,1,0,0,1,0,0,1,1,0,0,0,1,1,0,1,0,1,0,0,1,1,1,0,1,1,1,0,1,0,1,0,1,0,1,0,1,1,0,1,1,0,0,1,1,0,1,1,1,0,0,0,0,1,0,0,1,1,0,1,0,1,0,0,1,1,0,0,0,0,0
1,0,0,1,0,1,0,1,0,0,1,1,0,0,0,0,1,1,0,1,0,1,0,1,1,0,1,1,1,0,1,0,1,1,1,0,0,0,0,1,0,1,0,1,1,1,1,0,0,1,0,1,1,0,0,1,0,1,0,0,1,1,0,1,1,1,0,1,1,1,0,1,1,0,1
1,0,0,0,0,1,0,1,1,0,1,1,0,0,1,0,1,1,1,0,1,1,0,1,1,1,1,0,1,1,0,0,0,1,1,1,1,0,1,0,0,1,1,1,0,1,0,0,0,1,1,1,1,1,0,0,1,1,1,1,1,0,1,1,0,0,0,1,1,1,0,0,0,1,0
1,1,0,1,0,1,1,1,1,1,1,0,0,1,1,1,0,0,0,1,0,0,1,1,0,0,1,1,0,0,1,1,1,0,1,1,0,0,0,1,1,1,1,1,1,1,1,0,0,1,1,1,1,0,0,0,1,0,1,0,0,0,0,0,1,1,0,0,0,1,1,0,1,0,0
1,1,1,1,1,0,0,1,0,1,0,1,1,0,0,1,1,0,1,1,0,1,0,0,1,1,1,0,1,0,1,0,1,0,0,1,1,1,0,1,1,0,1,1,1,0,0,1,0,0,1,1,1,1,0,1,1,1,0,1,1,1,1,1,0,0,0,1,0,1,1,1,0,1,1
1,0,0,0,1,0,1,1,0,1,1,1,0,0,1,1,1,0,1,1,1,1,1,1,0,0,1,0,1,0,1,1,0,0,1,0,0,0,1,0,1,0,0,1,1,0,0,1,0,1,1,0,1,0,1,1,1,1,1,0,1,0,0,1,0,0,1,1,0,1,0,0,0,1,1
0,0,0,0,0,0,0,1,0,0,0,1,0,0,1,1,1,0,0,1,1,1,1,1,0,1,1,0,1,0,1,0,1,1,1,0,0,0,1,0,1,0,1,0,1,1,1,0,0,1,0,0,1,1,0,1,0,1,1,0,1,1,1,0,1,0,0,0,1,0,1,0,0,1,0
1,1,0,0,1,1,0,1,0,1,0,1,1,1,0,0,0,0,0,0,0,1,0,1,1,0,1,1,0,1,0,1,0,0,0,1,1,1,0,1,1,1,0,1,0,1,0,1,0,0,1,1,1,0,0,1,1,0,0,1,1,1,0,0,1,0,1,1,0,1,0,1,1,1,1
1,1,1,0,0,0,0,0,0,0,1,0,0,1,0,0,1,1,0,1,0,1,1,1,1,1,0,1,1,1,1,1,1,0,1,1,0,1,0,1,1,0,0,1,1,0,1,0,0,1,1,0,1,1,0,1,1,1,0,0,0,0,1,0,1,1,0,0,0,1,0,0,1,0,0
1,1,1,0,0,0,0,1,0,1,1,1,1,0,1,1,1,1,0,0,1,0,0,1,0,1,1,1,0,0,0,0,0,0,1,1,1,1,1,0,1,1,0,1,1,1,1,0,0,1,0,1,1,0,0,0,0,1,1,0,0,0,0,0,1,0,0,0,1,1,0,0,1,0,0
1,1,1,1,0,1,0,1,1,1,0,0,0,0,0,0,1,0,0,0,1,1,0,1,0,1,0,1,0,1,1,1,0,1,0,0,0,0,0,0,1,1,0,1,1,0,0,1,0,1,1,1,1,1,0,0,1,0,0,1,0,0,1,0,1,0,1,0,1,1,1,1,0,1,0
1,0,1,0,1,0,0,1,0,1,0,1,0,0,1,0,0,0,0,0,0,0,1,1,0,1,0,0,0,0,1,0,1,0,1,1,1,1,0,1,1,0,1,1,0,1,0,1,0,1,1,0,0,1,0,1,1,1,0,0,1,0,1,0,1,0,0,0,1,1,1,0,0,0,1
1,0,0,0,0,1,0,1,1,1,1,1,0,0,0,1,1,0,1,0,0,1,1,1,0,0,1,0,1,0,1,0,1,1,0,1,0,1,0,1,1,0,0,1,0,1,0,0,1,1,1,1,1,0,1,0,0,0,1,0,0,1,1,0,0,0,1,1,0,1,0,0,1,1,0
1,0,1,0,1,1,0,1,0,0,0,0,0,0,0,1,0,1,0,0,0,1,1,1,1,1,1,0,1,0,1,1,1,0,1,0,1,0,0,0,1,0,0,1,0,1,0,1,0,1,1,0,1,0,1,1,1,1,0,1,0,0,1,0,1,0,1,1,0,0,0,0,0,0,0
1,1,0,0,1,1,1,1,0,1,0,1,0,0,1,0,1,1,0,0,0,1,1,1,0,0,1,0,1,0,1,1,0,0,0,0,1,0,1,0,1,1,1,1,1,0,1,0,0,1,0,0,1,0,0,1,0,1,1,1,0,0,1,0,0,1,1,1,0,1,1,0,1,0,0
1,0,1,1,0,0,0,1,0,1,0,1,0,0,0,0,1,0,1,1,1,1,0,1,1,0,0,1,1,1,0,0,1,0,1,1,0,1,1,0,1,1,0,1,1,1,0,0,1,1,1,1,1,1,0,1,1,1,0,0,1,0,1,0,0,0,0,0,0,1,0,0,0,1,0
1,1,1,0,0,0,1,0,1,1,0,1,0,1,0,0,1,0,0,1,0,1,1,1,1,0,1,1,0,0,1,1,1,0,0,0,0,0,0,0,0,1,0,1,1,1,0,0,0,1,1,1,1,0,0,1,0,1,1,1,1,0,1,0,1,1,1,0,1,1,1,1,0,1,0
1,0,0,1,1,0,0,1,0,0,0,0,1,0,1,1,1,1,0,0,1,1,0,1,1,0,1,1,1,1,0,1,0,0,0,0,1,0,1,0,1,1,1,1,1,1,1,0,0,0,1,1,1,0,1,1,1,1,0,0,0,0,0,1,1,0,0,0,1,1,1,0,1,1,1
0,1,1,0,1,1,0,0,1,0,0,1,0,0,0,1,1,0,0,1,0,1,0,0,1,0,1,0,1,1,1,1,1,0,1,1,1,0,0,1,1,1,0,1,1,0,0,0,0,1,1,1,1,1,1,0,0,0,0,1,1,0,0,0,1,1,0,0,1,0,1,1,1,0,1
1,0,1,1,0,1,0,1,0,1,0,0,0,1,1,1,0,1,1,0,1,1,0,0,1,1,1,0,0,1,1,1,0,0,0,0,1,1,1,1,1,1,0,1,0,0,1,0,0,0,1,1,1,1,1,0,0,1,0,1,0,1,0,0,1,0,0,0,0,1,1,1,1,1,1
1,0,0,1,0,1,0,1,0,1,0,1,0,1,1,1,1,1,0,0,1,1,0,0,0,0,0,0,1,0,1,0,0,0,0,1,1,0,1,1,1,1,0,1,0,1,0,0,1,1,1,0,1,0,1,1,0,1,1,1,1,1,1,0,1,0,0,1,1,1,0,0,0,1,0
1,0,0,0,1,0,1,1,1,0,0,1,1,1,1,1,0,1,0,0,1,0,0,1,1,0,1,0,1,1,0,1,0,0,0,1,1,1,1,0,1,1,1,1,0,1,0,0,1,0,1,1,1,0,1,0,0,1,1,0,1,0,0,0,1,0,1,1,0,1,1,1,0,1,0
1,1,1,0,0,0,0,1,1,0,0,0,0,0,0,1,1,1,1,0,0,1,0,1,0,1,1,1,0,0,1,0,0,0,1,1,0,0,0,0,0,1,0,1,1,0,0,0,1,1,1,1,1,0,1,1,0,1,1,0,0,1,0,0,0,1,1,1,1,0,0,0,0,1,0
1,0,0,0,0,0,0,1,0,0,0,1,1,0,1,1,1,0,1,0,0,1,1,1,0,0,1,1,1,1,1,1,0,0,0,1,1,1,0,1,1,1,1,1,0,1,0,1,0,1,1,1,1,1,0,1,1,0,1,1,1,0,1,1,0,1,1,1,0,1,1,1,0,1,0
0,1,0,1,0,0,1,1,0,1,0,1,0,0,0,1,0,1,1,1,0,1,1,1,1,1,1,1,1,0,0,1,1,0,1,0,1,0,0,0,1,1,0,1,1,0,1,0,0,1,1,0,1,0,0,1,0,1,1,0,0,1,1,1,0,0,0,0,0,0,1,0,0,1,0
0,0,1,1,1,0,0,1,1,1,0,1,0,1,1,1,1,1,1,0,1,1,1,1,0,1,1,0,1,1,0,1,1,0,0,1,0,1,0,1,1,0,1,1,1,0,0,0,0,0,1,1,1,1,0,1,0,1,1,1,1,0,1,1,0,1,1,1,1,1,1,0,0,1,0
1,0,0,0,0,0,0,1,1,1,0,1,0,0,0,1,1,1,0,1,0,1,1,0,1,1,0,0,1,0,1,1,1,0,1,1,1,1,0,1,1,0,1,1,0,1,1,1,1,1,1,0,1,1,0,1,1,1,1,0,0,1,1,0,1,0,0,0,1,1,1,0,0,1,0
0,1,0,1,1,1,0,1,1,0,1,0,0,0,1,0,1,0,0,0,0,1,0,1,1,1,0,0,1,1,0,0,0,0,1,0,1,1,1,0,1,0,0,1,1,1,0,1,0,1,1,0,1,0,0,0,1,0,0,0,0,0,1,0,1,0,0,0,0,1,0,0,1,0,1
1,1,1,0,1,1,0,1,1,1,0,1,0,0,0,0,1,1,0,0,0,1,0,1,0,0,1,0,0,0,0,0,1,0,0,1,1,1,1,0,0,1,1,1,1,1,1,1,0,1,0,1,1,1,0,1,1,0,1,1,1,0,1,0,1,0,1,1,0,1,1,0,0,1,1
1,1,1,0,1,0,0,1,0,0,0,0,1,0,1,0,1,0,1,0,0,1,0,0,0,1,1,0,0,0,0,0,0,1,0,1,0,0,0,0,1,1,0,1,1,0,0,1,0,1,1,0,1,1,0,1,1,0,0,0,0,0,1,0,0,0,0,0,1,1,0,0,0,1,0
1,1,0,1,0,1,0,0,0,1,0,0,0,0,1,0,1,0,0,1,1,1,0,1,1,1,1,0,0,1,0,1,0,0,1,1,1,1,0,1,1,1,1,1,1,1,0,0,0,0,1,1,0,1,0,1,1,0,1,1,0,1,1,1,0,1,0,1,0,0,1,0,0,0,1
1,0,0,1,1,0,1,0,0,1,0,0,0,0,1,1,1,1,0,0,0,0,1,0,0,1,1,1,0,1,0,0,0,1,0,0,0,0,0,0,0,0,1,0,1,0,0,0,0,1,1,1,1,0,0,0,1,1,1,0,1,1,1,0,0,1,0,1,1,1,1,0,0,0,0
0,0,0,1,1,1,0,1,1,1,1,1,0,0,0,0,1,1,1,1,1,1,0,1,1,1,1,1,1,1,0,1,1,0,0,0,1,0,0,0,0,1,0,1,0,1,1,1,1,1,1,1,1,0,0,0,0,0,0,0,0,1,0,1,1,0,1,1,1,1,1,0,0,1,0
1,0,1,0,1,1,0,1,0,1,0,0,0,0,0,0,1,1,0,1,0,1,0,0,0,0,1,0,1,1,0,1,1,0,1,0,1,0,0,1,1,0,1,1,1,0,0,1,1,0,1,1,0,0,0,1,1,1,1,1,0,1,1,0,0,0,1,1,1,1,1,0,1,1,1
1,1,1,0,0,1,0,1,0,0,1,0,1,1,1,0,1,1,0,0,0,1,0,1,0,0,1,0,0,1,0,1,1,0,0,0,1,0,0,1,1,1,1,1,1,1,0,1,1,0,1,1,1,0,0,1,1,1,1,1,1,1,1,1,1,0,1,1,0,1,1,1,0,1,0
0,0,0,0,0,0,1,1,0,1,0,1,1,0,1,1,1,1,1,0,1,1,1,1,0,1,1,1,0,1,1,1,0,0,0,0,1,0,1,0,1,0,0,1,0,0,0,0,1,0,1,0,1,1,0,1,0,1,1,1,1,0,1,1,1,0,0,0,1,1,1,1,0,1,0
0,1,1,1,0,0,0,1,0,1,0,1,1,0,0,1,0,0,0,0,1,1,0,1,0,0,1,0,1,1,0,1,0,0,1,0,0,1,1,0,1,0,0,1,1,1,0,0,1,0,1,1,1,1,1,1,0,1,0,1,1,1,1,1,0,0,1,1,0,1,0,1,0,1,0
1,1,1,1,1,1,0,0,0,0,0,0,1,0,1,0,1,0,1,0,0,0,0,0,0,1,1,1,0,0,1,0,0,1,1,1,1,0,0,1,1,1,0,1,1,1,0,1,0,0,1,1,1,0,0,1,1,0,0,1,0,1,1,0,1,1,0,0,1,1,0,0,1,1,1
1,1,1,0,1,1,0,1,0,0,0,1,0,0,1,1,1,0,1,1,0,0,0,1,0,0,0,0,0,0,1,1,0,0,1,1,0,1,0,1,0,0,1,1,1,1,1,0,0,1,1,1,1,1,1,0,0,0,1,1,0,0,1,0,1,0,0,0,1,1,1,1,0,1,0
0,0,0,1,1,1,0,1,1,1,0,0,1,0,1,1,0,1,1,1,1,0,1,1,0,0,1,0,0,1,1,0,0,0,0,0,1,0,1,0,1,1,0,1,1,1,0,0,0,0,1,0,0,0,1,1,0,1,0,1,0,0,0,0,1,0,1,1,0,1,0,1,0,0,0
1,0,0,1,0,1,1,0,0,0,0,0,1,0,0,0,1,0,1,1,1,1,1,1,0,0,0,1,1,0,1,0,0,0,0,1,1,1,0,1,0,1,1,1,0,0,0,0,0,0,1,0,1,1,1,1,0,0,0,1,0,1,1,0,1,1,0,0,1,1,1,1,1,1,0
0,1,1,0,0,0,0,0,0,0,0,0,1,0,0,0,1,0,0,0,1,0,1,1,1,1,1,1,1,0,0,0,0,0,0,0,0,1,1,0,0,1,0,1,1,1,1,0,0,1,1,0,0,0,0,0,0,0,0,0,0,0,1,0,1,0,1,0,1,1,0,1,0,1,1
1,1,1,0,0,0,0,1,0,1,0,0,1,0,0,1,1,1,0,0,0,0,0,1,0,0,1,0,1,0,0,1,1,0,1,0,1,0,1,0,1,0,0,1,1,0,1,0,0,0,0,1,1,0,1,0,0,0,1,0,1,1,1,0,0,0,1,1,1,1,0,0,0,1,0
1,0,0,0,0,1,0,1,0,0,0,0,1,0,0,0,0,1,1,1,0,0,1,1,0,1,0,0,1,0,1,1,1,1,1,0,0,0,0,0,0,1,0,1,0,1,1,0,0,0,1,0,1,1,1,0,0,0,1,0,0,0,1,0,0,0,0,0,1,0,0,0,0,0,0
0,0,1,1,1,1,0,1,0,1,0,1,1,0,0,0,1,1,1,0,0,1,1,1,1,0,1,1,1,0,0,1,1,0,1,1,1,1,1,0,1,1,0,1,1,1,1,1,0,0,1,0,1,1,0,1,1,1,0,0,0,1,1,0,0,0,0,1,1,1,1,1,0,1,1
1,0,0,1,0,0,1,1,0,1,1,0,1,0,1,1,1,1,0,1,0,1,0,0,1,1,1,0,0,1,1,1,0,0,0,1,1,1,0,0,0,1,1,1,0,0,0,1,0,0,1,1,0,1,0,0,1,0,1,1,0,0,1,0,1,0,1,0,0,1,0,0,0,1,0
1,0,0,1,1,1,0,1,1,1,0,0,0,1,0,0,1,0,0,0,0,1,0,0,1,1,1,1,1,1,0,1,1,1,1,0,0,1,0,1,1,1,0,1,1,1,0,0,0,0,1,1,1,1,0,1,0,0,1,0,0,1,1,0,1,0,1,1,1,0,1,0,1,0,0
1,1,1,0,1,0,0,1,1,1,0,1,0,0,0,1,1,1,0,0,0,1,0,1,0,1,1,0,1,1,0,0,1,1,1,1,1,0,0,1,1,0,0,1,1,1,1,1,0,1,0,1,1,1,1,0,1,0,1,0,1,0,1,0,1,0,0,0,1,1,0,0,0,1,1
0,0,0,1,1,0,0,1,1,0,1,1,0,0,0,1,1,1,0,1,0,1,0,0,0,0,1,1,1,1,0,1,1,0,1,1,1,1,0,1,1,0,1,1,1,1,0,0,1,0,1,1,1,1,0,1,0,0,0,1,0,1,1,0,0,1,1,1,1,1,1,0,0,1,1
1,0,0,0,1,0,0,1,1,0,1,1,0,0,0,1,1,1,0,0,0,1,0,1,1,0,1,1,1,0,0,0,1,0,0,0,0,0,0,0,0,0,1,1,0,1,0,0,0,1,1,0,1,0,1,1,0,0,1,1,0,1,1,0,1,0,1,0,1,1,1,0,1,1,0
1,1,1,1,0,1,0,1,0,0,1,1,0,0,0,0,1,1,1,1,0,1,0,1,1,0,0,1,0,1,0,1,1,0,0,1,0,0,0,1,1,1,1,1,1,0,0,0,0,0,1,0,1,1,0,1,0,1,0,1,1,0,0,0,1,0,0,0,1,1,1,0,1,1,0
1,0,0,1,0,1,0,1,0,0,1,1,1,0,1,1,1,1,0,1,1,1,0,0,0,0,1,0,0,0,0,1,1,0,1,0,0,1,1,0,1,0,1,1,0,1,1,1,1,0,1,1,1,0,1,1,1,1,1,0,1,0,0,0,1,0,0,0,0,1,1,0,0,0,0
1,0,1,0,1,0,0,1,0,0,1,1,0,0,0,1,1,1,0,1,0,1,0,1,0,1,1,1,1,1,0,1,1,0,1,0,1,1,0,1,1,0,1,1,0,1,0,0,1,1,1,1,0,1,0,1,0,0,1,1,0,1,1,1,1,1,1,1,1,1,0,0,1,1,0
1,0,0,0,1,0,1,1,0,0,1,0,1,0,0,1,1,0,1,0,1,1,0,1,0,0,0,1,0,1,0,0,1,0,1,0,1,0,0,1,1,1,1,1,1,1,0,1,1,0,1,0,1,1,0,0,1,1,0,1,0,0,0,1,0,0,0,0,0,1,1,1,1,1,1
1,0,0,0,0,1,0,1,0,0,0,0,0,0,0,0,1,0,1,1,1,0,1,1,0,0,1,0,0,0,0,1,0,0,0,0,1,0,1,0,1,1,0,1,1,1,1,0,0,1,1,1,1,0,0,1,0,0,0,0,0,1,0,0,0,0,0,1,0,1,0,1,1,1,0
1,0,1,0,0,0,0,1,0,1,0,1,1,1,0,0,1,0,1,0,0,1,1,1,0,1,1,1,0,1,0,0,0,0,1,0,1,0,1,0,1,1,0,1,0,0,1,0,0,1,1,0,1,0,1,1,0,1,0,0,1,0,1,0,0,1,0,0,0,0,0,1,0,1,0
1,0,0,1,0,1,1,1,0,0,0,0,0,1,0,1,1,1,0,1,0,1,1,1,0,0,1,0,0,0,1,1,0,1,0,0,0,0,0,1,0,0,1,1,0,1,1,1,0,0,1,1,1,1,0,1,1,1,0,1,0,1,0,1,0,1,0,0,1,1,1,0,0,1,0
1,0,1,1,1,1,0,1,0,1,0,0,1,0,0,1,0,1,0,1,0,1,0,1,1,0,0,1,0,0,0,1,0,1,0,0,0,0,0,1,1,0,0,1,0,1,0,0,1,1,1,1,1,1,0,1,0,0,0,1,0,0,0,0,0,0,0,0,0,1,0,0,0,1,0
0,0,0,1,0,0,1,1,0,0,1,1,0,0,1,1,1,1,0,0,0,1,1,1,1,1,0,0,0,0,1,1,0,0,1,0,0,1,0,1,0,0,0,1,1,1,0,0,0,1,0,0,0,1,0,0,1,0,1,1,0,0,0,1,1,1,1,0,1,1,1,0,0,0,1
1,0,0,1,0,1,0,0,0,1,0,1,0,0,1,1,1,0,1,0,1,1,0,1,0,1,0,0,1,0,0,0,0,0,1,1,0,1,0,1,1,0,0,1,0,1,0,1,0,0,1,1,1,1,0,0,1,1,1,0,1,0,0,0,0,1,1,1,1,1,0,0,0,1,0
1,0,1,1,0,1,0,1,1,1,1,1,1,0,0,1,1,1,0,1,0,1,0,0,0,0,0,1,1,1,1,1,1,0,1,1,1,1,1,0,1,1,0,1,0,1,0,0,0,0,0,0,1,0,1,0,0,1,1,1,1,1,1,0,0,0,1,0,0,1,1,1,0,0,0
1,0,1,1,1,0,0,1,1,0,1,0,0,0,0,1,1,0,0,1,1,1,0,0,0,1,0,1,1,1,0,1,1,0,1,0,0,0,0,1,1,0,1,1,1,1,0,0,0,0,1,1,1,0,1,0,0,1,1,1,0,1,1,0,0,1,1,1,0,1,1,1,1,0,0
1,1,0,1,0,0,0,1,0,0,1,0,1,0,0,1,0,0,0,1,1,1,0,1,0,0,1,0,0,0,0,1,0,0,1,0,0,0,1,0,1,0,0,1,1,1,1,0,1,1,1,1,1,1,0,0,1,1,0,0,0,0,0,0,0,1,0,0,1,1,0,0,0,1,0
1,1,1,1,1,0,0,1,1,1,0,1,0,0,1,0,1,1,1,1,1,0,1,1,0,0,1,1,1,0,1,0,1,0,0,1,0,0,1,1,1,1,0,1,1,1,1,0,1,1,0,0,1,1,0,0,0,0,0,0,1,1,0,0,0,1,1,1,0,1,0,0,0,1,0
1,0,0,0,0,1,1,1,0,1,0,0,0,0,0,0,1,0,0,0,1,1,1,1,0,0,1,0,1,0,0,1,0,0,1,0,0,1,1,0,1,1,1,1,0,0,1,0,0,0,1,1,1,1,0,0,0,0,1,0,0,1,1,0,0,0,1,1,0,1,1,1,1,1,0
1,0,1,0,1,1,1,1,1,1,0,0,0,0,1,1,1,1,0,0,1,1,0,1,0,1,0,1,1,1,1,0,0,0,0,0,0,0,1,0,1,1,0,1,0,1,1,0,1,0,1,1,1,1,0,0,0,0,1,0,0,1,1,0,1,0,0,0,1,1,0,1,0,1,1
1,1,1,1,0,1,0,1,0,0,1,0,0,0,1,0,0,0,0,0,0,1,1,1,1,1,1,1,0,0,0,0,0,0,0,0,1,0,0,0,0,0,1,1,0,1,0,0,1,1,0,1,1,1,0,1,1,1,1,0,0,0,1,0,0,0,0,1,1,1,0,0,0,1,0
1,0,1,1,1,1,0,1,0,1,1,1,0,0,0,0,1,1,0,0,1,1,0,0,1,1,1,1,1,1,1,1,1,0,0,1,1,0,1,0,1,0,0,1,0,1,0,0,0,1,1,1,0,0,0,1,0,0,0,1,0,0,0,0,1,0,1,0,1,1,0,0,0,1,1
1,0,1,1,1,0,0,1,0,0,0,0,0,0,0,0,1,0,0,0,0,1,1,1,0,1,1,0,1,0,1,1,1,0,1,0,0,0,1,0,1,1,1,1,1,1,0,1,0,1,1,0,1,0,1,1,0,1,1,1,0,0,0,0,1,0,0,0,1,1,1,1,0,1,0
0,0,0,0,1,0,0,1,0,0,0,1,1,1,0,1,1,0,1,0,0,1,1,1,0,1,1,1,1,1,1,0,1,0,1,0,0,1,0,1,1,0,0,1,0,1,0,1,0,0,1,1,1,1,0,1,1,1,0,0,1,1,1,0,0,0,1,0,1,0,0,0,1,1,1
0,0,1,1,1,0,0,0,1,0,0,0,0,0,0,0,0,1,1,0,1,1,0,1,1,1,1,1,1,1,0,0,1,0,1,1,0,1,0,1,0,1,0,1,1,0,0,0,0,1,1,1,1,1,0,1,0,1,0,1,0,1,1,0,0,0,1,1,1,0,0,1,1,1,1
1,1,1,0,1,0,0,0,1,0,0,1,1,1,0,0,0,0,0,1,1,0,0,1,0,1,0,1,0,1,1,0,0,1,0,0,1,0,1,0,1,1,0,1,1,1,0,0,0,1,1,0,1,0,0,0,0,0,1,1,1,1,1,0,1,1,0,1,0,1,1,1,1,1,0
1,1,0,1,0,0,0,0,1,0,0,1,0,0,1,0,0,1,0,0,1,0,1,1,0,1,0,0,0,1,0,1,0,0,1,1,0,0,1,1,1,1,1,1,1,0,0,1,0,1,0,1,1,0,0,1,1,0,0,1,0,1,0,0,0,1,1,1,0,1,1,1,0,0,0
1,0,0,0,0,0,0,0,0,0,0,1,0,1,0,0,1,0,0,1,0,1,0,1,0,0,1,0,1,1,0,0,1,0,0,1,0,0,1,1,1,1,1,1,1,0,0,1,0,1,1,0,1,1,0,0,1,0,1,1,1,1,1,0,1,1,1,0,0,1,0,1,1,1,0
0,0,0,1,0,1,1,0,1,0,0,1,0,0,0,0,1,0,1,0,1,1,1,1,0,0,0,1,0,0,1,0,1,0,0,1,0,0,1,1,1,0,0,1,0,0,0,0,0,1,1,0,1,0,0,1,1,0,0,0,1,1,1,0,1,1,1,1,1,0,1,1,1,1,0
1,0,1,1,1,0,1,0,1,0,0,0,0,0,0,1,0,1,0,0,1,1,0,1,0,1,1,1,0,0,0,0,0,0,1,1,1,0,1,1,1,0,0,1,0,1,1,0,0,1,1,1,1,1,0,0,0,0,0,0,0,0,1,0,1,0,0,0,1,1,0,0,1,1,0
1,1,1,1,1,1,0,1,0,1,1,0,0,0,0,1,1,1,0,1,0,1,1,1,0,0,1,0,1,0,0,0,1,1,1,0,0,0,1,0,1,1,0,1,1,0,0,1,0,1,1,1,1,1,1,1,1,0,1,0,0,0,0,0,1,0,0,0,1,1,0,0,0,1,1
0,0,0,1,0,0,0,1,1,1,1,1,0,0,1,0,1,0,0,0,1,1,0,1,0,0,1,1,1,0,1,0,0,0,1,0,0,0,1,0,1,0,1,1,1,1,0,1,0,1,1,1,1,1,1,1,1,1,0,1,0,1,0,0,0,1,0,0,1,0,1,0,0,1,0
1,1,1,0,1,1,0,1,0,0,0,0,1,0,0,1,1,1,0,0,0,1,0,1,0,0,1,1,1,0,0,1,0,0,0,0,0,0,1,0,1,0,1,1,1,1,1,1,0,0,1,1,1,0,0,0,1,0,1,1,0,0,0,0,0,1,1,0,1,0,1,0,1,1,0
1,1,1,0,1,1,0,1,1,0,0,0,1,0,1,1,1,1,1,1,1,1,0,1,0,0,1,1,0,1,0,1,0,0,1,0,0,0,1,0,1,0,0,1,1,0,1,1,1,0,1,1,1,0,0,1,1,0,1,0,0,1,1,0,0,0,1,1,1,1,0,0,0,1,1
1,1,0,1,1,1,1,1,1,0,0,1,0,0,0,1,1,1,1,0,1,1,1,1,0,0,1,1,1,0,1,0,1,0,1,0,1,0,0,1,1,0,0,1,1,1,1,1,0,1,1,1,1,0,1,0,1,0,0,0,1,1,0,0,1,0,0,0,1,1,0,0,0,1,1
1,0,1,1,1,0,0,1,1,1,0,0,1,0,0,0,1,1,1,0,1,1,0,0,1,1,1,0,1,1,0,0,1,0,0,0,0,1,1,0,1,0,1,1,0,1,0,1,1,1,1,1,1,0,1,1,1,1,0,1,1,0,0,1,0,0,0,0,1,1,1,1,0,1,0
0,0,0,0,0,0,0,1,1,0,0,1,1,1,0,0,1,0,0,0,1,1,0,1,0,1,1,0,1,0,1,1,1,1,0,0,1,0,0,0,1,1,0,0,0,1,0,1,1,1,1,1,1,0,0,1,0,1,1,1,1,0,1,0,0,1,1,1,0,0,0,1,0,1,0
0,0,0,1,0,1,1,1,0,1,1,0,0,0,0,1,1,0,0,0,0,1,1,1,0,0,1,0,1,0,1,0,0,0,0,0,1,1,0,1,1,0,1,1,0,1,1,1,0,0,1,0,1,1,0,0,1,0,1,1,0,1,1,1,0,1,1,1,0,1,1,1,1,1,1
1,0,0,1,0,0,0,1,0,1,0,1,0,0,0,0,1,1,1,0,0,1,1,1,0,1,1,0,1,1,0,0,1,0,0,0,1,0,0,1,1,0,0,1,0,1,1,1,0,1,1,0,1,0,0,1,1,1,1,0,0,0,0,0,1,0,0,0,0,1,0,1,0,1,0
0,0,1,0,1,0,1,1,1,1,0,0,0,0,1,0,1,1,0,1,0,1,1,1,0,0,1,0,0,0,0,1,0,0,0,0,1,0,0,1,1,1,0,1,1,1,1,0,1,1,1,0,1,0,0,1,0,1,1,0,0,1,1,0,1,0,1,0,1,1,0,1,0,1,0
0,0,0,1,1,0,0,1,0,1,0,1,1,0,0,1,0,1,0,1,0,1,0,0,0,0,0,1,0,1,1,1,1,0,0,0,1,0,1,0,1,0,1,1,0,0,0,1,1,0,1,0,1,0,1,0,1,1,0,1,0,0,0,0,1,0,1,1,1,0,1,1,0,1,0
1,0,0,1,1,0,0,1,0,0,1,1,0,0,0,1,1,1,0,0,0,1,0,1,1,0,1,1,0,0,0,1,0,0,1,0,0,1,1,1,1,0,0,1,0,1,0,0,1,1,0,1,1,0,1,0,0,1,1,0,0,0,1,0,0,0,0,0,1,1,0,0,0,1,1
0,0,1,1,0,1,0,0,0,0,0,1,0,0,1,1,1,1,1,1,0,1,1,1,1,1,1,0,0,1,1,1,0,0,0,1,0,1,0,1,1,1,0,1,1,1,1,1,0,0,1,1,1,1,0,1,1,0,0,1,0,1,0,0,1,1,0,1,0,1,0,1,1,1,0
1,0,0,1,0,1,1,1,1,0,0,1,0,1,1,0,1,0,1,0,0,1,1,1,0,0,1,1,0,0,0,1,0,0,1,0,1,1,0,1,1,0,1,1,1,0,0,0,1,1,1,1,1,1,0,0,0,1,1,0,1,1,1,0,0,0,0,1,1,0,1,0,0,1,1
1,0,1,1,1,0,0,1,0,1,1,0,0,0,0,1,1,0,0,0,1,1,0,1,1,1,0,0,0,1,0,1,1,0,1,1,0,1,0,1,1,0,0,1,0,1,0,0,0,1,1,1,1,0,0,1,0,1,0,0,0,0,1,0,0,1,0,1,1,1,0,1,0,1,1
1,0,0,0,1,0,0,0,1,1,0,0,0,0,1,1,1,1,0,0,1,1,1,1,0,0,1,0,1,0,1,1,0,0,0,0,0,0,1,0,1,0,0,1,0,1,1,1,0,0,1,0,1,1,0,1,1,1,1,0,0,1,1,0,1,0,0,0,0,1,0,0,0,1,0
1,0,1,1,0,0,0,1,1,0,1,1,0,1,1,1,0,1,1,1,0,1,0,0,1,1,1,1,0,1,1,0,0,0,0,1,0,0,0,1,1,0,1,1,1,1,1,0,0,1,1,0,1,0,1,0,0,0,0,0,1,1,1,1,0,0,0,1,1,1,0,0,1,1,0
1,0,1,1,1,1,0,1,0,1,1,1,0,0,0,1,1,0,1,0,1,1,0,1,0,1,0,1,1,0,0,1,1,0,1,0,1,0,1,0,1,1,1,1,0,0,0,0,0,1,1,1,1,1,0,1,1,1,0,1,0,0,1,1,0,0,0,1,0,1,1,1,1,1,1
0,0,0,0,1,0,0,1,1,0,0,0,1,0,0,0,1,1,0,0,0,1,0,1,0,0,0,0,1,0,0,0,0,0,1,1,0,1,1,1,1,0,1,1,0,0,0,0,0,1,1,0,1,0,1,1,0,1,1,0,1,1,1,1,1,0,0,1,1,1,1,0,0,1,1
1,0,1,1,1,0,0,1,0,0,1,1,1,1,1,1,0,1,1,0,1,1,1,1,0,0,1,0,1,0,0,1,1,0,0,1,0,1,0,1,0,1,1,1,1,1,1,1,0,0,1,1,1,0,1,1,1,0,1,1,1,0,0,1,1,0,0,0,0,1,1,0,1,1,0
0,1,0,1,1,0,1,1,0,0,1,0,0,0,1,0,1,0,0,0,1,1,1,1,0,0,1,1,0,0,1,1,0,0,1,1,1,0,0,1,1,1,0,1,1,0,1,0,0,1,1,0,1,1,0,1,0,0,0,0,0,0,1,0,1,0,0,1,1,1,0,1,0,0,1
1,0,0,1,1,1,0,1,0,1,0,0,1,0,0,0,1,0,1,0,1,1,0,1,1,1,0,0,1,0,0,1,1,0,0,0,1,0,1,0,1,1,1,1,0,0,0,0,0,0,0,1,1,0,0,1,1,1,1,1,1,1,0,0,1,0,0,1,0,1,1,1,0,1,0
1,0,0,1,0,1,0,1,1,0,0,1,0,0,1,1,1,1,0,0,0,1,0,0,0,0,0,1,0,0,1,1,0,0,1,1,0,0,0,1,1,0,0,1,1,1,0,1,1,1,1,1,1,1,0,1,1,1,0,0,0,0,1,0,1,0,0,0,0,1,0,1,0,1,0
0,1,1,0,1,0,1,1,1,1,0,1,0,0,0,1,1,0,1,0,1,0,1,1,1,0,1,0,1,1,1,1,1,0,0,0,1,0,1,0,1,0,0,1,0,1,0,0,1,1,1,0,1,1,1,1,0,1,0,1,1,1,0,0,0,0,0,0,1,1,1,1,0,1,1
0,1,0,1,1,0,0,1,0,1,1,1,1,0,0,1,1,1,1,0,1,0,1,1,1,1,1,1,0,0,0,1,0,0,1,0,1,0,0,0,1,1,1,1,1,0,0,0,0,0,1,0,1,0,1,1,0,1,0,0,0,1,0,0,1,0,0,1,1,1,1,0,0,0,0
1,0,1,1,1,0,0,1,1,0,0,1,0,0,0,1,0,1,0,0,0,1,0,1,1,1,1,1,0,1,0,1,1,0,0,1,0,0,0,1,1,0,0,1,0,1,1,1,0,0,1,1,1,0,1,1,1,0,1,1,1,0,1,0,0,0,0,1,1,1,1,1,0,1,0
1,0,0,0,0,0,0,1,1,0,1,1,0,0,1,1,0,1,1,0,1,1,0,1,0,0,1,0,1,0,1,1,1,0,0,0,0,1,1,0,0,0,0,1,0,1,1,1,1,1,1,1,1,1,0,0,1,1,1,1,1,1,1,1,1,0,0,0,1,1,1,0,0,1,0
0,0,0,1,0,1,0,1,1,0,1,0,0,0,0,0,1,1,0,0,0,1,0,1,0,0,0,0,1,1,0,0,1,0,1,1,1,1,0,1,0,0,0,0,1,0,0,0,0,1,0,1,1,1,1,1,0,1,1,0,0,1,1,0,0,0,0,0,1,0,0,0,1,0,0
1,0,0,0,1,0,0,1,1,0,1,0,0,1,0,1,0,1,1,0,1,1,0,1,1,1,1,1,1,0,1,1,1,0,0,1,1,0,0,1,1,0,0,1,0,0,1,0,1,1,0,1,0,0,1,0,0,1,1,1,0,0,1,0,0,0,0,1,1,0,1,0,1,1,1
1,1,1,1,1,0,0,1,1,0,1,1,0,0,0,0,1,0,0,0,0,1,1,1,1,0,1,1,1,0,0,0,1,0,0,0,0,0,1,0,1,1,0,1,1,0,0,1,0,1,1,0,1,0,0,1,1,1,1,1,0,0,1,0,0,0,0,1,0,1,0,1,0,0,0
1,0,0,0,0,1,0,1,0,0,1,0,0,0,1,1,1,1,0,1,1,1,0,1,1,0,1,0,1,0,1,1,1,0,1,0,1,0,0,0,1,0,1,1,0,1,0,1,1,1,1,1,1,1,0,1,1,0,0,1,0,0,1,0,1,0,1,0,1,1,0,1,0,1,1
1,0,0,0,0,1,0,1,0,0,1,0,0,0,1,0,1,0,0,1,1,1,0,1,0,1,1,0,0,0,0,0,0,0,0,1,0,0,0,1,1,1,1,1,0,0,0,0,0,1,1,1,1,1,1,1,1,1,0,1,0,0,1,0,1,0,1,1,0,1,1,0,1,1,1
1,0,0,0,0,0,0,1,0,1,1,1,0,0,1,1,0,1,1,0,0,1,0,1,0,0,0,1,0,0,1,1,1,0,1,0,0,1,0,0,1,0,1,1,0,0,1,0,1,1,0,1,1,1,0,0,0,0,1,1,0,0,0,0,0,0,1,0,1,1,1,1,0,1,0
1,0,1,0,0,1,1,1,0,0,0,1,0,0,0,0,0,0,1,0,1,0,0,0,0,1,0,0,1,0,1,1,1,0,1,0,1,0,1,0,1,1,0,1,0,1,0,0,0,0,1,1,1,0,0,1,0,0,1,0,0,0,1,0,0,0,0,1,0,1,0,0,1,0,0
1,0,0,0,1,0,1,1,1,0,1,0,1,0,1,1,1,1,1,1,1,1,1,1,0,0,0,0,0,1,1,0,1,0,0,0,1,0,0,0,1,0,0,1,0,1,1,0,1,0,1,0,1,0,1,1,0,0,1,1,0,1,1,0,0,1,0,0,1,0,0,0,1,1,1
1,1,1,0,1,1,0,1,0,1,0,1,0,0,1,0,1,0,0,0,1,0,0,0,1,0,1,0,1,1,0,1,0,0,0,1,0,0,1,1,1,1,0,1,0,1,0,1,0,1,1,1,1,1,0,1,1,0,1,0,0,0,1,0,0,1,1,0,0,1,0,0,0,1,0
1,0,0,0,0,1,0,0,0,1,0,1,0,0,1,1,1,1,1,1,0,0,0,0,1,1,1,0,1,1,0,0,0,0,0,1,0,0,0,1,1,0,0,1,1,0,0,1,0,1,0,1,1,0,1,0,1,0,0,1,1,0,0,0,1,1,0,0,0,1,0,0,1,1,0
1,1,0,0,0,1,0,0,0,1,0,1,0,0,1,0,0,1,0,0,1,1,0,1,0,1,1,1,0,1,0,1,1,0,1,1,0,0,1,1,1,0,1,1,0,0,0,0,0,1,0,1,1,0,0,1,0,1,0,1,1,1,1,1,0,1,1,1,1,1,1,1,0,1,0
1,0,0,1,0,0,0,1,0,0,0,0,0,0,0,0,1,0,0,0,0,1,0,1,0,0,0,0,1,0,1,1,1,0,1,0,0,0,0,0,0,1,1,1,0,1,1,0,0,0,1,1,1,0,0,0,0,1,0,1,0,0,0,0,0,0,0,0,1,1,1,0,0,1,0
1,0,0,1,0,1,0,0,1,1,0,1,0,0,0,1,1,1,1,1,1,1,0,1,1,0,1,1,1,0,0,1,1,0,0,1,0,0,0,0,1,1,0,0,1,1,1,0,1,0,1,1,1,0,1,1,1,1,0,1,0,1,0,0,1,1,0,1,0,1,1,1,1,1,1
1,0,0,1,1,0,0,1,0,1,0,1,1,0,0,0,1,1,1,0,1,0,1,1,0,0,0,0,1,0,0,1,1,0,0,0,0,1,1,0,1,1,0,1,1,0,0,1,1,0,1,0,0,1,0,0,1,0,0,1,0,1,0,0,1,0,1,0,0,1,0,0,1,1,1
1,1,0,1,0,0,0,1,0,1,0,0,0,0,1,0,1,0,0,0,0,1,1,1,0,1,1,0,1,1,1,1,0,0,1,0,1,0,1,0,1,1,1,0,0,1,0,0,1,1,1,0,1,0,0,1,1,1,0,1,1,0,1,0,1,0,0,0,1,1,1,1,0,1,0
1,0,0,1,1,1,0,1,1,1,0,1,1,0,0,1,0,1,0,1,1,0,0,0,0,0,0,1,0,1,1,0,1,1,1,1,1,1,1,0,1,1,0,1,1,0,1,1,1,1,1,0,1,1,0,1,1,0,0,0,0,1,1,0,1,0,0,1,0,1,0,0,0,1,1
1,0,1,0,0,1,0,0,0,1,0,1,1,1,0,1,1,1,1,0,0,1,0,1,0,1,1,0,0,0,1,1,0,0,1,0,1,0,0,1,1,0,0,1,1,0,1,0,1,1,0,1,0,1,0,0,1,0,0,1,0,0,0,0,1,1,0,1,1,1,0,0,1,0,0
0,0,0,0,0,0,0,1,0,0,0,0,1,0,1,1,1,1,0,1,0,1,1,1,0,0,0,0,1,1,1,1,0,0,1,0,0,0,1,0,1,1,0,1,0,1,0,1,1,0,1,1,1,1,0,0,1,0,1,0,0,0,1,0,1,0,0,0,1,1,0,1,0,0,0
1,0,1,0,1,0,0,1,1,0,1,1,0,0,0,0,0,0,0,0,1,1,0,1,0,0,1,0,0,0,1,0,1,1,0,1,1,1,1,0,1,1,1,1,0,1,0,1,0,1,1,1,1,0,0,1,1,1,1,0,1,0,1,1,0,0,0,1,0,1,0,1,1,1,1
1,0,0,1,0,1,0,1,0,0,0,1,0,0,1,1,1,1,0,0,0,0,1,1,1,1,0,0,0,1,1,0,0,0,1,1,0,0,0,1,1,0,0,1,1,0,1,0,0,0,0,1,1,1,0,0,0,1,1,1,1,0,1,0,0,0,1,1,1,1,1,1,1,1,1
1,0,1,0,1,1,1,1,0,1,1,1,0,0,1,1,0,1,1,1,0,1,1,1,0,1,1,1,1,1,1,0,1,0,1,1,1,1,0,1,0,0,1,1,0,1,0,0,0,0,1,0,1,1,0,1,1,0,1,1,1,1,0,0,1,1,0,1,1,1,1,1,1,1,1
1,1,0,1,0,1,0,1,1,0,0,0,0,0,1,1,1,1,1,0,0,1,0,0,0,0,0,0,1,0,0,1,0,0,1,0,0,1,0,1,0,1,0,1,0,0,1,0,1,1,0,1,1,1,1,0,1,0,1,0,0,1,1,0,1,0,1,1,0,1,1,0,1,0,0
1,0,1,1,0,0,0,1,0,1,0,0,0,0,0,1,1,1,0,1,1,1,0,1,1,1,0,1,0,0,1,1,1,1,1,1,0,0,1,1,1,0,1,1,0,1,0,0,1,1,0,0,1,1,0,1,0,1,1,0,0,0,1,0,0,0,1,0,1,1,1,0,0,1,0
1,0,1,0,1,0,0,1,1,0,0,0,0,0,0,0,0,0,0,1,1,0,0,0,0,0,1,0,1,1,1,0,1,0,0,0,0,0,1,0,1,1,0,1,1,0,0,0,0,1,1,1,1,0,0,0,0,1,1,0,1,1,0,0,1,0,0,0,0,1,0,1,1,1,1
1,1,1,1,1,0,0,1,1,1,1,1,0,1,0,1,1,0,1,0,0,1,0,0,1,0,1,1,0,1,1,0,1,1,1,1,1,0,0,1,1,0,0,1,1,1,0,0,0,1,1,1,1,1,1,1,0,0,0,1,1,1,1,0,0,0,1,0,1,1,1,1,1,1,1
1,0,0,0,0,0,0,1,0,1,0,1,0,1,0,0,1,1,1,1,1,1,1,1,0,0,1,0,0,0,1,1,0,0,0,0,1,0,1,0,0,0,0,1,0,0,0,0,0,1,0,0,1,1,0,1,0,1,1,1,0,0,1,0,1,1,0,0,1,1,1,0,1,1,1
0,0,1,0,0,1,0,1,0,1,1,1,1,0,1,0,1,1,1,1,1,0,0,1,1,1,1,1,0,1,0,1,0,1,1,1,0,1,1,0,1,1,1,1,0,0,1,0,0,0,1,0,1,1,1,0,0,0,1,1,1,1,1,0,0,0,0,1,1,1,1,1,0,1,0
1,0,1,1,0,1,0,1,1,0,0,1,0,1,1,0,1,1,0,1,0,1,1,1,0,1,1,1,0,1,0,1,0,0,0,1,0,1,0,0,1,1,1,1,1,1,0,0,0,1,1,0,1,1,0,1,1,1,1,1,1,1,1,0,1,0,1,0,0,1,1,1,0,1,0
1,0,1,0,0,1,0,1,1,0,0,1,0,0,1,1,0,0,1,0,1,1,0,1,1,1,1,1,1,1,0,0,1,0,0,1,1,0,0,1,1,1,1,0,1,1,0,1,0,1,1,1,1,0,1,1,1,1,1,0,0,0,1,0,0,1,1,1,0,1,0,1,1,1,1
1,0,0,1,1,0,0,1,0,0,0,0,0,0,0,0,1,0,0,0,1,1,0,1,0,0,1,1,1,1,1,1,0,1,0,0,1,0,0,0,1,0,0,1,0,1,0,1,0,1,1,1,1,0,1,0,1,1,0,0,1,0,0,0,1,0,1,0,1,1,0,1,0,1,0
1,1,1,0,1,0,0,1,0,1,1,1,0,1,1,1,1,0,1,0,0,1,0,1,1,1,1,0,0,1,0,1,0,0,1,0,1,1,0,0,0,1,0,1,0,0,0,0,1,1,1,0,1,1,1,0,0,1,1,1,1,1,1,1,0,0,1,1,0,1,0,1,0,1,0
1,0,1,0,1,0,0,1,0,1,1,0,0,1,0,0,0,0,1,0,0,1,0,1,0,0,1,0,1,1,0,1,0,1,0,0,0,0,1,0,1,1,0,1,1,0,1,1,0,1,1,0,1,0,1,1,1,1,0,0,0,0,1,1,0,0,0,0,1,1,1,1,0,0,0
1,0,0,0,1,0,1,1,0,1,1,1,0,0,0,0,1,1,0,0,1,0,0,1,1,1,1,1,0,1,1,0,0,0,0,0,0,0,0,0,1,1,0,1,1,0,1,0,1,1,1,1,1,1,0,1,0,0,1,0,0,1,1,0,1,0,1,1,0,1,0,0,1,1,0
1,0,0,0,1,0,0,1,0,0,1,1,1,0,1,1,1,1,1,1,1,1,0,1,1,1,1,0,1,0,0,1,1,0,1,0,0,0,1,0,1,0,0,1,1,0,1,1,0,1,1,1,1,0,1,1,1,1,1,0,1,0,0,0,1,0,0,1,1,1,1,0,0,1,0
0,1,0,0,1,1,0,1,1,0,0,1,1,1,1,0,0,1,1,1,1,1,1,1,0,0,0,0,0,1,0,1,0,0,0,0,1,0,1,0,1,0,0,1,1,0,1,0,0,0,0,0,1,0,0,0,0,0,1,1,1,1,0,1,0,0,0,1,1,0,0,0,0,1,0
0,0,1,0,0,0,0,1,0,1,0,1,0,0,0,0,0,0,0,0,1,0,0,1,0,0,1,0,1,1,1,1,1,0,0,0,0,1,0,0,0,0,1,1,0,0,0,0,0,1,1,1,1,1,0,1,0,0,1,0,0,0,1,0,1,0,0,1,0,1,0,1,0,1,0
0,0,1,1,1,1,0,0,0,0,0,0,0,0,0,1,1,0,0,0,1,1,0,1,0,1,1,1,1,1,1,0,1,0,1,0,0,1,1,0,1,1,0,1,0,1,1,0,1,1,1,1,1,0,1,0,0,1,0,0,0,1,1,0,0,1,0,1,0,1,0,1,0,1,0
0,0,0,1,1,1,0,1,0,1,1,1,1,0,0,1,0,1,0,1,1,1,1,1,1,0,1,1,1,0,1,1,1,0,1,1,0,1,0,1,0,1,1,1,1,1,0,0,1,0,1,1,1,1,1,1,1,1,1,0,1,0,0,0,1,0,0,1,1,1,1,0,0,0,0
1,0,0,0,1,1,0,1,1,0,0,1,1,0,1,0,1,0,1,0,0,1,0,1,1,1,0,0,0,1,0,0,0,0,1,0,0,1,1,0,1,1,1,1,1,0,0,1,1,1,1,1,1,0,0,1,0,1,1,0,1,1,1,0,1,0,0,0,1,1,1,0,0,1,1
1,0,0,0,1,0,0,1,0,0,0,1,0,0,1,0,0,1,0,1,1,1,0,1,0,0,0,0,0,0,0,1,0,0,0,1,0,0,1,0,1,1,1,1,0,0,1,1,0,0,1,1,1,0,0,1,1,0,1,0,1,1,1,0,1,0,0,1,0,1,1,0,1,1,0
1,0,0,1,1,1,1,1,1,1,1,1,0,0,1,0,0,0,1,0,0,1,1,1,1,0,0,1,0,0,0,0,0,0,1,1,0,0,0,1,0,1,0,1,1,1,1,0,0,0,1,0,1,1,1,0,1,0,1,0,1,1,1,1,1,1,1,0,0,0,0,0,1,0,0
0,0,0,0,1,1,0,1,0,0,0,1,0,0,0,1,1,1,1,0,1,1,0,0,1,0,1,1,1,1,1,1,1,0,0,0,1,0,1,0,1,0,0,1,1,0,1,0,0,1,1,1,0,0,1,0,0,1,1,1,0,0,1,0,0,0,1,0,1,0,0,0,0,1,0
1,1,1,0,0,1,1,1,0,1,1,0,0,0,1,1,1,1,0,1,1,1,1,1,1,1,1,1,0,1,0,0,0,0,1,1,1,0,0,1,1,1,0,1,1,1,1,0,1,1,1,0,1,0,0,1,0,1,1,1,0,0,0,0,1,0,0,0,0,1,1,1,0,1,0
1,1,0,0,1,1,0,1,0,0,1,0,0,0,0,0,1,1,0,0,1,1,0,1,0,0,1,0,0,0,0,1,1,0,1,0,0,1,1,0,1,1,0,1,1,1,1,0,1,1,1,1,1,0,0,1,0,1,1,1,0,0,1,0,1,0,1,0,0,1,0,0,0,0,0
0,0,0,1,0,1,0,0,0,0,0,0,0,0,1,0,1,0,0,0,1,1,1,1,0,0,0,1,0,0,1,1,0,1,0,0,1,1,1,0,1,0,1,1,0,1,0,0,0,1,1,0,1,0,1,1,0,0,1,1,0,0,1,0,0,1,0,0,1,1,1,1,1,1,0
1,0,0,0,0,0,0,1,0,0,0,1,0,0,0,1,1,0,0,0,0,0,0,1,0,1,0,1,0,1,1,1,0,1,1,0,1,0,0,1,1,1,1,1,0,1,0,0,0,0,1,0,1,0,1,0,0,1,0,1,1,1,1,0,0,0,1,1,0,1,1,1,0,1,1
0,0,1,0,1,0,0,1,0,1,1,0,0,0,1,0,1,0,1,0,1,0,0,1,0,1,1,0,0,1,1,0,0,1,1,0,1,0,1,0,1,1,0,1,1,0,0,1,1,1,1,1,1,1,0,1,1,1,0,0,1,1,1,0,1,0,0,1,1,1,0,1,0,1,0
1,1,1,1,1,0,0,0,0,1,0,1,0,0,0,1,0,1,1,0,1,1,0,1,0,0,1,1,1,1,1,0,1,0,1,0,1,0,1,0,1,0,0,1,0,0,1,1,0,1,1,1,1,0,0,0,1,1,1,1,0,1,0,1,0,0,1,1,1,1,0,0,1,0,0
1,1,1,1,1,1,0,1,0,1,1,0,0,0,1,1,1,0,0,0,0,1,0,1,0,1,1,0,1,0,0,0,1,1,1,0,1,0,0,0,1,1,0,0,0,0,0,1,0,1,1,1,1,0,1,1,1,0,0,0,0,0,1,0,1,0,1,0,1,1,0,0,0,1,0
0,0,0,1,0,0,0,1,1,0,0,1,0,0,1,1,0,0,1,1,0,1,0,0,0,0,1,1,1,0,0,1,1,0,1,1,1,1,0,1,1,1,1,1,1,0,0,1,0,1,1,0,0,1,1,1,1,1,0,1,0,1,0,1,1,0,0,1,0,1,1,0,0,1,0
1,0,0,1,0,0,0,1,0,0,1,1,0,0,0,1,1,1,0,0,1,1,0,1,1,1,0,1,1,1,1,0,1,0,0,0,0,0,0,0,1,0,1,1,0,1,1,1,1,1,1,1,1,0,1,1,1,1,1,0,1,1,1,1,0,1,1,0,0,1,0,0,0,0,0
1,0,1,1,1,0,0,1,0,0,0,0,1,1,1,0,0,1,1,1,0,1,0,0,0,1,1,1,0,0,0,0,0,0,0,1,0,0,0,0,1,1,1,1,1,1,0,1,1,1,0,1,1,0,1,1,1,0,0,0,0,0,0,1,1,0,1,0,0,1,1,0,0,1,0
1,0,1,0,0,1,0,0,0,0,0,1,1,0,0,0,0,1,0,0,0,1,0,1,1,1,1,1,1,0,0,1,1,0,0,1,1,1,1,0,1,1,0,1,0,0,0,0,0,0,0,1,1,1,0,1,0,0,1,1,1,1,1,1,1,1,1,1,0,1,0,0,1,1,0
1,0,0,0,1,0,0,1,0,1,0,1,0,0,1,0,0,1,0,0,0,1,0,1,0,0,1,0,1,1,1,0,0,0,0,1,0,0,0,1,1,0,1,1,1,0,1,0,0,0,0,0,1,0,0,1,0,0,1,1,1,1,1,0,0,0,1,1,1,1,1,1,1,1,0
1,0,1,0,1,1,0,0,0,0,0,1,0,0,1,1,1,0,1,1,1,1,0,0,1,0,1,1,1,0,1,0,0,0,1,1,0,0,1,1,1,0,1,1,0,0,0,1,0,1,1,1,0,0,1,1,1,1,1,0,1,1,0,1,0,1,1,0,1,1,1,1,0,1,0
1,0,1,1,0,0,0,1,1,1,0,1,0,0,1,0,0,0,1,1,1,1,0,1,0,1,1,0,1,1,0,1,1,0,0,0,1,0,1,0,1,1,1,1,0,1,1,1,0,1,1,1,1,1,1,0,1,0,0,1,1,1,0,0,1,0,0,1,0,1,1,0,0,1,0
1,1,1,0,1,1,0,1,0,1,0,1,0,0,1,0,1,1,1,1,0,0,0,1,1,0,1,1,1,1,0,1,1,0,1,0,1,1,0,1,1,0,0,0,1,0,1,0,0,1,1,0,1,1,0,1,0,0,1,1,0,1,1,0,0,0,0,1,1,1,1,1,0,0,1
1,0,0,1,1,0,0,1,0,1,0,0,1,1,0,1,0,1,0,0,0,0,0,1,0,1,1,1,0,0,1,0,0,0,0,0,0,0,0,1,0,0,1,1,0,0,0,0,0,0,0,1,1,0,1,0,0,1,0,0,0,1,0,0,1,0,0,0,1,1,1,0,0,1,0
1,1,0,0,0,0,0,1,1,0,1,1,0,0,0,1,0,0,0,1,0,0,0,0,0,1,0,1,1,0,1,0,1,1,0,1,0,1,0,1,0,1,0,1,0,0,0,0,1,1,1,1,1,1,0,0,1,1,1,0,0,1,1,0,1,0,0,0,0,1,0,1,0,1,1
1,0,0,0,0,0,0,0,0,0,0,1,1,0,1,1,0,1,0,0,1,1,0,1,1,0,1,1,1,1,1,1,0,0,0,1,1,0,0,1,1,0,1,1,0,1,1,0,0,0,0,0,1,1,0,1,0,0,1,0,1,0,1,0,1,1,0,0,1,1,0,1,1,1,0
1,0,0,1,1,0,0,1,0,0,0,0,0,0,1,0,1,0,0,0,0,1,0,0,0,0,1,1,0,1,0,1,0,1,0,0,0,0,1,0,1,1,0,1,0,1,0,0,1,1,1,0,1,0,1,1,1,0,0,0,1,0,1,0,0,1,0,1,0,1,1,0,0,1,1
1,0,1,1,0,0,0,1,0,0,0,0,0,0,0,1,1,1,1,1,1,1,0,0,0,1,1,0,1,1,0,1,0,0,1,0,1,1,1,1,1,0,1,1,0,1,0,1,1,1,1,1,1,0,1,0,1,1,0,0,0,0,1,0,0,1,0,0,1,1,1,0,0,1,0
0,0,0,1,0,0,0,1,0,0,1,1,0,1,1,1,1,1,0,0,0,0,0,1,0,0,1,0,0,0,0,1,0,0,1,0,0,1,0,0,1,0,0,1,1,1,1,0,1,1,1,1,1,1,0,1,0,1,0,1,0,0,1,0,0,0,1,1,1,0,0,0,0,1,0
1,0,1,1,1,0,0,1,1,1,0,0,1,0,1,1,1,1,0,0,0,1,0,1,0,1,0,1,1,0,0,1,0,0,0,0,1,0,1,0,1,1,0,1,0,1,1,0,0,0,1,0,1,1,0,1,0,1,0,0,0,1,1,0,1,0,0,1,0,1,0,1,0,1,0
0,1,1,0,1,1,0,0,0,1,0,1,0,0,0,1,1,1,1,0,1,1,0,1,0,1,1,0,1,0,1,0,1,0,0,0,1,1,1,0,1,0,0,1,1,0,1,1,1,0,1,1,1,1,1,1,0,0,0,0,1,1,0,1,0,1,1,1,1,0,0,0,0,1,1
0,0,0,1,1,1,0,1,0,0,1,0,1,0,0,1,1,0,0,0,0,1,1,1,0,0,1,0,1,0,1,0,1,0,0,0,1,0,1,0,1,0,0,1,0,1,0,0,0,1,1,1,0,0,1,1,0,1,1,1,0,1,0,0,1,0,1,1,1,1,0,1,0,1,0
0,1,0,0,1,0,0,1,0,0,1,0,1,1,0,0,0,1,1,0,1,1,0,1,0,0,0,1,1,1,0,0,1,0,0,0,0,1,1,0,1,1,1,1,1,1,0,0,0,0,1,1,1,0,0,1,1,0,1,1,0,0,0,0,1,1,0,0,0,0,1,1,1,1,0
1,1,0,0,1,0,0,1,1,0,0,0,0,1,0,1,1,1,0,1,1,1,1,1,0,0,1,0,1,0,0,1,1,1,0,1,1,1,0,1,0,1,0,1,1,0,1,0,0,1,1,1,0,0,1,0,1,1,0,1,0,1,0,1,1,0,1,0,0,1,0,0,0,1,1
1,1,0,0,1,0,0,1,0,1,0,1,0,0,0,1,1,0,0,0,1,1,1,1,0,0,1,0,1,1,0,0,1,0,1,0,0,0,1,0,1,0,0,1,1,0,0,0,1,1,1,0,1,0,0,1,0,1,1,1,1,0,0,0,0,0,1,1,1,1,0,1,0,0,0
1,1,0,1,0,0,0,1,0,0,1,1,1,0,0,0,1,1,1,1,1,1,1,1,0,1,1,1,1,1,1,1,1,1,1,1,1,1,0,1,0,1,1,1,0,0,1,1,1,0,1,1,1,1,0,1,1,0,1,1,1,1,1,0,1,0,0,0,1,1,1,0,0,0,0
1,0,0,0,1,0,0,1,0,1,0,1,1,0,0,0,1,0,0,0,1,1,0,1,0,0,0,1,1,1,0,1,1,0,0,0,0,0,0,0,0,0,0,1,1,0,1,0,0,0,1,1,1,1,0,1,0,0,1,1,1,1,1,0,0,0,1,1,1,1,1,0,1,1,0
1,0,0,0,1,1,1,1,0,0,1,1,1,0,1,0,1,1,0,1,0,1,1,1,1,0,1,1,0,1,1,1,0,0,1,1,1,0,1,0,0,1,0,1,0,1,0,0,1,1,1,1,1,1,0,0,0,1,1,1,0,0,0,1,1,0,0,1,1,1,0,1,0,1,1
0,1,0,0,0,0,1,1,0,1,0,1,1,0,0,1,0,0,1,0,1,1,1,1,0,0,1,0,1,0,1,0,1,0,1,0,0,0,1,0,1,1,0,1,1,0,1,1,1,1,1,0,1,1,0,0,0,0,1,1,1,0,1,0,0,0,0,1,1,0,0,1,0,1,0
1,1,1,0,1,0,0,1,1,0,1,1,0,0,1,1,1,0,0,1,1,0,0,1,1,1,0,0,0,1,1,1,0,0,1,0,1,1,0,1,1,1,0,1,0,1,1,0,0,1,1,0,1,1,1,1,0,0,1,0,1,0,1,0,1,0,1,1,1,1,0,1,0,1,0
1,0,0,0,1,1,1,0,0,0,0,1,1,1,0,1,1,0,1,0,1,1,0,1,1,0,0,0,1,0,1,0,1,0,1,1,1,0,0,1,0,1,0,1,1,0,0,1,1,0,1,1,1,1,0,1,1,1,0,0,0,1,0,0,1,1,1,0,0,1,0,0,0,1,1
1,1,0,1,1,1,0,1,0,0,1,1,0,0,0,1,1,1,0,1,0,1,0,0,0,0,1,1,1,0,1,0,1,0,0,0,0,0,0,1,0,0,0,1,0,1,1,1,0,1,1,1,1,0,0,1,1,1,0,0,0,0,0,1,1,0,1,1,1,1,1,0,0,1,0
1,0,0,1,0,0,0,1,0,1,1,1,0,0,0,1,0,0,0,0,1,1,1,1,0,0,0,0,1,0,0,0,1,0,0,1,1,1,1,1,1,0,1,1,1,1,0,0,0,1,1,1,1,0,1,1,0,1,0,1,0,1,0,0,0,0,1,0,1,0,0,1,0,0,0
1,0,1,1,0,0,0,1,0,1,0,1,1,0,0,0,1,1,1,0,1,1,1,1,0,0,1,1,1,1,1,0,1,0,1,0,1,0,0,1,1,1,0,1,0,0,0,0,1,0,1,0,1,0,0,1,0,1,0,0,1,1,1,0,1,0,0,1,1,1,0,0,0,1,0
0,0,1,1,1,1,0,1,0,1,1,1,1,0,0,0,0,0,0,1,0,1,1,1,1,0,1,0,1,0,1,0,0,0,1,1,0,0,1,0,1,1,1,1,1,0,1,1,0,1,1,0,1,1,0,0,1,0,1,1,0,0,0,0,0,0,1,1,1,1,1,1,1,0,0
1,0,1,1,1,0,0,1,1,1,1,0,1,0,0,0,1,0,0,0,1,1,0,1,1,0,1,1,0,0,1,0,1,0,1,1,0,1,1,0,1,1,1,1,0,1,0,0,0,0,1,1,1,1,1,0,0,0,0,0,0,1,1,1,1,1,0,0,1,1,1,0,1,1,0
1,0,0,1,1,0,0,1,0,1,1,0,1,0,0,0,1,1,0,0,0,1,1,1,0,0,1,0,0,0,0,0,1,1,0,0,1,1,0,0,1,0,0,1,1,0,1,1,1,0,1,0,1,0,0,1,1,1,1,0,0,1,1,1,1,0,1,0,0,1,0,0,0,0,0
1,0,1,0,0,0,1,1,0,0,0,1,1,1,1,0,1,1,1,1,1,1,1,1,0,0,1,0,1,1,0,1,0,0,1,0,0,0,1,0,1,1,0,1,1,0,1,0,1,0,1,0,1,0,1,1,0,0,0,1,1,0,0,0,1,0,0,0,0,1,0,1,0,1,0
1,0,0,1,0,0,1,1,1,0,0,1,0,1,1,0,1,0,0,1,0,1,0,0,1,1,1,0,1,0,1,0,1,0,1,1,1,1,1,0,1,1,1,1,0,1,1,0,0,1,1,1,1,1,1,0,1,0,0,1,0,0,0,1,1,1,0,1,0,1,1,1,1,1,0
1,1,1,0,0,1,1,1,0,0,0,1,1,0,1,0,1,0,0,0,0,1,0,0,1,0,1,0,0,1,1,1,0,0,0,0,1,0,1,0,1,1,0,1,1,1,0,1,0,0,1,0,1,1,0,1,1,0,1,0,0,0,1,0,0,0,0,1,1,1,0,0,1,1,0
1,0,0,1,1,1,0,1,0,0,0,0,0,0,0,0,0,0,0,0,0,1,0,0,0,1,1,0,0,1,0,0,0,0,1,1,0,0,0,1,1,1,0,1,1,0,0,0,1,1,1,1,1,1,1,1,0,0,0,0,0,1,1,1,1,1,1,0,1,1,0,1,1,1,0
1,1,0,0,1,0,0,1,1,0,1,0,0,0,1,1,0,0,0,0,0,1,1,1,0,1,1,0,0,1,0,1,0,0,1,1,0,1,0,1,0,1,0,1,0,1,0,0,0,1,1,1,1,0,1,1,0,0,0,0,0,1,1,0,1,0,1,1,0,1,0,1,1,0,1
1,0,0,0,1,1,0,1,0,1,0,1,0,0,0,1,1,0,0,1,1,1,0,1,0,1,0,1,1,0,1,1,1,0,1,0,0,1,0,1,0,0,1,1,0,0,0,0,1,1,1,0,1,1,0,1,0,1,1,1,0,0,1,0,0,0,0,1,1,1,1,1,0,1,1
1,0,0,1,0,0,0,0,0,1,0,1,0,1,1,0,0,0,1,0,0,1,0,1,0,1,1,1,1,1,1,0,1,0,0,0,0,1,1,0,1,1,0,1,0,0,0,1,0,1,1,0,1,1,1,1,1,0,1,0,1,1,1,1,1,1,0,0,0,1,0,0,1,1,0
0,0,0,0,0,0,0,0,1,1,1,1,1,0,1,1,1,1,1,1,1,1,1,1,0,0,1,1,0,0,1,1,1,0,0,0,1,1,0,1,1,0,1,1,0,1,0,0,1,1,0,1,1,1,0,0,0,1,1,1,0,1,1,0,1,0,0,0,0,1,1,0,0,1,0
1,1,1,0,1,1,0,1,0,1,1,1,1,0,0,1,1,0,0,0,0,0,1,0,0,1,1,1,1,1,1,0,1,1,1,1,1,0,1,0,1,0,1,1,0,1,0,1,0,0,1,0,1,0,1,1,1,1,1,0,1,0,1,0,0,0,0,1,0,1,1,0,1,1,0
1,0,1,1,1,1,0,1,0,1,1,1,0,0,1,1,1,1,1,1,1,1,1,1,0,0,1,0,0,0,1,1,0,0,1,0,0,0,1,0,1,1,0,1,1,0,1,0,0,0,1,0,1,1,0,0,0,1,0,1,1,0,1,1,0,0,1,1,1,1,1,1,0,0,0
1,1,1,0,0,1,0,1,1,1,0,0,0,0,0,1,1,0,0,0,0,1,0,0,0,1,1,0,1,0,0,1,1,1,0,1,1,0,0,1,1,0,1,1,1,1,1,0,0,1,1,0,1,0,0,0,0,1,1,1,1,1,1,0,1,0,0,0,0,1,1,1,0,1,0
1,0,0,1,1,0,0,1,0,1,0,1,1,1,0,1,1,0,1,0,1,0,1,1,1,1,1,1,1,0,1,0,1,1,0,0,0,0,1,0,1,1,1,1,0,0,0,1,0,0,1,1,1,0,1,1,1,0,1,1,0,1,1,0,1,0,0,0,0,1,1,1,1,1,0
1,0,0,0,1,1,0,1,1,1,0,0,1,0,0,1,1,0,0,0,1,1,0,1,0,0,0,0,0,1,0,1,0,0,0,0,0,1,1,0,1,1,0,1,1,0,0,1,0,1,1,1,1,0,1,1,0,1,0,1,0,1,0,0,1,0,1,1,0,1,0,1,1,1,0
1,1,1,0,0,1,0,1,0,1,0,0,1,0,1,0,1,1,1,0,1,1,1,1,1,1,0,0,0,1,1,1,0,0,1,1,0,0,1,0,1,1,1,1,0,1,0,1,1,0,1,1,1,1,0,0,1,1,1,1,0,0,1,0,0,0,0,1,0,1,1,1,0,1,1
1,0,0,0,0,0,1,1,0,1,0,1,0,0,1,0,1,0,0,0,0,1,1,1,0,1,1,0,0,1,1,0,0,1,1,0,1,1,0,1,1,0,0,1,0,0,0,0,1,1,0,1,1,1,0,1,0,1,0,0,1,1,1,0,1,0,1,1,0,1,0,1,0,1,0
1,0,0,0,1,0,0,1,0,1,0,1,0,1,0,1,1,0,0,1,0,1,0,1,0,0,1,1,0,1,0,1,1,1,0,0,0,0,0,0,1,0,1,1,1,1,0,1,0,0,1,1,1,0,1,1,1,1,1,0,1,0,1,0,1,0,1,0,0,1,0,0,0,1,0
1,0,0,0,1,0,0,0,0,1,0,1,1,0,1,0,0,0,1,0,1,1,1,1,0,0,0,1,0,0,1,0,0,0,0,0,1,1,1,0,1,1,1,1,1,0,1,0,1,1,0,0,1,0,1,1,0,1,1,0,1,0,1,0,0,1,0,1,0,1,1,0,0,1,1
1,0,1,1,1,1,0,0,1,1,0,1,0,1,0,1,0,1,0,1,1,1,0,1,1,1,0,1,1,0,1,0,1,0,1,1,0,0,0,1,1,0,0,1,0,1,1,0,0,1,1,1,1,0,1,1,0,1,0,0,1,1,1,1,1,1,0,0,1,1,0,0,0,1,1
1,0,0,0,1,1,0,1,0,0,1,1,0,0,0,0,0,0,0,0,1,0,1,1,0,0,1,0,0,1,1,0,0,0,0,0,0,1,1,0,1,1,1,1,0,1,1,1,0,1,1,0,1,0,1,0,1,0,1,0,0,0,1,0,0,1,1,1,0,1,0,1,0,1,1
0,0,0,1,0,0,0,1,1,0,1,1,0,0,1,1,1,1,1,1,1,1,0,1,0,0,1,0,1,0,0,1,1,1,1,0,0,0,1,0,1,0,0,1,0,0,0,1,1,1,0,1,1,0,0,1,1,1,0,0,1,1,1,0,0,1,1,1,1,0,0,1,0,1,0
1,0,0,1,0,0,0,0,0,1,0,0,1,0,0,0,1,0,0,0,0,1,1,1,1,1,1,0,1,1,1,0,1,0,0,1,0,1,1,0,1,1,0,1,0,1,0,0,1,0,1,0,1,1,0,1,1,1,0,0,0,1,0,0,0,1,0,1,0,1,0,1,0,1,1
1,0,1,1,0,0,0,1,1,0,0,0,0,0,1,1,1,1,1,0,1,1,0,1,1,1,0,1,0,0,1,0,0,0,0,0,1,1,1,0,1,0,0,1,1,0,0,0,0,0,1,1,1,1,0,1,0,1,0,1,0,0,1,0,1,0,0,0,1,1,0,0,1,1,0
1,0,0,0,0,1,0,1,0,1,1,1,0,0,0,0,1,1,1,0,1,1,0,1,0,1,1,1,1,0,1,1,1,0,1,0,1,0,0,0,0,1,1,1,0,0,0,1,0,1,1,1,1,0,0,1,1,0,1,0,0,1,1,0,1,0,0,1,1,1,0,0,0,1,0
0,0,1,1,1,0,0,1,0,0,0,1,0,0,0,1,1,1,1,0,1,1,1,1,0,1,1,1,1,0,1,0,1,1,1,0,0,1,1,0,1,1,1,1,1,0,0,0,0,0,0,1,1,0,0,0,0,0,1,1,1,0,0,1,1,0,1,1,1,1,1,1,1,1,0
1,1,0,1,0,0,1,1,0,0,1,1,0,0,0,0,0,1,0,0,0,1,1,1,1,0,0,1,0,0,0,1,0,0,1,0,0,0,1,0,1,1,0,1,1,1,1,1,0,1,1,1,1,0,0,1,1,1,1,0,0,0,1,1,1,1,0,0,1,1,1,0,0,1,0
0,0,0,0,1,0,0,1,0,1,0,0,0,0,0,1,0,1,1,1,1,1,0,1,0,0,1,1,1,0,1,0,1,1,1,1,1,0,0,1,1,1,0,1,0,1,1,0,1,1,0,1,1,1,1,0,1,1,1,1,0,0,1,1,1,0,1,1,1,1,0,0,0,1,1
1,0,1,0,1,0,0,0,0,1,1,0,0,0,0,0,0,0,0,1,1,1,1,1,1,0,0,0,1,0,1,1,0,0,0,1,0,1,1,0,1,1,1,1,0,0,0,0,0,0,1,0,1,0,1,1,0,1,1,1,0,0,0,0,1,1,0,0,0,1,1,0,1,1,1
1,1,0,1,0,1,0,1,1,0,0,1,1,1,0,0,1,1,0,1,1,1,0,1,0,0,1,1,1,1,0,0,0,1,0,1,1,0,0,1,1,0,1,1,1,0,1,0,0,0,0,0,1,1,0,1,0,0,1,1,1,0,1,1,1,0,0,0,1,1,0,0,1,1,1
1,1,0,0,0,1,0,0,1,0,1,0,0,0,1,0,0,0,1,0,0,1,0,1,0,1,0,1,0,0,1,0,0,0,0,1,0,0,1,0,1,1,0,1,1,0,0,0,0,0,1,0,1,0,0,0,0,1,0,0,0,1,0,0,0,1,0,0,0,1,0,0,0,0,0
1,1,0,1,0,0,0,1,0,1,0,1,0,0,1,1,1,1,1,1,0,1,0,0,0,1,0,0,1,1,1,1,1,0,1,1,0,1,0,1,0,1,1,1,1,0,1,0,1,1,1,1,1,1,0,0,0,1,0,1,1,0,1,1,1,0,0,1,1,1,1,0,0,1,0
1,0,1,1,1,0,0,1,0,0,1,1,1,0,0,0,1,0,1,0,1,1,0,1,0,1,1,0,1,1,1,1,1,0,0,0,1,0,1,0,1,1,1,1,0,1,0,1,1,0,1,1,1,1,0,1,0,1,0,1,1,1,0,0,1,0,0,1,0,1,1,1,0,1,0
1,0,0,1,1,1,1,1,1,0,1,1,0,0,1,1,1,1,0,0,0,1,0,1,0,1,1,0,0,0,1,0,1,0,1,0,1,0,0,1,0,0,0,1,0,1,1,0,1,1,0,1,1,1,0,1,0,0,0,0,0,1,1,0,1,0,1,1,1,1,0,0,0,0,0
1,0,1,0,1,0,0,1,1,0,1,0,1,0,1,1,1,1,1,0,1,0,0,0,1,0,1,0,1,1,1,1,0,1,1,1,0,0,0,1,1,0,1,1,0,0,1,0,1,0,0,1,1,0,1,0,1,1,1,0,0,1,1,0,1,0,0,0,0,1,1,0,0,1,0
1,0,1,1,1,0,0,1,0,1,0,1,0,0,0,1,0,1,0,1,0,1,1,1,0,1,1,0,1,0,0,1,1,0,1,0,1,0,1,0,1,0,0,1,1,0,1,0,0,0,0,0,1,0,1,1,1,0,1,1,1,1,1,0,1,0,0,1,1,1,1,1,1,0,0
1,0,0,1,1,1,0,0,0,1,0,1,0,0,1,1,0,0,1,0,0,1,0,0,1,0,1,0,0,1,1,0,0,0,0,1,0,1,0,1,0,1,0,1,0,1,0,1,0,1,1,1,1,0,1,0,1,1,0,0,1,0,1,0,0,0,0,1,1,1,0,0,0,1,0
1,0,0,1,1,0,1,1,1,0,0,0,1,0,0,0,1,0,0,0,0,1,1,1,1,1,0,0,1,1,0,0,1,0,1,0,1,0,1,0,1,1,0,1,0,0,1,0,0,0,1,0,1,0,0,0,0,0,1,1,1,0,0,1,0,0,1,0,0,1,0,0,0,1,0
1,0,0,0,0,0,0,0,0,0,0,0,0,0,1,1,1,0,1,0,0,1,0,1,1,1,1,0,1,1,1,0,1,0,0,0,0,1,0,1,1,0,0,1,0,1,0,0,0,1,1,1,1,1,0,1,0,0,0,0,0,1,0,0,1,1,0,1,0,1,0,0,1,1,1
1,0,1,1,1,1,0,0,1,1,0,1,1,0,1,1,1,0,1,1,1,1,1,1,1,0,1,1,0,0,1,0,0,0,1,0,0,1,1,0,1,0,0,1,0,0,0,1,1,0,1,1,1,0,1,1,0,1,0,1,0,1,1,1,1,1,0,1,1,1,1,0,0,0,0
1,0,0,1,1,0,0,1,1,1,0,1,0,0,1,1,0,0,1,0,1,1,0,1,0,0,0,0,0,0,1,0,0,0,0,1,1,0,0,1,1,0,1,1,0,1,0,0,0,1,1,1,1,1,0,1,0,0,0,1,1,1,0,0,1,0,1,1,1,1,1,0,0,1,0
1,0,1,1,0,1,0,1,1,0,0,0,0,0,1,1,0,1,1,1,0,1,1,1,1,0,0,1,0,0,1,1,1,0,0,1,1,0,0,0,1,1,0,1,0,1,0,1,1,1,1,0,1,0,1,1,1,1,0,1,0,1,0,0,1,0,1,0,0,1,0,1,0,1,0
1,0,0,1,0,1,0,1,1,1,0,1,1,0,0,1,1,1,0,0,0,1,1,1,0,0,0,0,0,0,0,0,1,0,0,0,1,0,1,0,1,0,0,1,0,1,1,0,0,0,1,0,1,1,0,0,0,1,1,0,1,0,1,0,1,0,0,1,1,1,0,1,0,1,0
1,0,1,0,1,0,0,1,0,0,1,1,1,0,0,0,0,0,0,1,0,0,0,0,0,0,0,0,0,1,0,1,1,0,0,0,1,1,1,0,0,1,0,1,1,1,0,1,0,1,1,1,1,0,0,1,1,0,1,1,1,1,0,0,1,0,1,1,0,1,0,1,1,1,0
1,0,0,0,0,0,0,1,1,0,0,1,0,0,0,1,1,0,0,0,0,0,0,1,0,0,1,1,1,1,1,1,1,0,1,0,0,0,1,0,1,0,1,1,1,0,0,0,1,1,1,1,1,0,1,0,0,1,0,1,0,1,1,0,1,0,0,0,0,1,1,1,0,1,0
1,0,1,1,1,1,0,1,0,1,1,0,1,0,0,1,1,1,0,0,0,1,0,1,1,0,1,1,0,0,0,1,1,0,0,1,0,1,0,1,1,0,0,1,0,1,1,1,1,1,0,1,1,1,0,0,1,0,1,0,0,1,1,0,1,1,0,0,0,1,1,0,1,1,0
1,0,1,1,1,1,0,1,0,0,0,1,0,0,1,0,1,1,0,0,1,1,1,1,1,1,1,0,0,1,1,0,0,0,0,1,1,0,1,0,1,1,1,1,0,0,0,1,0,0,1,0,1,0,0,1,1,1,0,0,0,1,0,0,1,0,0,1,0,1,0,1,1,0,0
1,0,1,1,1,0,0,1,0,0,1,0,0,0,0,0,1,0,0,1,0,1,0,1,0,1,1,0,1,0,1,0,1,0,0,0,0,1,0,1,1,1,1,1,0,1,0,0,1,1,1,1,1,1,0,0,1,1,1,1,0,1,1,0,1,0,1,0,0,1,0,0,0,1,0
1,0,1,0,1,0,0,0,0,1,0,1,1,0,0,0,1,1,1,0,1,1,0,1,1,0,1,0,0,0,0,0,1,0,0,0,1,0,1,0,1,1,0,1,1,0,1,0,0,1,0,1,1,0,0,0,1,0,1,0,1,1,1,1,0,1,0,0,0,1,0,0,0,1,0
1,1,0,1,0,1,0,1,0,1,1,1,0,0,0,1,0,1,1,0,1,1,0,1,1,0,1,1,1,0,1,0,1,0,1,0,1,0,0,1,1,1,0,1,1,0,1,0,0,1,0,0,1,0,0,1,0,0,1,1,1,1,1,0,0,0,0,1,0,1,0,0,1,0,1
1,0,0,1,1,0,0,1,0,0,0,0,0,0,0,0,0,0,1,1,1,1,0,0,0,0,1,0,1,1,1,1,1,1,1,0,1,0,1,0,1,1,1,1,0,1,1,1,0,1,1,0,1,0,1,1,0,0,0,1,0,0,0,0,1,0,0,0,0,1,1,1,1,1,0
1,1,1,1,1,0,0,0,0,1,0,0,1,0,1,1,1,0,0,0,1,1,0,1,0,0,1,1,1,1,0,0,0,0,0,1,0,1,0,1,0,0,0,1,1,0,0,1,0,0,1,1,1,1,0,1,1,0,0,1,0,0,0,0,0,1,1,0,0,1,0,0,1,1,0
1,0,1,0,1,0,0,1,0,0,1,0,0,0,0,1,1,1,0,0,0,1,0,1,0,0,1,1,0,1,0,1,1,1,0,0,0,1,1,0,1,0,1,1,1,1,1,1,0,1,1,1,1,0,1,1,1,0,1,0,0,0,1,1,1,0,0,0,1,1,1,0,1,1,0
1,0,0,0,1,1,0,1,1,0,1,1,1,0,0,1,1,1,0,0,0,0,1,1,0,0,1,0,1,1,0,1,1,0,1,0,0,0,1,0,1,0,1,1,1,0,0,0,0,1,0,1,1,0,1,1,0,1,1,0,0,1,1,0,0,0,0,1,1,1,1,0,1,1,0
1,1,1,0,1,1,0,1,0,1,1,0,0,0,0,1,1,0,1,0,0,1,1,1,0,0,0,0,1,0,1,1,0,0,1,0,0,1,0,0,0,1,0,1,1,1,0,1,0,0,1,0,1,0,1,1,1,1,1,0,0,0,0,1,1,0,1,0,0,1,1,0,0,1,1
0,0,1,1,1,1,0,0,1,0,0,1,0,0,1,0,1,1,0,0,0,1,0,1,0,1,1,0,0,1,1,1,0,0,0,0,0,1,0,1,1,1,0,0,1,1,1,0,0,0,0,1,1,0,1,1,0,1,0,1,1,0,1,1,1,1,1,0,0,1,0,1,1,1,1
1,0,0,1,1,0,0,1,0,1,1,1,1,0,0,0,1,1,0,0,1,1,0,1,0,0,0,1,1,0,1,0,0,0,0,0,0,0,0,0,1,1,1,1,1,0,0,0,0,0,1,0,1,1,0,1,0,0,0,1,1,0,0,0,0,1,1,1,1,1,0,1,0,1,1
1,0,0,1,1,1,0,1,1,1,0,0,1,0,0,1,0,1,1,1,0,1,0,1,0,1,0,0,0,1,1,1,1,0,0,1,1,0,0,1,1,0,1,1,0,1,0,0,1,0,0,1,1,0,1,1,0,1,0,1,0,1,0,1,0,0,0,1,1,1,1,1,0,0,0
1,0,0,0,0,0,0,1,0,1,0,1,0,1,0,0,0,0,0,0,0,1,1,1,1,0,1,1,0,1,1,0,1,0,0,1,1,0,0,1,1,0,0,1,0,1,0,1,0,1,1,0,1,1,0,1,1,0,0,1,1,0,0,1,0,0,1,1,1,1,1,1,1,1,0
1,0,0,1,1,0,1,0,1,0,0,1,0,0,1,0,0,0,0,0,1,0,1,1,1,1,0,0,0,0,1,0,1,0,1,1,1,1,0,1,1,0,0,1,1,1,0,0,1,1,0,0,1,1,1,1,0,1,0,0,0,1,1,0,1,1,1,1,0,1,0,0,0,1,0
1,0,1,1,0,1,0,0,0,1,0,0,0,0,0,0,0,1,0,0,0,0,0,1,1,0,0,1,1,0,1,0,0,0,1,1,1,0,0,1,1,1,0,1,0,1,1,1,0,0,1,1,1,1,0,1,1,0,0,0,0,1,1,0,1,1,0,0,0,1,0,0,1,1,0
1,1,0,1,1,1,0,1,1,0,1,1,0,0,1,0,0,0,1,0,1,1,0,1,0,1,0,1,0,0,1,0,0,0,1,0,1,0,1,0,1,1,1,1,1,0,1,1,0,0,1,0,1,0,0,0,1,0,1,1,1,0,1,0,1,0,0,0,1,1,1,0,0,1,0
1,1,0,1,0,0,0,0,0,0,0,1,0,0,0,1,1,1,0,0,1,1,0,1,1,0,0,1,0,0,0,1,1,0,1,1,0,0,0,0,0,1,1,1,1,0,1,0,0,1,1,1,1,1,1,1,0,1,0,0,1,0,1,0,1,1,1,0,1,1,1,0,1,1,0
1,0,0,0,1,0,0,0,1,1,0,1,0,0,0,1,0,1,0,0,1,1,0,1,0,1,1,0,1,0,1,1,1,0,0,0,1,1,0,1,0,0,0,1,0,1,1,0,0,1,1,0,1,1,0,0,1,1,1,0,1,0,1,1,0,1,1,0,0,1,1,0,0,1,0
1,0,1,1,1,0,0,0,0,0,0,0,1,0,0,1,0,1,0,1,1,1,0,1,0,0,1,1,1,1,1,1,1,0,0,0,1,0,0,0,1,0,1,1,0,1,0,0,0,1,0,1,1,0,1,1,0,0,0,0,0,1,0,0,0,1,0,0,1,0,0,0,0,1,1
0,1,1,1,0,0,1,1,1,0,1,1,1,0,1,0,1,1,0,1,0,1,1,1,0,0,1,0,1,0,1,0,0,0,0,0,1,0,1,0,1,1,0,1,1,1,0,0,1,1,1,0,1,1,0,1,0,0,0,1,0,1,0,0,1,0,1,1,1,0,1,0,0,1,1
1,0,1,1,0,0,0,1,1,0,0,1,0,0,1,0,0,0,1,0,0,1,0,1,0,1,1,1,1,0,0,0,1,0,0,0,1,0,1,0,0,1,0,1,0,1,1,1,1,0,1,1,1,1,1,0,1,1,1,0,1,0,1,0,1,0,0,0,1,1,0,0,0,1,0
0,0,0,0,0,0,0,0,1,0,0,0,0,1,0,1,0,0,0,1,1,1,0,1,0,1,1,1,1,1,0,0,1,0,0,0,0,1,1,0,0,0,1,1,1,0,1,0,0,1,1,1,1,1,0,0,0,0,1,1,1,0,1,0,0,1,1,0,1,1,1,1,0,1,0
1,0,1,0,0,0,0,1,0,1,1,0,0,0,0,0,0,0,1,0,1,1,1,1,0,1,0,1,0,0,0,0,1,1,1,0,0,1,0,0,0,1,0,1,1,0,1,1,0,0,1,0,1,1,1,1,1,1,0,0,0,1,1,0,1,0,1,0,0,1,0,0,0,0,0
1,1,1,1,0,1,0,1,1,1,1,0,1,0,1,1,1,1,1,0,1,1,1,1,0,0,0,0,1,0,1,1,0,1,1,0,0,0,1,0,1,0,0,1,0,1,1,1,0,1,1,0,1,1,1,0,1,1,0,1,0,0,1,1,0,0,1,0,1,1,0,1,0,0,0
1,1,1,0,1,0,0,1,0,0,0,1,0,0,0,1,1,0,1,0,1,1,0,1,0,0,1,1,1,0,0,0,1,1,1,0,1,1,1,1,1,0,0,1,1,1,1,1,1,1,1,1,1,0,1,1,1,1,1,0,1,1,1,0,1,0,1,0,1,1,0,1,0,1,0
1,0,0,1,1,1,1,1,1,0,1,1,0,0,0,1,0,1,1,0,1,0,1,1,1,1,1,0,1,1,0,0,1,0,1,1,1,1,0,1,1,1,0,1,0,1,1,0,1,1,0,0,1,1,0,0,0,0,1,1,1,0,0,0,0,0,0,0,0,0,0,0,0,0,1
1,0,0,1,0,0,0,1,1,1,1,1,1,0,1,0,1,0,0,0,1,1,0,1,1,1,0,1,1,1,1,1,1,0,1,0,0,0,1,0,0,0,1,1,0,1,0,0,0,1,1,1,1,0,0,1,0,1,0,0,1,1,1,0,1,0,1,0,1,1,1,0,1,1,1
1,0,0,0,1,0,1,0,0,0,0,0,0,0,1,1,1,1,1,0,1,1,0,1,1,0,0,1,0,0,1,1,0,0,0,1,0,1,0,1,0,0,0,1,0,0,0,0,0,1,1,1,1,1,0,1,0,0,1,0,0,0,1,0,0,1,1,0,0,1,0,0,1,1,0
1,0,1,1,1,1,0,1,0,1,0,0,0,0,1,1,0,1,1,1,1,1,1,1,0,0,1,1,0,0,0,1,0,0,1,0,1,0,1,0,0,0,0,1,1,0,1,0,0,1,1,0,1,0,1,0,0,1,0,0,1,0,1,1,1,0,0,0,1,1,1,0,0,1,0
1,0,0,1,0,0,0,1,1,1,1,1,1,1,1,1,1,1,0,0,1,0,1,1,1,1,0,0,1,1,0,0,1,0,1,1,1,0,1,0,1,1,1,1,0,1,1,0,0,0,1,0,1,0,1,0,0,0,0,1,0,1,1,0,1,1,0,0,1,1,1,1,1,1,0
1,0,0,1,1,0,0,1,0,0,1,0,1,0,0,1,0,1,0,0,0,1,0,1,1,0,1,0,0,0,1,1,1,0,0,1,0,0,1,0,1,1,1,1,0,1,0,0,1,1,0,0,1,1,0,1,0,1,1,0,1,0,1,0,1,0,0,0,0,1,0,0,0,0,0
1,0,1,1,1,1,1,1,0,1,0,0,0,0,0,1,1,1,1,1,0,1,1,1,1,0,0,1,0,0,1,0,0,0,1,0,0,0,1,0,1,1,0,1,0,0,1,1,0,0,1,1,1,0,1,0,1,0,0,0,0,1,1,0,1,1,0,0,0,1,0,0,1,1,0
1,0,0,0,1,0,1,1,1,1,0,1,0,0,1,1,1,0,0,0,0,1,1,1,0,0,1,0,1,0,1,1,0,0,1,0,1,1,1,0,1,0,0,1,0,1,0,0,1,0,1,0,1,1,0,1,1,1,1,0,1,1,0,1,0,1,0,0,1,1,0,0,0,1,0
1,0,1,0,0,1,0,1,0,1,1,1,0,0,1,0,0,1,0,0,1,0,1,1,1,1,1,1,1,1,1,0,0,0,0,1,0,0,1,1,1,1,0,1,0,1,0,1,0,0,1,0,1,0,1,0,0,1,1,1,1,0,1,0,0,0,0,1,0,1,0,0,0,1,0
1,0,1,0,1,0,0,1,0,0,1,1,0,1,0,1,1,0,0,0,0,1,1,1,1,1,0,0,1,0,0,0,1,0,1,0,1,1,0,0,1,1,0,1,0,1,0,1,0,1,1,0,0,1,0,1,1,1,0,1,0,0,1,0,0,0,0,1,0,1,0,1,0,0,0
1,1,1,1,1,1,0,1,0,1,1,1,0,0,0,1,1,1,1,0,0,1,0,0,1,1,1,1,1,0,0,1,1,0,1,1,1,1,0,1,1,0,0,1,1,0,1,1,0,1,1,0,1,1,1,1,1,0,0,0,1,0,1,1,1,0,0,1,1,1,1,0,0,0,1
1,0,0,1,1,0,0,1,0,0,0,0,0,0,0,1,0,1,0,0,0,0,0,1,0,1,1,0,1,1,1,1,1,0,1,0,1,0,0,1,1,0,0,1,0,1,1,0,1,0,1,1,1,1,0,1,0,0,0,0,0,0,1,0,1,0,0,1,1,1,0,0,1,1,1
1,0,0,1,0,1,1,1,0,1,1,1,0,0,1,1,1,1,0,0,1,1,1,1,1,0,0,0,1,1,0,1,0,0,1,1,1,1,1,0,1,1,1,1,0,1,0,0,0,1,0,1,1,1,0,0,0,0,0,1,0,0,0,1,0,0,1,1,0,1,1,1,1,1,0
0,0,0,0,0,1,1,1,0,1,1,1,0,1,0,0,1,0,0,0,1,1,1,1,0,0,1,1,1,1,1,0,1,0,0,1,1,0,0,1,1,1,0,1,0,0,0,0,0,1,1,0,1,1,0,1,0,1,1,1,1,1,1,0,0,0,0,1,0,1,0,1,0,1,0
1,1,0,0,1,1,1,1,0,0,1,1,0,0,0,0,1,1,0,0,1,1,1,1,0,0,1,0,1,0,0,0,0,0,1,0,1,1,1,0,1,1,1,1,0,1,1,0,1,0,1,0,1,1,0,1,0,1,1,0,1,1,1,0,1,0,0,0,0,1,0,0,0,1,0
0,1,0,1,0,1,0,1,0,0,1,1,0,0,1,1,1,1,0,0,0,1,0,0,0,1,0,1,0,0,0,0,0,0,1,1,1,1,0,1,0,0,1,1,1,0,0,1,0,1,1,1,1,1,1,1,1,1,0,0,0,0,1,0,1,0,0,0,0,1,1,0,1,1,0
1,0,0,1,0,0,0,1,0,0,0,0,0,0,0,1,1,0,1,0,1,1,0,1,0,0,0,1,1,1,0,1,1,0,0,0,1,1,1,0,1,1,0,1,1,0,0,1,0,1,1,1,1,0,1,1,1,1,1,0,0,0,1,0,1,0,0,0,1,1,0,1,1,1,0
1,1,1,1,0,1,0,0,0,1,0,1,1,1,0,0,0,1,0,0,0,1,0,1,0,0,1,0,0,0,0,1,1,0,0,0,0,1,1,0,1,1,0,1,1,0,1,0,0,0,0,0,1,0,0,1,0,0,0,0,1,0,0,0,1,0,0,0,0,1,0,1,0,1,1
1,0,0,1,0,1,0,1,1,0,1,0,0,0,0,1,1,1,0,0,0,1,0,1,0,1,1,1,1,1,1,0,1,1,1,1,1,1,1,0,1,0,0,1,0,0,1,1,0,0,1,0,1,1,0,0,1,0,1,0,0,1,0,1,1,0,0,1,0,1,1,0,1,0,0
1,1,1,1,0,1,0,1,0,1,1,1,0,0,0,1,0,0,1,0,1,1,1,1,0,0,1,0,1,1,0,1,0,1,1,1,1,0,1,0,1,1,1,1,1,0,1,1,0,0,1,1,1,1,1,1,1,0,1,1,0,1,0,1,1,0,0,0,1,1,1,0,0,0,0
1,0,0,0,0,1,0,1,0,0,1,1,1,0,1,0,0,1,1,1,1,0,1,1,0,0,0,0,0,1,0,0,0,1,1,1,1,0,0,1,0,0,0,1,0,0,1,0,0,0,0,0,1,0,1,0,1,0,0,1,1,1,0,0,0,1,1,0,0,1,0,1,1,0,0
1,0,1,1,1,0,0,1,1,0,1,0,0,0,1,1,1,1,0,1,1,1,1,1,0,0,1,1,1,0,0,0,1,0,0,1,0,1,0,1,1,1,0,1,0,1,0,0,1,0,1,1,1,0,1,1,0,1,0,0,0,1,0,1,1,0,0,0,0,1,0,0,0,1,1
0,1,1,1,0,1,0,1,0,1,0,1,1,0,1,1,1,1,1,0,1,1,0,1,1,1,1,1,0,1,0,1,0,0,1,0,1,1,1,0,1,0,1,1,1,0,1,0,0,0,0,1,1,1,1,1,0,0,1,1,1,1,0,0,1,0,0,1,1,1,1,1,1,0,1
0,1,1,0,0,1,0,0,0,0,0,0,0,0,0,0,1,0,0,0,0,1,1,1,0,0,1,1,0,0,1,1,1,1,1,0,1,1,0,1,0,1,1,1,1,1,0,0,0,1,1,0,1,1,0,0,0,1,0,1,0,0,0,0,0,1,0,0,0,1,1,1,0,0,0
1,0,0,0,0,0,1,0,0,1,1,0,0,1,1,0,0,0,1,1,1,1,0,0,0,0,0,1,1,1,0,1,1,1,1,1,0,1,0,1,1,1,1,1,1,1,0,0,1,1,1,1,1,0,0,1,0,0,0,1,1,1,1,0,1,1,0,0,0,1,1,1,1,0,0
0,1,1,1,0,0,0,1,1,0,0,1,0,0,0,0,1,0,0,1,0,1,1,0,0,0,0,1,1,0,0,1,1,0,1,1,1,1,1,1,1,1,0,1,0,0,1,1,0,1,1,1,1,1,0,0,1,0,1,1,1,1,1,1,1,0,0,1,0,1,0,1,1,0,0
1,0,1,0,1,0,0,0,0,1,0,0,1,0,1,0,0,1,1,0,0,1,1,1,0,0,1,0,1,0,1,0,1,0,0,0,0,0,1,0,1,1,0,1,0,0,0,0,1,1,1,0,1,0,1,1,0,1,1,0,1,0,1,0,0,1,0,1,0,1,1,0,0,1,0
1,0,0,0,0,0,0,1,0,1,0,0,1,0,0,1,1,1,0,1,1,0,0,1,0,0,1,1,1,0,0,1,1,0,0,0,0,0,1,0,1,0,0,1,1,0,0,0,0,0,1,1,1,1,0,1,0,1,1,0,0,0,1,0,1,0,0,0,0,1,0,0,0,1,0
1,0,1,0,0,0,0,1,0,1,0,0,0,0,0,1,0,1,1,0,1,1,0,1,0,1,1,1,1,1,0,1,1,0,1,1,1,0,1,1,1,0,0,1,1,1,0,1,1,0,1,0,1,0,1,0,1,1,1,0,0,1,0,0,1,0,0,1,0,1,0,0,0,1,0
0,0,1,1,0,0,1,1,1,1,1,0,0,1,0,0,1,0,1,0,1,0,1,1,0,1,1,0,0,1,1,1,1,0,0,0,0,0,1,0,1,1,1,1,1,0,0,0,1,1,1,0,1,0,0,1,1,1,0,1,1,0,0,0,1,0,0,0,0,1,1,1,0,1,0
1,1,1,1,1,1,0,1,0,1,1,1,1,0,0,0,1,1,0,0,0,1,1,1,1,0,1,1,1,1,0,1,0,0,0,1,1,0,0,1,0,1,1,1,1,1,1,0,1,0,0,1,1,0,1,1,0,0,0,1,1,1,0,0,1,0,1,1,0,1,1,0,0,1,1
1,1,1,0,1,0,0,1,0,0,1,1,1,0,0,0,1,1,0,0,0,0,0,1,0,1,0,1,1,1,1,0,1,0,0,0,0,1,1,0,1,1,0,1,0,1,0,0,1,1,1,1,1,0,0,1,0,1,1,1,1,0,1,0,1,0,1,0,1,1,0,0,0,1,0
1,1,1,0,0,0,1,1,0,1,1,1,1,0,0,1,0,0,1,0,0,1,1,1,0,0,1,0,0,0,0,1,0,1,0,0,0,1,0,0,1,0,1,1,1,0,0,0,0,0,1,0,1,1,0,1,0,0,1,1,1,0,1,0,1,0,1,0,1,1,0,0,0,1,0
1,0,1,0,0,1,1,1,1,1,0,1,0,0,0,0,1,0,1,0,1,0,0,1,0,1,1,1,1,1,1,0,1,0,0,1,1,0,0,1,1,1,0,1,0,1,1,0,0,0,1,1,1,1,1,0,0,0,1,0,0,1,1,0,1,0,0,0,1,0,0,0,1,1,0
1,0,0,1,1,1,0,1,0,0,1,0,1,0,0,1,1,1,0,1,0,0,0,0,0,1,1,0,1,0,1,1,1,1,0,0,1,1,1,0,1,0,0,1,1,1,1,1,0,0,1,1,1,0,0,0,1,0,0,0,0,0,0,0,1,0,0,0,0,1,0,1,1,1,0
1,0,0,0,1,0,0,0,1,0,0,1,0,1,0,1,1,0,1,0,0,1,0,0,1,0,1,1,1,1,1,0,1,1,1,0,1,0,0,0,1,0,0,1,0,1,0,0,0,1,1,1,1,1,0,0,0,1,0,1,1,0,1,0,0,1,0,1,1,1,1,1,0,1,0
1,0,1,1,1,0,1,1,0,1,1,0,0,0,0,0,1,0,1,0,0,1,0,0,1,0,0,1,1,1,1,1,0,0,0,0,1,0,1,0,1,1,0,1,0,0,0,1,0,1,1,1,1,1,0,1,1,1,1,1,0,0,1,1,1,0,0,0,1,1,0,1,0,1,1
1,0,0,1,1,0,1,1,0,1,1,1,0,0,0,0,0,1,0,0,1,1,1,1,1,0,1,0,0,1,1,1,1,0,1,1,0,1,0,1,1,0,1,1,0,1,0,1,0,1,1,1,1,1,1,1,1,0,0,0,1,1,1,0,1,0,0,0,0,1,1,0,1,0,0
0,0,0,1,1,0,0,1,1,0,1,0,1,0,0,1,1,0,1,0,1,1,0,0,1,1,1,0,1,0,1,1,1,0,0,0,1,1,1,0,1,0,0,1,0,1,1,1,1,1,1,1,1,1,0,1,1,0,1,1,1,0,1,0,0,0,0,1,0,1,0,1,0,1,0
1,1,1,1,1,1,0,1,0,1,1,0,1,1,1,1,0,1,0,1,0,1,1,1,0,1,1,0,0,1,0,0,0,0,1,0,1,0,1,0,1,0,1,1,1,1,0,0,0,0,1,1,1,0,0,1,0,1,1,1,0,0,1,0,1,0,0,1,0,1,1,1,0,1,0
0,0,0,1,0,1,0,0,0,1,0,1,0,1,1,1,1,0,0,0,1,1,0,1,0,0,0,1,0,0,0,0,0,0,1,1,0,1,0,1,1,0,0,1,0,1,0,0,0,1,1,1,1,1,0,0,0,1,0,1,0,0,0,0,0,1,0,0,1,0,0,0,0,1,0
0,1,1,1,1,0,0,1,0,1,1,1,0,0,1,1,0,1,0,1,0,1,0,1,1,0,1,0,1,0,1,1,0,1,1,0,1,0,1,0,1,0,0,1,1,0,1,1,0,1,1,1,0,0,1,0,1,1,0,1,0,0,1,0,0,0,1,1,0,0,0,0,0,1,0
1,1,1,1,0,1,0,0,0,1,0,1,0,0,0,1,1,1,1,0,1,1,0,1,1,0,1,1,1,1,1,1,1,0,1,0,1,0,1,1,1,0,0,1,1,0,0,0,0,1,0,1,1,1,1,1,0,1,0,0,1,1,1,0,1,1,0,0,1,1,0,1,1,1,0
0,1,1,0,1,1,1,1,1,1,0,1,0,0,0,1,1,0,0,1,0,1,1,1,1,0,1,0,1,0,0,1,1,0,1,0,0,0,0,0,1,1,0,0,1,1,0,0,1,1,1,1,1,0,0,1,0,1,0,1,0,1,1,0,1,0,1,1,1,1,0,1,0,0,0
0,1,0,1,1,0,0,1,1,0,0,0,1,0,1,0,1,0,1,0,1,1,0,1,1,1,0,1,1,0,1,0,1,0,1,1,0,0,1,0,1,1,1,1,0,1,0,0,0,1,1,1,1,0,1,0,0,1,1,0,0,1,0,0,0,0,0,0,0,1,1,1,0,1,0
1,1,0,0,0,0,0,1,1,1,0,0,0,0,1,1,1,0,1,0,1,1,1,1,0,1,1,0,0,0,0,1,0,1,0,0,0,1,0,1,1,0,1,1,1,1,0,1,1,1,1,1,1,0,1,1,1,1,1,0,0,1,1,1,1,0,0,1,0,1,1,0,0,1,0
1,0,0,1,0,0,1,1,0,0,0,0,0,0,1,1,1,1,0,0,1,1,1,1,1,0,1,0,1,0,0,0,1,0,1,0,1,0,1,0,1,0,1,1,0,1,1,0,0,1,0,0,1,1,0,1,0,0,0,1,0,0,1,0,0,0,0,0,1,1,1,1,1,1,0
0,0,1,1,0,1,1,1,0,0,1,1,1,0,0,0,1,1,1,0,1,1,1,1,0,1,1,0,1,0,1,1,1,0,1,0,1,1,1,0,1,1,0,1,0,1,1,0,1,0,1,0,1,1,0,1,0,1,1,1,1,1,0,0,1,0,0,0,0,0,1,1,0,0,0
1,1,1,1,0,1,0,1,1,1,1,0,0,0,0,1,1,0,1,0,1,1,0,1,0,0,1,1,1,1,1,0,1,0,1,1,1,0,0,1,0,1,0,1,1,1,1,0,0,1,0,0,1,1,0,0,0,0,0,1,1,1,1,1,1,0,0,0,0,1,1,1,1,0,0
1,0,1,0,1,0,0,1,0,1,0,1,0,0,1,0,0,1,1,0,1,1,0,1,0,0,1,0,0,0,1,1,0,0,0,1,1,0,0,1,0,1,0,1,0,1,0,0,1,1,0,1,1,0,0,1,1,1,1,0,0,0,0,1,0,1,1,0,0,1,0,0,0,1,1
1,0,1,0,1,0,0,1,0,0,0,1,1,0,0,0,1,1,0,0,1,1,1,1,1,0,1,1,0,0,0,0,0,0,1,0,0,1,1,0,1,0,0,1,0,1,0,1,0,0,1,1,0,0,1,1,1,1,1,1,1,0,1,0,1,0,0,1,1,1,1,0,0,1,0
1,0,0,1,1,0,1,1,0,1,1,1,0,1,0,1,0,0,1,0,1,1,0,1,0,0,0,1,0,0,1,0,1,0,1,1,0,1,0,1,1,0,0,1,0,0,0,0,1,1,1,1,1,1,0,1,0,1,1,0,1,1,1,0,1,0,0,0,0,1,0,1,0,1,0
1,0,0,1,0,0,1,1,0,1,0,0,1,0,1,1,1,0,0,0,0,1,0,1,0,0,1,1,1,0,1,0,0,0,1,0,1,1,0,0,1,0,1,1,0,1,1,0,0,0,1,1,1,0,1,0,0,1,0,0,0,0,1,1,1,0,0,1,1,1,1,0,0,1,1
1,0,1,1,0,0,0,0,0,1,0,1,1,0,0,1,0,1,1,0,0,1,0,1,0,0,0,1,1,0,0,0,1,0,0,1,0,0,0,0,1,1,0,1,1,0,1,1,0,1,1,1,1,1,0,1,1,0,0,0,0,0,0,1,1,1,0,1,1,1,0,0,1,1,0
1,0,0,1,1,0,0,0,0,1,0,1,1,0,1,1,0,1,1,0,1,1,1,1,0,0,1,0,0,0,1,0,0,0,0,1,0,0,1,0,1,1,0,1,0,1,0,1,0,0,1,1,1,0,1,1,1,0,0,0,1,1,0,0,0,1,0,1,0,1,0,1,0,1,1
1,1,1,0,0,1,0,0,1,0,0,0,1,0,0,0,1,1,0,0,0,1,0,1,1,0,1,0,0,0,0,1,1,0,1,0,0,1,1,0,1,1,1,1,1,0,1,0,0,0,1,1,1,1,0,1,0,1,1,0,0,1,1,0,0,1,1,1,0,1,1,0,0,1,0
1,0,1,1,1,0,0,1,1,1,0,1,1,0,1,0,0,0,0,1,1,1,1,1,1,1,0,0,0,1,1,0,0,0,0,1,1,1,1,0,1,1,0,1,0,1,0,0,0,1,1,1,1,0,0,1,1,1,1,1,0,1,1,0,0,0,0,1,0,1,1,0,0,1,0
1,0,1,0,1,0,1,1,0,0,1,0,0,1,0,0,0,0,1,0,0,1,0,1,0,0,1,1,1,0,1,1,1,0,1,0,0,0,0,0,1,1,0,1,0,1,0,1,0,1,1,1,1,1,1,1,1,1,1,0,0,1,1,0,0,0,0,0,1,1,0,1,0,0,0
1,0,1,1,1,1,0,1,1,1,0,1,0,1,0,0,1,0,0,0,1,1,0,1,0,1,1,0,0,1,1,1,1,0,1,1,1,0,1,0,1,1,1,1,0,1,0,0,0,1,0,1,1,0,1,1,0,1,0,1,0,1,1,1,1,1,0,0,0,1,1,1,1,1,1
1,0,0,1,0,0,0,1,1,0,0,0,0,0,0,0,0,0,0,0,1,1,1,1,0,1,0,1,0,1,0,1,1,0,1,1,1,0,0,1,1,0,1,0,1,0,0,1,1,0,1,0,1,0,1,1,1,1,0,1,0,1,1,0,0,1,0,1,1,1,1,1,0,1,0
1,0,0,0,0,0,0,1,0,0,1,1,1,0,1,0,1,1,0,0,0,1,1,1,0,0,1,0,1,0,1,0,0,1,0,1,1,1,1,0,1,1,0,1,0,1,1,0,0,0,1,1,0,1,0,1,0,1,1,0,0,1,1,0,0,1,0,1,0,1,1,1,0,1,1
1,0,0,0,0,0,0,1,0,0,0,0,0,0,0,1,1,0,0,1,0,1,0,1,0,1,1,1,1,1,1,1,1,1,0,1,1,0,0,1,1,0,0,1,0,1,0,0,0,1,1,1,1,1,0,1,0,1,1,0,0,1,1,0,1,0,0,0,1,1,0,0,1,1,0
1,0,0,1,1,1,1,1,0,0,0,0,1,0,0,1,1,0,0,0,1,1,1,1,1,0,0,1,1,0,1,0,1,1,0,0,0,0,0,0,1,0,1,1,0,1,0,1,1,0,1,0,1,0,0,0,1,1,0,1,0,1,0,0,1,0,0,1,1,1,1,1,0,1,1
1,0,0,0,1,0,0,0,0,1,0,0,0,0,1,0,1,1,1,0,0,1,0,1,0,0,1,1,0,0,0,1,0,0,1,0,0,1,0,0,0,1,0,1,0,0,1,0,0,0,0,1,1,0,0,1,0,1,1,0,0,0,1,0,1,1,1,1,1,1,0,1,1,1,1
1,0,0,1,1,1,1,1,0,0,1,1,0,0,1,0,0,0,0,1,0,1,1,1,0,0,0,1,0,0,0,0,0,0,1,1,0,1,1,1,1,0,1,1,1,0,1,1,0,1,1,1,1,1,1,1,1,1,1,1,0,0,0,1,1,0,1,0,0,1,0,0,1,1,1
1,0,0,0,1,0,0,1,1,1,0,0,0,1,1,1,1,1,0,0,1,1,0,1,1,1,1,0,0,1,0,0,0,0,0,1,1,0,0,1,1,0,0,1,0,1,0,0,1,0,1,1,1,0,1,0,1,1,1,1,1,1,1,0,1,1,0,0,1,1,0,1,0,1,1
1,0,0,0,0,1,1,1,0,1,1,1,0,0,0,1,1,0,0,0,0,1,1,1,1,1,1,0,0,1,1,1,1,0,0,1,1,0,0,1,0,0,0,1,0,1,0,0,1,1,1,0,1,1,0,1,0,1,0,1,0,0,0,1,1,0,0,0,1,1,0,1,0,0,0
0,1,1,0,0,0,0,1,0,1,0,1,0,0,0,1,1,0,0,0,0,1,0,1,0,0,1,1,1,0,1,1,1,1,1,0,1,0,0,1,1,0,0,1,1,0,0,1,0,1,1,1,1,0,0,1,1,1,0,0,1,0,0,0,1,0,0,0,0,0,0,1,0,1,0
1,0,1,0,1,0,0,1,0,0,1,1,0,0,0,1,1,1,0,0,1,1,0,1,0,1,0,1,0,0,1,0,1,0,0,0,1,1,0,1,1,0,1,1,0,1,1,0,0,1,0,1,1,0,1,1,1,0,1,0,1,1,1,0,0,1,0,1,1,1,0,0,1,1,0
1,0,0,0,0,0,0,1,0,0,0,1,0,1,0,0,1,1,1,1,0,1,0,1,0,0,0,1,0,0,1,0,1,0,1,0,0,0,0,0,1,1,1,1,1,1,0,0,1,0,1,1,1,0,1,1,0,1,1,1,0,1,1,0,0,0,1,1,0,1,1,0,0,1,0
1,0,0,1,1,0,0,1,0,0,1,1,0,0,1,1,1,1,0,0,0,0,0,1,1,1,0,0,0,0,0,0,0,0,1,0,0,1,0,1,1,0,1,1,1,1,1,0,0,1,1,1,0,0,1,0,0,1,0,1,0,0,1,0,0,0,1,1,0,1,1,0,0,1,0
1,1,0,0,0,0,0,1,1,0,0,1,1,0,0,0,0,1,1,0,1,1,1,1,0,0,0,1,0,0,0,1,1,0,1,1,0,0,0,1,1,1,0,1,1,0,1,0,1,0,1,0,1,1,0,1,1,0,1,0,1,0,0,1,1,0,0,0,0,1,0,0,0,1,0
1,0,0,0,0,1,1,1,0,1,1,1,0,0,0,0,1,1,1,0,1,1,1,1,1,1,1,0,1,1,0,1,1,1,1,0,0,0,0,0,1,0,0,1,1,0,0,0,0,1,1,0,0,0,1,1,0,1,0,1,0,0,1,1,1,0,0,1,1,1,0,0,0,0,0
1,0,0,0,0,1,0,1,0,1,1,1,0,0,0,1,1,0,0,0,1,0,0,0,0,1,1,0,0,0,1,0,1,0,1,0,0,1,1,0,1,1,1,1,1,1,0,0,0,0,1,1,0,1,0,1,1,1,1,0,0,1,1,1,1,0,1,0,0,1,1,1,0,1,0
1,1,0,0,0,1,0,0,0,1,0,1,0,0,1,1,1,1,0,0,0,1,0,1,0,1,1,1,1,0,0,0,1,0,1,1,1,1,0,1,1,0,0,0,1,0,0,1,1,0,1,1,1,1,1,1,1,0,1,1,1,1,1,1,1,0,1,0,0,1,1,0,0,1,0
1,0,0,1,1,0,0,1,0,1,0,0,0,0,0,0,1,1,0,1,0,1,0,0,1,1,1,1,1,1,1,0,1,1,1,0,0,1,0,0,1,1,0,1,1,1,0,1,1,0,1,1,1,0,0,1,1,1,1,1,0,1,0,0,1,0,1,1,0,1,1,1,0,1,0
1,0,0,1,1,0,0,1,0,1,1,0,1,0,1,0,1,1,1,0,1,1,0,1,0,0,0,0,1,0,1,1,1,0,1,0,1,1,1,0,1,0,1,1,0,1,1,1,1,0,1,1,1,1,0,1,1,0,0,1,0,0,0,0,1,0,0,0,1,1,1,0,0,1,0
1,0,0,1,1,1,0,1,1,0,1,0,1,0,1,1,1,0,1,1,1,1,0,0,0,0,0,1,1,1,1,1,0,0,1,0,0,1,1,0,1,1,1,1,0,1,0,1,0,1,1,1,1,1,0,0,0,1,0,0,0,1,0,0,1,0,0,0,0,1,0,1,0,0,1
1,1,0,1,1,1,0,1,0,1,0,1,0,0,0,0,1,1,0,0,1,0,1,1,0,0,0,0,0,1,0,1,0,0,1,1,0,0,0,1,1,0,1,1,0,1,1,0,1,0,1,1,1,1,0,1,1,1,0,1,1,0,1,0,1,0,0,0,1,1,1,1,0,0,0
1,0,1,0,0,0,1,0,0,1,0,1,0,0,1,1,1,1,0,0,0,1,1,1,1,0,1,0,0,0,1,1,0,0,0,1,1,0,0,1,0,0,0,1,0,1,1,1,0,1,1,1,1,1,0,1,1,1,1,1,1,0,1,0,1,1,0,0,0,1,0,0,0,1,0
0,0,1,0,0,1,0,1,0,1,1,1,0,0,1,1,1,1,0,1,0,1,0,0,0,1,1,1,1,0,1,1,1,0,0,0,1,0,1,0,1,0,0,1,0,1,1,0,1,0,1,1,1,1,0,1,0,1,0,0,0,0,0,1,0,1,0,1,1,1,0,0,0,1,0
1,0,1,1,0,1,0,1,1,1,1,1,0,0,0,1,1,1,1,1,0,1,0,0,0,1,1,0,1,1,1,1,1,0,1,1,0,0,0,1,1,0,0,1,0,1,1,1,0,0,1,1,0,1,0,0,1,1,0,0,1,0,1,0,1,0,1,1,0,1,0,1,0,1,0
1,0,1,0,1,0,0,1,1,1,0,0,1,0,0,1,0,1,0,0,0,1,0,1,0,0,1,0,0,1,1,0,1,0,0,1,0,0,0,1,1,0,1,1,0,1,0,0,0,0,1,0,1,0,1,1,0,1,1,0,0,1,1,1,0,1,1,0,1,1,1,0,0,1,0
1,1,1,0,1,0,1,1,0,0,1,0,1,1,0,0,0,1,1,0,1,1,1,1,0,0,1,0,1,0,1,0,1,0,1,0,0,0,1,0,1,1,1,1,1,1,1,1,0,1,1,1,1,0,0,0,0,1,0,0,1,1,1,0,0,1,1,1,1,1,1,0,1,1,0
0,1,1,0,1,1,0,0,0,1,0,0,0,0,1,0,1,1,1,0,0,1,0,1,1,0,1,0,1,0,0,1,1,0,0,1,0,0,0,1,1,1,0,1,0,0,0,1,1,1,1,1,1,1,0,1,1,1,0,0,0,0,0,1,0,0,0,0,1,1,0,1,0,1,1
1,0,0,0,1,0,0,0,1,0,0,1,1,0,1,0,1,0,0,0,0,0,1,1,0,1,0,0,0,0,1,1,0,0,0,1,1,0,0,0,1,1,0,1,1,0,0,0,1,1,1,0,1,0,0,0,0,1,1,1,1,1,1,0,0,1,0,1,1,1,0,0,0,1,0
1,1,0,1,0,1,0,1,1,1,1,1,1,0,0,1,1,1,1,1,1,1,1,1,0,0,0,1,0,1,1,1,1,0,1,0,0,0,1,0,0,1,1,1,1,1,1,0,0,0,1,1,1,0,0,0,0,1,0,0,1,1,1,1,1,0,0,0,0,1,0,1,0,1,1
1,1,1,1,1,0,1,0,1,1,0,0,1,1,0,0,1,0,1,0,0,1,1,1,1,1,1,0,1,0,0,0,1,0,0,1,0,1,1,0,1,1,1,1,0,0,1,1,0,1,1,0,1,0,0,0,1,0,0,1,1,0,0,0,1,1,0,0,1,1,1,1,0,1,1
1,1,1,1,0,1,0,1,0,0,1,0,1,0,0,1,0,1,0,0,1,1,0,1,0,0,1,0,1,1,1,0,1,0,1,0,0,0,1,0,1,0,1,1,0,1,1,1,1,0,1,1,1,1,0,0,1,0,1,1,0,1,1,0,0,0,1,0,1,1,1,1,0,0,0
1,1,0,1,0,1,0,1,0,0,1,1,1,0,1,1,0,0,0,0,0,1,1,1,0,1,1,0,1,0,1,1,1,1,0,1,0,1,1,0,1,1,0,1,1,0,0,0,1,1,1,0,1,1,1,1,1,1,1,1,0,0,1,0,0,0,1,1,1,1,1,1,0,0,0
1,0,0,0,0,0,0,1,0,0,0,1,0,0,1,0,1,1,0,0,1,1,0,1,0,1,1,1,1,0,0,1,1,1,1,0,1,1,0,0,1,0,1,1,1,1,0,0,0,0,1,1,1,0,0,1,0,1,1,1,0,1,0,1,1,0,1,1,0,1,1,1,1,1,1
1,1,1,0,1,1,0,1,0,1,0,1,0,0,0,0,1,1,0,0,0,1,0,1,1,1,1,0,1,0,0,0,1,0,0,1,1,1,1,0,1,1,1,1,1,1,1,1,1,1,1,1,1,1,0,1,1,1,1,0,1,1,1,1,1,0,0,0,1,1,1,0,0,1,0
1,0,1,1,1,0,0,1,0,0,1,0,1,0,0,0,1,0,1,0,1,1,1,1,0,1,1,0,1,0,1,1,1,0,1,1,0,1,0,0,0,1,1,1,1,1,0,1,0,0,1,0,1,1,1,1,1,1,1,1,0,1,1,1,0,1,0,0,0,1,1,1,0,0,0
1,0,0,1,0,0,0,0,0,1,0,1,0,0,0,1,0,1,0,0,0,1,1,1,0,1,1,0,0,0,1,0,1,0,0,0,1,0,0,0,1,0,1,1,0,0,0,1,0,1,1,0,1,0,1,1,1,0,1,0,1,1,1,0,1,0,1,0,1,1,0,0,1,1,0
1,0,0,0,1,1,0,1,0,0,0,1,1,0,1,0,1,1,0,0,0,0,0,1,0,1,1,1,0,0,1,1,0,1,1,0,0,1,0,0,1,1,1,1,0,1,1,0,1,0,0,1,1,1,1,1,1,1,1,0,0,1,1,0,1,0,1,0,0,0,0,0,0,1,0
1,0,0,0,1,0,0,1,1,1,1,1,0,0,1,0,1,1,0,0,1,0,0,0,0,0,1,0,1,0,1,1,1,0,1,0,0,1,1,0,1,1,0,1,0,0,0,0,0,0,0,1,1,1,0,1,1,1,1,1,1,1,1,0,1,0,0,1,0,1,1,0,0,1,0
1,0,1,1,1,1,0,1,0,0,0,1,0,0,0,1,1,0,0,1,0,0,0,1,0,1,1,1,1,0,0,1,1,0,1,0,0,0,1,0,1,0,1,1,1,1,0,1,0,1,1,0,1,0,1,1,1,1,1,1,0,0,1,0,0,0,0,1,1,1,1,1,0,1,0
1,0,0,0,1,1,0,0,0,0,0,1,0,0,1,0,0,1,0,1,0,1,0,0,0,0,1,0,1,1,1,0,0,0,1,1,0,0,0,1,0,0,0,1,0,1,1,0,1,0,1,1,1,0,0,1,1,1,1,1,0,1,1,0,0,1,1,0,1,1,1,0,0,0,0
1,0,0,0,0,1,1,1,0,1,1,0,1,0,1,1,0,1,1,0,1,1,0,1,0,0,1,1,1,0,0,1,0,1,0,1,0,0,0,1,1,1,1,1,1,0,0,1,1,1,1,1,0,1,0,0,0,0,1,1,1,0,1,0,0,1,0,0,0,1,0,1,0,1,0
1,1,1,1,0,0,0,0,0,0,0,1,0,0,1,0,0,1,1,0,1,1,0,1,1,0,1,0,1,0,0,0,1,1,0,0,0,1,1,0,1,1,1,1,1,1,0,0,0,1,1,1,1,1,0,1,0,1,1,1,1,1,1,0,1,1,0,1,0,0,1,1,1,0,0
1,1,1,1,0,0,1,1,1,1,0,1,0,0,1,1,0,0,0,1,0,1,0,0,0,0,0,1,0,0,0,1,0,0,1,1,1,1,0,1,1,0,0,1,1,1,0,1,0,1,1,0,1,1,0,0,1,1,0,0,0,1,0,0,0,0,1,1,0,1,1,1,0,1,0
1,0,0,1,0,0,0,1,0,1,0,0,1,0,1,1,0,1,0,0,1,1,0,1,0,0,1,0,0,1,1,0,0,0,1,1,0,1,0,1,1,0,0,1,0,1,1,0,0,0,1,1,1,1,0,1,0,0,1,1,0,1,1,0,1,0,1,1,1,1,0,1,1,1,0
0,0,1,1,1,1,0,1,1,0,0,0,1,0,1,1,0,0,1,0,0,1,0,1,1,1,1,0,0,0,0,1,0,0,1,1,0,0,1,0,1,1,1,1,0,1,0,0,0,0,1,1,1,0,1,1,0,1,0,0,0,1,1,0,1,0,0,1,1,0,1,0,0,1,0
0,0,1,1,1,0,0,1,0,0,0,1,0,0,0,0,0,1,1,0,1,1,0,1,0,1,1,0,1,1,0,0,1,0,1,0,0,0,1,0,1,1,0,1,0,1,1,1,1,1,1,1,1,0,1,1,1,1,1,0,0,0,1,0,0,0,0,1,0,1,0,0,0,1,0
1,0,0,1,1,1,1,1,0,0,1,1,0,0,0,1,1,1,1,1,1,1,0,1,0,0,1,0,1,0,1,0,1,0,1,0,0,0,1,0,1,0,0,1,0,1,1,1,1,0,1,1,1,1,0,1,0,1,0,1,0,1,1,1,1,0,1,1,0,1,0,0,0,1,1
1,1,1,0,1,1,0,1,1,0,1,0,1,0,0,0,1,1,0,0,0,0,0,1,0,0,1,1,1,0,1,1,1,0,1,0,0,0,1,0,1,1,1,1,0,1,1,0,0,0,1,0,0,0,0,0,0,0,1,0,0,1,1,0,1,0,1,0,1,1,1,1,0,0,0
1,0,0,1,1,1,1,1,0,0,0,0,1,1,0,0,0,0,0,0,1,0,1,1,0,0,1,1,0,1,1,0,1,0,1,0,1,1,0,0,1,0,1,1,1,1,0,0,1,1,1,0,1,1,1,1,0,1,0,1,0,0,0,0,1,1,1,1,1,1,0,1,1,1,1
1,1,0,1,0,0,0,1,0,1,1,0,0,0,0,0,1,0,0,1,0,1,0,1,0,0,1,0,1,1,0,1,0,0,1,1,1,0,0,1,0,0,1,1,1,1,1,1,0,1,1,0,1,1,0,1,1,1,0,0,0,0,0,0,0,1,1,1,0,1,0,1,1,1,0
1,0,1,1,1,1,0,1,0,1,1,0,0,0,0,0,1,0,0,1,1,1,0,0,0,0,1,0,1,1,0,0,1,0,1,0,0,0,1,0,1,1,0,1,1,0,0,1,1,1,1,1,1,1,0,1,1,1,0,0,0,0,1,0,1,0,0,1,0,1,0,1,0,1,0
1,0,1,1,0,0,0,1,0,0,1,1,0,0,0,1,1,0,0,1,1,1,0,1,0,1,1,0,1,0,1,0,1,1,0,0,0,0,0,0,0,1,0,1,1,1,0,0,0,1,1,1,1,0,1,1,0,0,0,1,1,0,0,0,1,0,1,0,1,1,1,1,0,1,1
1,0,1,1,1,0,0,1,1,0,1,0,1,0,0,0,1,0,1,0,0,1,0,1,1,0,1,0,1,0,1,1,1,0,1,0,1,1,0,0,0,1,0,1,1,1,0,0,0,1,0,1,1,1,0,1,0,0,0,0,1,1,1,1,1,0,1,0,0,1,0,1,1,1,0
1,0,0,1,0,1,1,1,0,0,1,0,0,0,0,1,1,1,0,0,0,1,1,1,0,0,1,1,0,0,1,0,1,0,0,0,0,1,1,0,1,1,0,1,0,1,1,0,0,0,0,0,1,1,0,0,0,1,0,0,0,1,1,1,1,1,0,1,0,1,0,0,1,0,1
1,0,0,1,0,0,0,1,0,1,0,1,1,0,0,1,1,1,0,0,1,1,0,1,0,0,1,1,1,0,1,1,1,0,0,1,0,0,0,1,1,0,0,1,1,0,1,0,1,0,1,1,1,0,1,1,1,0,1,1,0,1,1,0,1,0,1,1,1,1,0,0,0,1,1
0,1,1,1,1,1,0,1,0,1,0,1,0,0,1,0,1,1,1,0,0,1,1,1,1,0,1,0,0,1,0,0,0,0,0,1,0,0,0,1,1,1,0,1,1,0,0,0,1,1,1,1,0,0,0,1,0,0,1,0,1,1,1,0,1,0,0,0,0,1,0,1,1,1,1
1,1,1,0,1,0,0,1,1,1,1,1,0,0,0,0,1,0,0,0,0,0,0,1,0,1,0,1,1,1,0,0,1,0,1,1,0,0,0,1,0,1,1,1,1,1,0,0,1,0,1,0,1,0,0,0,0,1,0,0,1,0,1,0,1,0,0,0,0,1,1,0,0,0,0
1,0,0,1,1,1,0,1,0,0,0,0,0,0,0,1,1,1,0,1,0,1,0,0,1,1,1,1,0,0,0,0,0,0,0,0,1,0,1,0,1,1,1,1,0,1,1,0,0,1,0,1,1,0,1,1,1,0,0,0,0,0,0,0,1,0,0,0,1,1,0,0,0,1,1
0,0,0,0,0,1,0,1,0,1,1,1,1,0,1,1,1,1,0,1,0,1,0,1,1,0,0,1,1,1,1,0,0,0,0,0,0,1,1,0,1,1,1,1,1,0,0,1,0,0,1,1,1,0,1,0,1,0,1,1,1,1,0,0,1,1,0,0,0,1,1,1,1,1,0
1,0,0,1,0,0,1,0,0,1,0,1,0,1,1,0,1,1,0,0,1,1,0,1,1,1,1,0,0,1,1,1,0,1,1,0,1,0,0,1,1,0,1,1,1,0,1,1,1,1,1,0,1,1,0,1,1,1,0,1,0,0,1,1,0,1,0,1,1,1,1,1,0,1,0
1,1,0,1,0,1,0,1,1,1,0,1,0,0,0,0,1,1,0,0,1,1,0,1,1,0,1,0,0,1,1,1,0,0,0,1,1,0,0,1,0,0,0,1,0,1,0,1,0,1,1,1,1,1,0,1,1,0,0,0,0,1,1,0,0,0,0,0,1,1,0,0,0,1,1
1,1,1,1,0,0,0,1,0,0,0,1,0,0,0,1,1,1,0,0,0,0,1,1,0,0,1,0,1,0,0,1,1,0,0,1,0,1,1,0,1,1,0,1,1,1,0,1,1,0,1,0,1,1,1,0,1,1,1,0,1,1,1,0,0,1,1,1,0,1,0,0,0,1,0
1,0,0,0,1,0,0,0,0,1,0,0,1,0,1,1,0,0,0,1,1,1,1,1,0,0,0,0,1,0,1,1,1,0,0,1,1,1,1,1,1,0,0,1,0,1,0,0,1,0,1,1,1,1,0,1,0,0,1,1,0,1,1,1,0,1,0,0,1,0,0,0,0,1,1
1,0,0,1,0,0,0,1,0,0,1,1,1,0,0,0,1,1,1,0,0,0,0,1,1,1,1,1,0,1,1,1,0,0,1,1,0,0,1,0,1,1,1,1,0,0,1,0,1,0,1,1,1,0,1,1,0,1,0,0,1,1,0,0,1,0,1,1,0,0,1,1,0,1,1
1,0,1,1,1,1,0,1,1,1,0,1,0,0,1,0,0,0,0,1,1,1,0,1,0,1,0,0,0,0,0,1,0,0,1,1,1,0,0,1,1,1,0,1,0,1,0,0,1,0,1,1,1,0,0,1,0,1,0,0,0,1,1,0,0,0,1,1,1,1,0,0,0,1,0
1,0,1,1,1,1,0,1,0,1,1,0,1,0,1,1,1,1,1,0,0,1,0,1,0,1,1,1,1,1,0,1,1,1,1,0,1,0,0,0,1,1,0,1,1,0,0,0,0,0,0,1,1,0,1,1,1,1,0,1,0,1,0,0,0,0,0,1,0,1,0,1,1,1,1
1,0,1,1,0,0,0,1,0,1,0,0,1,0,0,1,1,0,0,0,1,1,1,1,0,0,1,1,1,0,0,1,1,0,1,1,0,1,0,1,1,0,1,1,0,1,0,1,1,0,0,1,1,0,1,1,1,1,1,0,0,0,1,0,1,0,0,0,1,1,1,0,0,1,0
1,1,1,1,1,1,0,1,1,0,0,0,0,0,0,1,0,1,1,0,1,1,0,1,1,0,1,1,0,0,1,1,1,0,1,1,1,0,1,1,1,1,1,1,1,0,0,1,1,1,1,1,1,0,0,0,1,1,0,0,0,0,0,1,1,0,1,0,0,1,1,0,0,1,1
0,0,0,0,1,0,0,0,1,0,0,0,0,0,0,0,0,0,0,0,0,1,0,0,0,0,1,0,1,1,1,1,1,0,0,1,1,0,1,0,1,1,1,1,0,1,0,0,0,1,1,1,1,1,0,1,0,1,1,0,1,0,1,0,1,0,0,0,0,1,0,1,0,1,0
1,1,1,1,0,0,0,1,0,1,0,1,0,0,0,0,1,1,1,1,0,1,0,1,1,0,1,0,0,0,1,1,1,0,1,0,0,0,0,0,1,1,0,1,1,0,0,0,1,1,1,1,1,0,0,1,0,1,1,0,1,0,1,0,0,0,0,1,0,1,0,0,0,1,0
1,0,1,1,1,1,1,1,0,1,1,1,0,0,0,1,0,0,0,0,0,1,0,1,1,1,1,1,1,0,0,1,1,1,1,0,1,0,1,0,0,1,0,1,1,0,0,0,0,1,1,1,0,0,1,0,1,1,1,0,0,1,1,0,1,0,0,0,1,1,0,1,0,1,1
1,1,1,1,1,0,0,0,1,0,0,1,1,0,0,0,0,0,0,1,0,0,0,0,1,1,1,0,0,1,0,0,1,0,0,0,1,1,0,0,1,0,0,1,1,1,0,1,0,0,1,0,1,0,0,1,0,1,1,1,1,0,0,0,1,0,1,0,0,1,0,1,0,1,0
1,0,1,0,1,0,0,0,1,0,0,1,1,0,1,0,1,1,1,0,1,1,0,1,0,1,1,1,1,1,1,0,1,0,0,0,1,0,1,0,1,1,0,1,0,1,1,0,1,1,1,1,1,0,1,0,0,1,1,1,0,0,1,0,0,1,0,1,0,1,1,0,0,1,0
1,1,1,0,1,0,0,1,0,1,1,0,0,0,0,0,1,0,1,0,1,1,0,1,1,0,1,1,0,1,1,1,0,1,1,0,0,0,1,0,1,1,0,1,1,0,0,1,1,0,1,0,1,0,0,1,1,0,1,1,0,0,1,0,1,0,0,1,1,1,0,1,0,0,0
1,1,0,1,0,1,0,1,1,1,0,1,0,0,1,0,0,0,1,0,1,1,0,1,0,0,1,1,1,1,0,0,1,0,1,1,1,0,1,0,1,1,0,1,0,0,1,0,1,1,1,1,1,0,0,0,0,0,0,0,1,1,0,0,1,0,0,0,1,0,0,0,0,1,1
0,1,0,0,1,0,1,1,0,0,0,0,0,0,1,0,0,1,1,0,1,1,1,1,0,0,1,0,1,1,1,0,1,0,0,1,1,1,0,1,0,1,0,1,1,0,0,0,1,1,1,1,1,1,0,0,1,1,1,0,0,1,1,0,0,1,0,1,0,1,0,1,0,0,1
1,0,1,0,0,1,1,1,0,1,1,0,0,0,0,0,1,1,0,1,0,1,0,0,1,0,0,1,1,0,0,1,1,0,0,0,1,0,0,1,1,1,0,1,1,1,1,1,1,0,1,1,1,0,0,0,0,1,1,0,0,1,1,1,1,1,1,0,1,1,0,0,0,1,0
1,0,0,1,0,1,0,1,0,1,0,1,0,0,1,0,0,0,0,1,0,1,0,0,0,1,1,1,0,1,1,0,0,0,1,1,1,1,1,0,1,1,0,1,0,1,0,0,0,1,1,1,1,1,1,1,0,1,0,0,1,0,0,0,0,1,1,0,1,1,0,1,0,1,1
1,0,1,1,1,0,1,0,0,1,0,1,1,0,1,0,1,1,1,0,1,0,1,1,1,0,1,0,1,0,1,1,0,0,1,1,0,1,1,0,1,1,1,1,0,1,1,0,0,1,0,0,1,0,1,0,0,0,0,1,1,0,1,0,1,1,1,1,1,1,1,0,0,1,1
1,0,1,1,1,1,0,0,0,0,0,1,1,0,0,1,1,0,1,0,1,0,0,1,1,0,1,0,1,0,0,0,1,0,1,0,1,0,1,0,1,1,1,1,0,1,0,0,1,0,1,0,1,0,1,0,0,1,0,1,1,1,0,0,1,1,0,0,1,1,1,1,0,1,0
1,1,1,1,1,0,0,1,0,1,0,0,0,0,0,1,1,0,0,0,0,1,0,1,0,0,1,0,0,0,0,0,1,0,0,0,0,1,0,0,0,0,0,1,0,1,1,0,0,1,0,1,1,0,0,0,1,0,0,1,0,0,0,0,0,1,1,1,0,1,1,1,0,1,0
1,1,0,1,0,0,0,1,0,0,1,1,1,0,0,1,0,0,0,1,0,1,0,1,0,0,1,0,1,1,1,0,0,1,1,0,1,1,0,0,1,0,1,1,1,1,0,0,0,0,1,1,1,1,0,1,0,1,0,1,0,1,1,0,1,0,1,1,1,1,1,0,1,1,0
1,1,0,1,1,1,0,1,0,1,0,1,1,0,0,1,1,1,0,0,1,0,0,0,1,1,0,0,1,1,1,0,1,0,0,1,0,0,1,0,1,1,1,1,1,1,0,1,1,0,1,0,1,1,0,1,0,1,1,1,1,0,1,0,1,0,0,0,0,1,1,0,0,0,0
1,0,1,0,1,0,0,1,0,0,0,0,1,1,0,1,1,0,1,0,1,1,0,1,0,0,1,0,1,1,0,1,1,0,1,0,1,0,0,0,1,0,0,1,1,1,1,0,1,1,1,1,1,1,0,0,0,1,1,1,1,0,1,0,1,0,1,0,1,1,1,1,0,0,0
1,0,0,1,1,1,0,0,0,1,0,0,0,0,0,1,1,0,1,0,0,1,0,1,0,0,1,0,0,1,0,0,1,0,1,0,0,1,0,1,0,0,0,1,1,1,0,0,0,1,1,0,1,1,0,1,1,1,0,0,1,1,1,1,0,0,1,1,1,1,0,1,1,1,1
1,0,1,1,0,1,0,1,1,0,1,0,0,0,0,0,0,0,1,0,1,1,0,1,1,1,1,1,0,1,0,1,0,1,1,0,1,1,1,0,1,1,0,1,0,1,0,0,1,1,1,1,1,1,0,1,0,0,0,1,0,1,1,1,1,0,0,1,0,1,1,1,0,0,0
1,0,1,1,0,0,1,1,0,1,0,1,1,0,0,1,1,1,0,1,0,1,1,1,0,1,0,0,1,1,1,1,1,0,1,0,1,1,1,0,1,1,0,1,0,1,1,0,0,1,0,1,1,0,1,1,0,0,0,0,0,0,0,0,1,1,0,1,1,0,0,0,1,1,0
1,0,1,1,1,1,0,1,0,0,0,0,0,0,0,1,1,1,0,0,0,0,0,0,0,0,1,0,1,0,1,0,1,1,1,1,0,0,0,1,1,0,0,1,0,1,0,0,1,0,1,0,1,1,1,1,0,1,0,0,0,1,1,0,1,0,1,1,1,1,0,1,0,1,0
1,0,0,0,1,0,0,1,1,0,0,0,0,0,0,1,1,0,1,1,0,1,0,0,0,0,1,0,1,1,1,0,1,0,1,1,0,0,0,1,1,0,0,1,0,1,0,1,0,1,1,1,1,1,0,0,1,1,1,0,0,1,0,0,0,0,0,0,1,1,0,1,0,1,0
1,0,1,1,0,1,0,1,1,1,1,1,0,0,0,0,1,0,0,1,0,1,0,0,0,1,0,1,0,1,0,1,0,0,1,0,0,1,1,0,1,0,0,1,0,1,0,0,1,1,1,0,1,1,0,1,0,1,0,1,1,1,0,0,0,1,0,1,1,1,0,1,0,0,0
1,0,0,1,1,1,0,1,1,0,1,1,0,0,0,1,0,0,1,1,1,1,1,1,0,0,1,1,1,0,0,1,1,0,1,0,1,0,0,0,0,0,1,1,1,0,1,0,0,0,1,0,1,1,0,1,0,0,0,0,1,0,1,0,1,0,1,0,1,1,1,0,1,0,1
1,1,1,0,1,0,0,1,0,1,0,1,0,0,1,0,1,0,0,0,0,0,0,0,0,0,1,0,0,1,1,1,0,1,0,0,0,0,1,0,1,1,0,1,1,0,0,0,0,0,1,1,1,1,0,1,1,1,1,0,0,0,1,0,0,0,1,1,1,1,0,0,1,1,0
1,0,0,1,1,1,0,1,0,0,1,1,0,0,0,1,1,1,1,0,1,1,1,1,0,1,1,0,1,1,1,0,1,0,0,0,0,0,1,0,1,0,0,1,0,1,0,1,0,1,1,0,1,0,1,1,0,1,1,1,1,0,1,0,1,0,0,0,1,1,0,0,1,1,1
0,0,1,1,1,1,1,1,0,1,1,0,0,0,0,0,1,0,1,0,1,1,0,0,0,1,1,1,0,1,0,0,0,0,1,0,1,0,1,0,1,1,1,1,1,0,0,0,0,1,1,1,1,1,0,1,0,0,1,1,0,1,1,0,0,0,1,0,0,1,1,1,1,1,0
1,0,1,0,0,0,1,1,0,1,0,1,0,0,0,0,1,0,0,0,1,0,1,1,0,0,1,0,1,0,1,1,1,1,1,0,0,0,0,1,0,1,0,1,1,0,1,0,1,1,1,0,1,1,1,0,0,1,0,0,0,0,1,0,1,0,0,0,1,1,0,1,0,0,0
1,0,0,1,1,1,0,1,1,1,0,1,0,0,1,1,1,0,0,1,0,1,0,1,1,1,1,0,0,1,0,0,0,1,1,1,0,1,1,1,1,0,1,1,0,1,0,1,1,1,1,1,1,1,0,0,1,1,0,1,0,1,1,0,0,0,1,1,1,1,1,1,0,1,0
1,0,0,0,0,1,1,0,0,0,0,0,0,0,0,0,1,1,1,0,1,1,1,1,0,0,0,0,1,0,1,0,1,1,0,0,0,0,1,0,1,0,0,1,0,1,0,0,1,0,0,1,1,0,0,1,0,1,1,0,0,1,1,0,1,0,0,0,0,1,0,0,0,1,0
0,0,0,1,1,1,0,1,0,1,1,1,1,0,0,1,1,1,0,0,0,1,1,1,1,1,1,1,1,1,1,1,1,1,1,0,0,0,0,0,1,1,0,1,0,1,1,0,0,1,1,0,1,0,0,0,0,0,1,0,0,0,0,1,1,0,1,0,0,0,0,0,1,0,0
1,1,1,0,0,1,0,0,1,1,0,1,0,0,0,1,1,1,1,0,0,1,0,0,0,0,1,1,0,1,1,0,1,1,1,0,0,1,0,1,1,0,1,1,0,0,1,1,0,1,1,1,1,0,1,1,0,0,0,1,0,1,1,0,0,1,1,1,1,1,1,0,0,0,0
1,0,0,1,1,0,0,0,1,0,0,0,0,0,0,1,1,0,0,0,1,1,0,1,0,0,1,0,1,1,1,1,1,0,1,1,1,1,0,1,0,0,0,1,0,1,0,0,1,1,1,0,1,0,0,0,0,1,0,1,0,1,1,1,0,1,0,1,0,0,0,1,0,1,0
1,1,1,0,0,1,0,1,0,0,1,0,1,0,1,1,1,1,1,0,1,1,0,1,0,1,0,0,0,0,0,0,0,0,1,1,0,1,1,0,1,1,1,1,1,1,1,1,1,1,1,0,1,1,0,0,0,1,1,0,0,0,1,0,0,1,1,1,0,1,1,0,0,1,0
1,0,0,0,0,0,0,1,0,1,0,0,0,0,0,1,1,0,0,1,0,1,0,0,0,1,0,0,1,1,1,0,1,0,0,1,1,1,0,1,1,0,1,1,0,1,0,1,1,1,1,0,1,0,1,0,1,1,1,0,0,0,1,0,0,1,1,1,1,1,1,1,0,1,0
1,0,0,1,0,1,0,0,0,1,0,1,0,0,1,1,0,1,1,0,1,1,0,1,0,0,1,1,0,1,1,1,1,0,0,1,0,1,0,0,1,1,1,1,1,0,0,0,0,0,1,1,0,1,0,1,1,1,0,0,1,0,0,1,0,1,0,1,0,1,1,1,0,1,0
1,1,0,1,1,0,0,1,0,1,0,0,1,1,1,0,0,0,1,0,1,1,0,1,0,1,1,1,0,0,1,0,1,0,1,0,1,0,0,0,1,1,0,1,1,0,0,1,0,1,1,0,1,0,0,1,0,1,0,0,1,1,1,0,0,1,0,0,1,0,0,0,0,1,1
1,0,1,1,0,1,0,1,1,0,0,0,0,0,1,0,1,0,1,0,1,0,0,1,1,0,1,1,0,0,1,0,0,1,1,0,1,0,1,0,1,1,1,1,0,1,1,1,0,1,1,1,1,1,0,1,1,1,0,0,1,1,1,0,1,0,0,0,1,1,0,1,0,1,0
1,0,0,0,0,0,0,1,0,0,1,1,1,0,0,1,1,0,0,1,1,1,0,1,0,0,0,0,0,0,0,1,1,0,0,0,1,1,1,1,1,0,0,1,0,1,0,0,0,0,1,1,1,1,0,0,0,0,1,0,0,1,1,0,1,0,0,1,1,1,0,0,0,1,1
1,0,0,1,1,1,0,1,0,0,0,1,1,0,0,0,1,0,0,0,0,1,0,0,0,1,0,0,0,0,1,1,1,0,1,0,0,0,1,0,1,1,1,1,0,1,1,1,0,0,1,0,1,0,1,1,1,0,0,0,1,0,1,0,0,1,1,1,1,1,1,0,1,1,0
1,0,1,1,1,0,0,1,0,1,0,1,1,0,1,0,1,0,1,0,1,1,0,1,0,1,1,1,1,1,1,1,1,0,0,0,1,0,1,0,1,1,0,1,1,0,0,0,1,1,1,1,1,1,0,1,0,1,1,1,1,0,1,0,0,0,0,1,0,1,0,0,0,0,1
1,1,1,0,1,1,1,1,0,0,1,0,0,0,0,0,0,0,0,0,0,1,1,1,1,0,1,0,1,1,1,0,1,0,1,0,1,0,1,0,1,1,1,1,0,1,1,1,0,1,1,0,1,0,0,1,1,1,0,1,0,1,1,0,0,1,1,1,1,1,1,1,1,0,0
0,1,0,0,1,1,0,1,0,1,0,1,0,0,1,1,0,1,1,0,1,1,1,1,1,1,1,0,0,1,1,0,0,0,0,0,1,0,1,0,1,0,1,1,1,0,0,0,0,0,0,0,1,0,0,1,1,0,1,0,1,0,1,0,0,0,0,1,1,0,1,1,1,1,0
1,0,0,0,0,0,0,1,0,0,0,1,0,0,1,1,1,1,0,0,0,1,1,1,0,1,0,1,0,1,0,0,0,1,1,0,1,0,1,0,1,0,0,1,1,1,0,1,0,0,1,0,1,1,0,0,1,1,1,0,1,0,0,0,1,0,0,1,1,1,0,1,1,1,0
1,0,0,0,1,1,1,0,0,0,0,1,0,0,0,0,1,0,1,0,1,1,1,1,0,0,1,1,1,1,0,1,1,0,1,1,1,0,0,1,1,1,1,1,1,0,0,1,1,1,1,1,1,0,0,1,1,1,1,1,0,0,0,0,1,1,0,1,1,1,1,1,0,0,0
1,1,1,0,1,1,0,1,0,0,1,0,1,1,0,0,1,0,0,1,0,1,0,0,1,0,0,1,1,1,0,1,1,1,1,1,1,0,0,1,0,1,0,1,0,0,0,1,1,0,1,1,1,1,0,0,0,0,1,0,0,0,1,0,0,0,1,1,0,1,0,1,0,0,1
1,1,1,1,0,0,0,1,1,0,0,1,0,0,0,1,1,1,0,1,0,0,1,1,1,1,1,1,1,0,0,1,1,1,1,0,0,1,1,0,1,0,0,1,0,1,0,0,1,1,0,1,1,1,0,1,1,1,0,1,1,1,1,0,0,0,0,1,1,1,0,0,0,1,0
1,0,0,1,0,0,0,1,1,1,0,1,1,1,1,0,1,0,0,0,0,1,1,1,0,1,1,1,1,0,0,0,1,0,0,0,0,0,1,0,1,1,0,1,1,1,1,0,0,1,1,1,1,0,0,0,1,0,1,1,0,0,1,0,1,1,0,0,0,1,1,1,1,1,0
1,0,0,1,0,0,0,1,0,0,0,0,0,0,0,0,0,1,0,0,0,1,0,1,0,0,1,0,1,0,0,1,1,0,1,1,1,1,0,1,1,0,0,1,1,1,1,0,0,1,1,1,1,1,1,1,0,1,0,0,1,1,1,1,1,0,0,1,1,1,0,0,0,1,0
1,0,0,1,1,0,0,0,0,0,0,1,0,0,0,1,1,0,0,1,1,1,1,1,0,0,0,0,1,1,0,1,0,0,1,0,0,1,0,1,0,0,1,1,0,0,1,1,1,1,1,0,1,1,0,1,1,0,0,1,0,0,1,0,1,0,0,0,1,1,1,1,0,1,1
1,0,1,1,1,0,0,0,1,0,0,1,0,1,0,0,1,1,1,0,1,0,0,1,0,1,1,1,0,1,1,0,0,0,0,0,0,0,1,0,0,1,0,0,0,1,1,0,0,0,1,1,1,1,0,1,0,0,0,0,1,0,0,0,1,1,0,0,0,1,0,0,1,1,0
1,0,0,1,1,1,0,1,0,1,1,1,0,0,1,1,0,0,0,1,1,1,0,1,0,0,0,1,0,0,1,0,0,0,1,1,1,1,0,1,1,0,1,1,0,1,0,0,0,1,1,1,1,1,0,0,0,0,1,0,0,0,1,1,0,0,0,1,1,1,1,0,1,0,0
1,0,0,1,0,1,0,1,0,1,0,1,0,0,1,1,1,1,1,0,1,1,0,1,1,1,1,0,0,1,1,1,0,0,0,1,0,1,1,0,1,0,1,1,0,0,1,0,1,0,1,1,1,0,1,1,0,1,0,1,1,0,0,1,1,0,0,0,1,1,1,1,0,1,0
0,0,0,1,0,1,0,1,0,1,0,1,1,0,0,0,1,0,1,0,1,1,1,1,0,0,1,0,1,1,1,0,0,1,0,0,1,0,1,0,0,1,0,1,1,0,1,1,0,0,1,1,1,0,1,0,1,0,1,1,1,1,1,0,1,0,0,1,0,1,0,1,1,1,0
1,1,1,1,1,1,1,1,0,1,1,0,0,0,1,0,1,1,0,0,1,1,1,1,1,1,1,0,0,1,1,1,0,0,1,0,0,0,0,1,0,0,0,1,0,0,0,1,1,1,1,0,1,1,0,1,1,1,0,0,0,0,1,1,1,0,0,0,0,1,0,1,0,1,0
0,1,1,1,0,0,0,1,1,1,1,1,0,1,1,0,1,0,1,0,0,1,1,1,0,0,0,0,1,1,1,1,0,1,1,1,0,1,1,0,1,1,1,1,0,1,0,0,1,1,1,1,1,1,0,0,0,0,1,1,1,0,1,1,1,0,0,0,1,0,1,1,0,1,0
1,0,1,1,0,1,1,1,0,1,0,0,0,0,1,1,1,0,0,0,0,1,0,1,0,1,1,0,1,1,1,1,0,0,1,1,0,0,0,1,0,0,0,1,0,1,0,0,1,1,1,1,1,1,0,0,0,1,0,0,0,0,1,0,1,0,1,1,1,1,0,0,0,1,1
0,0,0,0,0,0,0,1,0,0,0,0,1,0,1,0,1,0,0,0,0,1,0,1,0,0,0,1,1,0,0,0,0,0,0,0,0,1,1,0,1,1,0,1,1,1,0,1,0,0,1,0,1,1,0,1,1,0,1,1,0,1,1,0,0,0,0,0,0,1,0,0,0,1,0
1,0,1,1,1,0,0,1,1,0,1,0,1,1,0,1,0,0,0,1,0,1,1,1,0,0,1,1,0,0,1,0,0,0,1,0,0,1,0,1,0,0,1,1,0,0,0,0,1,0,1,1,1,1,1,0,0,1,1,0,0,1,1,0,1,0,1,1,1,1,1,1,0,1,1
0,0,0,1,0,0,0,1,1,1,1,1,0,0,0,0,0,1,0,0,0,0,0,1,1,1,1,1,1,1,0,1,1,0,1,1,0,0,0,0,1,1,1,1,0,1,1,0,0,1,1,1,0,1,0,0,0,0,0,1,1,1,1,0,1,0,0,1,0,0,1,0,0,0,0
0,0,1,1,1,0,0,1,1,1,1,1,0,0,0,0,1,1,0,0,0,1,0,1,1,1,1,0,1,1,1,1,1,0,1,1,1,0,1,0,1,1,1,1,1,1,1,0,0,1,1,1,1,1,0,1,0,0,0,1,0,1,0,0,1,1,0,0,0,0,1,0,1,0,0
1,0,1,1,1,0,0,1,0,0,1,1,0,1,1,1,1,0,1,0,1,0,1,1,1,1,0,1,1,0,0,1,1,0,0,1,1,0,0,1,1,1,1,1,1,0,0,0,0,1,1,1,0,1,0,1,0,0,1,1,0,0,1,0,1,1,0,0,0,0,1,0,0,1,0
1,0,0,0,1,1,1,1,0,0,0,1,1,1,1,1,0,1,0,0,1,1,0,1,1,1,1,1,1,0,1,1,1,0,0,1,0,0,0,1,0,0,1,1,0,0,1,0,1,0,1,1,1,0,1,1,1,1,0,1,1,1,1,1,1,0,1,1,1,1,1,1,0,0,0
1,0,0,1,1,1,0,0,1,0,1,0,0,1,0,0,0,1,1,1,1,1,0,1,0,1,1,1,1,1,0,0,1,1,1,0,0,1,0,0,1,1,0,1,1,0,0,1,1,1,1,1,1,1,0,0,1,1,0,0,0,0,1,1,0,1,0,0,1,1,0,0,0,1,0
1,1,0,0,0,0,0,1,0,0,0,1,1,0,0,0,0,0,1,0,1,1,0,1,0,0,0,0,1,0,0,0,0,0,1,0,1,0,1,0,1,1,1,1,1,1,0,1,0,0,1,0,1,0,0,1,1,1,1,1,1,0,1,0,1,1,1,1,1,1,1,1,1,1,0
1,1,0,0,1,0,0,1,0,1,0,1,0,0,1,1,1,0,0,0,1,0,0,1,0,1,1,1,1,0,1,0,1,0,1,1,1,1,0,1,1,0,0,0,0,1,0,1,0,0,1,1,1,1,1,1,0,0,1,1,0,1,1,0,1,0,0,1,1,1,0,0,0,1,0
1,0,1,1,0,0,0,1,1,0,0,0,1,0,1,0,0,0,1,0,0,1,0,0,0,0,1,1,1,0,1,0,0,1,1,1,0,1,0,0,1,1,0,1,0,0,0,0,0,0,1,1,1,1,0,1,1,0,0,1,0,1,1,0,0,1,0,0,0,1,1,0,1,1,0
1,0,1,0,0,0,1,1,0,1,0,0,0,1,1,1,0,0,0,0,0,0,0,1,0,1,0,1,0,0,1,1,0,1,0,1,1,0,0,1,0,0,0,1,0,0,0,1,0,1,0,1,1,1,0,1,1,0,0,1,0,0,0,0,1,0,0,0,0,1,1,0,1,1,0
1,1,0,1,1,0,0,1,0,1,0,1,1,0,0,0,1,1,0,1,1,1,1,1,0,0,1,0,1,0,1,0,1,0,0,1,0,0,0,1,1,0,1,1,1,0,1,0,1,0,1,0,1,0,0,0,0,0,1,1,1,1,1,1,0,1,0,0,0,1,1,0,0,1,0
0,0,1,1,1,0,0,1,1,1,1,0,1,0,1,0,1,0,1,0,0,1,0,1,0,1,1,0,0,0,1,0,0,0,0,0,1,0,1,0,1,1,0,1,0,0,0,1,0,1,1,0,1,0,0,1,1,1,0,0,0,1,1,0,1,0,0,1,1,0,0,0,0,1,1
1,1,0,0,1,0,0,1,0,0,0,0,0,1,0,1,1,0,0,0,0,1,1,1,0,0,0,1,1,1,0,1,1,0,0,0,1,0,1,0,1,1,0,1,1,1,0,1,0,0,1,0,1,0,0,1,1,1,1,0,0,0,1,0,1,1,0,0,1,1,0,1,1,1,0
1,0,0,0,1,0,0,1,0,1,1,0,0,1,0,1,0,0,1,0,0,1,0,0,1,0,1,1,0,0,0,0,1,0,0,1,1,1,0,1,1,0,0,1,0,0,0,0,0,1,1,1,1,1,0,1,0,0,1,0,0,0,1,1,0,0,0,1,1,1,0,1,1,1,0
1,0,0,1,0,0,1,1,0,0,0,1,1,0,0,0,1,0,1,0,1,1,0,1,0,0,1,0,1,1,1,0,1,1,0,0,0,0,0,1,1,1,0,1,0,1,0,1,1,1,1,1,1,1,1,0,1,1,0,1,1,0,1,0,1,0,0,1,0,1,1,1,0,1,0
1,0,1,0,1,0,0,1,0,0,0,0,0,0,1,0,1,1,0,1,0,1,0,0,1,0,1,0,1,0,1,1,0,0,1,0,0,0,1,0,1,1,1,1,0,1,1,1,1,1,1,1,1,1,0,1,0,0,1,0,0,0,1,0,1,0,0,0,0,1,0,1,0,0,1
1,1,1,1,1,0,0,1,0,0,1,0,1,0,0,0,0,0,0,1,0,1,0,0,0,0,1,1,0,1,0,0,0,0,0,0,0,0,0,1,1,1,1,1,0,1,0,1,0,0,1,0,1,1,0,1,1,1,0,1,0,1,0,0,0,0,0,0,1,1,0,1,0,1,0
1,1,0,1,0,1,0,1,1,0,0,1,0,0,0,1,1,0,1,0,1,1,1,1,1,0,1,0,0,0,0,0,0,0,0,1,0,0,0,1,0,0,0,1,1,0,1,0,1,1,1,0,1,0,0,1,1,0,1,1,0,0,1,0,1,1,1,1,0,1,0,1,0,1,1
1,0,1,1,1,0,0,1,0,0,0,1,0,0,0,1,0,1,0,1,1,1,0,1,1,0,1,0,0,1,1,0,0,0,1,0,0,1,1,0,1,0,0,1,0,1,1,0,1,0,0,1,1,0,1,1,0,0,0,1,1,1,1,1,1,0,0,0,1,1,0,1,0,1,1
0,1,0,1,1,1,0,1,1,1,1,1,1,0,1,1,1,0,0,0,0,0,1,1,0,0,1,0,1,1,0,1,0,0,1,0,0,0,1,0,1,1,1,1,1,1,1,0,0,0,1,1,1,0,1,1,0,0,1,1,0,1,0,0,0,0,0,1,0,1,1,0,0,0,1
1,0,1,1,0,0,0,0,0,1,0,0,0,0,0,0,1,1,0,0,0,1,1,1,0,0,0,1,1,0,1,1,0,0,1,0,0,1,1,0,1,1,1,1,1,0,0,1,0,1,0,1,1,0,0,1,1,0,0,0,0,0,1,1,1,1,0,0,1,1,1,0,1,0,0
1,0,0,1,0,0,0,1,0,0,0,1,0,1,0,1,0,0,0,0,1,0,1,1,1,0,1,0,0,1,0,1,1,0,0,0,1,0,1,0,0,1,1,1,0,1,0,0,0,1,1,1,1,0,1,1,0,1,1,1,0,0,1,0,1,0,0,0,1,1,1,1,0,1,0
0,0,1,0,1,1,0,0,0,1,0,1,0,0,1,0,0,1,1,0,0,0,0,0,0,0,1,0,1,1,1,0,1,0,0,1,0,0,0,1,0,1,0,1,0,1,0,0,1,1,1,1,1,1,0,1,0,1,1,1,0,0,1,0,0,1,1,1,1,1,1,1,0,1,1
1,0,1,0,1,0,0,1,1,0,0,1,1,0,1,1,0,1,0,0,0,0,0,1,0,1,1,0,0,0,0,1,0,0,0,1,0,0,1,1,1,0,0,1,0,1,0,0,1,0,1,1,1,0,1,0,0,1,1,0,0,1,1,0,1,0,0,1,1,1,0,0,0,1,0
0,1,0,1,0,1,1,0,1,0,0,1,0,0,1,1,1,1,0,0,0,1,0,1,1,1,1,1,0,0,1,0,0,0,0,1,0,1,0,1,1,0,0,1,1,1,1,1,1,1,1,0,0,1,1,0,1,0,1,0,1,0,1,1,1,0,1,0,1,1,1,1,1,1,0
1,1,1,0,1,0,0,0,0,1,0,1,1,1,0,1,0,0,0,0,1,1,1,1,0,0,1,0,1,0,1,0,1,0,0,0,0,0,1,0,1,0,1,1,1,1,0,1,1,1,1,0,1,0,0,1,1,1,1,0,0,0,0,0,0,1,1,1,1,1,1,0,0,1,1
0,1,1,0,1,0,0,1,0,0,1,0,1,1,1,1,1,0,0,0,1,1,1,1,1,0,0,1,1,0,1,0,0,0,1,0,1,0,1,0,1,1,0,1,0,1,1,1,0,0,1,0,1,0,0,1,1,0,0,0,0,0,1,1,1,1,0,1,1,1,0,0,0,0,0
1,0,0,0,0,0,1,1,1,0,1,1,1,0,0,0,0,1,1,0,1,1,1,1,0,0,1,1,0,0,1,0,1,0,1,1,1,1,0,1,0,1,0,1,1,0,1,0,1,0,0,0,1,1,1,0,0,1,1,0,1,1,0,0,0,1,1,1,0,1,0,1,0,1,0
0,1,0,1,0,0,0,1,1,0,0,0,1,0,1,1,1,1,0,0,1,1,0,1,0,1,1,1,0,1,0,1,0,0,1,1,1,0,0,1,0,0,1,1,0,0,0,1,1,0,0,1,0,0,0,0,1,0,0,0,0,1,1,0,1,0,1,1,0,1,1,1,1,1,1
1,1,0,0,1,0,1,1,1,0,1,1,1,0,0,0,0,1,0,0,0,1,1,1,0,0,1,0,0,1,0,0,1,0,1,0,1,0,0,0,0,1,0,1,1,0,1,0,0,1,1,1,0,0,0,0,0,0,1,1,1,1,0,0,0,0,0,0,1,1,0,0,0,1,1
0,0,0,1,1,1,0,0,0,0,0,1,0,1,1,1,0,1,0,0,1,1,1,1,0,0,1,1,1,1,1,0,1,1,1,0,0,0,1,1,1,1,0,1,0,1,0,1,1,1,0,1,1,0,1,1,1,1,1,1,0,1,1,1,0,0,1,1,1,1,0,1,0,1,0
1,0,0,1,1,1,0,0,0,0,0,0,0,0,0,0,1,0,1,1,1,1,1,1,0,1,0,1,0,1,0,1,0,0,0,0,0,1,1,0,1,1,0,1,1,1,0,0,0,0,1,1,1,1,1,1,0,1,0,1,0,1,0,0,0,1,1,1,0,1,0,1,0,1,0
1,1,1,1,1,0,0,1,0,0,0,0,1,1,1,1,1,1,0,0,0,1,0,0,1,1,1,0,1,1,0,0,0,0,0,1,0,0,1,0,1,1,1,1,1,0,1,1,0,0,1,1,0,0,0,0,1,0,1,1,0,0,1,1,1,0,0,0,0,1,1,0,0,1,0
1,0,0,0,0,1,0,1,0,0,0,1,1,0,1,0,1,1,0,0,0,1,0,1,1,1,1,0,0,1,0,0,0,1,0,1,0,0,1,0,1,1,0,1,0,0,1,0,0,1,1,1,1,1,0,1,0,0,1,0,0,0,1,1,1,0,0,0,1,1,0,1,0,1,0
1,0,0,1,1,1,0,1,0,0,0,1,1,0,0,1,1,1,0,0,1,1,1,1,1,0,1,1,0,0,1,0,1,0,0,0,1,1,1,0,1,0,0,1,0,1,0,0,0,1,1,0,1,0,1,1,0,1,0,0,0,0,0,1,0,0,0,1,1,1,1,0,0,0,0
1,1,1,1,0,0,0,1,0,0,1,1,0,0,1,1,0,1,0,0,0,1,0,1,0,1,1,1,1,1,1,1,0,1,0,0,0,0,1,0,1,0,0,1,1,1,0,1,0,1,1,0,1,1,0,1,1,1,0,0,0,0,1,1,0,0,0,1,0,1,1,0,1,1,0
1,0,0,0,1,0,0,1,0,0,1,1,0,0,1,0,1,0,1,0,0,1,0,1,1,0,1,0,1,1,0,1,0,0,0,1,0,0,0,1,1,0,1,0,0,0,0,0,0,1,1,1,1,1,1,1,0,1,1,1,0,1,1,0,1,0,0,0,1,1,1,1,0,0,0
0,0,1,1,0,1,0,0,0,1,0,0,1,0,1,0,1,0,0,1,1,1,0,0,1,0,1,1,0,1,1,0,0,0,1,0,0,1,1,0,1,1,1,1,0,1,0,1,0,0,1,1,0,1,0,0,1,1,0,1,0,1,1,0,0,1,1,1,0,1,1,0,0,1,0
0,0,0,1,0,0,0,0,0,0,0,1,0,1,1,1,1,0,1,0,1,1,0,1,0,0,1,0,1,1,1,0,1,0,0,1,1,1,0,1,1,0,0,1,0,0,0,0,0,1,0,0,1,1,0,1,0,0,0,0,1,1,1,0,1,1,0,0,0,1,0,1,1,1,0
0,0,0,1,0,0,0,1,1,0,0,1,0,0,1,1,1,1,0,0,0,1,0,1,0,0,1,0,0,1,0,1,0,0,1,1,0,1,1,0,1,1,0,0,0,1,0,0,1,0,1,1,0,1,0,1,0,0,1,1,1,1,0,0,1,1,1,1,0,1,0,0,1,0,0
1,1,1,1,1,1,0,1,1,0,1,0,0,0,0,0,1,0,0,0,1,1,1,1,0,0,1,0,1,1,1,1,1,0,0,0,0,0,0,0,1,1,1,1,0,1,1,0,0,1,1,1,0,0,1,0,1,0,0,1,0,0,1,0,1,0,1,0,0,0,0,1,0,1,1
1,1,0,1,1,0,1,0,0,1,0,1,0,0,0,1,1,1,0,0,0,1,1,1,1,1,1,0,1,0,1,1,1,0,0,1,0,0,0,1,0,0,1,1,1,1,0,1,1,1,1,1,1,1,1,1,1,0,0,1,0,0,0,0,0,0,0,1,1,1,1,0,0,1,1
1,1,1,0,1,0,0,1,0,1,1,1,0,0,0,0,1,0,1,0,0,0,0,1,0,0,0,0,1,0,0,1,0,0,0,0,0,0,0,1,0,1,1,1,1,0,0,0,1,0,1,1,1,0,0,1,0,0,1,0,0,0,1,0,0,0,0,0,0,1,1,0,0,1,1
1,1,1,1,1,1,0,1,1,1,0,1,0,0,0,1,1,0,0,1,1,1,0,1,0,0,1,1,1,0,1,0,1,1,1,0,0,0,1,0,1,1,0,1,0,1,0,0,1,1,1,1,0,0,1,0,1,1,1,0,0,0,1,0,0,0,1,1,1,1,1,1,1,0,0
0,1,1,1,0,1,1,1,0,1,1,1,1,0,0,0,0,0,0,1,0,1,1,1,0,1,1,0,1,1,1,0,1,0,1,1,1,1,1,0,0,1,0,1,1,1,1,0,0,0,1,0,1,1,0,0,0,0,0,0,1,1,1,0,1,1,0,1,0,0,0,0,1,1,0
1,1,0,0,1,0,0,1,1,0,0,0,0,0,0,1,0,0,1,0,0,0,1,1,0,0,0,1,0,0,0,1,1,1,0,1,1,1,0,1,0,1,0,1,1,1,0,0,0,0,1,0,1,1,0,1,0,1,1,0,0,1,1,0,0,0,1,1,0,1,0,0,1,1,0
1,0,1,1,0,1,0,1,0,1,0,1,0,0,0,1,0,1,0,1,1,0,0,1,1,1,1,0,1,0,0,0,0,0,0,1,0,0,1,0,1,1,0,1,1,1,1,0,0,1,1,1,1,1,0,0,1,1,1,1,0,0,1,0,1,1,0,0,1,1,0,0,0,0,0
1,0,0,1,1,1,1,1,0,0,1,1,1,1,0,0,1,1,0,0,0,0,1,1,1,1,1,1,1,1,1,0,1,0,0,0,0,1,1,0,1,1,0,1,0,1,1,0,1,0,1,0,1,0,0,0,0,1,0,0,1,0,0,0,1,0,0,0,1,1,0,1,0,0,0
1,1,1,0,1,1,0,1,1,1,1,1,0,0,0,1,1,1,0,0,1,1,0,0,1,0,1,0,1,0,1,1,1,0,0,0,0,0,0,1,1,1,0,1,1,0,0,0,0,1,1,1,1,1,0,0,0,1,1,1,0,1,1,0,1,0,0,0,0,1,1,0,1,1,0
1,0,0,1,1,1,0,1,0,0,0,1,1,1,1,0,1,1,0,1,0,1,1,1,0,0,1,1,0,0,1,0,0,0,1,1,1,1,1,1,1,1,1,1,0,1,1,0,0,0,1,1,1,1,1,1,0,1,1,0,1,1,1,0,0,0,1,0,0,1,1,0,0,1,1
1,1,0,1,0,0,0,1,0,1,0,0,0,0,1,1,0,1,0,0,1,1,0,1,0,0,1,1,1,0,1,1,1,0,0,1,0,0,0,1,0,0,0,1,1,1,1,1,0,1,0,1,1,0,1,0,0,0,1,0,0,0,1,1,0,1,1,0,1,1,0,0,0,1,0
1,0,1,0,0,0,0,1,0,1,1,1,1,1,0,1,0,1,1,0,1,1,1,1,0,1,1,0,0,0,0,1,0,0,0,1,0,1,0,1,0,0,1,1,0,1,0,1,0,0,0,0,1,1,0,1,1,0,1,1,1,1,1,0,0,0,1,0,0,1,0,1,0,1,0
1,0,1,1,1,1,1,1,1,1,0,1,1,0,0,1,1,1,1,1,1,1,1,1,0,1,1,1,0,0,0,1,0,0,1,0,0,1,1,0,1,1,0,1,1,0,0,0,0,1,1,0,1,1,0,1,0,0,1,1,0,1,1,1,1,0,0,0,0,1,1,0,1,0,0
0,0,0,0,0,1,0,1,0,0,0,0,1,0,0,0,1,0,0,1,0,1,0,1,1,1,0,0,1,1,0,1,1,0,1,1,0,1,0,0,0,1,0,1,0,1,0,0,0,0,1,0,1,1,0,0,0,0,1,0,0,1,0,1,1,0,1,1,0,0,0,0,0,1,1
0,0,0,1,0,0,0,1,0,1,1,1,1,0,0,1,0,0,1,1,0,1,0,0,1,0,1,0,1,1,1,0,1,0,0,1,0,0,0,1,1,0,0,1,0,1,0,0,1,1,1,0,1,1,0,1,0,1,1,1,1,0,1,0,1,0,1,1,1,1,1,1,0,0,0
1,0,0,0,0,0,0,1,0,1,0,0,0,1,1,1,1,1,1,1,0,1,0,0,0,0,1,0,0,0,0,1,0,0,1,0,0,1,0,1,0,1,1,1,0,0,1,0,0,1,1,1,1,1,0,1,1,0,1,1,0,0,0,0,1,0,0,0,0,1,1,0,1,0,0
1,1,1,1,0,1,0,1,0,0,0,1,0,0,1,1,0,0,0,0,1,1,0,0,0,1,1,1,0,0,0,0,0,0,0,1,1,0,0,1,1,0,0,1,1,1,1,0,1,1,1,1,1,1,0,1,0,0,0,0,0,0,1,0,1,0,0,1,0,1,0,0,1,1,0
0,0,0,1,0,1,0,1,1,1,0,1,1,0,0,1,1,0,1,0,1,1,1,1,1,1,1,0,1,0,1,1,1,0,1,0,1,1,1,0,1,1,0,1,0,1,1,0,1,0,1,0,0,1,0,0,0,0,1,0,1,1,1,0,0,0,0,0,0,1,0,1,1,1,0
0,0,1,1,0,1,0,0,0,0,0,1,1,0,0,0,1,1,0,1,1,1,0,1,0,0,0,0,0,0,1,0,1,0,1,1,0,0,1,0,1,1,0,1,1,1,1,0,1,0,0,1,1,1,0,1,0,1,1,0,0,0,1,0,0,1,1,1,0,0,0,0,0,1,0
1,1,0,1,1,0,0,1,1,1,1,0,0,0,0,0,0,0,0,0,0,1,0,0,0,1,0,1,1,1,0,0,1,0,0,1,0,1,0,1,0,1,0,0,1,1,1,0,0,1,1,1,1,0,0,1,0,0,0,1,0,0,0,1,1,0,0,0,0,1,0,1,0,1,0
1,0,1,0,0,1,0,0,1,0,0,0,0,0,0,0,0,1,1,0,0,1,0,0,1,0,1,1,0,0,0,1,1,0,1,1,0,0,0,1,0,0,1,1,0,0,0,1,1,1,1,0,1,0,1,1,1,0,0,1,0,1,1,1,0,1,0,1,1,1,1,0,0,0,1
1,0,1,1,1,0,0,0,1,0,0,1,1,0,0,0,1,1,0,0,1,1,0,1,1,0,1,1,1,1,0,1,1,0,0,0,0,0,1,0,1,1,1,1,1,0,1,1,0,0,1,1,1,0,0,1,1,1,0,1,0,1,0,0,0,1,0,1,1,1,1,1,1,1,1
1,1,1,1,0,0,0,1,0,0,1,1,1,0,0,1,1,0,0,1,1,1,0,1,1,0,1,1,0,0,1,1,1,0,1,0,0,0,1,0,1,0,1,1,0,1,0,0,0,0,0,1,1,0,1,1,0,1,0,0,1,0,0,0,1,0,0,0,0,1,1,0,1,1,0
1,0,0,1,1,0,0,0,0,1,0,0,0,0,0,1,1,0,0,0,0,1,0,1,0,0,0,1,0,1,1,0,1,0,0,0,1,0,1,0,1,0,1,0,0,1,1,1,0,1,1,0,1,1,0,1,0,0,0,1,0,1,0,0,1,1,0,1,1,0,0,1,0,0,1
0,0,0,1,0,1,1,1,0,1,0,1,0,0,0,1,1,1,0,0,1,0,1,1,0,0,1,1,1,0,0,1,1,0,0,0,1,0,0,1,1,0,0,1,1,0,1,0,1,0,1,0,1,0,1,0,0,1,1,0,1,0,1,0,0,0,1,1,1,0,0,0,0,1,1
1,1,0,1,0,0,0,0,1,0,0,1,1,1,1,0,1,1,1,1,0,0,0,1,1,1,0,1,0,1,0,1,0,0,0,1,0,0,1,0,1,1,0,1,1,1,0,0,1,0,0,0,1,0,0,0,0,1,0,1,1,0,0,0,0,0,1,1,0,1,1,1,0,1,1
1,0,0,0,0,0,0,0,0,0,0,0,0,0,1,1,1,0,1,1,0,0,0,0,0,0,1,0,1,0,1,0,1,0,1,0,1,1,0,0,0,1,1,1,0,1,0,0,0,1,1,0,1,1,0,0,1,0,1,1,0,1,0,0,1,1,1,1,0,1,1,1,1,1,0
1,0,1,1,0,0,1,1,0,1,0,0,1,0,0,0,1,1,1,0,0,1,1,1,1,1,0,0,1,1,0,0,1,0,0,1,0,1,1,0,1,1,0,1,0,1,0,1,0,1,1,1,1,1,0,1,0,0,1,1,0,0,1,0,0,0,0,1,1,1,0,0,1,1,0
1,0,1,0,0,0,0,0,0,0,0,1,0,0,0,1,1,1,0,0,1,1,0,0,0,1,0,1,1,0,0,0,1,0,0,1,1,0,0,1,0,0,1,1,0,1,1,1,1,0,1,1,1,1,0,1,1,1,1,1,1,0,1,0,0,1,0,1,1,1,1,1,0,0,0
1,0,1,1,0,0,0,1,0,1,0,1,0,0,1,0,0,1,0,1,0,1,0,0,0,1,1,0,1,0,0,1,1,0,0,1,1,0,1,0,1,1,0,1,0,1,1,1,0,1,1,1,1,1,0,1,1,0,0,1,1,1,0,0,0,0,1,1,0,1,0,1,1,1,0
1,1,0,1,0,0,1,1,0,0,0,0,1,0,0,1,0,1,1,0,1,0,1,1,0,0,1,0,1,1,0,0,1,0,1,0,0,0,1,0,1,0,0,1,1,1,1,0,0,0,0,0,1,0,0,0,1,0,1,1,0,1,0,0,1,0,0,0,1,1,0,1,0,1,0
1,0,1,1,0,0,0,0,1,1,0,1,0,0,1,0,1,0,1,0,1,1,1,1,1,1,1,0,1,0,1,1,1,0,0,0,0,0,1,0,1,1,0,1,1,1,0,1,0,1,1,0,1,1,1,1,1,1,0,1,0,1,0,0,1,0,0,0,0,1,1,1,1,1,1
1,1,1,0,0,1,0,1,1,1,0,0,1,1,0,1,1,1,0,0,0,1,0,1,0,0,0,0,1,1,1,0,1,0,0,1,0,0,0,1,1,1,0,1,1,0,1,0,0,0,1,1,0,0,1,0,0,1,0,0,1,1,0,0,0,1,1,1,0,1,1,0,0,0,0
1,1,1,1,1,1,0,1,0,0,1,1,0,0,0,0,1,1,1,0,0,1,0,1,0,0,1,1,1,0,0,1,1,0,1,1,0,0,0,1,0,1,1,1,1,0,0,0,1,1,0,1,1,1,0,1,0,0,1,0,1,0,1,0,1,0,0,0,0,1,1,0,0,0,0
1,1,1,0,1,1,0,1,0,1,0,1,0,0,0,0,1,0,0,1,0,0,0,0,0,0,1,0,1,0,0,1,1,0,0,1,1,0,1,0,1,1,0,1,1,0,1,0,1,1,1,1,1,0,0,1,0,0,1,0,0,0,1,0,1,1,0,0,0,1,0,1,0,1,1
1,1,1,1,1,1,0,1,0,1,1,1,1,0,1,1,0,0,1,1,1,0,0,0,0,1,0,1,1,0,1,0,1,0,1,1,0,1,1,0,1,1,0,1,1,0,0,0,0,1,1,1,1,1,1,1,0,1,0,0,0,0,0,0,0,1,1,1,1,1,1,0,0,1,0
1,0,1,1,0,0,0,1,0,1,0,1,1,0,1,1,1,1,0,1,1,1,0,1,0,1,1,1,1,1,1,0,0,1,0,1,0,0,0,1,0,0,1,1,0,1,1,0,1,1,0,1,1,0,1,1,0,1,1,0,0,1,1,0,0,0,0,0,1,1,1,0,0,1,1
0,0,0,1,1,0,0,0,0,0,0,1,0,0,0,1,1,0,1,1,1,1,1,1,0,0,1,0,0,0,1,1,0,0,1,0,0,0,0,1,1,0,1,1,1,1,1,0,0,1,1,0,1,0,1,0,0,0,0,1,1,0,0,1,1,1,1,1,1,1,1,1,1,0,0
0,0,0,1,1,1,1,1,1,0,0,0,0,0,1,0,1,0,1,0,1,1,1,1,0,0,1,1,1,0,1,0,0,0,1,1,0,0,0,1,0,0,0,1,0,0,0,0,0,1,1,1,1,0,0,1,0,1,0,0,0,0,1,1,0,1,1,1,0,0,0,0,0,1,1
1,0,1,0,1,0,0,1,1,1,0,1,1,0,0,1,1,0,0,0,0,1,0,1,0,0,1,1,0,0,1,0,1,0,1,0,0,1,1,0,0,1,0,1,0,1,0,1,0,0,1,1,1,1,0,1,1,1,1,0,1,0,0,0,0,0,0,1,0,1,0,0,0,1,0
0,0,1,0,0,0,1,1,1,1,0,1,0,0,1,1,0,1,1,0,0,0,0,1,0,1,0,0,1,1,1,0,1,1,1,1,0,1,0,1,1,0,1,1,0,1,0,0,0,1,0,1,1,0,1,0,0,1,0,0,0,1,0,0,1,0,0,1,0,0,1,0,0,1,0
1,0,1,1,1,0,0,1,0,0,1,1,0,0,1,1,0,1,1,1,1,1,0,1,1,1,1,0,0,1,0,1,0,0,1,1,0,0,1,1,1,0,0,1,0,1,1,1,0,1,1,0,1,0,1,1,0,0,0,1,1,0,1,1,1,1,0,1,0,1,1,1,0,1,1
1,0,0,0,1,0,0,0,0,0,0,1,1,0,0,1,1,1,1,0,1,0,1,1,0,0,1,1,1,0,1,0,1,0,1,0,0,0,1,0,1,0,0,1,1,1,0,0,0,1,1,1,1,0,1,0,0,1,0,1,0,0,1,0,0,1,0,1,1,1,1,0,0,0,1
1,0,1,1,0,1,1,1,1,1,0,1,1,0,1,1,1,0,1,1,0,0,0,1,1,1,0,1,0,0,0,1,0,0,1,1,0,0,1,0,1,1,0,1,1,0,0,0,1,0,1,1,0,0,1,0,0,1,0,0,1,1,1,0,1,1,1,0,0,1,0,0,0,1,0
1,0,0,1,0,0,0,1,1,0,0,1,0,0,0,1,1,1,1,0,0,1,0,0,1,0,0,0,1,0,0,1,0,0,0,1,0,1,0,1,1,0,1,1,0,1,0,1,0,1,1,1,0,1,0,0,1,1,0,1,0,1,1,0,1,0,1,1,1,1,1,0,0,1,1
1,0,1,1,1,1,0,1,0,0,1,0,0,0,1,0,1,0,0,0,0,1,0,1,1,0,0,1,0,0,1,1,0,0,1,0,0,1,1,0,1,1,0,1,0,1,0,0,1,1,1,0,1,1,0,1,1,1,0,0,0,0,1,0,1,1,0,0,0,1,0,1,0,1,1
1,0,0,0,0,0,0,1,0,0,0,1,0,1,0,1,1,0,1,0,0,1,0,1,0,0,1,0,1,0,1,1,1,0,0,0,1,0,0,1,0,0,0,1,1,1,1,0,0,1,1,1,1,1,0,0,0,0,1,1,0,0,1,0,0,0,1,1,1,1,1,1,1,1,0
1,0,0,0,1,1,0,1,1,0,0,1,1,1,0,1,1,1,0,0,1,1,0,1,1,0,1,0,1,0,0,1,1,0,1,0,1,1,1,0,1,0,1,1,0,1,0,1,0,1,1,1,1,0,1,0,1,1,0,1,0,1,1,0,1,1,0,0,1,1,1,0,0,1,0
0,1,1,1,0,0,1,0,0,0,1,1,1,0,0,1,1,0,0,1,0,1,0,1,0,1,0,1,1,0,0,1,1,0,0,0,1,0,1,0,1,0,0,1,1,1,0,1,0,1,1,1,1,1,1,1,1,1,1,0,1,1,1,0,0,1,1,1,0,0,0,1,1,0,0
0,0,1,1,0,1,0,1,0,0,0,1,0,0,0,0,1,1,0,0,0,1,0,1,1,1,1,1,0,1,0,1,0,0,0,0,0,1,1,0,1,1,0,1,1,1,0,0,1,0,1,1,1,0,1,1,0,1,1,0,1,1,1,1,0,0,0,0,0,1,0,1,0,1,0
1,0,1,0,1,0,1,1,0,0,0,0,1,0,0,1,1,1,0,1,1,0,1,1,0,0,0,0,1,0,0,0,0,0,0,0,0,0,1,0,1,0,0,1,0,1,1,0,0,1,1,0,1,0,1,1,0,1,1,0,0,1,1,0,1,0,1,1,1,1,1,0,0,1,0
1,0,1,1,1,0,1,1,1,0,0,1,1,0,1,0,1,1,0,0,0,1,0,1,0,1,1,0,1,0,1,1,1,0,1,0,0,0,1,0,1,0,0,1,0,0,0,0,0,1,1,1,1,0,0,1,0,1,0,1,1,1,1,0,1,0,0,0,1,1,1,1,1,1,0
1,0,0,0,0,0,0,1,1,0,1,1,0,0,0,1,1,0,1,0,1,1,0,1,0,0,1,1,0,0,1,1,1,0,0,0,0,0,1,0,1,1,0,1,1,0,1,1,0,1,1,0,1,0,1,0,1,1,1,0,1,1,0,0,0,0,1,0,1,1,0,1,1,1,0
0,1,1,0,0,0,0,1,0,1,0,1,1,0,1,0,1,1,0,0,0,1,0,1,0,1,0,1,1,0,1,1,0,0,1,0,0,0,1,0,1,1,1,1,1,0,1,1,1,0,1,1,1,0,0,1,1,0,1,0,1,1,1,1,0,0,0,1,0,1,0,1,0,1,0
1,0,0,1,0,0,0,0,0,1,0,0,1,0,0,1,1,1,0,1,0,1,1,1,1,1,1,0,1,1,1,0,1,0,0,1,0,1,0,1,1,0,1,1,1,0,0,0,1,1,0,1,1,1,0,1,0,1,1,0,0,0,1,0,0,1,0,1,1,1,0,0,0,1,0
1,1,1,0,1,0,0,0,0,1,0,1,0,0,1,1,1,1,0,0,0,1,1,1,0,0,1,1,1,1,0,1,0,1,1,1,1,1,0,1,1,1,0,1,1,1,1,0,1,1,0,0,1,0,1,0,0,1,0,1,1,0,1,0,1,1,0,0,0,1,1,1,1,1,1
1,1,1,0,0,1,0,1,0,1,0,1,0,0,0,1,1,0,0,1,1,1,1,1,1,0,1,1,1,1,0,1,1,0,0,0,1,1,1,0,1,0,0,1,1,0,1,0,1,1,0,1,1,0,0,1,0,1,1,0,0,0,1,0,1,0,0,0,0,1,0,1,0,1,0
1,0,1,1,1,0,0,0,1,1,0,1,1,0,0,0,1,1,1,0,1,1,0,1,0,1,0,1,1,0,1,1,1,0,1,1,0,1,1,0,1,1,0,1,0,1,1,0,0,1,1,1,1,1,0,1,0,0,0,0,0,1,1,1,1,1,0,1,0,1,0,0,1,0,0
1,0,0,1,1,0,1,1,1,0,0,1,1,0,0,0,1,1,0,0,0,0,1,1,1,1,1,0,0,0,0,0,1,0,0,0,1,0,0,0,1,0,0,1,1,1,0,0,0,1,1,0,1,1,0,1,1,1,1,0,0,0,1,0,0,0,1,1,1,1,0,0,1,0,1
1,0,1,1,0,1,1,1,0,1,0,0,0,1,0,0,1,1,0,1,0,0,1,1,1,0,1,1,1,0,1,0,1,0,0,0,1,0,0,0,1,1,0,1,1,0,1,1,1,1,1,0,1,0,1,1,1,0,1,0,1,0,1,0,1,0,0,1,1,1,0,0,0,1,0
1,1,1,0,1,0,0,1,0,0,0,1,1,1,1,0,1,1,0,1,0,1,0,0,0,1,1,0,0,0,1,0,0,1,1,0,1,0,1,0,1,1,0,1,1,1,0,1,0,1,1,1,1,0,0,1,1,0,0,0,1,0,0,0,1,0,1,1,0,1,1,0,0,1,1
1,1,1,1,0,0,0,1,0,0,1,0,1,0,1,1,0,1,0,0,0,1,1,1,0,0,0,1,1,1,1,1,1,0,1,0,0,1,1,0,1,0,0,1,0,1,1,0,1,1,1,0,1,0,0,1,1,0,1,0,0,0,1,0,1,0,0,0,0,1,1,0,0,0,1
1,1,0,1,1,0,0,1,1,0,1,1,0,0,1,0,1,1,0,0,1,1,0,1,0,0,1,0,1,1,0,0,0,0,1,0,0,0,1,0,1,1,0,1,1,1,1,1,0,1,1,1,1,0,1,1,1,0,1,1,0,1,1,0,1,1,0,1,0,1,1,1,1,0,0
1,0,1,1,0,1,0,1,1,1,1,1,0,0,1,1,1,0,0,0,0,1,0,0,0,0,0,0,1,0,1,1,0,0,0,1,0,1,0,1,0,0,0,1,0,1,0,1,1,0,1,1,1,1,0,1,1,1,0,0,0,1,0,1,1,0,1,0,0,1,0,0,0,1,0
1,1,1,0,1,0,1,1,0,1,0,0,0,0,0,0,1,0,1,0,1,1,1,1,1,1,1,1,1,0,0,0,1,0,0,0,0,0,1,0,1,0,1,1,1,1,0,0,0,1,1,0,1,0,0,0,0,1,1,1,0,1,0,1,0,1,0,0,1,1,1,1,1,1,0
1,0,0,0,0,1,0,1,0,0,0,1,1,0,1,0,1,0,1,0,1,1,0,1,1,1,1,0,0,1,0,0,0,0,1,0,0,0,1,0,1,1,1,1,1,1,0,1,0,1,1,1,1,1,0,1,1,1,1,0,0,0,0,0,1,0,0,1,0,0,1,1,0,1,1
1,0,0,0,0,0,1,0,0,0,1,1,1,0,0,1,1,0,0,0,0,0,0,1,1,1,1,1,0,1,1,0,0,1,0,0,0,1,1,0,1,1,1,1,0,1,0,0,1,0,1,1,1,0,1,1,0,1,0,1,1,1,0,0,1,0,0,1,0,1,1,1,0,1,1
1,0,0,1,0,0,0,0,1,0,0,0,1,0,1,0,1,1,1,0,0,1,1,1,0,0,1,1,1,0,1,0,0,0,0,0,0,1,1,0,0,0,0,1,1,0,1,0,1,1,1,0,1,1,0,0,0,1,1,0,1,0,0,1,0,1,0,1,0,1,0,0,0,1,0
1,0,1,0,0,0,1,1,1,0,1,1,1,0,0,1,1,1,0,0,1,1,1,1,0,1,0,1,1,0,1,1,1,0,0,0,0,1,0,0,1,1,0,1,0,1,1,0,0,1,0,1,1,0,1,1,0,1,1,0,0,1,1,1,1,1,1,1,1,1,0,0,0,1,0
1,0,1,1,0,1,0,1,0,1,1,0,1,0,0,1,0,1,1,1,1,1,0,1,0,1,1,1,1,1,1,1,1,0,1,0,1,0,1,0,1,1,1,1,0,0,1,0,0,1,0,1,1,0,1,1,0,0,0,0,0,0,1,1,0,1,0,0,1,1,1,0,1,1,0
1,1,0,1,1,0,0,1,1,0,0,0,0,0,0,0,1,0,1,0,1,1,0,1,0,0,1,0,0,1,1,1,1,0,1,1,0,1,0,1,1,1,1,1,1,1,1,0,1,1,1,1,1,1,0,1,0,0,0,1,1,1,1,0,0,0,0,1,0,1,1,1,0,1,0
1,0,1,1,0,1,1,1,0,0,0,0,1,1,0,1,1,0,0,0,0,1,1,1,1,1,1,1,1,0,1,0,1,0,0,1,1,1,0,0,1,1,0,1,0,1,0,1,1,0,1,0,1,1,0,1,1,1,0,0,0,1,1,0,1,0,1,0,1,1,0,0,0,1,1
1,0,1,0,0,0,1,1,0,0,1,0,0,0,0,0,1,1,0,0,0,1,1,1,0,0,1,0,1,0,1,1,1,0,0,0,1,0,1,0,1,1,1,1,0,1,1,0,0,0,1,0,1,0,0,1,1,0,1,0,0,0,1,0,1,0,1,0,1,1,0,0,1,1,0
1,0,1,1,0,0,1,1,0,0,1,0,1,0,1,0,1,1,0,1,0,1,1,1,1,1,1,0,0,1,1,0,0,0,1,0,0,1,1,0,1,1,0,1,0,1,0,0,0,0,1,0,1,1,0,0,1,0,1,1,0,0,0,1,0,0,1,0,1,1,0,1,0,0,0
1,1,1,1,1,0,0,1,0,1,0,1,0,0,0,1,1,0,0,0,1,1,1,1,0,0,0,1,1,0,1,1,1,0,1,1,0,0,0,1,1,0,1,1,0,1,1,1,0,1,1,0,1,1,1,1,1,0,0,1,0,0,1,0,1,0,0,0,1,1,1,1,0,1,0
1,0,1,0,0,1,0,1,0,1,0,1,1,1,1,1,1,1,0,1,1,0,0,0,1,1,1,0,0,0,0,1,0,0,0,0,0,0,1,0,0,1,1,1,1,0,1,0,0,0,1,1,1,1,0,0,0,0,0,0,1,0,0,0,1,0,0,1,0,1,0,0,1,1,1
1,0,1,1,0,0,0,1,0,1,0,0,1,1,0,0,1,1,1,0,0,1,1,1,0,1,1,1,1,1,1,1,1,0,0,0,1,1,0,0,1,1,0,1,0,0,1,0,0,0,0,0,1,0,1,1,0,1,0,0,0,0,0,0,1,0,1,0,0,1,0,0,0,1,0
1,0,0,1,0,0,1,1,0,0,1,1,0,0,0,1,1,0,0,0,1,1,1,1,0,1,0,0,1,1,1,1,1,0,1,0,1,0,0,1,1,0,1,1,0,1,0,0,0,1,1,0,0,0,1,0,0,1,1,0,0,0,1,0,1,0,1,0,1,1,1,1,0,0,0
1,0,1,0,0,1,0,1,0,0,1,1,0,0,1,1,0,1,0,1,0,0,0,1,0,1,1,0,1,1,1,1,0,0,0,0,0,0,1,0,1,0,1,1,1,1,1,1,0,0,1,1,0,0,1,0,1,1,1,1,1,1,1,0,1,0,0,0,1,1,1,0,0,0,0
1,1,0,1,1,0,0,1,1,1,0,0,0,1,1,0,0,1,0,0,1,1,0,1,1,1,1,1,1,1,1,1,1,0,0,0,1,1,1,1,1,1,0,1,1,1,0,1,1,1,0,0,1,1,0,1,1,1,1,0,0,1,1,1,1,0,0,1,0,1,0,1,0,0,0
1,1,1,0,1,0,0,1,0,0,0,1,1,0,1,0,1,0,1,0,0,1,0,1,0,0,1,0,1,0,0,1,1,1,1,1,1,0,0,1,1,0,1,1,1,1,0,0,1,0,1,1,1,1,0,1,0,1,0,0,1,0,1,0,0,1,1,1,1,1,1,0,0,1,0
1,0,0,0,0,1,0,1,0,1,0,0,1,1,1,0,1,1,1,0,1,0,0,1,1,0,1,1,1,0,1,1,0,0,1,0,1,1,1,0,1,1,0,1,0,0,0,0,1,0,1,1,1,1,0,1,0,0,1,1,0,0,1,0,1,0,0,0,1,1,0,1,0,1,0
1,0,0,1,0,1,0,1,0,1,0,1,0,1,1,1,0,1,1,0,1,0,0,1,1,1,1,1,0,1,1,1,1,0,0,1,1,0,0,1,0,0,0,0,0,1,0,0,0,1,1,0,1,0,1,1,0,1,1,0,1,1,1,0,1,0,1,1,0,1,0,1,0,1,0
0,0,0,1,1,1,0,0,0,1,0,1,1,0,0,1,0,1,0,0,1,1,0,1,0,0,1,1,0,0,1,0,1,0,0,1,0,0,0,1,1,0,0,1,0,1,0,0,0,0,1,1,1,1,0,0,0,1,0,1,1,0,0,1,0,1,0,1,1,1,0,0,1,1,0
0,0,0,0,1,1,0,1,0,0,0,0,0,0,0,1,1,1,1,0,1,1,0,1,1,0,1,0,0,1,1,0,0,1,1,0,1,0,1,0,1,0,0,1,0,1,0,1,0,1,1,1,1,0,1,0,1,0,1,1,1,1,0,1,0,1,1,1,0,1,0,0,1,0,0
1,0,0,1,0,0,0,1,0,0,1,1,1,1,1,1,1,1,1,0,1,0,0,1,1,0,0,0,1,1,1,1,0,0,1,1,0,1,0,1,0,0,1,1,0,0,0,1,0,0,1,1,1,1,0,0,1,1,1,1,1,1,1,0,1,1,0,0,1,1,1,1,1,1,0
1,0,1,0,1,1,0,1,0,1,0,1,0,0,0,0,1,1,1,1,0,1,0,0,0,1,1,0,1,1,0,1,1,0,0,1,1,1,0,1,0,1,1,1,0,1,1,1,1,1,1,1,1,1,1,1,1,0,1,1,1,1,1,0,0,0,0,0,0,1,1,0,0,1,0
1,0,0,0,1,0,0,1,0,1,1,1,0,1,1,1,1,1,0,1,0,1,0,0,1,1,1,1,1,0,1,1,0,0,1,1,0,0,0,1,1,0,1,1,0,1,1,1,1,1,1,1,1,1,0,1,1,1,0,1,0,0,1,1,0,0,0,1,0,0,1,1,0,1,0
1,1,1,0,0,0,0,1,0,0,0,0,0,0,0,1,1,1,0,1,1,1,0,1,0,1,1,1,0,0,1,0,1,0,1,0,0,0,1,0,1,0,0,1,1,1,1,0,1,1,0,1,1,1,1,1,0,1,1,1,0,0,1,1,1,0,1,0,0,1,0,0,0,1,0
0,1,1,0,1,0,0,1,0,1,1,1,1,0,0,0,1,0,1,0,1,1,0,1,0,0,1,1,1,1,1,1,1,0,1,0,0,1,1,0,1,1,1,1,1,0,0,1,0,1,1,1,1,1,0,1,1,0,1,1,1,0,0,0,1,0,0,0,0,1,1,1,0,1,1
1,1,1,1,1,1,1,1,0,1,0,1,0,0,1,0,1,1,0,0,0,1,1,1,1,1,1,0,0,0,1,0,0,0,1,1,0,0,1,1,1,1,0,1,1,1,1,0,0,1,1,0,1,1,0,1,0,0,0,1,0,0,0,1,0,1,1,1,1,1,0,0,0,1,0
1,1,0,1,0,0,0,1,0,1,0,1,1,0,0,1,1,0,0,0,0,1,1,1,1,0,1,0,1,1,1,1,1,0,1,1,0,0,0,1,0,0,1,1,0,0,0,0,1,0,1,0,1,1,1,1,0,0,1,1,1,0,1,0,0,0,0,1,0,1,1,1,0,1,0
1,1,1,1,1,1,0,1,0,0,0,1,1,0,0,1,0,0,1,0,0,1,0,1,1,0,1,0,0,0,1,0,0,0,0,0,0,1,1,0,1,0,0,1,1,1,0,1,0,0,1,1,1,0,0,1,1,1,0,1,1,1,1,0,1,0,0,0,0,1,0,1,0,1,0
0,1,0,0,0,1,1,1,0,0,1,1,0,0,1,0,1,1,1,0,1,1,0,1,1,1,1,0,1,1,0,0,0,0,1,1,0,1,1,0,1,1,0,1,1,1,1,0,1,1,0,1,1,1,0,1,0,0,1,0,1,0,1,1,1,0,0,0,0,1,0,0,0,1,0
1,0,0,1,0,1,0,0,1,0,0,0,0,1,0,1,0,0,0,0,1,1,0,1,0,1,1,0,1,0,0,0,1,1,1,0,0,0,1,0,1,0,0,1,0,1,0,0,1,0,1,1,1,1,0,1,0,1,1,1,0,1,0,1,0,1,1,0,1,1,1,1,0,1,0
1,0,0,0,1,0,0,1,0,0,1,1,0,0,1,0,1,0,0,0,1,1,1,1,0,1,0,1,0,0,1,0,0,0,0,0,1,1,0,1,1,0,1,1,0,1,0,1,0,1,1,0,1,0,1,1,1,1,1,1,0,0,1,0,1,0,0,0,1,0,1,0,0,1,0
1,1,0,1,0,1,1,1,0,1,0,0,0,0,1,0,1,1,0,1,1,1,1,1,0,1,1,1,0,0,0,0,0,0,1,1,1,0,1,0,1,1,0,1,1,1,0,0,0,0,1,1,1,0,0,0,0,1,0,1,1,1,0,0,0,1,0,0,1,1,0,0,0,1,0
0,0,1,1,1,0,0,1,1,1,1,1,1,0,1,1,1,0,1,1,0,1,0,0,0,0,1,1,0,0,1,1,0,1,1,0,0,1,0,1,1,0,0,1,0,1,0,1,1,0,1,0,1,1,0,1,1,0,1,0,1,0,0,1,1,0,1,1,1,1,0,0,0,0,0
1,0,1,1,1,0,0,1,0,0,0,1,0,0,0,0,1,1,1,0,1,1,0,0,1,0,1,1,1,1,1,0,1,1,1,0,0,0,1,0,1,1,0,1,0,1,0,0,0,0,0,1,1,0,1,1,0,1,0,0,1,0,1,1,1,0,0,1,1,1,0,1,0,1,0
1,1,1,0,0,1,0,1,1,0,1,1,0,0,1,0,1,1,1,0,1,1,0,1,1,0,1,1,1,1,1,0,0,0,1,1,1,1,1,0,0,1,1,1,1,0,0,1,0,0,1,0,1,1,0,0,1,1,1,1,1,1,0,0,0,0,1,1,1,1,1,1,1,1,0
0,0,1,1,0,0,1,1,1,1,0,1,1,0,0,1,0,1,0,0,0,1,0,1,0,1,1,1,1,0,1,1,1,0,1,0,1,0,1,0,1,0,0,1,0,1,1,0,1,0,1,1,1,1,0,1,0,1,1,0,0,1,1,0,1,0,0,0,1,1,0,1,0,0,0
1,1,0,0,1,0,1,1,0,1,0,1,0,0,0,1,1,0,0,0,1,1,1,1,0,0,1,1,1,0,0,1,1,0,0,0,0,0,1,0,1,0,1,1,1,0,0,0,0,0,0,0,1,1,1,1,0,0,1,1,1,0,1,0,1,0,0,0,1,1,1,1,0,1,1
1,1,1,0,1,0,0,1,1,0,1,0,0,0,0,0,0,0,0,1,0,1,0,1,1,1,1,1,1,1,1,0,1,1,0,1,1,1,1,1,1,1,1,1,0,0,1,0,1,1,1,0,1,1,0,1,0,1,1,1,0,1,1,0,0,0,1,1,0,1,1,0,0,1,0
0,1,1,1,1,0,0,1,0,1,0,0,1,1,1,1,1,1,1,1,1,0,0,0,1,1,1,0,0,1,0,0,0,1,1,0,1,1,1,0,1,1,0,1,1,0,0,0,0,0,0,1,1,0,0,0,0,0,1,0,0,1,1,1,0,1,1,0,0,0,0,1,0,1,0
1,1,0,1,1,1,0,1,0,0,0,1,0,0,0,0,1,0,1,0,1,1,0,1,0,1,0,1,1,1,1,0,1,0,0,0,1,1,1,0,1,0,0,1,0,1,0,0,0,1,1,1,1,0,0,1,0,1,0,1,0,1,0,0,1,0,0,0,1,1,1,1,0,1,0
1,0,0,1,0,1,0,1,0,1,0,0,1,0,0,0,1,0,0,0,1,1,1,1,1,0,1,1,0,1,1,1,0,0,1,0,0,0,1,0,1,1,0,1,0,1,0,0,1,1,1,0,1,1,1,1,1,1,0,0,0,0,1,0,1,0,0,1,1,1,0,1,0,1,0
1,0,1,1,1,1,0,1,0,0,0,0,1,1,0,0,1,0,0,1,1,1,0,1,0,0,1,1,0,1,0,1,1,1,1,0,1,0,1,0,1,1,0,1,0,1,0,0,0,1,1,0,1,0,0,0,0,0,0,0,1,0,0,0,1,0,1,1,1,1,1,1,1,1,0
0,0,0,0,0,1,0,1,1,0,0,0,1,0,0,0,1,1,0,0,0,1,1,1,0,0,1,1,0,0,1,1,1,0,1,1,1,1,0,1,1,0,0,1,0,1,1,1,0,1,1,0,1,0,0,0,1,0,1,0,1,0,1,1,0,0,0,1,1,1,0,0,1,0,0
1,0,0,0,1,0,0,1,0,1,0,1,1,0,0,0,1,0,1,1,0,1,1,1,0,0,1,0,0,1,0,1,1,0,0,0,0,0,1,0,1,1,1,1,1,0,0,0,0,0,1,0,1,0,0,1,0,0,1,0,0,0,1,0,0,0,0,1,1,1,0,1,1,1,0
1,0,1,1,1,1,0,1,0,1,0,1,0,0,1,0,0,0,0,1,0,0,0,1,0,1,1,0,1,1,1,1,0,0,1,1,0,0,0,1,1,1,0,1,0,1,0,1,1,1,1,1,1,0,1,1,1,1,1,1,0,1,0,0,1,0,0,0,0,1,1,0,0,1,0
0,0,0,0,1,1,0,0,0,1,0,1,0,1,1,1,0,1,1,0,1,1,1,1,1,1,1,1,0,0,1,0,0,0,0,1,1,0,0,1,1,0,0,1,1,0,1,0,1,1,1,0,1,0,1,1,0,1,1,0,0,0,1,1,0,1,1,0,1,1,0,0,0,1,0
1,1,1,0,1,0,0,1,1,0,0,1,0,0,0,0,1,1,0,0,0,0,0,1,0,0,0,1,0,0,0,1,1,1,0,1,1,1,0,0,1,1,0,1,1,0,0,1,1,1,0,1,1,1,0,0,1,1,1,0,0,0,1,0,1,0,1,1,0,1,0,0,0,1,1
1,0,0,0,1,0,1,1,1,0,0,0,0,0,0,0,0,0,1,0,0,1,1,1,0,1,0,0,1,0,0,1,1,0,0,1,0,1,0,1,1,0,0,1,1,0,1,0,0,0,1,1,1,0,1,1,0,0,1,0,0,1,1,0,0,1,0,1,1,1,0,1,1,1,0
1,0,0,1,0,0,0,1,1,1,1,0,0,0,1,1,1,0,0,1,1,0,0,1,0,1,0,1,0,0,1,0,0,0,0,0,1,1,0,1,0,0,0,1,0,0,1,0,0,1,1,1,1,1,0,0,0,0,0,0,0,1,1,0,1,1,0,0,1,1,0,0,1,1,0
1,1,0,1,1,0,0,1,0,1,0,1,0,0,0,1,1,0,0,0,0,1,1,1,0,0,0,0,1,0,0,1,1,0,1,1,0,1,0,1,1,0,0,1,1,1,0,0,0,1,1,1,0,1,0,0,0,0,1,1,0,1,1,1,0,0,0,0,1,1,0,1,0,1,0
1,1,1,0,0,1,0,1,0,1,0,1,1,0,0,0,0,0,0,1,1,1,1,1,0,1,1,1,1,0,1,1,1,0,0,1,1,1,0,1,0,1,0,1,0,1,0,1,0,0,1,1,1,1,1,1,1,1,1,0,1,0,1,0,0,0,0,1,0,1,0,0,1,1,0
0,1,1,1,1,0,1,1,0,1,0,0,0,0,1,0,0,1,0,0,1,1,1,1,1,0,0,1,0,0,1,0,0,0,0,0,1,0,0,0,1,1,0,1,1,0,0,0,1,0,1,0,1,0,0,1,1,0,0,1,0,1,0,0,1,0,1,1,1,0,1,0,0,1,0
0,0,0,1,0,0,0,1,0,0,1,1,1,0,0,1,1,0,1,0,1,1,1,1,1,1,1,1,0,1,1,1,0,0,0,0,1,0,1,0,1,0,1,1,0,1,1,0,1,1,1,0,1,0,1,0,0,0,0,1,1,1,0,0,0,0,1,1,1,1,1,1,0,1,0
0,0,1,1,1,1,0,1,0,0,0,1,1,0,0,1,0,0,0,0,1,1,0,1,0,0,1,1,1,1,0,0,1,0,1,0,0,1,1,0,1,0,0,1,1,1,1,0,1,0,1,0,1,0,1,1,0,0,0,1,0,0,1,1,1,0,0,0,1,0,1,1,1,0,0
1,1,1,1,1,0,0,1,1,0,0,1,1,0,0,1,1,1,1,0,0,0,0,1,1,1,1,1,1,0,0,0,1,0,0,0,0,1,1,0,1,1,0,1,1,0,0,0,0,1,1,1,1,1,0,1,0,0,1,0,0,1,1,0,0,0,1,1,0,1,0,0,0,1,0
1,0,0,0,1,0,0,0,0,1,0,1,0,1,0,1,0,1,0,0,0,1,1,1,0,1,1,1,1,0,1,1,1,1,0,0,0,0,0,1,1,0,0,1,1,0,1,0,0,1,1,0,1,0,1,1,0,0,1,0,1,0,1,1,0,1,0,1,1,1,0,0,1,1,0
1,0,0,0,0,0,0,1,1,0,0,0,1,0,0,1,0,1,0,1,1,1,0,1,0,0,1,1,0,1,1,1,1,0,0,1,0,1,0,1,1,0,0,1,0,0,1,0,0,0,0,1,1,1,0,0,0,0,1,1,0,0,1,1,1,1,1,1,1,1,1,1,1,1,0
1,0,0,1,1,0,0,1,0,0,0,1,0,0,0,1,1,1,0,1,0,1,1,1,0,0,1,0,1,1,1,1,0,0,1,0,1,0,0,0,1,0,0,1,0,1,0,0,0,1,1,1,1,0,1,1,0,1,0,0,1,0,1,1,1,0,1,0,1,1,0,0,0,1,0
1,0,0,0,0,0,0,1,0,1,1,1,0,0,0,1,1,1,0,1,0,0,0,0,0,1,0,0,1,1,1,1,1,0,0,1,1,0,0,1,1,0,1,1,0,0,0,0,1,1,1,1,1,1,0,0,0,1,1,0,1,0,1,0,1,0,0,0,1,1,1,0,0,1,0
1,0,0,1,0,1,0,1,0,0,0,1,0,0,0,1,1,0,0,0,1,1,1,1,1,0,1,1,0,0,1,0,0,0,0,0,1,0,1,0,1,0,1,1,0,1,0,0,1,1,0,0,1,0,1,1,0,0,0,1,1,1,0,0,0,0,1,0,0,1,1,1,0,1,0
0,0,0,1,1,1,0,1,1,0,0,1,0,0,0,1,1,1,1,0,1,1,0,1,0,1,1,1,0,0,1,0,0,0,0,0,1,1,1,0,1,0,0,1,1,1,1,0,0,0,1,0,1,1,0,0,0,1,0,0,1,1,0,0,1,1,0,1,0,1,0,0,1,1,1
1,0,0,0,1,0,0,1,0,1,1,1,1,0,0,1,1,0,1,0,1,1,0,1,0,1,1,0,0,0,0,1,0,0,1,0,1,1,1,0,0,0,1,1,1,0,0,0,1,0,1,1,1,1,0,1,1,1,1,0,1,1,1,1,0,0,1,0,1,1,1,0,0,1,0
1,0,0,1,1,1,0,1,0,1,0,1,1,0,0,0,1,0,1,0,1,1,1,1,0,0,0,0,1,1,0,1,1,0,1,0,1,1,0,0,1,1,0,1,0,0,0,0,1,0,0,0,0,1,0,1,1,0,0,1,1,1,1,0,1,0,0,1,0,1,1,0,1,1,0
1,0,0,1,0,0,0,1,0,0,1,1,0,0,1,1,0,0,1,0,1,1,0,1,0,0,0,1,1,1,1,1,0,0,1,0,1,0,1,0,0,1,0,1,0,1,0,1,1,0,1,1,1,0,1,1,1,1,0,0,0,1,1,1,1,0,0,1,1,0,0,1,0,1,0
0,0,0,1,0,0,0,1,1,0,1,1,0,0,0,0,1,0,0,0,1,0,0,1,1,1,1,1,1,0,1,0,1,0,1,1,0,1,1,1,0,1,0,1,0,1,1,0,0,1,1,1,1,0,0,1,0,1,0,0,1,1,1,0,0,0,1,0,0,1,0,1,0,1,1
0,0,0,1,0,1,0,1,1,1,0,1,1,0,1,1,1,0,0,0,0,1,0,1,1,0,1,1,1,1,0,1,1,0,0,1,0,0,0,1,1,0,1,1,1,1,0,0,0,0,1,0,1,0,1,1,0,1,0,0,1,1,0,0,0,0,1,1,1,1,1,0,1,1,1
0,0,1,1,1,0,0,1,0,1,1,1,0,0,0,1,1,1,0,0,0,1,1,1,1,1,1,0,0,0,0,0,1,0,1,1,1,0,0,1,1,0,0,1,1,1,0,1,0,1,1,0,0,1,0,0,1,1,0,1,0,0,1,1,0,0,1,1,0,1,0,0,0,1,1
1,0,0,0,0,1,0,1,0,0,0,1,0,0,0,0,1,1,0,1,0,0,0,1,1,1,1,0,1,0,1,0,0,1,1,0,1,1,1,0,1,1,0,1,0,1,0,1,1,1,0,1,1,1,1,1,1,1,1,1,1,0,1,0,1,0,0,0,0,1,0,0,0,1,0
1,0,1,0,0,1,0,1,0,1,0,1,0,0,1,1,1,0,0,1,0,1,0,0,0,0,1,1,0,1,1,1,0,1,0,0,0,0,1,0,1,1,0,1,0,0,0,1,1,1,1,0,0,0,1,1,1,0,0,1,0,0,0,0,1,1,1,0,0,1,0,0,1,1,0
1,1,0,1,0,1,0,1,0,1,0,0,0,0,0,1,1,0,0,1,1,0,1,1,1,1,1,0,1,0,1,0,1,0,1,1,0,0,0,1,0,0,1,1,1,0,1,0,1,1,0,0,1,1,0,0,0,0,0,1,0,0,1,0,1,0,0,0,1,1,1,1,0,1,1
1,0,1,1,1,1,0,1,0,1,1,1,1,0,1,0,1,1,0,0,1,1,0,1,1,1,1,0,0,1,1,1,0,0,0,0,1,1,0,1,1,0,1,1,1,0,0,1,0,0,1,1,1,0,1,1,1,1,1,1,1,0,1,0,0,0,1,1,0,1,1,1,0,1,0
1,0,1,1,1,0,0,0,0,1,0,1,1,0,0,0,1,1,1,0,1,1,0,1,0,0,1,1,1,1,1,0,0,0,1,0,0,0,1,0,1,1,1,1,1,0,1,1,1,1,1,1,1,0,1,1,1,0,0,0,1,0,1,0,0,1,1,1,0,1,1,0,0,1,0
1,0,1,0,1,1,0,1,0,0,0,1,0,0,1,1,0,1,0,0,1,0,0,1,1,1,1,0,1,1,0,0,1,1,0,1,1,0,1,1,1,1,0,1,1,0,1,1,1,0,0,1,1,0,1,0,1,0,1,1,0,1,1,0,1,0,1,0,1,0,0,0,0,1,0
1,1,1,0,1,0,0,1,1,0,1,1,1,0,0,1,0,0,0,1,0,1,1,1,1,0,1,1,1,1,0,1,1,1,0,1,1,1,1,0,1,0,0,1,0,1,0,0,0,0,1,0,1,1,0,1,0,0,1,1,1,1,1,0,0,0,1,1,0,1,0,1,1,1,1
0,1,1,0,0,1,1,0,0,0,1,1,1,0,1,1,1,1,0,0,1,0,1,1,1,1,1,1,0,1,0,0,0,0,1,0,0,0,1,0,1,0,0,1,1,1,0,1,0,1,1,1,1,0,1,1,1,1,1,1,1,1,1,0,1,1,0,0,1,1,1,1,1,1,0
1,0,0,0,1,1,0,1,1,0,0,1,1,0,0,1,1,1,1,1,0,1,0,1,0,0,1,1,1,0,1,1,1,0,1,0,0,1,1,0,1,0,0,1,0,1,1,0,0,0,1,1,1,0,1,0,0,1,1,0,1,0,1,0,1,0,0,0,1,1,0,0,0,1,0
0,0,0,1,0,1,0,1,0,1,0,1,0,1,0,0,1,1,1,0,1,1,0,1,0,0,1,1,0,0,1,1,1,0,1,1,1,0,1,1,1,1,0,1,0,1,0,0,1,1,0,1,1,1,0,1,0,1,0,0,1,0,0,0,1,0,0,0,0,1,0,0,0,0,0
0,0,0,0,1,0,0,1,0,1,1,1,1,1,0,0,1,0,0,0,0,1,1,1,0,0,1,1,1,1,1,0,1,0,0,1,0,0,0,1,0,0,0,1,0,1,1,0,1,0,1,0,1,1,1,1,1,1,0,0,1,1,1,1,1,0,0,1,1,0,0,1,0,0,0
1,0,1,0,0,1,0,1,1,1,0,1,1,0,0,0,0,0,0,0,0,1,0,1,0,1,0,0,0,1,1,1,0,0,0,1,0,0,1,0,1,0,0,1,1,1,0,0,1,0,1,1,1,0,0,1,0,1,1,1,0,0,1,1,0,0,0,0,1,1,1,1,1,1,1
1,0,1,1,1,0,0,1,0,0,1,0,0,0,0,1,1,1,0,1,0,0,0,0,0,1,1,1,1,0,1,0,1,0,1,0,0,0,1,0,1,1,1,1,1,1,0,0,0,1,1,0,1,1,0,1,0,1,0,1,0,0,0,0,0,0,1,0,0,1,1,1,1,1,1
1,1,1,0,1,0,0,1,1,1,0,0,0,1,0,0,1,1,1,0,1,0,0,1,0,0,1,1,1,0,0,0,1,0,0,0,1,1,0,1,0,1,0,1,0,1,0,0,1,0,1,1,1,1,0,1,0,0,1,0,0,1,1,0,1,0,0,0,0,1,0,0,0,1,0
1,1,0,1,0,0,0,1,1,0,0,0,0,0,0,0,1,0,0,0,0,0,0,1,1,1,1,0,1,0,0,0,1,0,0,0,0,0,1,0,1,1,0,1,1,1,0,0,1,1,1,1,1,0,0,1,0,0,0,1,0,0,0,0,1,0,0,0,0,1,0,1,0,1,0
1,0,0,0,1,0,0,1,0,0,0,1,0,0,0,0,1,0,1,0,0,0,0,1,0,0,1,0,0,0,0,1,0,0,1,0,1,0,0,1,1,1,0,1,1,1,1,0,0,1,1,1,1,0,0,1,0,1,1,0,0,0,1,0,0,0,0,0,0,1,0,1,1,1,1
1,1,1,0,1,1,1,0,0,1,0,1,0,0,1,1,0,1,1,1,1,0,1,1,0,1,1,0,1,0,0,1,0,0,0,1,0,1,1,1,1,0,1,1,1,0,0,0,0,1,1,1,1,0,1,1,1,1,1,1,0,0,1,0,1,1,1,0,1,1,1,0,1,1,0
1,0,0,1,1,0,0,1,1,0,0,0,0,0,0,1,0,1,1,0,1,1,0,0,1,1,0,0,1,1,0,0,1,0,0,0,0,1,1,0,0,1,0,1,1,0,0,0,0,1,1,1,1,0,1,0,0,0,0,0,0,0,1,0,1,0,1,0,0,1,0,0,1,1,0
0,0,0,0,0,1,0,1,0,1,0,1,0,1,0,1,1,1,1,0,0,1,0,1,1,1,1,1,1,0,1,1,1,0,0,1,1,0,0,1,1,0,1,1,0,0,1,0,0,1,1,1,1,1,0,0,0,0,1,1,0,0,1,0,1,0,0,0,1,1,1,1,1,1,0
1,0,0,1,0,0,0,0,0,0,0,1,0,1,1,1,1,1,1,0,1,1,0,1,0,0,1,0,1,1,1,1,0,0,1,1,1,1,1,0,1,1,0,1,1,0,0,0,0,0,1,1,1,1,0,1,0,0,1,1,1,0,1,1,0,1,0,1,1,1,1,1,1,0,0
1,1,1,0,1,0,1,1,1,1,0,0,0,0,0,1,1,1,1,0,0,1,1,0,0,0,0,0,1,0,0,1,1,0,1,1,0,1,1,0,1,1,0,0,1,1,1,0,0,1,1,1,1,1,0,0,0,1,1,1,0,0,1,0,0,0,1,1,0,1,0,0,1,1,0
1,0,0,1,0,1,1,1,0,0,1,1,1,0,0,0,1,1,1,1,1,1,1,1,1,1,1,1,0,1,1,1,0,1,0,1,0,1,1,0,1,1,1,1,0,0,1,1,0,0,1,0,1,1,0,1,0,1,1,1,1,1,1,0,1,0,1,0,0,1,1,1,0,1,0
1,1,0,1,0,1,0,1,0,1,1,1,1,0,0,1,1,0,1,0,1,1,0,0,0,0,1,0,1,0,1,1,1,0,0,0,1,0,0,0,1,0,0,1,1,0,0,0,1,0,1,1,1,0,1,1,0,1,1,1,1,0,1,0,1,0,1,0,1,1,1,1,0,1,0
1,1,1,0,0,0,0,1,0,1,0,1,1,1,0,1,1,1,0,1,1,1,0,0,1,0,1,0,1,1,1,1,1,0,1,1,0,1,0,1,0,0,1,1,1,1,1,0,0,0,1,1,1,1,1,1,0,1,0,1,1,0,0,1,1,1,0,0,0,1,1,1,1,1,0
1,0,0,1,1,0,0,1,0,1,0,1,0,1,1,0,0,1,0,1,0,1,0,0,0,0,1,1,0,0,0,1,0,0,0,0,0,1,1,0,1,1,1,1,1,0,0,0,1,1,1,1,1,0,0,1,0,0,0,0,0,1,0,0,0,0,1,0,0,1,1,0,1,1,0
1,0,0,1,1,0,0,0,0,1,0,1,0,1,1,0,0,1,1,0,1,1,0,1,0,0,1,1,1,0,0,1,0,0,1,1,0,0,1,1,1,0,0,1,1,0,0,0,0,1,1,0,1,1,1,1,1,0,1,0,0,0,1,0,1,1,0,1,0,1,1,0,1,1,0
1,1,1,0,0,1,1,1,0,1,0,0,0,0,0,0,1,0,0,1,1,0,1,1,1,0,1,1,1,0,1,1,1,0,1,1,1,0,1,1,1,0,0,0,1,1,0,0,0,1,1,0,1,1,0,1,0,1,1,1,0,0,1,0,1,0,0,0,1,1,1,1,0,1,0
1,0,1,1,0,0,1,1,0,1,0,1,0,1,1,1,1,0,1,0,0,1,1,1,1,1,1,0,0,0,0,1,0,0,0,1,0,0,0,1,1,0,0,1,1,1,0,1,0,1,1,1,1,0,1,0,1,0,1,1,0,1,1,1,0,0,0,1,0,1,1,0,1,1,0
1,0,0,1,0,1,0,1,1,1,0,0,0,0,0,1,1,0,1,0,1,1,1,1,0,1,1,1,1,0,1,0,1,1,0,1,0,0,0,1,1,0,0,1,0,1,0,1,0,1,1,1,1,0,1,1,1,0,0,0,0,1,0,0,1,0,0,0,1,1,0,1,1,1,0
0,0,0,0,0,0,0,1,0,0,0,0,1,0,1,1,1,0,1,0,0,0,0,1,0,0,0,0,1,0,1,1,1,0,1,0,1,0,1,0,1,0,1,1,1,1,0,1,0,0,1,1,1,0,0,1,0,1,1,1,0,0,1,0,1,0,1,1,0,1,1,0,0,1,0
0,1,0,1,0,1,0,0,0,1,0,0,0,0,1,1,1,0,1,1,1,1,0,0,0,1,1,1,0,1,0,0,0,0,1,0,1,0,1,0,1,1,0,0,0,1,0,1,0,1,1,1,1,0,1,1,1,0,0,0,0,0,0,0,0,1,0,0,0,0,0,0,0,1,0
1,1,1,1,1,0,1,1,0,0,0,1,1,0,1,0,1,1,0,0,1,1,0,1,0,0,1,0,1,1,0,1,0,0,1,0,0,0,0,0,1,0,0,1,0,1,0,1,0,1,1,1,1,1,0,1,0,0,0,0,0,0,0,0,1,1,1,0,1,1,1,0,1,1,0
0,0,1,0,0,0,0,1,1,1,0,1,0,0,1,1,1,1,0,1,1,0,0,1,0,0,1,1,1,1,1,0,1,1,1,0,0,0,1,0,1,1,0,1,0,1,0,0,1,0,1,1,0,0,1,0,1,0,1,0,1,1,0,0,1,0,1,0,1,0,0,1,1,1,1
1,0,1,1,1,0,0,1,1,0,1,1,0,0,1,1,1,1,0,0,0,1,0,1,1,0,0,0,1,1,1,1,1,0,1,0,0,1,1,0,1,1,0,0,0,1,1,0,0,1,1,1,1,1,0,1,0,1,1,0,0,1,1,1,1,0,0,0,1,1,0,0,0,0,1
1,0,0,0,1,1,0,1,0,0,1,0,1,0,1,1,1,0,0,1,0,0,0,1,1,1,1,1,0,1,1,0,0,0,0,1,0,0,1,1,1,0,1,1,1,1,1,0,0,1,1,1,1,0,1,1,0,0,1,1,0,0,1,0,0,0,0,0,1,1,1,0,1,1,0
1,0,0,1,1,0,0,1,0,0,1,1,0,0,1,0,0,1,1,0,1,1,1,1,0,1,1,1,0,0,0,1,0,0,1,0,0,1,0,0,1,1,0,1,1,1,0,0,0,0,0,0,1,1,0,1,0,1,1,0,1,1,0,0,1,0,1,0,0,1,0,0,0,0,1
1,0,0,0,0,0,0,0,0,1,0,1,0,0,0,1,1,1,1,0,0,1,1,1,0,1,1,0,1,1,0,1,1,0,1,0,1,0,0,0,1,0,1,0,1,0,0,0,0,1,1,0,1,1,0,1,0,1,0,0,0,0,0,0,0,1,0,1,1,1,1,0,1,1,0
0,0,1,1,0,0,1,1,0,1,0,1,0,0,0,1,1,0,0,1,1,1,1,1,0,1,0,1,1,0,0,1,1,0,0,1,0,1,0,1,1,0,1,1,1,1,0,1,0,1,1,0,1,1,0,1,1,0,0,1,0,1,0,1,1,0,1,0,1,1,1,1,0,1,0
0,0,0,0,1,0,1,0,0,0,0,1,1,0,1,0,1,0,0,1,1,1,1,1,0,0,0,0,0,0,1,0,1,0,0,1,1,0,1,0,1,1,1,1,0,0,0,0,0,0,1,0,1,1,0,1,0,1,0,1,1,0,0,1,0,1,1,1,1,1,1,0,0,0,0
1,1,1,1,0,0,0,1,0,0,1,1,1,0,0,1,0,1,1,1,1,1,1,1,1,0,1,1,1,0,1,0,0,0,1,0,1,0,1,0,1,0,1,1,0,1,0,0,1,1,1,0,1,0,0,0,0,0,1,0,0,1,0,0,0,0,0,0,1,1,1,0,0,0,0
1,0,1,0,0,0,0,1,0,1,1,0,0,0,0,1,1,1,0,0,0,1,0,1,0,0,0,0,0,0,1,0,1,0,1,1,1,1,0,1,0,1,0,1,1,0,1,1,0,1,1,1,1,1,0,1,1,1,0,0,0,1,1,0,1,1,0,1,0,1,0,0,1,1,0
1,0,1,1,1,0,0,1,0,0,0,0,1,0,0,0,1,1,0,1,0,1,0,0,0,1,0,0,1,1,1,1,1,0,0,0,0,1,1,0,0,1,0,1,0,1,1,1,0,0,1,1,1,0,1,0,1,0,0,1,0,0,0,0,1,0,0,0,1,1,0,0,1,1,0
1,1,1,0,1,0,1,1,1,0,0,1,0,0,1,0,1,1,1,0,1,1,1,1,0,0,1,1,1,1,0,1,0,0,1,1,0,1,0,1,0,1,0,1,1,1,0,0,0,0,0,1,1,1,0,1,0,0,1,1,1,0,0,0,0,0,1,1,0,1,0,1,0,1,1
1,0,1,1,0,0,0,0,1,1,0,0,0,0,0,0,0,1,0,0,0,0,1,1,0,1,1,1,1,1,0,1,1,0,1,0,1,1,1,0,1,1,1,1,0,1,1,1,1,1,0,1,1,1,1,0,0,0,1,0,0,0,0,0,1,1,0,1,1,1,1,0,1,1,0
1,0,0,1,0,1,0,1,1,1,0,1,0,1,1,1,0,0,1,1,0,1,0,0,0,1,1,0,0,0,1,1,0,1,0,0,1,1,1,0,1,1,1,1,0,1,1,1,1,0,1,0,1,0,1,0,0,0,0,1,1,0,0,1,0,1,0,1,0,1,1,0,0,1,1
0,0,0,1,1,1,0,1,0,1,0,1,1,0,1,1,1,1,1,0,0,1,1,1,0,1,1,0,1,1,1,0,1,1,1,1,1,1,0,1,1,0,0,1,0,1,0,0,0,0,1,0,1,1,0,1,1,1,1,1,1,1,1,1,1,0,0,0,0,1,0,1,1,1,1
1,0,0,0,0,1,0,1,0,0,1,1,0,1,1,1,1,0,0,0,1,0,0,1,1,1,1,1,0,0,1,1,0,1,1,0,0,0,1,0,1,0,0,1,0,1,0,0,0,1,1,1,1,1,0,0,1,0,1,0,0,0,1,0,1,0,0,0,1,1,0,0,0,1,0
1,1,0,1,1,0,0,1,0,1,0,1,0,1,0,0,1,1,1,0,0,1,0,0,1,0,1,0,1,1,1,1,1,0,1,1,1,0,0,1,0,1,0,1,0,1,1,1,0,1,0,1,1,1,0,0,1,1,1,1,0,0,1,0,1,0,1,1,0,1,0,0,0,1,0
1,0,0,1,1,1,0,1,0,0,1,0,0,0,0,0,0,0,1,0,1,1,0,1,1,0,1,1,1,1,1,1,1,0,1,1,0,1,0,1,1,1,1,1,0,0,0,0,0,1,1,1,1,1,1,1,1,1,1,0,1,0,1,0,1,0,0,0,0,1,0,1,0,1,0
1,1,0,1,1,0,0,1,0,0,0,0,0,1,1,1,0,1,1,0,1,1,0,1,1,0,1,1,1,0,1,0,1,0,1,0,1,0,1,0,1,1,0,1,0,1,0,1,0,1,1,1,1,1,0,1,1,0,1,1,1,1,0,1,1,0,0,1,1,1,0,0,0,1,1
1,0,1,1,1,0,0,0,1,1,0,0,0,0,0,1,0,1,0,1,0,1,0,0,0,1,1,0,1,1,1,0,1,0,1,1,1,1,0,1,1,0,1,1,0,0,1,1,1,1,1,0,0,0,1,0,1,0,0,1,0,0,0,1,0,1,1,1,0,1,0,0,1,1,0
1,0,1,0,1,1,0,1,0,1,1,0,0,0,0,1,0,1,0,0,0,1,0,1,1,1,1,0,1,0,1,0,1,0,1,1,1,0,0,1,1,0,1,1,0,1,0,1,0,0,1,0,1,0,1,1,1,1,1,1,0,1,1,0,0,1,1,0,1,1,1,0,1,0,1
1,0,0,0,1,1,0,1,1,1,1,1,1,1,0,1,1,1,0,0,0,1,0,0,1,1,1,1,1,1,1,0,1,0,1,1,1,1,0,1,1,0,0,1,0,1,1,0,0,1,1,1,1,1,0,0,0,1,0,1,0,1,1,1,0,1,0,1,1,1,1,0,0,0,0
1,0,0,1,1,1,1,1,0,1,0,1,0,0,1,1,1,0,0,0,0,1,1,1,0,0,1,0,1,0,1,0,0,0,0,0,1,0,1,0,1,0,1,1,0,0,1,1,0,1,1,0,1,0,1,1,0,0,0,1,1,1,0,0,0,0,1,1,1,1,1,0,1,1,0
0,0,0,0,0,1,0,0,1,0,1,0,0,0,0,1,1,1,1,1,0,1,0,1,1,1,0,1,1,0,1,0,1,0,0,1,1,0,0,1,1,0,0,1,0,0,0,0,0,1,1,1,1,0,1,1,1,1,1,0,0,1,1,1,1,1,1,1,0,0,1,0,1,0,0
1,0,0,0,1,1,1,1,1,1,0,1,1,0,0,0,0,1,1,0,1,0,1,1,0,0,1,1,1,0,1,1,1,0,1,1,0,1,1,0,1,1,1,1,1,0,1,0,0,0,1,0,1,0,0,0,0,1,1,0,1,0,1,0,0,1,0,1,0,1,0,0,0,1,0
1,0,0,1,1,0,0,0,0,1,0,1,0,0,0,0,1,0,0,1,1,1,0,1,1,0,1,0,1,1,1,1,1,0,0,0,0,0,1,0,1,0,0,1,0,1,0,1,0,1,1,1,0,0,0,0,1,1,0,1,0,0,0,0,1,0,1,1,1,0,0,0,0,1,0
0,0,0,0,1,1,1,1,0,0,0,1,0,0,0,0,1,0,1,0,0,1,1,1,0,1,1,0,0,1,0,0,0,0,0,0,1,1,1,0,0,1,0,1,1,1,0,0,0,0,1,0,1,0,0,0,0,1,1,0,1,1,1,0,0,0,1,0,0,1,0,1,0,1,0
1,1,1,1,1,1,0,1,0,1,1,0,0,0,1,0,0,1,1,0,1,0,0,0,0,0,0,0,0,0,0,1,0,0,1,1,0,1,1,0,1,1,0,1,1,1,1,0,0,1,1,1,1,1,0,1,1,0,0,1,0,0,1,0,0,0,0,0,0,1,1,1,0,1,0
1,0,0,0,0,0,0,1,1,1,0,1,0,0,0,1,1,1,0,0,1,1,0,1,0,1,1,0,1,1,1,0,0,0,1,1,0,0,0,1,1,0,0,1,0,1,0,0,0,1,0,1,0,0,1,1,1,1,1,1,1,1,1,0,1,0,1,0,1,1,0,0,0,1,0
0,0,1,1,1,0,1,1,0,1,1,1,1,0,1,1,0,1,1,1,1,1,1,1,0,1,1,1,0,0,0,0,0,1,1,0,0,1,1,0,0,1,1,1,1,0,0,0,0,1,1,1,1,0,1,1,0,1,1,0,0,0,0,1,0,0,0,0,0,1,1,0,0,1,0
1,0,1,0,1,0,0,1,0,1,0,1,1,1,0,0,1,1,0,0,1,1,0,1,0,1,1,0,1,1,0,0,1,0,0,0,0,0,1,0,1,1,0,1,1,0,1,0,1,0,1,1,1,1,0,0,0,1,1,0,0,0,1,1,1,0,0,0,0,1,0,0,0,1,0
0,0,0,0,0,1,1,1,0,1,1,0,1,0,1,1,1,1,0,1,1,1,0,1,1,1,0,1,0,1,0,1,1,1,1,1,1,0,0,1,0,0,0,0,0,1,1,0,0,0,1,0,1,0,1,1,1,1,1,0,0,1,0,0,1,0,0,1,1,1,0,0,0,1,0
1,1,0,1,0,0,1,1,1,1,1,0,0,0,0,1,1,1,0,1,1,1,1,1,0,0,1,1,1,1,0,1,1,0,0,0,1,0,0,0,1,0,1,1,1,1,0,0,0,0,0,0,1,1,1,1,0,1,1,0,0,1,1,1,1,0,1,1,1,1,1,0,1,0,0
0,1,0,0,0,0,0,1,0,0,0,1,0,0,0,1,0,1,1,0,0,1,1,1,0,0,1,0,1,0,0,1,1,1,0,0,0,0,0,0,1,1,1,1,1,1,0,1,0,0,1,1,1,0,0,1,1,0,1,1,0,0,1,1,1,0,1,0,0,1,1,0,1,1,0
1,0,1,1,1,1,0,1,0,1,0,1,1,0,0,1,0,0,0,0,0,1,0,0,0,1,1,1,0,0,1,0,0,0,1,1,1,0,0,0,1,0,0,1,0,1,0,1,0,0,1,1,0,1,0,1,1,1,0,1,1,0,1,0,1,0,0,1,0,1,0,0,0,1,0
1,0,1,0,1,0,0,1,1,0,0,1,0,0,0,0,1,1,0,0,0,1,0,1,0,0,1,0,1,0,1,1,0,0,1,1,0,0,1,0,0,1,0,1,1,1,1,0,0,1,0,0,1,0,0,0,0,0,1,0,0,1,0,0,0,0,1,0,0,0,0,0,1,1,1
1,0,0,0,1,0,0,1,1,0,1,1,0,0,0,0,1,1,1,1,0,1,1,1,0,1,1,1,1,1,1,1,1,0,1,1,1,1,0,1,1,0,1,1,0,0,0,1,0,1,1,1,1,1,0,1,1,0,1,0,0,1,0,0,0,0,0,1,1,1,0,0,1,1,0
1,0,0,1,1,0,1,1,1,1,0,1,1,0,0,0,0,0,0,1,1,0,1,1,1,0,1,0,0,1,1,0,1,0,0,0,1,0,1,0,1,0,0,1,1,1,0,0,0,1,1,0,1,0,1,1,0,1,0,0,0,1,1,0,1,0,0,1,1,1,0,1,0,1,1
1,1,1,1,1,0,1,1,1,1,1,0,0,0,0,1,1,0,1,0,1,1,1,1,1,0,1,0,0,0,1,1,1,0,0,1,1,1,1,0,1,1,1,1,0,1,0,1,0,1,1,0,1,0,1,0,0,1,1,1,1,0,1,0,1,0,0,0,1,1,1,1,0,0,1
1,0,0,0,1,1,0,1,1,1,1,1,1,1,0,0,1,1,0,0,1,1,0,1,1,1,0,0,0,1,1,1,1,0,1,0,1,0,1,0,1,0,1,1,0,1,1,0,1,0,1,1,1,0,0,1,0,0,1,0,1,1,1,0,1,0,1,1,1,1,1,0,0,0,1
1,0,0,0,0,1,0,1,0,1,0,0,0,0,1,1,0,1,0,0,0,0,0,1,0,1,1,1,1,1,1,1,1,1,0,1,0,0,1,1,1,0,0,1,1,1,0,1,0,1,1,0,1,0,1,1,0,1,1,1,0,0,1,0,1,0,1,0,1,1,0,0,0,1,0
1,0,1,1,1,0,1,1,0,1,0,0,1,0,0,0,1,0,0,1,1,1,0,1,0,1,1,1,1,0,0,1,1,0,0,0,1,1,1,0,1,0,0,1,1,0,0,1,0,1,1,1,1,1,0,0,1,0,1,0,0,0,1,0,1,1,0,1,0,1,0,0,1,1,1
1,0,0,1,0,1,1,1,0,1,0,1,0,0,0,1,0,0,0,0,1,1,1,1,1,1,1,1,1,0,1,1,1,0,1,1,1,1,0,1,0,0,0,1,1,1,0,1,0,0,1,1,1,1,0,1,1,1,0,0,1,0,1,0,0,0,1,1,1,1,0,0,0,1,0
1,0,1,1,1,1,0,1,0,1,1,0,0,0,1,1,1,1,1,0,1,0,0,1,0,0,1,1,1,0,0,1,0,0,0,1,0,0,1,0,1,1,1,1,1,0,1,0,0,1,1,1,1,1,0,1,1,0,0,0,0,0,0,0,1,0,0,0,1,1,1,0,0,1,0
1,0,0,1,0,1,0,1,0,0,1,1,1,0,0,0,1,0,0,0,0,1,0,1,0,0,1,0,0,0,0,0,0,0,0,0,1,1,1,0,1,1,1,1,1,1,0,0,0,0,0,0,1,1,0,1,0,1,1,0,1,1,1,1,1,0,0,0,0,1,1,0,0,1,0
1,1,0,0,0,0,1,1,0,1,1,1,1,0,1,1,1,0,0,0,0,1,1,1,0,0,1,1,1,1,1,1,0,1,1,1,0,1,1,0,1,0,0,1,1,0,1,1,0,1,1,1,0,1,1,0,1,1,1,1,1,1,1,0,1,0,1,1,0,1,0,0,0,1,0
1,0,1,0,0,0,0,0,0,1,0,1,0,0,1,1,1,1,0,1,0,1,0,1,0,1,1,1,0,1,0,1,0,0,1,1,0,1,1,0,1,1,1,1,0,1,1,0,0,0,1,1,1,0,1,0,0,1,1,1,1,0,1,0,0,1,0,1,0,1,1,1,0,1,0
0,0,0,0,0,1,0,1,0,1,1,0,1,0,1,1,1,0,0,1,0,1,0,0,0,0,1,0,0,1,1,1,0,0,1,0,0,0,1,0,1,1,1,1,0,1,0,0,0,1,1,0,0,1,0,0,0,1,1,0,0,0,0,0,1,0,0,1,0,1,1,1,0,0,0
1,0,0,0,0,1,1,1,1,1,0,1,0,0,0,1,1,1,1,1,1,1,1,1,1,1,0,1,0,1,1,0,1,0,0,0,1,1,1,0,1,0,1,0,0,1,1,1,0,1,1,1,1,1,0,0,1,0,1,1,0,1,0,0,0,0,1,0,0,1,1,0,1,1,0
1,0,0,1,1,0,0,1,0,0,0,1,1,0,0,0,1,1,1,1,1,1,0,1,1,1,1,0,1,0,0,0,1,0,0,1,0,1,1,0,1,1,0,1,1,1,1,1,0,0,1,0,1,1,0,1,0,1,0,1,1,0,1,1,0,0,0,1,0,0,0,1,0,1,1
1,1,0,1,0,1,0,1,1,0,1,1,0,0,0,1,1,0,0,1,0,1,1,1,0,0,1,0,1,1,0,1,1,0,0,0,0,0,1,0,0,0,0,1,1,0,1,1,0,1,1,1,1,1,0,0,1,0,0,0,1,0,0,0,1,0,0,1,0,1,0,1,0,1,0
1,1,1,1,0,0,0,1,1,1,1,0,1,0,0,1,1,0,0,0,0,1,1,1,1,0,0,0,0,0,1,0,1,0,0,0,0,0,0,1,1,1,0,1,1,1,0,0,1,0,1,1,1,1,0,0,0,1,0,1,0,1,0,1,0,0,0,1,0,1,0,1,0,0,0
1,0,1,1,0,0,1,1,0,1,0,1,0,0,0,1,1,0,1,1,0,1,1,1,1,1,1,1,1,0,0,0,1,0,0,0,1,0,1,0,1,1,0,1,0,1,0,1,0,1,1,1,0,0,1,0,1,1,0,0,1,1,0,0,0,0,0,0,1,1,0,1,0,0,0
0,1,0,1,1,1,0,1,1,1,0,1,0,0,0,1,1,1,0,0,1,1,0,0,0,0,1,1,0,0,0,1,1,0,1,1,1,0,0,1,1,0,0,1,0,1,1,0,1,1,1,0,1,0,1,0,0,1,0,1,1,1,1,0,0,1,1,1,1,1,0,0,0,1,0
1,0,0,0,0,0,0,1,1,0,1,1,1,0,0,0,1,0,1,0,0,1,1,1,1,0,1,0,0,1,1,1,0,0,1,0,0,0,0,1,0,1,1,1,0,0,0,1,0,0,1,1,1,1,0,1,0,1,1,0,1,0,1,0,0,1,1,1,0,1,1,0,0,1,0
1,0,1,0,0,0,0,1,0,0,1,0,1,0,0,0,0,1,0,1,0,1,1,1,0,1,0,0,0,0,1,1,0,0,0,0,1,0,1,0,1,0,1,1,0,1,0,0,1,0,1,1,1,0,1,0,0,1,1,0,0,1,1,0,1,0,0,0,1,1,1,0,1,1,0
1,1,1,1,0,0,1,1,0,0,0,1,1,0,1,1,1,1,0,1,0,1,1,1,0,0,0,1,1,1,0,1,0,0,0,0,0,1,1,0,1,0,1,1,1,1,0,1,0,1,1,0,1,1,1,0,0,1,0,1,0,1,0,0,1,0,0,1,1,1,1,1,0,1,0
0,0,1,1,0,1,0,1,0,0,0,1,0,0,1,0,1,0,0,0,0,0,1,1,0,1,1,0,0,1,1,0,0,0,0,1,1,0,1,0,1,1,1,1,0,1,0,0,1,1,1,0,1,1,0,0,0,1,0,1,1,0,0,0,1,0,0,1,0,1,1,1,0,1,0
1,0,0,1,0,0,0,1,0,1,0,1,0,0,0,1,1,1,0,0,0,0,1,1,1,0,1,1,1,1,1,0,0,0,1,0,0,0,1,0,1,0,0,1,0,0,0,0,0,1,1,0,1,0,1,1,1,1,0,1,0,1,1,0,1,0,0,1,0,1,0,0,0,1,0
1,0,0,0,1,1,0,1,0,0,1,0,0,0,0,0,1,0,1,0,1,1,0,1,1,1,0,0,0,0,1,1,1,1,1,0,0,0,1,0,1,1,1,0,0,1,1,0,1,1,1,1,0,0,1,0,0,0,0,0,1,1,1,0,1,1,1,0,1,1,1,1,1,0,0
1,0,1,0,1,0,0,1,0,0,0,1,0,0,0,0,1,1,0,1,1,1,1,1,0,1,1,1,1,0,0,0,1,0,1,0,0,0,0,0,1,1,0,1,0,1,1,0,0,1,0,0,1,1,0,1,0,0,1,1,0,0,0,1,1,0,1,0,1,1,0,0,0,0,1
1,1,0,1,1,0,0,1,1,1,0,1,0,0,0,1,0,0,1,1,1,1,0,1,0,1,0,1,1,0,1,1,1,1,1,0,1,1,0,1,1,1,1,0,0,1,0,0,1,1,1,1,0,1,0,1,0,0,1,0,1,1,1,0,1,0,1,0,1,1,1,1,1,1,0
0,0,0,0,0,0,0,1,0,0,0,1,0,0,1,1,1,0,0,1,0,1,0,1,0,1,1,0,0,0,1,1,0,0,1,0,0,0,1,0,0,0,1,1,0,1,0,1,1,1,1,1,1,0,1,1,0,0,0,0,0,0,1,1,1,0,0,0,0,0,1,0,0,0,1
0,0,1,1,0,0,0,1,0,0,0,0,0,0,0,0,1,1,0,0,1,1,0,1,0,1,1,0,0,0,1,1,0,0,0,0,1,0,1,0,1,1,0,1,1,1,0,0,0,1,1,1,1,1,0,1,0,1,1,1,0,1,1,0,1,1,0,0,0,1,1,0,1,1,0
1,1,1,0,0,0,0,1,0,1,0,1,0,0,1,1,1,0,1,0,0,0,0,1,1,0,1,0,1,1,1,0,1,0,0,1,1,0,1,0,1,1,0,1,1,1,0,1,1,1,1,1,1,1,0,1,1,1,1,1,0,0,1,0,0,0,1,1,1,1,0,0,0,1,0
1,0,1,0,1,0,0,0,1,1,0,0,1,0,1,1,1,1,1,1,1,0,1,1,0,1,0,1,1,0,0,1,0,0,0,1,0,0,0,1,1,1,1,1,0,1,1,0,1,0,0,0,1,0,1,0,0,1,1,0,0,1,0,0,0,1,0,1,0,1,1,0,0,1,0
1,1,1,1,0,0,0,0,0,1,0,1,0,0,0,1,1,0,1,0,0,1,0,1,1,0,1,1,1,1,0,1,1,0,1,1,1,1,1,0,1,0,1,1,1,1,0,0,1,1,1,1,1,1,0,0,1,1,0,0,1,0,0,0,1,1,0,0,1,1,1,1,0,1,0
1,1,1,1,1,0,0,0,1,0,0,1,0,0,1,0,1,0,0,0,0,1,0,1,0,0,1,1,0,0,0,1,1,0,1,1,0,0,1,0,1,1,1,1,1,0,0,1,0,0,1,1,1,0,0,1,1,0,0,0,0,0,1,0,0,1,0,1,0,1,1,0,0,1,1
1,1,0,1,1,0,0,1,1,0,0,1,0,0,1,0,0,0,1,1,0,1,0,0,0,0,1,0,0,0,0,1,0,1,0,0,0,0,0,1,1,1,0,1,1,1,0,1,0,1,1,1,1,1,0,1,1,1,1,0,1,0,0,0,0,0,0,0,0,1,0,0,1,1,0
1,1,1,1,1,0,0,1,0,0,1,1,1,0,0,0,1,1,1,0,1,1,1,1,1,0,1,0,0,0,1,1,1,1,1,0,1,0,1,0,1,0,0,1,1,1,0,1,1,1,1,0,1,0,0,0,1,0,0,1,1,1,1,0,1,0,0,0,0,1,0,0,0,0,0
1,0,0,1,0,0,1,1,0,1,0,1,1,0,1,1,1,1,0,0,1,1,1,1,0,0,1,0,1,0,0,0,0,0,0,1,1,0,0,0,1,0,0,1,1,1,1,0,1,0,1,1,0,0,1,0,0,0,0,1,1,1,0,1,1,0,1,0,1,1,0,1,1,1,0
1,1,1,1,0,1,1,1,0,0,0,1,1,0,0,0,1,1,1,0,1,0,1,1,0,0,1,0,0,1,1,1,1,1,0,0,1,1,1,0,1,1,0,1,0,1,1,0,0,0,1,1,1,1,0,1,0,1,1,0,0,0,0,0,0,0,0,1,0,1,0,0,1,1,0
1,0,1,0,0,1,0,1,1,0,0,1,0,0,0,1,0,0,0,0,1,1,1,1,0,1,1,1,0,1,0,1,0,0,0,0,0,1,0,1,0,0,1,1,0,0,0,0,0,1,1,0,1,0,1,0,0,0,1,1,1,1,1,0,1,0,0,1,1,1,1,1,1,1,0
1,0,1,1,0,1,1,1,0,1,0,0,1,1,1,0,1,1,1,0,1,0,0,1,0,1,0,1,0,1,0,1,0,1,0,1,1,0,0,1,1,0,0,1,1,0,0,1,1,0,1,1,1,0,1,1,1,1,1,1,0,0,1,0,1,0,1,1,0,1,1,1,0,1,0
1,1,1,1,0,1,0,1,1,0,1,1,0,0,0,0,0,1,1,0,1,1,0,1,0,0,1,0,1,0,1,0,1,1,1,1,0,0,0,1,1,1,0,0,1,0,0,0,0,1,1,1,1,1,0,1,0,1,0,0,0,0,0,0,1,0,0,1,0,1,0,0,1,1,0
0,1,0,0,0,1,0,0,0,0,0,0,1,0,1,1,1,0,1,0,0,1,0,1,0,1,1,1,0,0,0,0,0,0,1,1,0,0,1,1,1,0,1,1,1,1,0,0,0,1,1,0,0,0,1,0,1,1,1,1,0,0,1,0,1,0,1,0,1,1,1,0,0,1,0
1,0,1,0,1,0,0,0,1,0,0,1,1,0,0,0,1,1,1,1,1,1,0,0,1,1,1,0,1,0,1,0,1,0,0,0,1,0,0,0,0,1,0,1,1,0,1,1,1,1,1,1,1,1,0,1,1,0,1,0,0,0,1,0,1,1,1,0,1,1,0,1,0,1,1
1,0,0,0,1,0,0,1,0,1,0,1,0,1,0,1,0,0,1,1,1,1,1,1,0,0,1,1,0,1,1,0,1,0,1,1,0,0,0,1,0,0,0,1,0,1,1,0,0,1,1,1,1,0,1,0,0,0,0,1,1,1,1,0,1,0,0,0,1,1,0,1,0,0,1
1,0,1,1,0,0,0,1,0,1,0,1,0,0,1,0,1,1,1,1,1,1,0,1,0,1,0,1,1,0,0,1,0,1,0,0,0,1,1,0,0,1,0,1,0,0,1,1,0,0,1,1,1,1,0,1,1,0,0,0,1,1,1,0,0,0,1,1,0,1,0,0,1,1,0
1,1,1,0,1,1,1,1,0,0,1,0,0,0,1,1,1,1,0,0,0,1,0,1,0,0,1,1,1,1,0,0,1,0,0,0,1,0,1,0,1,1,0,1,0,1,1,1,1,1,1,1,1,0,1,0,0,1,1,0,0,1,1,1,0,0,0,0,0,1,0,1,0,1,1
1,0,0,0,1,1,0,1,0,0,1,1,1,1,1,1,0,1,0,1,0,1,0,0,0,1,0,1,0,1,1,1,1,0,0,0,1,0,1,0,1,0,1,1,0,1,1,0,0,0,1,1,0,0,1,0,0,1,0,1,0,1,1,0,1,0,1,0,0,1,1,0,0,0,0
1,1,1,1,0,0,0,1,0,0,0,1,0,0,1,1,1,0,0,0,0,1,0,1,0,0,0,0,0,1,1,0,0,0,0,1,1,1,1,1,1,0,1,1,0,0,1,1,0,1,1,1,1,1,1,0,1,0,0,1,1,1,1,0,0,0,1,1,0,0,1,1,0,1,0
0,1,1,0,1,0,0,1,0,0,0,0,1,0,0,1,0,1,0,1,0,1,0,1,1,1,1,0,1,1,1,0,1,0,0,0,1,0,1,0,1,0,0,1,0,1,0,0,0,1,1,1,1,1,0,1,1,1,1,1,0,0,1,0,0,0,1,0,1,0,1,0,1,1,0
0,1,1,0,0,0,0,1,1,0,1,1,0,1,0,0,1,0,0,1,0,1,0,0,0,0,1,0,1,1,1,0,1,0,0,1,1,0,1,1,1,1,0,1,1,0,1,1,1,1,1,1,1,1,0,1,1,0,0,0,0,1,1,0,1,0,1,0,0,1,0,1,0,1,0
1,0,0,1,1,1,1,1,0,1,1,0,0,0,0,0,1,1,0,1,0,1,0,0,0,0,0,0,0,0,1,0,1,0,1,0,0,1,0,0,1,0,0,1,0,1,1,1,1,0,1,1,1,1,0,1,1,1,1,0,0,1,1,1,1,0,1,0,1,1,0,0,0,0,0
1,0,1,0,0,1,0,1,0,0,0,1,0,1,0,0,1,1,1,0,0,1,1,1,0,1,1,0,1,1,1,0,1,0,0,0,0,0,1,0,0,1,0,1,1,1,0,1,0,1,1,0,1,1,0,1,1,1,1,0,0,1,1,1,0,1,0,0,0,0,0,0,0,1,0
1,0,0,1,0,1,0,1,1,0,0,1,1,0,1,1,1,1,0,0,1,1,0,1,0,0,0,1,0,1,0,1,0,0,1,0,1,0,1,0,1,1,0,1,1,1,1,0,0,0,0,0,1,1,0,1,0,0,0,0,1,1,1,0,1,0,0,0,0,1,0,1,0,0,0
1,0,0,1,1,1,0,1,0,0,1,0,1,1,1,1,1,0,1,0,1,1,0,0,1,1,1,0,1,0,0,0,1,1,1,1,1,0,1,0,1,0,1,1,1,0,1,1,1,1,1,1,1,0,1,0,1,1,0,1,0,0,1,0,0,0,0,0,1,1,1,1,0,1,0
1,0,0,1,1,1,0,1,0,1,1,1,0,0,0,1,1,1,0,1,0,0,0,0,0,1,1,1,1,1,0,0,1,1,0,0,1,1,1,0,1,1,1,1,1,0,0,1,0,1,1,0,0,1,0,1,1,0,0,1,0,0,0,0,1,0,1,0,0,1,1,0,1,1,0
1,0,0,0,0,0,1,1,0,0,1,1,1,1,0,0,1,0,1,0,1,1,1,1,0,1,1,1,0,1,1,0,0,0,0,1,0,0,1,0,1,1,0,1,0,0,0,0,1,1,1,1,1,1,0,1,0,0,1,0,0,0,1,0,0,1,1,1,0,1,0,1,0,1,0
1,0,0,1,0,1,0,1,1,0,1,1,0,1,0,1,0,1,1,1,0,1,1,0,0,0,1,0,1,0,1,0,1,0,1,1,1,0,0,1,1,0,1,1,1,1,1,0,0,1,1,1,1,1,0,0,1,0,0,1,1,1,0,0,1,0,1,1,1,1,0,0,1,1,0
1,0,1,1,0,1,1,1,1,0,1,1,0,0,0,0,0,0,1,1,0,1,0,0,0,1,1,1,0,0,1,1,0,0,1,1,1,1,0,1,1,1,0,1,0,1,0,1,0,0,1,1,1,0,0,1,1,0,1,0,0,1,1,0,0,0,1,1,1,1,0,0,1,1,0
1,0,0,1,0,0,0,1,1,1,0,1,0,0,0,1,1,1,1,1,1,1,1,1,0,0,0,1,1,0,0,0,1,1,1,1,1,0,0,1,0,0,1,1,1,1,0,0,0,0,1,1,0,0,1,1,0,0,1,1,1,1,1,1,1,0,1,1,0,1,1,0,0,1,0
1,0,0,1,0,1,0,1,0,0,1,1,0,0,0,0,1,1,1,1,1,1,0,1,0,1,1,0,1,0,1,0,1,1,1,0,1,0,1,0,1,0,0,1,0,1,0,0,0,1,0,1,1,1,0,1,1,1,0,1,1,1,1,1,0,0,1,0,0,1,1,0,1,1,1
0,1,1,1,1,0,0,1,0,1,0,1,0,0,0,1,1,1,0,0,0,1,0,0,0,0,0,1,1,0,0,1,1,1,1,1,1,0,1,0,1,0,0,1,1,1,0,0,1,0,0,0,1,0,0,0,0,1,0,0,1,1,1,0,1,0,0,1,1,0,0,0,0,1,0
1,0,1,0,1,0,0,1,1,0,0,1,0,0,0,0,1,0,1,0,1,1,1,1,0,0,1,0,0,0,0,1,0,0,0,1,1,0,1,1,0,1,0,1,0,0,0,1,0,1,1,0,1,1,0,1,1,1,1,0,0,0,1,0,1,0,0,0,1,1,0,1,0,1,0
1,0,1,1,0,1,0,1,0,1,1,0,1,0,0,0,1,1,1,0,1,1,0,1,0,1,1,1,1,1,0,1,1,0,0,0,1,0,1,0,1,1,0,1,1,0,0,1,0,0,1,1,1,0,1,1,1,1,1,1,0,1,1,0,0,0,1,1,1,1,1,1,1,1,1
1,0,0,1,0,0,0,1,1,0,1,0,0,1,0,1,1,1,0,0,0,1,0,0,1,1,1,0,0,1,0,1,0,0,0,0,1,0,0,1,1,0,0,1,1,1,1,0,0,1,0,1,1,0,1,1,0,1,0,0,0,1,1,0,0,0,1,1,1,1,0,0,0,1,0
1,0,1,0,0,1,0,0,1,1,0,0,0,0,1,0,0,0,0,0,1,1,0,0,0,0,0,1,1,0,1,1,1,0,0,1,0,1,0,1,0,0,0,1,0,1,0,1,0,1,1,1,0,1,0,1,1,1,1,1,0,1,1,0,0,1,0,1,1,1,1,0,0,1,0
0,0,0,0,0,1,0,1,1,0,0,0,0,0,0,0,1,0,0,0,1,0,0,1,0,1,1,1,1,0,1,1,1,0,1,0,1,0,1,0,1,1,0,1,1,1,0,0,0,1,1,1,1,1,0,1,0,1,1,1,0,0,1,0,1,0,1,0,1,0,1,1,0,1,0
1,1,1,0,1,1,0,1,0,0,1,0,0,0,0,1,1,1,0,1,1,1,0,0,0,1,0,0,1,0,0,1,1,0,0,0,1,1,1,0,1,0,1,1,0,1,0,0,1,1,1,1,1,0,1,1,0,0,1,0,0,1,1,0,1,0,0,1,1,1,1,0,0,1,0
0,0,1,0,1,1,0,1,0,0,1,0,0,1,1,1,1,1,1,0,1,1,0,1,1,1,1,0,1,1,1,1,1,0,0,1,0,0,0,1,1,0,1,1,0,0,1,0,0,0,1,1,1,0,1,0,0,1,1,0,0,1,1,0,0,0,0,1,1,0,1,0,0,0,0
0,0,1,1,1,0,0,0,0,1,1,1,1,0,1,1,0,1,1,0,1,0,0,1,0,0,1,0,0,0,1,1,0,0,0,1,1,1,0,1,1,0,0,1,1,0,1,0,1,0,0,1,1,0,1,1,0,0,0,1,1,0,0,0,1,0,0,0,1,0,0,1,0,1,0
0,0,0,0,0,1,1,0,0,0,0,0,0,0,0,0,1,1,1,1,0,1,1,1,0,0,0,1,1,1,1,0,1,0,0,1,1,1,1,0,0,1,1,1,1,0,1,0,0,1,0,0,1,1,1,1,0,0,1,0,0,1,1,0,1,1,0,1,1,0,1,0,1,1,0
1,1,0,0,1,0,0,1,1,1,0,1,0,0,0,0,0,1,1,1,0,0,0,1,0,0,1,0,1,1,0,1,1,0,1,1,0,0,1,0,1,1,1,1,1,1,1,0,0,1,1,1,1,0,0,1,0,0,0,1,0,0,1,0,1,0,0,0,0,1,1,0,1,0,0
1,0,0,1,1,0,1,1,1,1,0,0,0,0,0,1,1,0,0,0,0,1,1,1,1,1,0,1,1,1,1,1,1,1,0,1,1,1,0,1,0,0,0,1,0,1,0,0,1,1,1,0,1,0,0,1,0,0,0,0,0,0,0,0,0,0,1,1,1,1,1,1,0,1,1
0,0,0,1,1,0,1,0,0,1,0,1,1,0,0,0,0,0,1,0,0,1,1,1,1,1,1,1,1,0,1,0,1,1,1,1,1,1,0,0,0,1,1,1,0,1,0,1,0,0,1,0,1,1,1,1,1,1,0,1,1,0,1,0,0,1,1,0,0,0,1,1,0,1,0
1,1,0,0,1,1,0,1,0,1,0,1,1,0,0,0,1,1,0,0,0,1,0,1,0,1,0,0,1,0,0,1,1,0,0,1,1,0,1,0,1,1,0,1,1,1,1,1,0,0,1,1,1,1,0,1,1,0,1,1,1,1,1,0,1,0,1,1,0,0,0,1,0,1,1
1,0,0,0,1,0,0,1,1,1,0,1,0,0,1,1,1,0,1,0,1,1,0,0,0,0,1,1,1,0,1,1,1,0,0,1,0,0,1,1,1,0,0,1,0,1,0,1,1,1,1,1,1,1,0,1,1,1,1,0,0,0,1,1,0,0,0,1,0,1,0,0,0,1,0
1,0,0,0,1,0,0,1,0,0,0,0,0,0,0,0,1,0,0,0,1,0,0,1,0,0,1,1,1,1,1,0,0,0,1,1,0,0,1,1,1,1,1,1,1,0,0,1,0,1,1,1,1,1,1,1,0,0,0,1,0,1,1,0,1,1,0,0,0,1,1,1,1,0,0
0,0,0,1,0,0,0,1,0,0,0,1,0,1,0,0,1,1,0,0,1,1,0,0,0,0,1,0,1,0,0,1,1,0,0,0,1,0,1,0,1,1,0,1,0,1,1,1,1,1,1,1,1,0,0,1,1,1,1,0,0,0,1,0,1,0,0,0,1,0,0,0,0,1,1
1,0,0,1,1,0,0,1,1,0,0,0,1,0,1,0,1,0,0,1,0,1,1,1,0,0,0,1,0,1,1,0,1,0,1,1,0,0,0,0,0,1,1,1,0,1,0,0,0,0,1,0,1,1,1,1,0,1,0,1,0,1,1,1,0,0,1,1,1,1,1,0,0,1,0
0,1,1,1,1,1,0,1,0,1,0,1,0,0,1,1,1,0,0,0,1,1,0,0,1,1,1,0,0,0,1,1,0,0,0,0,1,0,1,0,1,0,0,1,1,0,1,0,0,1,1,1,1,0,1,0,1,0,1,1,0,0,1,0,1,0,0,1,1,0,0,0,1,1,1
1,0,0,0,1,0,1,1,0,1,0,0,1,1,1,1,1,1,1,0,0,0,0,1,0,0,0,0,0,0,0,1,0,0,1,0,0,0,1,1,1,0,0,1,1,0,1,1,0,0,0,1,1,0,0,1,1,1,1,0,0,1,1,0,1,0,0,1,1,1,0,1,0,1,0
1,1,0,0,1,1,0,0,0,0,0,1,1,0,0,0,1,0,1,0,0,1,0,0,1,1,1,0,0,1,1,0,0,1,1,1,0,1,0,0,1,1,0,1,1,1,0,1,1,0,1,1,0,1,0,1,1,1,0,1,1,0,1,0,1,1,1,0,0,1,0,1,1,0,0
1,1,0,1,0,0,0,1,0,0,0,0,0,0,0,1,1,0,0,1,0,1,0,1,0,0,0,1,1,1,0,0,1,1,1,1,1,1,1,0,1,1,0,1,1,0,1,1,1,1,1,1,1,1,0,1,1,1,1,1,0,1,1,0,1,0,0,1,0,1,0,1,1,0,0
1,0,1,0,0,0,0,0,1,0,0,1,0,1,0,1,0,0,0,1,0,1,0,0,0,0,0,1,1,1,0,1,1,0,1,0,1,0,0,0,0,0,1,1,1,1,0,1,1,1,1,1,1,0,1,0,1,1,0,1,0,0,1,1,0,1,0,1,1,0,1,1,0,1,0
1,0,1,1,1,1,0,1,1,0,1,1,0,0,0,0,1,1,1,0,0,1,1,1,0,1,1,1,0,0,0,0,0,0,1,1,0,1,0,1,0,0,1,1,1,1,1,1,0,1,1,0,1,1,0,1,1,0,0,0,0,1,1,0,0,1,1,0,1,1,1,0,1,1,0
1,1,1,0,1,1,1,1,1,0,1,1,1,0,1,0,1,1,0,0,1,1,1,1,0,0,1,0,0,1,0,1,0,0,0,0,0,0,1,0,1,1,0,1,1,0,0,1,0,1,1,1,1,0,0,1,1,1,1,0,0,1,1,1,0,0,0,1,1,1,0,1,1,1,0
1,1,0,0,1,1,0,1,0,1,0,0,1,0,1,0,0,1,1,0,0,1,0,0,1,1,1,0,0,1,1,1,0,0,1,0,1,1,0,1,1,1,1,1,1,0,0,0,1,0,0,0,1,1,0,1,0,1,1,1,0,0,1,0,0,0,1,0,0,1,1,1,0,1,1
1,1,0,1,0,1,0,1,1,1,0,1,0,0,0,1,1,0,0,0,0,1,0,1,0,1,1,1,0,1,0,1,0,0,0,1,0,0,0,1,0,1,1,1,1,1,0,0,0,1,0,1,1,0,0,0,0,1,1,0,1,1,1,1,0,0,1,1,0,1,1,1,1,1,1
1,1,1,1,1,1,1,1,0,1,0,1,0,1,1,1,1,1,0,1,0,1,1,1,1,0,1,1,0,1,1,1,0,0,0,1,1,0,0,1,1,0,1,1,0,1,1,0,1,1,1,0,1,0,1,0,0,1,0,1,0,0,0,1,0,0,0,1,0,1,1,1,0,1,1
0,0,1,1,0,1,0,1,1,1,1,1,1,0,1,0,0,1,0,0,0,1,1,1,0,1,1,0,0,1,1,0,0,0,1,0,0,1,1,0,1,1,1,1,0,1,1,0,0,0,1,0,1,1,1,1,0,0,0,1,0,1,1,1,1,1,0,0,0,0,1,1,1,0,0
1,1,0,1,1,0,0,1,0,1,1,0,0,0,1,0,0,0,0,1,1,1,0,1,0,0,1,1,1,0,1,1,0,0,1,1,1,0,1,0,0,1,1,1,1,1,1,1,0,1,1,0,0,0,0,0,1,1,0,1,0,0,1,0,0,0,0,1,0,1,1,0,0,1,0
1,0,0,1,0,0,0,1,0,0,1,1,1,0,1,0,1,1,0,0,1,1,0,1,0,0,1,0,0,0,0,1,0,0,1,1,0,0,1,0,1,1,0,1,0,0,1,0,1,0,1,1,1,1,0,1,1,1,0,1,1,1,0,0,1,0,0,1,1,1,1,1,0,1,0
0,0,1,1,1,1,1,1,0,0,1,1,0,0,1,0,1,0,0,0,1,0,0,1,0,0,1,0,0,1,1,0,0,1,1,0,0,0,1,0,1,1,0,1,0,1,0,0,0,1,1,0,1,0,0,0,0,0,0,0,0,1,1,0,1,1,0,1,0,0,0,1,1,0,0
0,0,0,1,1,0,0,1,1,0,0,1,0,0,1,0,1,1,0,0,0,1,0,0,0,0,1,1,1,0,0,1,0,0,1,1,1,0,0,1,1,0,1,1,1,0,1,1,0,1,1,1,1,0,0,1,1,0,1,1,0,0,1,0,0,0,0,1,0,0,1,1,1,0,0
1,0,1,1,0,0,0,1,1,1,1,1,1,0,0,1,1,0,0,1,1,1,1,1,1,1,0,0,1,1,1,1,1,0,1,0,1,1,0,0,1,0,0,1,1,0,0,1,0,1,1,1,1,1,0,1,1,1,1,1,1,0,1,0,0,1,0,1,1,1,0,0,0,0,0
1,0,0,0,1,0,0,1,1,0,1,0,0,1,1,0,0,1,0,0,0,1,0,0,0,0,1,0,1,1,1,0,0,0,1,0,0,0,0,1,1,0,0,1,0,1,1,0,1,1,1,0,1,0,1,1,0,1,0,1,0,1,1,0,1,0,0,1,1,1,1,1,0,0,0
1,0,1,0,1,1,0,1,0,0,1,1,1,0,0,1,0,0,1,0,1,1,1,1,0,0,1,0,0,0,1,0,0,0,0,0,1,0,1,1,1,0,0,1,0,1,0,1,0,1,1,0,1,1,1,0,1,0,1,0,1,1,1,0,0,0,1,1,1,1,1,0,1,1,0
1,1,1,0,1,0,0,1,0,1,1,1,0,0,0,1,1,0,0,0,0,1,1,1,0,1,0,1,1,0,1,0,1,0,1,1,0,1,0,1,1,0,0,1,1,0,0,0,0,1,0,0,1,1,1,1,0,1,1,1,1,0,1,0,0,0,1,1,1,1,0,1,1,1,1
1,0,0,0,1,0,1,1,1,1,0,1,0,1,0,0,1,0,0,0,1,1,1,1,0,0,1,1,1,1,1,0,1,1,1,0,0,1,1,0,1,1,0,1,0,0,0,0,0,1,1,1,1,1,0,1,0,1,1,0,0,1,1,0,0,0,0,0,0,1,0,1,0,1,0
0,1,1,0,0,1,0,1,1,0,0,0,1,0,0,0,1,0,1,0,1,1,1,1,0,1,1,0,1,1,0,1,1,0,0,1,1,1,1,0,1,1,0,1,1,0,0,0,0,0,0,0,1,1,0,1,0,1,1,0,0,1,1,1,1,0,1,1,1,1,0,0,0,1,1
0,1,0,0,0,1,0,1,1,0,0,1,1,0,1,0,0,1,0,0,0,0,0,0,0,1,1,0,1,0,1,1,0,0,1,0,1,1,0,1,0,0,1,1,1,0,0,0,0,0,0,1,1,1,0,1,1,0,1,1,1,0,1,0,0,1,0,0,1,1,1,0,0,1,0
1,1,0,1,1,1,0,0,0,0,0,1,0,0,0,1,1,0,0,0,1,0,0,1,1,1,1,1,0,1,0,0,1,0,1,1,1,1,1,1,1,0,0,1,1,1,1,0,0,1,1,0,1,1,1,0,1,0,0,1,0,0,1,0,1,0,0,0,1,1,0,1,0,0,1
1,1,0,1,1,1,1,1,1,1,0,1,0,0,0,1,1,1,0,1,0,1,1,1,1,1,1,1,0,0,1,1,1,1,0,0,0,0,0,0,1,0,0,1,0,1,0,0,1,0,1,1,1,0,0,1,0,1,0,0,1,1,1,0,0,0,1,1,1,0,0,0,0,1,0
1,0,0,1,1,1,0,0,0,0,0,1,0,0,0,1,1,1,0,0,1,0,0,1,1,1,0,1,0,0,0,0,0,1,1,0,0,0,0,1,1,0,0,1,1,1,0,0,0,0,1,1,1,0,1,1,0,0,0,1,1,0,1,0,1,1,0,0,1,1,0,0,1,0,0
0,0,0,1,0,0,0,1,0,1,0,1,1,0,0,0,0,0,1,1,1,1,0,0,1,1,1,0,1,0,0,0,1,1,1,1,0,0,1,0,1,1,0,1,1,1,0,1,1,1,1,1,1,1,0,1,0,1,1,1,0,0,0,1,1,0,0,0,0,0,0,1,0,1,0
1,1,1,0,1,0,0,0,1,0,0,0,1,0,0,0,1,0,1,0,0,1,0,1,0,0,1,0,0,1,1,0,0,0,0,0,1,0,1,0,1,1,1,1,1,0,1,0,0,1,1,1,1,0,1,1,0,0,1,1,0,1,0,0,1,0,0,1,1,1,1,1,0,1,1
0,1,1,1,1,0,0,1,1,0,1,0,0,0,0,0,0,0,1,0,1,1,1,1,0,0,1,1,1,0,0,1,1,0,1,0,0,0,1,0,1,0,1,1,1,1,1,0,0,1,1,1,0,1,0,0,0,1,0,0,1,1,1,0,0,1,1,1,1,0,1,1,0,0,0
1,0,1,1,0,0,0,1,0,0,0,1,0,0,1,0,1,0,0,0,0,1,1,1,0,0,1,1,1,1,1,1,0,0,1,0,0,1,1,0,1,1,0,1,0,1,0,1,1,1,1,0,1,1,1,1,1,1,1,0,1,0,1,0,1,0,0,0,0,1,1,0,0,0,0
0,1,1,1,1,0,0,1,0,0,1,1,0,0,1,1,0,0,0,0,0,1,0,1,1,0,1,0,1,0,0,1,1,1,0,1,0,1,1,1,1,1,1,1,1,0,0,0,0,1,1,0,1,0,1,1,0,1,0,1,1,0,0,0,0,0,0,1,1,0,1,1,1,1,0
1,1,1,1,0,0,0,1,0,1,0,0,1,0,1,1,0,1,0,0,0,1,0,0,1,1,1,0,0,1,0,1,0,0,1,0,1,1,0,0,1,0,0,1,1,1,1,0,0,1,1,0,1,1,0,1,0,0,1,1,1,1,1,0,0,0,0,1,0,1,0,1,1,0,1
1,0,0,1,0,0,0,1,0,1,0,0,0,0,0,0,0,0,0,0,1,1,0,1,1,1,1,0,1,0,1,0,1,1,1,1,0,1,0,1,0,0,0,1,1,1,1,0,1,1,1,1,1,1,1,1,0,1,0,1,0,0,1,0,1,0,1,1,1,1,0,1,0,0,0
1,1,0,0,1,1,0,1,0,1,0,1,1,0,0,1,1,1,0,0,0,1,0,1,0,0,1,0,1,1,0,0,1,0,1,0,1,1,0,0,0,0,1,1,1,0,0,1,1,1,1,1,0,1,1,1,1,0,1,1,0,0,0,1,0,0,0,1,0,1,1,0,1,1,1
1,1,0,0,1,0,0,1,0,1,0,0,0,1,0,1,1,1,0,0,0,1,1,1,0,0,1,0,1,1,0,0,1,0,1,0,1,0,1,0,1,1,1,1,1,0,1,0,0,1,0,0,1,0,0,1,0,0,0,0,0,1,1,0,0,1,1,1,1,1,1,0,1,1,0
1,0,1,1,1,0,1,0,1,1,0,1,0,0,0,0,1,1,0,0,0,1,0,1,0,1,1,0,1,1,1,0,1,1,1,0,1,0,1,0,1,1,0,1,0,1,1,1,0,1,1,1,1,0,0,0,1,0,0,1,1,1,1,0,1,1,0,0,1,1,0,0,1,1,0
1,0,1,1,1,1,0,1,0,0,1,0,1,1,0,0,1,1,0,0,1,0,1,1,1,0,0,0,1,0,1,0,0,0,1,0,1,1,0,0,1,1,1,1,0,1,1,0,1,1,1,1,1,1,0,0,0,1,0,0,1,1,0,0,1,0,1,0,0,1,0,0,0,1,0
0,0,0,1,0,0,1,1,0,1,0,1,0,0,0,1,0,0,0,0,0,1,1,1,1,1,1,1,1,1,1,1,1,0,0,1,1,1,0,1,1,1,1,1,0,1,0,0,0,0,1,0,1,1,1,1,0,1,0,0,0,0,0,0,1,0,0,0,1,0,1,0,0,0,0
1,0,0,0,1,1,0,1,1,1,0,1,1,1,1,1,1,0,0,1,1,0,0,0,1,0,1,0,0,1,0,1,0,0,1,1,1,0,0,1,1,0,0,1,0,1,0,1,1,0,1,1,1,0,0,1,1,1,0,1,1,1,1,0,1,1,0,0,1,1,0,1,0,1,0
0,0,0,0,0,1,1,0,0,1,0,0,1,0,1,0,1,1,0,1,1,1,1,1,0,1,1,0,0,0,0,0,0,0,1,1,1,0,1,0,1,0,0,1,0,1,0,0,0,0,1,0,1,1,0,1,0,1,1,0,0,0,0,0,1,1,1,0,0,0,0,0,1,1,1
0,1,0,1,1,1,0,1,0,1,1,1,0,0,0,1,0,1,1,0,1,0,1,1,0,0,1,0,1,1,1,1,1,0,1,1,0,1,0,1,1,1,1,1,1,1,1,0,1,0,1,0,1,1,1,1,0,1,1,1,1,0,1,0,0,0,1,1,0,0,1,1,0,1,0
1,0,1,0,0,0,1,1,1,1,0,0,0,1,1,1,0,0,0,0,0,1,0,1,0,1,1,1,0,0,1,0,0,0,1,1,1,0,0,1,0,0,0,1,1,1,1,1,0,1,1,1,0,0,1,0,1,0,1,1,0,0,0,1,1,0,0,0,1,1,0,0,0,0,0
1,1,1,1,1,1,0,0,0,1,0,1,0,0,0,1,1,0,0,0,1,1,0,0,0,1,1,0,0,1,0,0,0,1,1,0,0,0,1,0,1,0,1,1,1,0,0,1,0,1,1,1,1,1,1,1,1,0,0,1,0,0,1,1,0,1,1,1,1,1,1,1,0,1,1
1,1,0,0,1,0,0,1,1,1,0,1,0,0,0,1,0,1,1,0,0,1,0,1,0,0,1,0,0,1,1,0,0,1,0,1,1,1,0,1,1,1,0,1,1,1,0,1,0,0,1,1,1,0,1,0,0,1,1,0,1,0,0,0,1,0,1,1,0,1,0,0,0,1,0
0,1,0,1,0,0,0,1,0,1,1,0,0,0,0,1,1,1,1,0,1,1,0,1,1,0,1,1,1,1,1,0,1,0,1,0,1,1,0,0,1,1,0,1,1,0,1,0,0,1,0,0,1,0,1,1,1,1,0,0,1,1,1,0,1,0,0,1,0,1,0,1,0,1,0
0,1,0,1,0,0,1,1,0,0,0,1,0,0,1,0,1,0,0,0,0,1,0,1,0,0,0,1,0,1,1,1,0,1,0,0,1,1,1,0,1,1,0,1,1,1,1,1,0,1,1,0,1,1,0,1,1,0,0,0,0,0,0,0,1,0,0,0,0,0,0,0,0,1,0
0,1,0,0,1,1,0,1,1,1,1,0,0,1,1,1,1,0,0,1,1,0,0,1,0,1,0,0,1,0,0,1,0,0,0,0,0,1,1,1,0,0,0,1,1,1,0,0,0,1,1,0,1,1,1,0,0,1,1,0,0,1,1,0,1,0,0,1,1,1,0,0,0,0,0
1,0,0,0,0,0,1,1,0,1,0,1,0,0,1,1,0,0,0,0,0,1,1,1,0,0,0,0,0,1,0,1,0,0,1,1,1,1,0,1,1,0,0,1,0,1,0,1,0,1,1,0,1,1,0,1,1,1,1,0,1,0,1,0,1,0,1,1,1,1,0,1,1,1,0
1,1,1,0,0,0,1,0,1,0,0,1,0,0,1,1,1,1,0,0,1,1,0,1,0,1,1,1,0,0,0,0,0,0,0,1,1,1,1,0,1,1,0,1,1,0,0,0,0,0,1,1,1,1,0,0,1,1,1,0,1,1,1,0,1,1,0,0,1,1,0,0,1,1,0
1,1,0,0,0,1,1,1,0,0,0,1,1,1,0,0,0,1,0,0,0,1,0,1,1,0,1,0,0,0,0,0,0,0,0,0,0,0,1,0,1,1,0,1,1,1,1,0,1,0,0,0,1,0,0,0,1,0,0,1,1,1,0,0,1,1,0,0,0,1,1,1,0,1,0
1,0,1,0,1,0,1,1,1,0,0,1,1,0,1,1,0,1,1,0,1,1,1,1,0,1,1,0,1,1,1,1,0,0,1,0,0,0,0,0,0,0,0,1,0,0,0,0,0,0,1,1,1,0,1,0,0,1,1,1,1,1,1,0,1,0,0,1,0,1,0,1,1,1,1
1,1,1,1,1,1,1,1,0,0,0,1,1,0,1,0,1,1,1,0,1,1,1,1,0,1,1,1,1,1,0,0,0,0,1,0,0,1,1,0,1,0,1,1,0,1,0,0,1,0,1,0,1,0,0,0,0,1,0,0,1,0,1,0,1,0,0,0,1,1,1,1,0,1,0
1,1,1,0,1,0,1,1,1,0,1,0,0,1,0,0,1,0,1,0,1,1,1,1,0,0,1,1,1,1,0,1,1,1,0,1,0,0,0,1,0,0,0,1,0,1,0,0,0,1,1,1,1,0,0,0,0,0,0,1,1,1,0,0,1,1,1,1,0,1,1,1,1,1,0
1,0,0,1,1,1,0,1,1,1,1,0,0,0,0,0,1,1,1,0,0,1,0,1,0,1,0,0,1,0,0,0,1,1,1,0,0,1,0,1,1,0,0,1,1,0,0,0,0,1,0,1,1,1,0,1,0,1,0,0,1,1,1,0,1,0,0,0,0,1,0,0,0,1,0
1,0,1,0,1,0,0,1,0,0,1,1,0,0,0,1,1,0,1,1,1,1,0,1,1,0,0,0,0,1,0,1,0,0,0,0,0,0,1,0,1,1,1,1,1,1,0,0,1,1,1,0,1,1,0,1,0,1,1,1,0,0,1,1,0,1,0,1,1,1,1,1,0,1,1
1,0,0,1,1,1,0,1,1,1,1,0,1,0,0,1,0,1,0,0,0,1,0,1,0,0,1,0,1,0,0,0,0,0,1,0,1,0,1,0,1,0,1,1,0,1,0,1,0,1,1,1,1,0,1,0,1,0,0,1,0,1,1,0,1,0,0,0,1,1,1,0,1,0,0
1,0,1,1,1,1,0,0,0,0,0,0,1,0,0,1,1,0,1,1,0,1,0,1,0,0,1,0,1,0,1,1,1,0,0,0,0,1,0,0,1,1,1,1,0,1,0,1,0,1,1,0,0,0,1,0,1,1,0,0,0,0,1,1,1,0,1,0,1,1,1,1,0,1,0
1,1,1,0,1,0,0,1,0,1,1,0,1,0,0,0,1,0,0,0,1,1,0,0,0,1,1,1,0,0,0,1,0,0,1,0,1,0,1,0,1,1,0,1,1,0,0,0,0,0,1,1,1,1,0,1,0,0,1,0,0,1,1,0,1,0,0,1,1,1,0,0,1,1,1
0,1,0,1,1,1,0,0,0,0,0,1,1,0,1,0,1,1,1,1,1,1,0,0,1,1,1,1,0,1,1,1,0,0,0,0,0,0,1,0,1,0,0,1,0,1,1,0,0,0,0,0,1,0,0,1,0,1,0,0,1,1,0,0,1,1,1,1,1,0,0,1,1,1,0
0,1,0,1,1,0,1,1,1,1,0,0,1,0,1,0,0,1,0,0,0,0,1,1,0,1,1,1,0,1,1,1,0,0,1,1,1,1,0,1,1,0,0,1,1,1,0,0,1,0,1,0,1,1,0,0,0,1,1,1,0,1,1,0,1,0,0,1,1,1,0,1,0,1,1
0,0,0,1,1,0,0,1,1,0,0,0,1,0,1,1,0,1,0,1,1,0,0,1,0,0,0,1,0,1,1,0,0,0,1,1,1,1,1,0,0,1,1,1,0,1,0,0,0,0,1,1,1,0,1,0,1,1,0,1,1,0,0,0,1,0,0,1,1,1,1,1,0,0,1
1,0,1,0,0,0,0,0,0,1,0,0,0,0,0,0,1,0,0,0,1,1,0,0,0,1,1,0,1,0,1,1,1,0,0,0,0,1,1,0,1,1,1,1,1,0,0,1,0,1,1,0,0,0,0,1,0,1,1,0,1,0,1,1,0,1,0,0,0,1,1,1,0,1,0
0,0,0,1,0,0,0,1,0,1,0,0,0,0,1,0,0,1,1,0,1,0,0,0,1,0,1,1,1,1,1,0,1,0,1,1,0,0,1,0,1,1,1,1,0,1,1,1,0,1,1,1,1,0,1,1,1,1,0,0,0,1,1,0,1,0,0,0,1,0,0,1,1,1,1
0,0,1,0,1,0,1,1,0,0,0,1,1,0,0,0,0,0,0,0,0,0,1,1,0,1,0,0,1,0,1,1,1,0,0,0,0,1,1,0,1,1,0,1,1,1,0,0,1,0,1,0,1,0,1,1,0,1,0,1,1,1,1,0,0,1,0,1,0,1,0,1,0,0,0
1,1,0,1,0,0,0,1,0,1,0,0,0,0,0,1,1,1,0,0,1,1,0,1,0,0,1,0,1,1,1,1,1,0,1,1,1,1,0,1,1,0,1,1,1,0,0,1,0,1,1,1,1,0,1,1,0,0,0,1,0,0,1,0,0,0,0,0,1,1,1,1,1,1,1
1,0,0,1,1,0,0,0,0,0,0,1,0,0,0,1,0,1,0,0,0,0,0,1,1,0,1,1,1,0,1,1,1,1,0,1,1,1,0,1,1,0,0,1,1,1,1,0,1,1,1,1,1,0,1,1,0,0,0,0,0,0,0,0,1,1,0,0,1,1,1,0,0,1,1
1,0,1,0,1,0,0,1,1,0,0,1,1,1,0,1,1,1,0,0,0,1,0,1,0,1,1,0,1,0,1,0,1,0,1,0,1,0,1,0,1,1,1,1,0,1,1,0,0,0,1,1,1,0,1,0,0,0,0,1,1,0,1,0,1,0,0,0,0,1,1,1,1,0,0
1,0,0,0,1,0,0,1,0,1,0,0,1,1,0,1,1,0,0,0,1,1,1,1,1,0,1,0,1,1,0,1,1,0,0,1,1,0,0,1,0,0,0,1,0,1,0,0,0,0,1,1,1,1,0,1,0,1,1,1,0,0,1,0,1,0,0,0,1,1,1,1,0,1,0
0,0,0,0,0,0,0,1,1,0,0,1,0,1,1,0,0,0,1,0,0,1,1,1,1,1,1,0,0,1,1,1,0,0,0,1,0,1,0,1,1,1,1,1,0,0,0,1,0,1,1,1,1,1,0,1,1,1,1,1,1,1,1,0,1,0,1,1,0,1,1,1,0,1,0
0,0,1,1,0,0,0,0,0,1,0,1,0,0,0,0,0,1,0,0,0,1,0,0,1,1,0,0,1,1,1,0,1,1,1,1,1,1,0,1,0,0,0,1,0,1,0,0,0,1,1,1,1,1,0,0,0,1,0,0,0,0,1,0,0,1,0,1,1,1,0,0,0,1,0
1,0,1,1,1,1,0,1,0,0,0,1,1,0,0,1,1,0,0,1,1,1,0,1,0,1,1,0,0,1,0,0,1,0,1,0,0,0,1,0,1,0,0,1,1,1,0,0,0,1,1,1,1,0,1,1,0,1,0,0,1,0,0,0,0,1,0,1,1,0,0,1,0,1,0
0,0,0,0,0,0,1,1,0,1,1,0,0,0,1,1,1,1,0,1,0,0,1,1,1,0,1,1,1,1,0,1,0,0,0,0,1,1,0,1,1,0,0,1,1,0,0,0,0,1,1,0,1,1,0,1,0,1,1,1,0,0,1,0,1,0,0,0,1,0,0,1,0,1,0
1,0,0,1,0,0,1,1,1,0,0,0,0,0,1,1,0,1,1,0,0,1,1,1,0,1,1,1,1,1,1,0,1,0,1,1,1,1,0,1,1,0,0,1,0,0,0,0,0,1,1,0,1,1,0,1,0,0,1,0,0,1,0,1,1,0,1,1,0,1,1,0,1,0,0
0,0,0,0,1,0,0,1,0,1,1,0,0,0,0,1,1,0,1,0,1,1,0,1,0,0,0,0,0,0,0,1,0,0,1,0,0,1,0,0,1,0,1,1,1,0,1,1,0,1,1,0,1,1,0,1,1,0,1,1,0,0,1,0,0,1,1,0,1,0,1,1,1,0,0
1,0,1,0,1,1,0,1,0,0,1,0,0,0,0,0,1,1,1,0,0,1,0,0,1,0,1,0,1,1,1,0,1,0,0,0,0,0,0,0,1,1,1,1,1,1,1,0,1,1,0,1,1,0,1,0,0,0,1,0,0,1,1,0,0,0,0,1,0,0,1,0,0,1,0
1,1,0,1,0,0,1,1,0,0,1,0,0,0,0,1,1,1,0,0,0,0,1,1,0,0,1,1,1,0,1,0,1,0,1,1,1,1,1,0,1,1,0,1,1,1,1,0,0,1,1,0,0,1,0,0,0,0,1,0,0,1,1,0,0,0,1,1,1,1,0,1,1,0,0
1,1,0,1,0,0,0,1,0,0,0,1,0,0,0,0,0,0,1,0,0,0,0,1,0,0,0,1,1,1,1,1,1,0,0,0,0,0,0,1,1,1,1,1,0,1,1,1,0,1,1,1,1,0,0,1,1,0,0,1,0,1,0,0,1,0,0,0,1,1,1,0,0,1,0
1,0,0,1,0,0,0,1,0,0,1,0,0,0,1,1,1,1,1,0,1,1,0,1,0,1,0,1,1,1,0,1,1,1,1,0,1,1,0,1,0,0,0,1,0,1,0,1,0,1,1,1,1,0,1,1,1,1,0,0,0,0,0,1,0,1,0,0,0,1,0,0,1,1,1
1,1,0,1,1,1,0,1,1,0,0,0,1,0,0,0,1,0,0,0,0,1,1,1,1,1,1,0,1,0,0,1,1,0,0,1,1,1,0,0,1,1,0,1,1,1,0,0,0,0,1,0,1,0,0,1,0,0,1,1,0,1,1,0,1,0,0,1,0,0,0,1,0,1,1
1,1,1,0,0,1,0,0,0,0,0,0,0,0,1,0,0,1,1,0,1,1,1,1,1,1,1,0,0,1,1,1,0,0,0,0,0,0,1,0,1,1,0,1,1,1,1,0,0,0,1,0,1,0,0,0,0,1,1,0,0,1,1,0,0,0,1,0,0,1,0,1,0,1,0
1,1,0,0,1,1,0,0,1,1,0,1,1,0,0,1,0,1,1,0,0,1,1,1,1,1,0,0,0,1,0,1,1,0,0,0,1,0,1,0,1,1,0,1,1,0,0,1,1,0,1,1,1,1,0,1,1,0,1,0,1,1,1,0,0,1,1,1,0,1,0,1,0,1,0
1,0,0,1,1,0,1,1,0,1,0,1,0,1,0,0,0,0,0,0,0,1,0,1,0,1,0,0,1,0,1,0,1,0,0,0,1,0,1,0,1,0,0,1,0,1,0,0,0,1,1,0,1,0,1,0,0,0,0,0,0,0,0,0,1,0,0,0,1,1,0,0,1,1,0
1,1,1,1,0,0,0,0,0,1,1,1,0,0,1,1,0,0,0,0,0,1,0,1,1,1,1,1,1,1,1,0,0,0,1,0,0,0,1,0,0,0,1,1,1,0,0,1,0,1,1,1,1,0,0,1,1,1,0,0,0,0,1,0,1,1,1,1,1,1,1,0,1,1,0
1,0,1,1,0,0,0,1,0,1,1,1,0,0,1,1,1,1,0,0,0,1,0,0,1,1,1,0,0,0,1,0,0,0,0,0,0,0,0,0,1,0,0,1,0,0,0,1,0,1,1,1,1,1,0,1,1,0,0,1,1,0,0,0,1,0,0,1,0,0,1,0,1,1,0
1,0,1,1,0,1,0,1,1,1,1,1,0,1,0,1,0,0,0,0,1,1,0,1,0,1,1,1,1,0,1,0,1,0,0,1,1,0,1,0,1,1,1,1,0,1,0,0,0,1,1,1,1,0,1,0,0,0,1,0,1,1,1,0,1,0,0,0,1,1,0,1,0,1,1
1,0,0,1,1,1,0,1,0,0,1,1,0,0,0,0,1,0,0,0,1,1,0,0,0,1,1,0,0,1,1,0,0,1,1,0,1,0,1,0,1,0,0,1,0,1,0,1,1,1,1,0,1,0,1,1,1,1,0,1,1,0,1,0,0,1,0,1,1,1,0,1,0,1,0
1,0,0,1,0,0,0,1,0,0,1,1,0,0,1,0,1,1,1,0,1,1,1,1,1,1,1,1,0,0,1,0,0,0,1,1,0,1,0,1,1,0,0,1,0,1,1,0,0,0,1,1,1,1,0,1,0,1,0,0,1,1,1,0,1,0,0,0,1,1,0,0,0,1,0
1,0,1,1,0,1,0,1,0,0,1,1,0,0,1,0,1,0,0,0,0,1,0,1,0,1,1,0,0,0,0,1,0,0,0,0,1,1,1,0,1,0,0,1,1,1,0,1,0,1,1,1,1,0,0,1,0,1,0,0,1,0,0,0,1,0,0,1,1,1,0,0,0,0,0
1,1,0,1,0,0,0,1,0,1,0,1,0,1,0,0,1,1,1,1,1,0,0,0,0,0,1,0,1,0,0,0,0,0,0,0,1,0,1,1,1,0,0,1,1,0,0,0,0,1,0,0,1,1,0,1,0,0,1,0,1,1,1,0,1,0,0,1,0,1,0,0,1,1,1
1,0,1,1,0,0,0,1,0,0,1,1,1,0,1,0,0,1,0,1,0,1,1,1,1,1,1,0,1,1,1,1,0,0,1,1,1,1,1,1,1,1,0,1,0,0,0,1,0,0,1,0,1,1,0,0,1,1,1,0,1,1,1,1,1,0,1,1,1,1,0,1,0,1,0
1,0,1,1,0,1,1,1,1,1,1,0,1,0,0,1,1,1,1,0,1,0,0,1,0,0,1,0,1,0,1,1,1,0,1,0,0,1,0,1,0,0,1,1,1,0,1,0,0,0,0,1,0,1,0,0,0,0,1,1,0,0,1,0,1,0,1,0,0,1,1,0,0,0,0
0,1,1,0,1,1,0,1,0,1,0,1,0,0,0,0,1,1,1,0,1,1,0,1,0,1,1,0,1,1,1,1,1,0,0,1,0,0,0,0,0,0,1,1,0,1,0,1,0,1,1,0,1,1,0,1,1,0,1,0,0,0,1,0,0,0,1,1,0,1,1,0,0,1,1
1,0,1,1,0,0,1,1,1,1,0,1,1,0,1,1,0,1,1,1,1,1,1,1,1,0,1,0,0,0,1,1,0,1,1,1,1,0,0,0,1,1,1,1,0,1,0,1,0,1,1,0,1,1,0,1,1,1,0,1,1,0,1,0,1,0,0,1,0,1,1,1,0,1,0
1,1,1,0,0,0,0,1,0,1,1,1,1,0,1,0,0,1,1,0,1,1,0,1,0,1,0,0,0,0,0,0,0,0,0,1,0,0,1,0,1,1,1,1,1,0,1,0,1,0,1,1,1,0,0,1,0,0,1,1,1,0,0,1,0,0,0,1,0,1,1,0,0,1,0
1,0,0,1,1,1,0,1,0,1,1,1,0,0,0,0,0,0,1,0,0,1,0,1,0,0,1,0,0,1,0,1,1,0,1,0,1,1,1,0,1,1,1,1,0,1,0,1,0,1,1,0,1,0,1,0,1,1,1,1,0,0,1,1,0,0,0,1,0,1,1,1,1,0,1
1,0,0,1,1,0,0,1,0,1,0,0,0,0,0,0,1,1,0,1,0,0,0,0,0,0,0,0,0,0,1,0,0,0,0,0,0,0,0,0,1,1,0,1,1,0,1,0,0,1,1,1,1,0,0,0,0,0,0,1,0,1,0,0,0,0,0,1,1,1,1,0,0,1,0
1,0,0,0,1,0,0,1,1,0,0,1,0,0,0,0,0,1,1,0,0,1,1,1,1,1,0,0,1,1,1,1,1,0,1,1,0,1,0,1,1,0,1,1,0,1,1,0,0,1,1,1,1,0,1,1,0,1,1,1,1,0,0,0,1,1,0,0,1,1,1,0,1,1,1
1,0,0,1,0,1,0,1,0,0,1,1,1,0,1,1,1,1,0,0,1,1,0,0,0,0,1,1,1,0,1,1,0,0,1,0,1,1,0,0,0,1,1,1,0,1,1,1,1,0,0,1,0,1,0,0,1,1,0,1,1,0,1,0,1,0,1,0,0,1,1,0,0,1,0
1,0,0,0,1,0,0,1,0,0,1,1,0,0,0,0,0,1,0,0,1,1,0,1,1,0,1,0,0,1,0,0,1,0,1,1,1,1,0,1,0,0,0,1,1,0,1,0,0,0,1,1,1,1,1,1,0,0,1,0,1,1,0,1,1,0,0,0,1,1,1,0,1,1,0
1,1,1,0,1,0,0,1,0,0,1,1,1,0,0,0,1,1,0,0,0,1,0,0,0,0,1,0,0,1,1,1,0,0,0,1,1,1,0,1,1,1,1,1,1,1,1,1,1,0,1,1,1,1,0,1,1,0,1,0,1,0,1,1,0,1,1,0,1,1,1,0,1,1,1
1,0,1,1,0,0,0,1,0,1,1,1,1,0,0,0,0,0,1,0,1,1,0,1,1,0,1,1,0,1,1,1,0,1,1,1,1,0,0,0,0,1,1,1,0,1,0,1,0,0,1,1,1,1,1,1,1,0,0,1,0,0,1,1,0,1,1,0,0,1,1,1,0,0,0
1,0,0,0,0,0,0,1,1,1,0,0,1,0,1,0,1,1,1,0,0,1,0,1,1,1,1,1,0,1,0,1,0,0,1,1,1,0,0,1,1,0,1,1,1,0,1,0,0,0,0,1,1,1,0,0,0,0,1,1,1,1,1,0,0,0,1,1,0,1,1,1,0,1,0
0,1,0,0,0,1,0,1,0,0,0,0,0,0,1,0,0,0,1,0,1,0,1,1,0,1,1,0,0,1,0,0,0,0,0,0,1,0,1,0,1,1,1,1,1,1,1,0,0,1,1,0,1,0,0,1,0,0,1,1,0,1,1,0,0,1,1,0,0,1,1,1,0,1,0
1,0,1,0,1,1,0,1,1,1,0,1,0,0,0,1,0,0,0,0,0,1,0,0,1,0,0,1,1,0,1,0,1,0,0,0,1,1,1,1,1,0,0,1,0,0,0,1,0,0,1,1,1,1,0,1,0,0,1,1,1,1,1,0,0,0,0,0,0,1,0,1,1,1,0
1,0,1,1,0,1,1,1,0,1,1,0,0,1,0,1,1,1,0,0,0,1,1,1,0,0,1,1,1,0,1,1,1,0,1,1,0,0,0,0,1,1,0,1,1,1,0,0,0,1,1,0,1,1,0,1,0,0,1,1,0,0,1,1,1,1,1,0,0,1,0,0,1,1,0
1,0,1,1,1,0,0,1,1,0,0,0,1,0,1,0,1,0,0,0,0,1,1,1,0,1,1,0,1,1,0,1,1,0,0,0,0,1,1,0,1,0,0,1,1,1,0,0,0,1,1,0,1,1,0,1,1,0,1,0,0,1,1,0,1,0,0,1,1,1,0,1,1,1,0
0,0,1,0,1,0,0,1,1,1,0,1,0,0,0,1,1,1,0,0,0,1,0,1,0,1,1,0,1,1,1,0,1,0,1,1,0,0,0,1,1,0,0,1,0,1,1,0,0,1,1,1,1,0,0,0,0,1,1,0,0,1,1,1,0,0,1,0,1,0,0,0,1,1,0
1,1,0,1,0,1,0,1,1,0,0,0,0,0,0,1,1,1,1,0,1,1,1,1,0,0,1,1,1,0,1,0,0,0,1,0,0,1,1,0,1,0,1,1,1,0,1,1,0,1,1,1,1,0,1,0,0,0,0,0,1,1,1,0,0,0,1,1,1,1,1,0,1,0,1
1,0,1,0,1,0,0,1,0,0,1,1,0,0,0,1,1,1,0,0,0,0,0,1,0,1,0,0,1,1,1,1,1,0,1,0,1,0,1,0,0,1,1,1,0,1,1,0,0,1,1,1,1,1,0,1,0,1,1,0,1,1,0,0,1,0,1,1,1,1,1,0,1,1,0
1,1,0,1,0,1,0,1,1,0,0,0,0,0,0,1,0,0,1,1,1,0,1,0,0,0,1,0,0,1,0,1,1,0,0,1,1,0,1,0,1,1,0,0,1,0,0,0,0,0,1,1,1,0,1,1,0,1,0,0,0,1,0,0,1,0,0,1,1,1,0,0,1,1,0
1,0,0,0,1,1,1,1,0,0,1,1,0,0,0,0,1,1,1,1,1,0,1,1,1,1,1,0,1,1,1,1,1,0,1,0,0,0,0,0,0,1,0,1,0,1,1,0,1,0,1,1,1,0,0,0,0,0,1,0,1,0,1,0,0,0,0,1,0,1,1,0,0,1,1
0,0,1,1,1,1,0,1,1,1,0,0,0,0,1,0,1,0,0,0,0,1,0,1,1,1,1,1,0,1,0,0,0,0,0,0,1,0,1,0,1,1,0,1,1,0,1,1,0,1,0,1,1,1,0,1,1,1,0,1,0,1,0,0,1,0,0,0,1,1,0,1,1,1,1
1,0,0,0,1,1,0,0,0,1,0,1,0,1,1,0,1,1,0,0,1,1,0,1,1,1,1,0,0,1,1,0,0,0,1,1,1,1,0,1,0,0,0,1,0,1,0,0,0,1,0,1,1,1,1,1,1,0,0,0,0,0,1,0,1,1,0,0,1,1,0,1,1,0,1
1,0,0,0,0,0,1,0,0,0,0,0,0,0,1,1,1,1,0,0,1,0,0,1,1,1,1,1,0,0,1,1,0,0,0,0,1,0,0,1,1,0,0,1,0,1,1,0,0,0,1,1,1,0,1,1,0,0,1,0,0,1,1,0,1,1,1,1,1,1,0,0,1,1,0
0,0,1,0,1,1,0,1,0,1,0,0,0,0,0,1,0,1,1,1,1,1,1,1,1,0,1,1,0,0,0,0,0,0,1,1,1,0,0,1,0,0,1,1,1,0,0,0,0,1,1,0,1,1,0,1,0,1,0,0,0,0,1,0,0,0,0,1,0,1,0,0,1,1,1
1,0,0,1,0,1,0,1,0,1,0,0,0,0,0,0,1,1,0,0,1,1,1,1,0,0,1,1,1,0,0,0,1,0,0,0,0,1,1,0,1,0,0,1,0,0,0,0,1,0,1,1,1,1,0,1,0,1,1,0,0,1,1,1,0,1,1,0,1,1,1,0,1,1,0
1,0,0,1,1,0,0,1,1,1,1,1,0,0,0,1,1,0,1,0,1,1,1,1,1,0,1,0,1,1,1,0,0,0,0,1,1,1,1,1,1,1,1,1,0,1,0,0,0,1,1,0,1,1,0,1,0,1,0,1,1,1,0,1,0,0,1,1,0,1,1,1,0,1,0
1,0,0,1,0,0,0,1,0,0,1,0,0,0,0,1,1,0,1,1,1,1,1,1,0,0,1,1,0,0,1,1,1,0,0,0,0,0,1,0,1,0,0,1,1,1,0,1,1,1,1,0,1,0,1,1,1,1,0,1,0,0,0,0,1,0,1,1,1,1,1,1,0,0,0
1,1,0,1,1,0,0,1,1,1,0,1,1,0,1,1,1,0,0,0,0,1,0,0,0,1,1,0,1,0,0,1,1,0,0,1,1,1,0,1,1,1,0,1,1,1,0,1,1,0,1,1,1,1,1,1,1,1,0,1,0,1,0,0,0,0,1,0,0,1,0,1,0,0,0
1,0,0,1,1,1,0,1,1,0,1,0,0,0,1,1,1,1,0,0,0,0,0,1,0,1,1,1,0,1,1,0,0,1,1,1,0,1,0,1,1,0,1,1,1,0,1,0,1,0,1,1,1,1,0,0,1,1,0,1,0,1,1,0,1,0,1,1,1,1,1,0,0,1,1
1,0,1,1,1,0,0,1,0,0,0,1,0,0,1,0,1,0,0,0,0,1,1,1,0,1,1,0,0,0,0,1,0,0,1,0,0,1,0,0,0,1,1,1,0,1,0,0,0,0,1,1,0,1,0,0,0,0,1,1,1,1,1,0,1,0,1,1,0,1,1,0,0,0,0
1,0,1,0,1,0,0,1,0,0,0,1,0,0,0,0,0,1,0,1,1,1,0,0,1,0,1,0,1,0,1,0,0,0,1,0,1,1,1,0,1,1,0,1,0,1,0,1,0,1,1,1,1,0,0,1,1,1,1,1,1,1,0,0,1,0,0,0,0,1,0,0,0,1,1
1,0,0,0,1,1,0,1,1,0,1,1,0,0,0,1,1,1,1,0,1,0,1,1,0,0,0,1,1,1,0,1,1,0,1,1,0,1,0,0,1,0,0,1,1,0,0,0,0,0,1,1,1,1,0,0,0,1,1,0,1,1,1,0,1,0,1,0,0,1,0,1,1,1,1
1,0,0,1,1,1,0,0,0,1,0,1,1,0,1,1,0,1,0,0,1,1,1,1,1,1,1,0,0,1,1,1,0,0,1,0,0,0,0,0,0,1,1,1,1,0,1,1,0,1,1,0,1,0,1,1,1,0,0,1,0,0,1,0,1,1,1,0,0,0,1,1,1,1,0
1,0,0,1,0,1,0,0,0,1,0,1,1,0,0,0,1,1,1,0,1,1,0,1,0,0,1,1,0,0,0,1,0,1,1,1,1,1,1,0,1,0,1,1,1,1,0,0,0,0,1,1,1,0,1,1,0,0,0,0,1,1,0,1,1,1,0,1,1,1,1,0,1,0,0
1,1,0,1,1,0,0,1,0,1,0,0,0,0,0,1,1,1,1,1,1,0,0,1,1,1,1,1,1,1,0,1,1,1,0,0,1,0,1,0,1,1,0,1,1,1,1,1,0,1,1,0,1,0,0,0,1,0,0,1,1,1,0,0,1,0,1,1,0,1,0,0,0,1,0
1,0,1,0,0,0,1,0,0,0,0,1,0,0,1,1,1,1,0,0,1,1,1,1,0,1,1,1,1,1,1,0,1,0,0,1,0,0,0,1,1,1,0,1,0,1,1,1,1,1,1,1,1,0,1,1,1,1,1,0,1,1,1,0,0,1,0,1,0,1,0,0,0,1,1
1,0,0,1,1,0,0,1,1,1,0,1,0,0,0,0,1,0,1,0,1,1,0,1,1,1,1,1,1,1,1,0,1,1,1,1,1,0,0,0,1,1,0,0,0,1,1,1,0,1,1,1,0,0,0,0,1,1,0,0,1,1,1,0,0,0,0,1,0,1,0,1,0,1,1
1,0,0,1,0,0,1,0,0,1,0,1,0,0,0,1,1,1,1,0,1,1,1,1,1,0,1,0,1,0,0,1,0,0,0,0,0,1,1,0,1,0,0,1,1,0,1,1,0,1,0,0,1,0,0,0,1,0,0,0,0,0,0,1,1,1,0,0,1,0,0,0,1,1,0
1,0,1,1,1,0,0,1,1,1,1,0,0,0,0,1,1,0,0,0,1,1,0,1,1,0,1,0,0,0,0,1,1,0,0,0,0,0,1,0,1,0,0,1,0,1,0,1,0,1,1,1,1,0,1,1,1,0,0,1,0,1,0,0,0,0,1,1,0,1,1,1,0,1,0
1,0,0,0,0,0,0,1,0,1,1,0,0,0,0,1,1,1,0,0,0,1,0,1,0,0,1,0,1,1,1,1,0,0,1,1,1,1,1,1,1,0,1,1,0,0,1,0,0,0,0,0,1,1,0,1,0,0,1,1,0,1,0,1,0,0,1,0,1,1,1,0,1,0,0
1,0,1,0,1,1,0,0,0,1,0,1,1,0,0,1,1,0,1,0,0,1,0,1,0,0,1,0,0,1,1,1,1,0,0,0,0,1,1,0,1,0,1,1,1,0,1,1,0,1,1,1,1,1,0,0,1,1,1,1,1,0,0,0,0,0,0,1,1,1,0,1,1,0,1
1,1,0,1,0,0,0,1,0,1,0,0,0,0,0,1,0,1,0,0,1,0,0,1,1,1,1,0,1,0,0,0,1,0,1,0,1,0,1,0,1,0,0,1,1,0,0,0,0,1,0,1,1,0,0,0,0,0,0,0,0,0,1,0,1,1,0,0,1,1,0,0,1,1,0
1,0,1,1,0,0,1,1,0,1,1,1,1,0,0,0,1,1,1,0,0,1,0,1,0,1,1,1,1,0,0,1,0,0,1,1,0,0,1,0,1,1,0,1,0,1,0,0,1,0,1,0,1,0,0,1,0,1,0,0,1,1,0,0,1,0,0,1,0,1,1,0,0,1,0
1,0,0,0,1,1,0,1,0,0,1,1,0,1,0,1,1,0,1,1,1,1,0,0,0,0,1,1,1,1,0,1,0,0,0,0,1,1,1,0,0,0,1,1,0,1,0,0,1,0,1,1,1,0,1,1,0,1,0,1,1,0,0,0,1,0,0,1,1,1,1,1,0,1,0
1,0,0,0,1,1,0,1,0,0,1,1,1,0,0,0,1,1,1,1,0,1,0,0,0,0,1,0,1,0,1,0,1,0,1,0,1,1,0,1,1,0,0,1,0,1,1,0,1,0,1,0,1,1,0,1,0,0,1,1,1,1,0,1,0,1,0,1,1,1,0,0,0,1,0
1,1,1,0,0,0,0,1,1,0,0,1,0,0,0,1,1,0,1,0,0,1,0,1,0,1,1,0,1,0,0,0,1,0,1,0,0,0,0,1,1,0,0,1,1,0,0,0,1,1,1,1,1,1,1,1,0,0,0,1,0,0,1,0,1,0,0,0,1,1,1,1,0,1,0
1,0,1,0,1,1,0,1,0,1,0,1,0,1,1,1,0,1,0,0,1,1,1,1,0,1,1,0,1,0,0,0,1,0,1,1,0,1,0,1,1,0,0,1,1,0,0,0,0,0,1,1,1,0,1,1,0,0,0,0,0,0,1,1,1,1,0,0,1,1,0,0,1,0,0
1,1,1,0,1,1,0,1,1,1,1,0,1,1,0,0,1,0,1,0,1,1,1,1,1,1,0,0,1,0,0,1,1,0,0,0,1,1,1,0,1,1,0,1,1,1,0,0,0,0,1,0,1,1,0,0,1,1,1,0,0,1,1,0,1,0,0,1,1,1,0,1,0,1,0
1,0,1,1,0,0,0,1,0,1,1,0,0,0,1,0,1,1,0,0,1,0,0,0,1,0,1,1,1,0,1,1,0,0,0,1,1,0,0,1,1,0,0,1,0,1,0,0,1,0,1,1,1,1,0,1,0,1,1,1,0,0,1,0,1,0,0,0,1,1,1,0,0,0,0
1,0,0,0,1,0,0,1,1,0,1,1,0,0,1,0,0,1,1,0,0,1,0,0,0,0,1,1,1,1,0,0,0,0,1,1,0,1,0,1,1,1,1,1,0,0,1,0,0,1,0,1,1,1,1,1,1,1,0,1,0,0,1,0,1,0,0,1,0,0,1,1,1,0,1
1,0,0,1,0,0,0,1,0,0,0,1,0,0,0,0,0,0,0,0,0,0,0,1,1,0,1,0,1,1,0,0,1,0,0,0,0,1,0,0,0,1,1,1,0,1,0,0,0,1,1,1,1,0,0,1,0,1,1,1,0,0,1,0,0,0,1,1,0,0,1,1,0,0,0
1,0,0,1,0,0,0,1,1,0,1,1,1,0,0,1,1,1,0,0,0,0,1,1,0,0,1,1,0,0,0,1,1,0,0,0,1,0,0,1,1,0,0,1,1,1,1,0,1,1,1,0,1,1,1,0,0,0,0,0,0,0,1,0,1,0,1,1,0,1,0,0,0,1,0
1,0,1,1,0,1,0,1,1,0,0,0,1,0,1,0,1,1,0,1,0,1,1,1,0,1,1,0,0,0,1,0,0,0,1,0,1,1,1,0,1,1,0,1,0,1,1,0,0,0,1,0,1,1,0,0,0,1,0,0,0,1,0,1,0,1,0,1,1,1,0,0,1,1,1
1,1,0,1,0,0,0,1,0,0,1,1,0,0,1,1,0,0,1,0,0,1,0,1,0,1,1,0,1,0,0,0,1,0,1,0,0,1,0,1,1,0,0,0,0,1,0,0,1,1,1,0,1,1,0,1,0,1,0,0,1,0,1,0,0,0,0,1,0,1,0,1,0,0,0
1,0,1,1,1,1,0,1,1,0,0,1,0,1,1,1,0,0,1,0,0,0,0,1,1,1,1,0,0,1,0,1,0,1,0,0,1,1,1,0,1,0,1,0,0,0,1,0,0,1,1,1,1,0,1,0,0,1,1,1,0,1,1,0,0,0,0,1,0,1,1,0,1,1,1
1,0,1,1,1,1,0,1,0,0,1,1,0,0,0,0,1,1,0,0,0,1,0,0,0,0,1,1,1,0,0,0,1,1,0,0,0,0,1,0,1,1,0,1,1,0,1,1,0,0,1,0,1,1,0,1,1,0,1,0,0,1,0,0,0,0,1,0,1,1,0,0,0,1,0
1,0,1,1,0,0,0,1,0,1,0,1,0,1,0,0,1,0,1,0,1,1,0,1,1,1,1,0,1,1,1,0,1,0,1,0,1,0,1,0,1,1,0,1,0,1,1,1,1,0,1,1,1,1,0,1,0,1,0,0,1,1,1,0,0,0,1,0,1,1,0,1,0,1,1
1,0,1,1,0,1,0,1,0,1,0,0,0,1,0,1,1,0,1,0,1,1,1,1,1,1,0,1,0,1,1,0,1,0,1,0,1,1,1,0,1,0,1,1,1,0,0,0,0,1,1,0,1,1,0,1,1,0,1,1,0,1,1,0,0,0,1,1,0,1,1,1,1,0,0
1,1,1,0,1,1,1,1,1,0,1,1,0,0,1,0,0,0,1,1,1,1,0,0,0,0,0,1,1,0,1,0,1,0,0,0,1,0,0,1,1,1,1,1,1,0,0,1,1,0,1,1,1,1,0,1,1,1,1,0,1,0,1,0,1,0,1,1,0,1,1,0,0,1,0
0,0,1,1,0,0,0,1,0,1,0,0,0,1,0,0,0,1,1,0,1,1,1,1,1,1,1,1,0,1,1,1,1,0,0,1,0,0,1,0,1,1,0,1,0,1,0,1,0,1,1,0,1,1,1,0,0,0,1,0,0,0,1,1,0,1,0,0,0,1,1,0,1,1,0
1,1,1,1,1,0,0,1,1,1,1,1,1,0,0,0,1,1,1,1,1,1,0,1,0,1,0,1,0,0,1,0,0,0,1,1,0,1,1,0,1,1,1,1,1,0,0,1,0,0,1,1,1,1,0,1,1,1,0,0,1,0,1,0,1,0,0,1,0,1,1,0,0,1,1
1,0,0,1,1,1,1,1,0,0,0,1,1,0,1,1,1,0,0,0,1,1,1,1,1,0,1,1,0,0,1,0,0,0,1,1,0,1,0,1,1,0,1,1,0,1,0,0,1,0,1,1,1,1,0,1,0,1,0,1,1,0,1,0,0,0,1,1,1,0,0,0,0,1,0
1,1,0,1,1,0,0,1,1,1,0,1,0,0,0,0,0,0,0,1,1,1,0,0,1,1,1,0,1,0,1,1,1,0,1,0,1,0,0,1,1,1,1,1,0,0,1,1,1,1,1,0,1,0,1,1,1,0,0,0,0,0,1,0,0,0,1,1,0,1,0,1,0,1,0
1,1,0,0,1,1,0,1,0,1,1,0,0,0,0,0,0,0,1,1,1,1,0,1,1,0,0,0,0,1,1,1,1,1,1,0,0,0,1,0,1,0,0,1,1,0,1,0,0,1,1,1,1,0,0,1,0,0,0,1,0,0,1,0,1,0,0,0,1,1,1,0,1,1,1
1,0,1,1,0,0,0,0,0,1,0,0,0,1,0,1,1,0,0,0,0,1,1,1,0,1,1,0,1,1,1,1,1,1,0,1,1,0,0,1,1,0,1,1,0,1,0,1,0,1,1,0,1,1,0,1,1,0,1,0,0,0,1,0,1,1,0,0,1,1,0,0,1,1,1
1,1,0,1,1,0,1,0,0,1,0,1,0,0,0,0,1,0,0,1,1,1,0,1,0,1,1,0,0,1,0,1,0,0,0,0,0,0,1,0,0,1,0,1,1,0,0,1,1,0,1,0,1,0,0,1,1,1,0,0,0,1,0,0,0,1,0,1,1,1,0,1,1,1,0
1,0,0,0,0,1,0,1,0,0,0,1,0,0,1,0,1,1,1,0,1,0,0,1,0,0,1,0,1,0,0,0,1,0,0,0,0,0,0,1,0,1,0,1,0,1,0,0,1,1,1,1,1,1,1,1,1,1,1,0,1,1,1,0,1,0,0,0,1,1,0,0,0,1,0
1,0,0,0,0,0,1,1,0,1,0,1,0,0,1,1,1,0,0,0,0,1,0,1,0,0,0,0,1,1,1,0,0,0,0,1,1,1,0,1,0,0,0,1,1,0,0,1,1,1,1,1,1,1,0,1,1,1,1,0,0,0,1,1,0,1,1,1,0,1,0,1,0,1,0
1,0,1,0,1,0,0,1,0,0,0,1,0,1,0,1,0,1,0,0,1,1,1,1,0,0,1,0,0,1,0,1,0,1,1,0,1,0,0,1,1,0,0,1,0,1,0,0,1,0,1,1,1,0,1,0,0,1,0,0,1,1,1,0,1,0,1,1,1,1,0,1,0,1,1
1,1,1,0,1,0,0,0,1,1,0,1,1,1,0,0,1,1,0,1,0,0,0,0,1,1,1,0,1,0,1,0,1,0,0,1,0,0,0,1,1,1,0,1,0,1,0,0,0,0,1,1,1,0,0,0,0,1,1,1,1,0,1,0,1,1,0,0,0,1,1,1,0,0,1
0,0,0,1,1,0,0,1,0,0,1,1,1,0,1,1,1,1,0,0,0,1,0,1,1,1,1,0,0,1,0,0,0,1,1,1,1,1,0,1,1,0,1,1,0,0,1,0,1,0,1,1,1,0,1,0,0,1,0,1,1,0,0,0,1,0,0,0,1,1,1,1,0,1,1
1,0,0,1,1,0,0,1,0,1,1,1,0,0,1,0,0,1,0,0,0,1,0,1,1,1,1,1,1,0,1,1,1,0,1,0,1,1,0,1,1,1,0,1,1,0,0,0,1,0,0,1,0,1,1,1,0,1,0,0,1,1,1,0,0,0,1,0,0,1,0,1,1,1,1
1,0,0,1,1,0,1,1,0,0,1,1,0,1,1,1,1,1,0,1,1,1,1,1,1,1,0,1,0,1,1,0,0,0,1,0,1,0,1,0,1,0,1,1,0,1,1,1,0,1,1,0,1,1,0,0,1,1,0,0,0,0,1,0,1,0,0,0,1,1,1,0,0,1,1
1,0,0,0,1,0,0,1,0,0,0,0,1,0,1,1,1,1,1,0,0,1,0,0,0,0,0,0,0,0,1,1,0,0,1,1,1,0,0,1,1,0,1,1,1,0,1,1,1,0,1,0,0,0,1,0,1,0,0,0,0,0,1,0,1,1,0,0,1,1,1,1,1,0,0
1,1,0,1,1,1,0,1,0,0,1,1,1,0,0,1,0,0,0,0,0,1,0,1,0,0,1,0,0,0,1,0,0,0,0,0,0,0,0,0,0,1,1,1,0,1,1,1,0,0,1,1,1,0,1,1,1,0,1,1,1,1,1,1,0,0,0,1,0,1,1,1,1,1,1
1,1,1,1,0,0,0,1,0,1,0,0,1,0,0,0,0,1,1,0,0,0,1,1,1,0,0,0,1,1,0,1,1,0,1,0,0,1,1,0,1,1,1,1,1,0,1,0,0,0,1,0,1,1,0,0,0,1,0,0,0,1,0,0,0,0,0,1,0,1,0,0,0,1,0
1,1,0,1,0,1,1,1,0,0,0,1,0,0,0,0,0,0,0,1,1,1,0,1,0,0,0,0,0,0,0,0,0,0,1,0,0,1,1,0,1,1,1,1,1,1,1,0,0,1,1,1,1,1,0,0,0,0,0,1,0,0,1,0,0,0,1,1,0,0,1,1,1,0,0
0,0,0,0,1,0,1,1,0,1,0,1,0,0,0,1,0,1,0,0,0,1,0,1,0,1,1,1,1,0,1,1,1,0,1,1,1,0,0,0,0,1,1,1,0,1,0,0,1,1,1,1,0,1,0,1,1,1,1,1,0,0,0,0,1,0,1,0,0,0,1,0,1,1,1
1,0,0,0,0,1,0,1,1,1,0,1,1,0,0,1,1,1,0,0,1,1,0,1,1,0,1,0,0,0,1,0,0,1,0,0,1,0,1,0,1,1,1,1,0,1,0,0,0,1,1,0,1,1,0,0,0,1,1,1,1,1,1,1,1,0,0,0,0,1,1,0,0,1,0
1,0,0,0,0,1,0,1,1,1,1,0,0,0,0,0,1,0,0,0,1,0,0,1,1,0,0,1,1,0,1,1,0,0,1,0,1,1,1,0,1,1,1,1,0,1,0,0,1,1,1,0,1,1,1,1,0,1,0,1,0,1,1,0,0,1,1,1,0,1,1,1,0,1,0
1,0,0,1,1,0,0,1,0,1,0,1,0,0,1,1,0,1,1,1,0,1,0,1,1,0,1,1,1,0,0,0,0,1,1,0,0,0,0,1,1,0,1,0,0,0,0,1,0,1,1,1,1,0,1,0,1,1,0,0,0,0,0,0,0,0,0,1,1,1,1,0,0,1,0
1,1,1,0,1,0,0,1,0,1,1,1,1,0,0,1,1,1,0,0,1,1,1,1,1,1,1,1,0,0,0,0,1,0,1,0,1,1,1,0,1,1,0,1,1,0,1,0,0,1,1,0,1,0,0,1,1,1,1,0,1,0,0,0,0,1,0,0,1,1,0,0,0,1,0
1,0,0,0,0,1,0,1,0,0,0,0,0,0,0,1,0,0,0,1,0,1,0,1,0,0,1,1,0,0,0,1,1,1,0,0,0,0,0,0,1,1,0,1,1,0,0,0,1,1,1,1,1,0,1,1,0,1,0,1,0,0,0,1,1,0,1,0,0,1,0,1,0,0,0
1,0,1,0,0,1,0,1,0,1,1,1,0,0,1,0,1,1,1,0,0,1,1,1,0,0,1,1,1,1,0,1,0,0,0,1,0,0,1,0,1,1,0,1,1,1,1,0,0,1,1,1,1,0,0,1,0,1,1,1,0,0,1,1,1,0,0,0,0,0,1,1,0,1,0
1,0,1,0,1,1,0,1,0,1,0,0,0,0,0,1,0,0,0,1,1,1,1,1,1,1,0,0,1,1,1,0,1,1,0,0,0,0,1,0,0,0,0,1,0,0,1,1,0,0,1,0,0,0,1,0,1,1,1,1,0,1,1,0,0,0,0,0,0,1,0,1,0,1,0
1,1,1,1,1,1,0,1,1,1,1,1,1,1,1,1,1,0,1,0,0,1,0,1,0,0,1,1,0,0,1,0,0,0,0,0,0,0,1,0,1,0,1,1,1,1,0,0,0,0,1,1,0,0,1,1,0,0,1,1,1,1,1,0,0,0,0,1,1,1,1,0,0,1,0
1,0,0,1,1,0,0,1,1,0,1,1,0,0,0,0,1,0,1,0,0,1,0,1,0,0,0,1,1,1,1,0,0,0,1,0,0,0,1,0,1,0,1,1,0,1,0,0,1,0,1,0,1,0,1,0,0,1,1,1,0,1,1,0,0,0,1,1,1,0,1,1,0,1,0
1,0,0,0,1,0,1,0,0,1,0,0,0,0,0,1,1,0,1,0,1,0,1,1,0,1,1,1,1,0,1,1,1,0,1,0,0,1,0,1,1,0,1,1,1,0,1,1,0,1,1,0,1,1,0,1,1,1,0,1,0,0,1,0,0,1,0,0,1,1,1,1,1,0,1
1,0,0,0,1,0,1,1,0,1,1,1,0,0,0,0,1,0,1,1,1,1,1,1,0,1,1,0,0,1,0,1,0,1,1,0,1,1,1,0,1,1,0,1,1,0,0,0,1,1,1,0,1,0,1,1,0,1,1,0,1,1,1,0,0,0,1,0,0,1,0,1,0,1,1
1,0,0,0,0,1,0,1,1,1,1,1,1,0,1,1,1,0,0,0,1,1,0,1,0,0,0,0,1,0,1,0,1,0,0,1,0,0,1,1,1,1,0,1,0,1,0,0,0,0,1,1,1,1,0,0,0,1,1,1,1,1,1,1,1,0,0,0,0,1,1,0,0,0,0
1,1,1,1,0,0,0,1,0,1,0,0,1,0,1,1,0,1,0,0,0,1,0,0,0,0,1,0,0,1,0,1,0,0,1,1,0,1,0,0,1,1,0,1,1,0,0,1,0,0,0,1,1,1,0,1,1,0,1,0,0,1,1,0,1,0,1,0,0,1,0,1,0,0,1
1,0,1,1,0,1,1,1,0,1,1,0,0,0,0,0,1,0,1,0,1,1,1,1,1,1,1,1,1,0,0,0,1,0,0,1,0,0,0,1,1,1,1,1,1,0,1,0,0,1,1,0,1,0,0,1,0,1,1,1,0,0,1,0,1,0,0,0,1,0,0,1,0,1,1
1,1,1,1,1,1,0,0,0,1,0,1,0,1,1,1,0,1,1,1,1,1,0,1,0,0,0,0,0,0,0,1,0,0,1,1,1,1,1,0,0,1,1,1,1,0,1,0,1,1,1,1,1,1,0,1,0,0,1,1,0,0,0,0,0,1,1,1,0,1,0,1,0,1,0
0,0,0,1,1,1,0,1,1,0,1,0,0,0,1,1,1,0,1,0,0,0,0,1,0,0,0,0,1,0,1,0,0,1,1,0,0,1,1,0,1,0,0,1,0,1,1,0,1,1,1,0,1,1,0,1,0,1,0,0,0,1,1,0,1,0,0,0,0,0,0,0,0,1,0
0,0,0,1,0,0,0,0,0,0,0,0,1,0,0,1,1,1,0,1,1,1,0,0,0,0,1,0,0,0,1,0,1,0,1,0,1,0,1,0,1,0,0,1,0,1,0,0,1,0,1,1,1,1,0,1,0,1,0,0,0,0,1,0,0,1,1,1,0,1,0,0,0,1,1
1,0,1,0,1,1,1,1,0,1,0,1,0,0,0,0,0,1,0,0,0,1,1,1,0,1,0,1,0,0,1,1,1,1,0,1,0,1,1,1,1,0,0,1,0,1,0,0,0,1,1,1,1,1,0,1,0,1,1,1,1,0,0,1,1,0,0,1,1,1,1,0,1,1,0
0,1,1,1,0,1,0,1,0,1,0,1,1,0,0,1,1,1,0,0,1,1,1,1,0,0,1,0,0,0,0,0,0,1,1,0,1,1,1,0,1,1,1,1,0,0,1,1,0,0,1,1,1,1,1,1,1,1,0,1,1,1,1,0,1,0,0,0,0,1,1,1,0,1,0
0,1,0,1,1,1,0,1,1,0,1,1,1,0,0,0,1,1,1,0,1,1,0,1,0,0,0,0,1,1,0,1,0,0,1,1,1,0,1,0,1,1,1,1,1,0,1,0,0,0,1,1,0,1,0,0,0,1,1,1,1,0,1,0,1,0,1,0,1,1,1,0,0,0,1
0,1,0,0,0,1,1,1,1,0,0,1,0,0,1,1,1,0,1,0,0,1,0,1,1,1,1,0,1,1,1,1,0,0,1,1,0,0,0,1,1,0,0,1,1,0,0,0,0,1,1,0,1,1,1,1,0,1,1,1,0,0,0,0,1,0,0,0,1,1,1,0,1,1,0
1,0,0,1,0,0,0,1,0,1,1,1,1,0,1,1,1,1,1,0,1,1,0,1,1,0,1,0,0,0,1,1,0,0,1,1,0,0,0,1,1,0,1,1,0,1,0,0,0,0,1,1,1,1,0,1,0,1,0,1,1,0,0,0,0,0,1,1,1,1,1,0,0,1,0
1,0,1,0,1,0,0,1,1,1,0,0,0,0,0,1,1,0,1,1,1,1,0,1,0,1,0,1,1,0,0,1,1,0,1,0,0,1,1,0,1,1,1,1,0,1,1,0,0,1,1,1,1,0,1,0,0,0,0,1,0,0,0,0,0,1,1,1,0,1,1,1,1,1,0
1,0,1,1,1,0,0,1,0,0,1,1,0,0,1,1,1,1,0,1,0,0,0,0,0,0,0,0,1,1,1,1,0,1,0,1,0,1,1,0,1,1,1,1,1,1,0,1,0,1,1,1,1,0,1,1,1,1,0,1,1,0,0,0,1,0,0,0,0,1,1,1,1,1,1
1,0,0,1,0,1,0,0,1,1,0,1,1,0,0,0,1,1,0,0,1,0,1,1,0,0,1,1,0,0,0,1,0,0,1,0,0,0,0,1,1,0,0,1,1,1,1,0,1,1,1,0,1,1,0,1,1,0,0,0,0,1,0,0,1,1,1,1,0,1,0,0,0,1,0
1,0,1,0,0,1,1,1,0,0,0,0,1,1,0,0,0,0,0,0,0,1,1,1,0,0,0,1,1,1,0,1,1,1,1,0,1,0,0,0,0,1,1,1,0,1,0,1,0,1,1,0,1,0,1,1,0,0,0,0,0,0,1,0,0,0,0,0,1,1,0,1,1,1,0
1,0,1,0,1,1,0,1,0,0,0,1,1,0,1,1,1,1,1,0,0,1,0,1,0,1,1,0,0,1,1,0,0,0,0,1,1,0,0,1,1,1,1,1,1,1,1,0,0,0,1,1,1,1,0,1,0,1,1,1,0,1,0,0,1,0,0,1,1,1,0,0,0,1,0
1,0,0,0,0,1,0,1,0,1,0,1,0,0,1,1,0,0,0,1,1,1,1,1,1,1,0,1,0,1,1,0,0,0,1,1,0,1,0,1,1,0,0,1,0,1,0,1,0,1,1,0,0,1,0,1,1,1,1,1,0,0,0,0,0,0,1,1,1,1,0,0,0,1,0
1,0,1,0,0,0,0,1,1,1,0,0,0,0,0,0,0,0,0,0,0,1,0,1,0,1,1,1,1,0,1,0,1,0,0,1,0,0,1,0,1,0,0,1,0,1,0,1,0,1,1,0,1,0,1,0,1,1,1,0,0,1,1,0,1,0,0,1,1,0,0,1,1,1,1
1,0,0,1,1,0,0,1,0,1,0,1,0,0,1,0,1,0,1,0,0,1,0,1,0,0,0,0,1,0,1,0,0,0,0,0,1,1,0,0,0,1,0,1,1,0,1,0,1,0,1,0,1,1,1,1,0,1,1,1,1,1,1,0,1,0,1,1,1,1,1,0,0,1,0
1,0,0,0,0,0,1,0,0,0,0,0,0,0,0,0,1,0,0,1,1,1,1,1,0,0,0,1,1,1,1,1,1,0,0,0,1,1,1,0,1,1,1,1,1,1,0,0,1,1,1,0,1,0,1,1,0,0,1,1,0,0,1,0,1,1,0,0,1,1,1,1,1,1,0
1,1,0,0,1,1,0,0,0,1,0,1,0,0,1,0,0,1,1,0,0,0,0,1,1,1,1,0,0,1,1,1,0,0,0,1,0,0,1,0,1,1,0,1,1,0,1,0,0,1,1,1,1,1,0,1,1,0,1,1,0,0,1,0,0,1,1,1,0,1,0,1,0,1,1
1,1,0,0,0,1,1,0,0,1,0,0,0,0,1,1,0,0,1,0,1,1,1,1,1,1,0,1,0,0,0,0,0,0,1,1,0,1,0,1,0,0,0,1,1,0,0,0,0,1,1,0,1,1,1,1,0,1,0,0,0,1,0,0,1,1,0,0,1,1,0,0,1,1,0
0,0,0,1,0,0,0,1,0,1,1,1,0,0,1,1,1,0,1,0,1,0,0,1,1,1,1,1,0,0,1,1,0,0,1,0,1,1,0,0,1,0,0,1,0,0,1,0,0,1,1,1,1,1,0,1,0,0,0,1,1,0,1,0,0,0,0,1,0,1,1,0,1,1,0
1,0,0,0,1,0,0,1,1,0,0,0,1,0,0,1,0,1,1,1,0,1,0,0,0,0,1,1,0,1,0,0,1,0,1,0,1,0,0,1,1,1,1,1,1,0,1,0,1,0,0,1,1,0,1,0,0,1,1,1,0,1,1,0,1,0,0,0,1,1,1,1,0,1,0
1,0,0,0,1,1,1,1,0,1,0,1,1,0,0,1,0,1,0,1,0,1,0,0,1,0,1,0,1,0,1,1,1,0,1,1,1,1,0,1,0,0,0,1,1,0,1,0,0,1,0,1,1,1,0,0,0,0,1,1,1,0,0,0,1,0,0,0,1,1,0,0,1,1,1
0,1,1,0,1,0,0,1,0,1,0,0,0,0,1,1,1,0,0,0,1,1,0,1,0,1,0,0,0,1,1,1,0,0,0,1,1,0,1,1,1,0,0,1,0,1,0,1,1,1,1,1,1,0,0,1,1,1,1,1,0,1,1,0,1,0,1,0,1,0,0,1,0,1,0
0,0,1,1,0,1,0,1,0,1,1,1,0,0,0,0,0,1,0,0,1,1,1,1,0,0,1,0,0,0,0,0,1,0,1,1,0,0,0,1,0,1,0,1,1,1,1,0,1,1,0,0,1,1,0,1,0,1,0,0,0,1,1,0,1,0,0,0,0,1,0,0,0,0,0
0,1,0,0,1,1,0,1,0,0,0,1,0,0,0,0,0,0,1,0,0,1,0,1,0,1,1,1,0,1,1,1,1,0,0,0,1,1,0,1,0,0,0,0,0,1,0,1,1,0,1,1,1,1,0,1,0,0,1,1,1,1,1,0,0,1,1,0,1,1,0,1,0,1,0
1,1,1,1,0,0,0,1,0,1,1,1,0,0,1,0,1,0,0,0,1,1,1,1,1,0,1,0,1,0,1,1,0,0,1,1,0,1,0,1,0,0,1,1,1,0,0,1,0,1,1,1,1,0,0,1,0,0,0,0,1,0,1,0,0,0,0,1,1,1,1,0,0,1,1
1,0,0,0,1,0,1,1,0,0,0,0,0,0,0,1,0,0,0,0,0,1,1,1,0,0,1,1,1,0,0,1,0,1,1,0,0,0,1,0,1,1,0,1,0,1,1,0,1,1,1,0,1,0,1,0,1,1,1,1,0,0,1,0,1,0,0,0,1,1,0,0,0,1,0
1,0,0,1,0,1,0,1,0,0,1,1,1,1,0,0,1,1,0,1,0,0,0,1,0,1,1,1,1,1,0,0,1,0,1,0,1,1,1,0,1,1,0,1,1,1,0,0,1,1,1,1,1,1,0,0,1,1,0,1,0,0,0,0,1,0,0,0,1,1,1,0,0,1,0
1,0,1,1,1,0,0,1,1,1,0,1,0,0,1,1,0,1,0,0,1,1,0,1,0,0,1,0,1,0,1,1,0,1,1,0,0,0,0,1,1,0,1,1,0,1,0,0,0,0,1,0,1,0,1,1,1,1,0,1,1,0,1,1,1,0,0,0,0,1,1,0,0,1,0
1,0,0,0,0,0,1,0,0,0,0,1,0,0,1,1,1,1,0,0,0,1,0,1,0,0,1,0,0,1,1,1,0,0,0,0,0,1,1,0,1,1,0,1,0,1,1,0,0,1,0,0,1,1,0,1,0,1,1,0,1,0,1,1,1,0,1,1,1,0,0,0,0,1,0
1,0,0,0,1,0,0,1,0,1,0,0,1,0,1,0,1,1,0,0,0,1,0,1,1,0,1,0,1,1,1,1,0,0,0,1,0,1,0,1,0,0,0,1,0,1,0,1,1,0,1,1,1,1,0,1,0,1,1,1,0,1,1,0,0,0,0,0,1,1,0,1,0,1,0
1,0,0,1,0,1,1,0,0,0,0,0,0,1,1,1,0,1,0,0,0,0,1,1,0,0,1,1,1,1,1,1,0,0,1,0,1,0,0,1,0,0,0,1,0,1,0,0,1,1,0,0,1,0,1,1,0,1,0,0,0,0,0,0,0,1,0,0,1,1,0,0,0,1,0
1,0,1,1,0,0,0,0,0,0,0,1,1,0,1,1,1,1,1,0,0,1,0,1,0,0,1,1,1,0,0,1,1,0,1,0,0,1,0,1,1,0,1,1,1,1,1,0,0,0,0,1,1,0,1,0,0,1,0,1,1,0,1,0,1,1,0,0,1,1,1,0,0,1,1
0,0,0,0,0,1,0,1,0,0,0,1,0,0,0,0,1,0,1,0,0,1,0,0,0,1,1,1,1,0,0,0,1,0,1,0,1,0,0,1,1,0,1,1,0,1,0,0,1,1,1,1,1,0,0,1,0,1,1,1,1,1,0,0,1,0,1,0,1,1,1,1,0,1,0
1,0,0,1,1,0,0,1,1,0,1,0,0,0,0,1,1,1,0,0,0,1,0,1,0,1,1,0,0,1,1,1,1,0,0,0,0,1,1,0,1,0,1,0,0,1,1,1,1,1,1,1,1,0,0,1,1,1,1,1,0,1,1,0,1,0,0,0,1,0,1,1,0,0,0
0,1,1,1,0,1,0,1,0,0,0,1,0,1,1,0,1,0,0,0,0,1,0,1,0,0,0,0,1,0,1,1,0,0,0,1,1,1,0,0,1,1,0,1,0,0,1,0,0,1,1,1,1,1,0,0,0,0,0,0,1,1,0,0,1,0,1,0,0,1,0,0,1,1,1
1,0,1,1,0,1,0,0,0,0,1,1,1,0,1,0,1,1,1,0,1,1,0,1,0,1,1,0,0,1,0,0,0,1,1,0,0,0,1,0,1,1,0,1,1,1,0,1,0,1,1,1,1,1,0,0,1,0,0,1,0,0,1,0,0,1,0,0,0,1,1,1,0,1,0
1,0,0,1,0,1,0,0,0,1,0,1,1,0,1,0,0,1,0,0,1,1,0,1,1,0,1,1,0,1,1,1,0,0,1,1,1,0,1,1,1,0,0,1,0,1,0,0,1,0,0,0,1,1,1,1,0,0,0,1,1,0,0,0,1,1,0,0,0,0,1,1,0,1,0
1,1,1,0,1,1,0,1,0,0,1,0,0,0,1,0,0,0,1,0,1,1,1,1,1,0,1,0,1,1,1,1,0,1,1,1,0,0,0,1,0,1,1,1,0,1,1,0,1,0,1,0,1,0,0,0,0,1,1,1,0,0,1,0,1,0,0,0,0,1,1,1,0,0,0
1,1,0,0,1,1,0,1,0,1,0,1,0,0,1,1,0,1,0,0,0,1,0,0,0,1,1,1,1,0,0,1,0,0,0,1,0,0,0,1,0,0,0,1,0,1,1,0,1,1,1,0,1,1,1,1,0,0,1,1,0,1,1,0,0,1,0,1,1,1,1,1,0,1,1
1,0,1,1,1,1,1,1,1,1,1,1,1,0,1,0,0,1,1,0,1,1,1,1,0,1,0,0,0,1,1,1,0,0,0,0,0,0,1,0,1,1,0,1,0,0,0,0,1,0,1,1,1,0,1,0,1,1,0,0,1,1,0,0,1,0,0,0,0,0,0,1,0,1,1
1,1,1,0,1,1,1,1,0,0,1,0,0,0,0,1,1,1,0,0,1,1,1,1,0,0,1,1,0,0,1,1,0,0,1,1,0,0,0,1,1,1,0,1,0,0,1,0,0,1,1,0,1,1,0,1,0,1,1,1,0,0,1,1,0,0,1,0,0,1,0,0,1,1,0
0,1,1,1,1,0,1,1,0,1,1,1,0,1,1,0,0,1,0,1,1,1,1,0,0,0,1,0,1,1,0,0,0,0,1,1,0,0,1,0,1,1,1,0,1,1,0,0,0,1,1,0,0,1,0,1,1,1,1,1,1,1,1,0,1,0,1,0,1,1,1,0,0,0,1
0,1,0,1,0,0,0,1,0,1,0,1,1,1,0,1,0,1,0,0,0,1,0,1,0,1,1,1,0,1,0,1,1,1,0,0,0,0,1,0,1,1,1,0,1,0,0,0,0,1,1,1,1,1,0,0,0,1,1,1,1,1,1,1,1,0,1,1,1,1,0,0,0,0,0
1,0,0,1,1,0,0,0,0,1,0,1,0,1,1,0,1,1,1,0,0,1,0,1,0,1,1,1,0,1,1,0,0,1,0,1,0,0,0,0,1,1,0,1,0,1,1,0,0,0,1,1,1,0,0,1,1,0,1,0,1,1,1,0,1,1,0,1,0,1,0,1,1,1,0
1,0,0,0,0,0,0,1,0,1,0,1,0,0,0,0,1,1,0,0,1,1,0,0,0,0,1,1,0,1,0,0,1,0,0,0,0,1,1,0,1,1,0,1,1,0,1,0,1,0,0,1,0,1,0,0,0,1,1,0,0,1,1,0,1,0,0,0,0,1,1,0,0,1,0
1,1,0,1,0,0,0,1,0,1,0,1,1,0,1,0,1,1,1,0,0,1,0,1,0,0,1,0,1,0,1,1,0,1,0,0,1,0,1,0,1,1,1,1,1,0,1,1,0,1,1,1,1,0,1,1,1,0,0,1,1,0,0,0,1,0,0,0,1,1,1,1,1,1,1
1,0,0,1,0,0,0,1,0,1,0,0,0,0,0,0,1,0,1,1,0,1,0,0,1,1,1,1,1,0,0,0,1,0,1,1,0,1,0,1,1,0,0,1,0,0,1,0,0,1,0,0,1,1,0,1,0,1,0,1,0,0,1,0,1,0,0,0,0,1,0,1,0,1,0
1,1,1,1,1,0,0,1,0,0,0,1,1,0,1,0,1,1,0,1,1,1,0,0,0,0,0,1,1,0,0,1,0,0,1,0,1,0,0,1,0,1,1,1,1,1,0,0,0,1,1,1,1,1,0,1,0,1,0,0,1,1,1,1,0,1,0,1,1,1,0,0,0,0,0
1,1,1,1,0,0,0,1,0,0,1,0,0,0,1,0,0,0,1,0,0,1,0,1,0,1,0,0,1,1,1,1,1,0,1,1,1,0,0,0,1,1,1,1,1,0,0,0,1,1,1,1,1,1,0,1,0,1,0,1,0,0,0,0,0,0,1,0,0,0,1,1,0,1,0
0,1,0,0,0,1,0,1,0,1,1,1,0,0,1,0,0,0,0,1,0,1,0,0,0,1,1,1,0,1,0,0,0,0,0,1,0,1,1,0,1,1,1,1,1,1,0,0,1,1,1,1,1,1,0,1,0,1,1,1,1,1,1,1,0,1,1,0,0,0,1,0,1,1,0
1,1,0,1,0,1,1,0,0,1,0,1,0,0,0,1,1,0,0,1,0,1,1,1,1,1,1,1,1,0,0,1,1,0,1,0,1,0,1,0,1,1,1,1,1,0,1,0,0,0,1,0,1,0,1,0,0,0,0,1,1,1,0,0,1,1,0,1,0,1,1,0,1,0,0
1,1,0,1,0,1,0,1,0,1,1,1,0,0,0,0,1,0,0,0,0,1,1,1,1,1,0,1,1,0,1,1,1,0,1,1,1,1,0,1,1,0,0,1,0,1,0,0,1,1,1,1,1,1,0,1,0,1,1,0,0,0,0,0,0,0,1,1,1,1,0,1,0,1,0
0,0,0,0,1,1,0,0,0,0,0,0,0,0,0,0,1,0,0,0,0,1,0,1,0,1,1,0,1,1,0,1,1,1,1,0,0,1,1,0,1,1,0,1,1,1,0,0,0,1,1,1,1,0,0,1,0,1,0,1,0,1,1,0,0,1,0,1,0,1,1,1,1,1,1
1,0,0,1,1,1,0,1,0,1,1,1,0,0,0,1,0,0,0,0,1,1,0,1,1,1,1,0,0,1,1,0,1,0,1,0,0,0,1,0,1,0,1,1,0,0,0,1,0,1,1,0,1,0,1,1,1,0,0,1,1,0,1,0,0,0,0,1,1,1,1,1,1,1,0
1,0,1,1,1,1,1,1,0,0,1,1,0,0,0,0,1,1,0,0,1,1,1,1,1,1,1,1,1,1,1,0,0,0,0,1,0,1,0,1,1,1,1,1,1,0,1,0,1,1,1,1,1,1,0,0,0,1,1,0,0,1,1,1,1,0,1,0,1,1,1,0,0,1,1
1,0,0,1,1,1,0,0,0,0,0,1,1,0,0,1,1,0,0,0,0,0,0,1,1,1,1,0,0,1,0,1,0,1,1,0,0,0,1,0,1,1,1,1,1,1,1,0,1,0,1,1,1,0,1,0,0,1,1,1,0,1,0,0,1,1,0,1,1,1,1,1,1,1,0
1,1,1,1,1,1,1,1,1,0,0,1,0,0,1,0,1,0,1,1,0,1,1,1,0,1,0,1,0,1,0,0,0,0,0,1,0,1,0,1,1,1,0,1,0,0,0,0,1,1,1,0,1,0,0,1,1,0,0,0,0,0,1,0,1,0,0,0,1,1,0,0,0,1,0
1,0,1,1,1,0,0,1,0,0,1,1,1,1,0,0,1,0,1,0,0,1,0,1,1,0,1,0,1,0,0,1,1,0,0,0,1,1,1,0,1,1,0,1,1,1,0,0,1,0,1,0,1,0,0,1,1,1,1,1,1,0,1,0,0,0,0,1,1,1,1,0,1,0,1
1,0,0,1,1,0,0,0,0,0,0,1,0,1,1,1,1,0,1,0,0,0,0,1,1,1,1,1,1,1,0,0,0,0,1,1,1,0,0,1,1,0,0,1,1,1,0,1,0,1,1,1,1,0,1,1,1,1,0,1,1,1,1,0,0,1,0,0,1,1,0,1,0,1,1
1,0,0,0,0,1,0,1,0,0,0,1,0,1,1,0,1,1,1,0,0,1,1,1,0,0,1,0,0,0,1,0,1,0,0,1,0,1,0,1,1,0,0,1,1,0,1,0,0,0,0,0,1,0,1,1,0,0,1,0,0,1,1,0,1,0,0,0,1,1,0,0,1,1,0
1,0,1,1,0,0,0,0,0,0,0,0,1,0,0,0,1,1,0,0,0,1,0,1,0,1,1,0,1,0,1,0,1,0,1,0,1,0,1,0,1,1,0,1,0,1,0,0,0,0,0,1,1,1,0,1,1,1,0,1,0,0,0,1,1,0,0,0,0,1,0,0,0,1,0
1,1,1,1,1,0,0,0,1,0,0,0,0,0,1,1,0,1,1,0,1,1,0,1,1,0,1,1,1,1,1,0,0,0,1,1,0,0,1,1,1,0,1,1,1,0,1,1,1,1,1,0,1,0,0,0,1,0,0,0,0,0,0,1,1,1,1,1,1,1,0,0,0,1,1
0,1,0,1,1,1,0,1,0,0,1,1,0,0,1,1,1,0,1,0,0,1,0,1,0,0,1,1,0,0,1,1,1,0,1,0,0,0,0,0,1,0,0,1,1,1,1,0,0,1,1,1,1,1,1,1,0,0,0,0,0,0,1,0,1,0,1,0,1,1,0,0,1,1,1
1,1,1,0,1,0,1,1,1,0,1,1,1,0,0,0,1,1,1,0,1,0,1,1,0,1,0,0,0,0,1,1,0,0,1,1,0,0,1,1,1,0,1,1,1,0,1,1,1,0,1,0,1,1,0,1,0,1,0,0,1,0,1,0,1,0,1,0,1,1,1,0,0,0,1
1,0,0,0,1,0,0,0,0,1,0,1,0,1,0,0,1,0,1,0,0,1,0,0,0,1,0,0,0,1,0,0,1,0,1,0,0,1,0,1,1,1,0,1,1,0,1,1,0,1,1,1,1,1,0,0,1,0,0,0,0,0,1,0,0,0,0,1,1,1,0,1,1,0,0
1,1,0,0,0,1,0,0,1,0,0,1,1,0,1,1,1,0,0,0,0,1,0,1,1,1,0,1,0,0,1,1,1,0,1,0,0,1,1,0,1,1,0,1,0,1,0,0,0,1,1,1,0,1,1,1,0,1,0,1,1,0,1,0,1,1,0,1,0,1,0,0,0,0,0
1,0,1,0,1,0,0,1,1,0,0,0,1,1,0,0,1,1,0,0,0,0,0,1,1,0,1,1,1,1,0,1,1,0,1,0,0,1,1,0,1,0,0,1,1,1,1,1,1,0,1,1,1,0,1,0,1,1,0,0,0,1,1,0,0,0,1,1,1,0,0,1,0,1,1
1,0,0,1,0,0,0,1,1,1,0,1,0,0,0,1,1,0,0,0,0,1,1,1,1,1,0,1,1,0,0,1,1,0,1,0,0,0,0,1,0,0,1,1,1,0,1,1,1,0,1,1,1,1,0,0,1,1,1,0,1,1,1,1,1,0,0,1,1,1,1,1,0,0,0
1,1,0,0,1,0,0,1,0,0,0,1,0,0,0,1,1,1,0,0,1,1,0,1,0,1,0,1,1,0,1,1,1,0,0,1,1,0,0,1,1,0,0,1,0,0,0,0,0,1,1,1,1,1,0,0,0,1,1,0,1,1,1,0,1,0,0,0,1,1,0,0,0,1,1
0,0,1,1,1,1,1,1,0,0,1,1,0,0,1,1,1,1,0,0,0,1,1,1,0,0,1,0,0,1,1,1,1,0,1,1,0,1,0,1,1,1,0,1,0,1,1,0,0,0,0,0,1,1,0,1,0,1,1,0,1,1,1,0,1,0,0,0,0,0,0,1,0,0,0
1,1,0,0,1,1,0,1,0,1,1,1,0,0,1,1,0,1,0,0,1,1,0,1,1,1,0,1,0,0,1,0,0,0,0,0,1,0,0,1,1,1,1,1,1,0,0,0,0,0,1,1,1,1,0,1,0,0,1,1,1,1,1,0,1,0,1,0,1,1,1,0,0,1,1
1,0,0,1,1,0,0,0,1,0,0,0,0,1,0,0,0,1,0,0,0,1,0,1,1,0,1,1,1,0,0,1,0,1,0,1,1,1,1,0,1,1,1,1,1,1,1,0,0,1,0,1,1,1,0,1,1,0,0,0,0,1,0,1,0,1,1,1,1,1,0,0,0,1,1
1,0,1,0,1,1,0,1,0,1,1,1,1,0,0,1,1,1,1,0,0,1,1,1,1,0,1,0,1,0,0,0,1,0,0,0,0,1,0,0,1,0,1,1,1,0,0,0,0,1,1,0,0,0,1,1,0,0,1,0,0,0,1,0,0,0,0,1,1,1,1,0,0,1,1
0,0,1,1,1,1,0,0,1,0,0,1,0,1,1,0,1,1,1,1,1,1,1,1,0,0,1,0,0,0,1,1,1,0,1,0,1,0,1,0,1,1,0,1,0,1,0,0,0,0,0,0,1,1,0,1,0,0,0,0,1,0,1,0,0,1,0,0,0,0,0,1,1,1,0
1,0,1,1,0,1,0,1,0,1,0,0,0,0,0,0,1,1,0,0,0,0,0,1,1,1,0,1,0,1,0,0,0,0,0,1,1,1,0,1,1,0,0,1,0,1,1,0,1,1,1,0,1,1,0,1,0,1,1,0,0,0,1,0,1,0,0,0,0,1,0,0,0,0,0
1,1,0,1,0,0,1,1,0,0,1,1,0,0,1,0,1,1,0,0,1,1,1,1,0,0,0,1,1,1,1,1,0,0,1,1,1,1,0,1,0,1,0,1,1,1,1,0,0,1,1,1,1,0,0,1,0,1,0,0,1,0,1,1,0,0,1,1,0,1,0,1,1,1,0
1,0,0,1,1,0,0,0,0,0,0,1,0,0,1,1,1,1,0,1,1,0,0,1,0,0,0,1,1,0,0,1,0,1,0,1,0,1,1,1,1,0,1,1,1,1,1,0,1,1,1,1,1,1,0,1,0,1,0,1,1,1,0,0,1,0,0,1,0,1,1,1,0,1,1
1,1,1,1,0,0,0,1,0,1,1,0,0,0,1,0,1,0,0,1,0,1,0,0,0,0,1,0,0,1,1,0,0,0,1,1,0,0,0,1,1,1,1,1,0,1,0,1,0,1,1,0,0,0,0,1,1,1,0,1,0,0,1,0,1,0,0,1,1,1,0,0,0,0,0
1,1,0,0,0,0,0,1,0,0,0,1,0,0,1,1,0,1,0,0,0,1,0,0,1,1,1,1,0,1,1,0,0,1,0,0,0,0,1,0,1,0,0,1,1,1,0,1,0,1,1,1,1,1,0,1,1,1,1,1,0,0,1,0,1,0,0,1,1,1,0,1,0,1,0
1,0,0,1,1,0,0,1,0,1,0,1,0,0,0,1,0,0,0,1,0,1,1,1,1,0,1,0,0,1,0,0,1,0,1,0,0,1,1,0,1,0,0,1,0,0,0,0,0,1,1,0,0,0,1,0,0,1,0,1,0,0,1,0,1,0,0,1,0,1,0,1,0,1,0
1,0,0,1,0,1,1,1,0,0,0,1,1,0,0,1,0,0,0,0,0,0,1,1,0,1,1,1,0,1,0,0,0,0,0,0,1,0,1,0,1,0,1,1,1,1,1,0,1,0,1,0,1,0,1,0,0,1,0,1,1,1,0,0,1,0,0,0,1,1,1,1,0,1,0
1,0,1,0,1,1,0,1,0,1,0,0,0,0,0,1,1,0,1,1,0,1,1,1,0,0,1,1,0,0,0,0,1,0,0,0,0,0,0,1,1,0,1,1,1,0,1,0,0,1,1,0,1,0,0,1,1,1,1,0,0,1,1,0,1,0,0,0,1,1,0,1,0,1,0
1,0,0,1,1,1,0,1,1,1,1,0,1,0,0,1,0,0,1,0,0,1,0,1,0,1,1,0,1,1,0,1,1,0,0,0,0,0,1,0,1,0,1,1,0,1,0,1,0,0,1,1,1,0,0,0,0,0,0,1,0,1,0,0,1,0,0,0,0,1,1,0,0,1,1
1,1,0,0,1,1,0,1,0,1,0,1,0,0,0,0,0,0,1,0,0,1,1,1,1,1,1,0,0,1,0,1,1,0,0,1,1,0,0,1,1,0,1,1,1,1,0,0,1,1,1,0,1,1,0,1,0,0,1,1,0,0,1,1,0,0,1,1,0,1,1,1,0,1,1
1,1,1,0,1,0,1,0,0,1,0,0,1,1,0,1,1,0,0,1,1,1,1,1,0,0,1,0,1,1,1,0,1,0,1,0,1,1,1,0,1,0,1,1,1,0,0,1,1,0,1,0,1,1,1,0,1,1,1,1,0,1,0,1,0,1,0,0,0,1,1,1,0,1,0
1,0,1,0,1,0,0,1,1,0,1,1,0,1,1,0,0,0,1,0,0,0,1,1,0,0,1,1,0,0,1,0,1,0,1,0,1,0,1,0,1,1,0,1,1,0,1,0,1,1,1,0,1,0,1,1,0,1,0,1,0,1,1,1,0,1,1,0,0,1,0,0,0,0,0
1,0,0,0,0,0,0,1,0,1,0,1,1,1,0,0,1,0,0,0,0,1,0,0,0,0,1,1,0,0,1,0,0,0,0,0,0,1,1,0,1,1,0,1,0,0,0,1,0,0,1,0,1,1,0,1,1,0,1,0,0,1,1,0,1,0,0,0,0,1,0,1,1,1,0
0,1,1,1,0,0,1,1,0,0,1,0,0,0,1,0,1,1,0,0,0,1,1,1,1,1,0,0,1,0,0,0,1,0,0,0,0,1,0,0,0,1,0,1,1,0,0,1,0,1,1,1,1,1,0,1,1,1,1,1,0,0,1,0,0,0,1,0,0,0,0,0,1,0,0
1,0,1,1,0,0,1,1,0,1,0,1,0,0,0,0,1,1,0,0,0,1,1,1,0,0,0,1,0,0,1,1,1,0,1,0,0,1,1,0,1,0,1,1,1,0,0,1,0,1,1,0,1,0,1,0,1,0,0,0,0,0,1,0,1,0,0,0,0,1,1,0,1,1,0
1,1,0,1,0,0,0,1,0,0,1,1,0,0,1,1,1,0,0,0,0,1,0,0,1,1,0,0,0,1,1,0,0,0,1,0,1,1,1,1,1,0,1,1,1,1,0,1,1,1,1,1,1,1,0,1,1,0,1,1,0,1,1,1,1,0,1,0,0,1,1,0,0,0,1
1,1,0,0,1,1,1,1,0,0,0,1,0,0,1,0,0,1,0,0,0,1,1,1,0,0,0,1,0,1,0,1,0,0,0,1,0,0,0,1,1,0,0,1,1,0,1,0,0,0,0,1,1,0,1,1,1,0,1,1,1,1,1,0,0,1,0,1,1,1,1,0,0,1,0
1,0,0,1,1,1,0,1,0,0,1,0,0,0,1,1,0,1,0,0,0,1,0,0,0,0,0,0,1,0,1,1,1,0,0,0,1,1,1,0,1,0,0,1,0,1,1,0,0,1,0,1,1,0,1,1,0,0,0,1,0,0,0,1,1,0,0,0,1,1,1,0,0,1,0
0,0,0,1,0,0,0,1,0,1,0,0,0,0,1,1,0,0,0,0,1,1,0,1,0,0,0,1,0,0,1,0,0,0,1,1,0,1,0,1,0,0,1,1,0,1,0,0,1,1,1,1,1,1,0,1,0,0,0,1,0,1,1,0,1,0,1,1,1,1,1,0,0,1,0
1,1,1,0,0,1,0,1,1,0,0,1,1,0,1,0,0,1,0,0,0,0,0,1,1,1,1,1,1,0,1,1,1,0,1,0,1,0,1,0,1,1,0,1,0,1,0,0,0,0,1,1,1,1,0,1,1,1,1,0,1,0,0,0,0,1,1,1,0,1,0,0,0,1,0
1,1,0,0,1,0,1,0,1,0,0,1,0,0,0,1,0,1,0,0,0,1,1,1,0,0,1,0,1,0,1,0,1,0,1,1,1,1,1,1,1,0,0,1,1,0,1,1,0,0,1,1,1,0,1,0,1,0,0,0,1,1,1,0,0,1,1,1,0,1,0,1,0,0,0
1,0,0,0,1,0,0,1,1,0,1,1,0,0,1,1,0,1,0,0,0,0,0,0,0,1,0,0,0,1,0,1,0,1,1,1,1,1,0,1,1,1,0,1,0,0,1,0,1,1,0,0,1,1,1,0,0,1,1,1,1,1,1,0,0,0,1,1,0,1,0,1,0,1,0
1,1,1,1,1,1,0,1,0,0,0,0,0,1,1,1,1,0,1,1,1,1,0,1,1,1,1,1,0,0,1,1,0,0,0,1,0,1,1,0,1,1,1,1,1,0,0,0,0,0,1,0,1,1,1,1,0,1,1,0,0,1,1,0,0,1,1,0,1,1,1,0,0,0,0
1,0,1,0,0,0,0,0,0,1,0,0,0,1,0,1,0,0,1,0,0,1,0,1,1,1,1,1,1,0,1,0,1,0,0,1,0,0,0,1,0,0,0,1,0,1,0,0,1,1,1,1,1,1,0,0,0,1,1,1,0,0,1,1,0,1,1,0,1,1,0,1,0,1,0
1,0,0,0,0,0,0,1,0,0,0,1,1,0,0,1,1,1,0,0,0,1,1,1,0,0,0,0,1,0,0,1,0,0,1,0,1,0,1,0,1,0,0,1,1,1,1,1,0,0,1,0,1,1,0,0,1,1,1,1,1,0,1,1,0,0,0,1,1,1,1,0,0,1,0
1,0,0,1,1,0,0,1,1,1,0,1,0,0,0,0,0,0,1,0,0,0,0,1,0,0,0,1,1,1,0,1,1,1,1,0,0,1,0,0,1,1,0,1,1,0,0,1,0,1,1,1,1,1,1,1,1,0,1,1,1,1,0,0,0,0,0,0,1,1,0,1,0,0,1
1,0,1,1,1,0,0,0,0,0,0,1,0,0,1,0,1,1,1,0,1,1,1,1,0,0,1,1,0,0,1,1,0,1,1,1,0,1,1,0,1,1,0,1,0,1,0,0,0,1,1,0,1,1,0,1,1,0,0,0,0,0,1,0,1,1,0,0,0,1,0,0,1,1,0
0,0,0,0,0,1,0,1,0,0,0,0,1,1,1,0,1,1,1,0,1,0,0,1,0,0,0,0,0,0,0,0,0,0,0,1,1,1,0,1,1,1,0,1,1,1,1,0,0,0,0,1,1,1,0,1,0,1,1,0,0,1,0,0,0,1,1,0,0,0,0,0,0,1,0
1,0,0,1,0,0,0,1,0,1,1,0,0,1,1,1,0,0,0,0,0,1,0,1,1,0,1,0,1,0,1,0,0,0,1,1,0,0,1,0,1,1,0,1,0,1,0,1,0,1,1,0,1,1,0,0,0,1,0,0,0,0,0,0,0,0,0,1,1,1,0,0,1,0,0
1,0,1,1,0,1,0,1,0,1,1,1,1,0,1,0,1,1,0,1,1,1,0,0,0,1,1,0,0,1,1,1,0,0,1,1,0,0,0,1,1,1,1,1,0,1,1,1,0,0,1,1,1,0,0,1,0,0,1,1,1,0,1,1,0,1,0,1,0,1,1,1,0,1,0
1,0,0,0,1,1,0,0,0,0,0,1,0,0,1,0,0,1,1,1,1,0,0,1,1,0,1,0,1,1,1,0,0,0,0,1,0,0,1,0,1,1,0,1,1,0,1,0,1,0,1,1,1,1,1,1,0,0,1,1,1,1,1,0,0,1,0,1,0,1,0,1,0,1,1
1,0,0,0,1,1,0,1,0,0,1,1,1,1,1,0,1,0,1,1,0,0,0,0,1,0,1,0,1,0,1,0,0,1,1,1,0,0,0,1,1,0,0,1,0,1,1,1,1,0,1,1,1,0,0,0,1,1,1,0,1,1,0,0,1,0,0,0,0,0,0,0,0,1,0
0,0,1,1,1,0,0,1,1,0,0,0,0,0,0,1,1,1,1,1,1,1,0,0,0,1,1,1,1,0,1,1,1,0,1,1,1,0,0,1,0,1,0,1,0,0,1,0,1,1,1,1,1,1,0,1,0,0,0,0,0,0,1,0,1,0,0,0,0,1,0,0,0,0,0
1,1,1,1,0,1,0,1,0,0,0,1,1,0,0,0,0,0,1,1,1,1,1,1,1,0,1,0,0,1,0,0,0,0,1,1,0,0,0,1,1,1,0,1,0,1,0,0,0,0,1,0,0,1,0,1,0,1,1,0,1,1,1,0,1,0,0,0,0,1,0,1,0,1,0
1,0,0,0,0,1,0,1,1,0,1,0,1,0,0,1,1,1,0,0,1,1,1,1,0,1,1,0,0,0,1,0,0,0,0,0,1,0,1,0,1,0,0,1,0,1,0,0,0,1,1,1,1,1,1,0,1,1,1,0,0,0,1,0,1,0,0,1,1,1,1,0,0,0,0
1,0,0,0,0,0,0,1,0,0,1,1,1,0,0,1,1,0,1,1,1,0,0,0,0,0,0,1,0,1,1,0,1,0,1,0,1,1,1,0,1,0,1,1,1,1,0,0,1,0,1,1,1,1,0,1,1,1,1,1,1,1,1,0,1,0,0,1,1,1,1,1,0,1,0
1,1,1,1,0,0,0,1,0,0,0,1,1,0,0,1,1,0,0,0,1,1,0,1,1,0,0,0,1,1,0,1,1,0,1,0,0,1,1,0,0,1,0,1,1,1,0,0,1,1,1,0,1,0,0,1,1,1,0,1,0,0,1,1,1,0,0,0,0,1,0,1,0,1,0
1,0,0,1,1,1,0,1,1,1,0,1,1,0,1,0,1,1,1,0,0,0,0,1,1,1,1,1,1,1,0,1,1,0,0,0,1,0,1,0,1,1,0,1,1,0,0,1,0,1,1,0,1,1,0,1,1,0,0,1,0,1,0,0,1,0,0,1,1,1,0,0,0,1,1
1,0,0,0,0,1,0,1,0,1,1,0,0,0,0,1,1,1,0,0,0,0,1,1,0,1,1,1,1,1,1,1,1,0,1,0,0,0,0,0,1,0,0,1,0,0,0,0,1,1,1,0,0,1,0,1,0,1,1,0,0,0,1,0,1,0,0,1,1,0,0,1,1,1,1
0,1,0,1,0,0,1,1,0,0,0,1,0,0,0,0,1,1,0,1,0,1,1,1,1,0,1,1,0,0,1,0,1,1,1,0,1,0,0,1,1,1,0,1,0,1,0,0,1,1,1,1,1,0,0,1,0,0,0,1,0,1,1,0,0,0,0,1,0,0,0,0,0,0,0
0,0,0,0,0,1,0,1,0,0,1,1,0,1,1,0,1,0,0,0,0,1,0,1,1,0,0,1,1,0,0,1,0,0,0,1,1,0,1,0,1,1,0,1,1,0,0,0,0,0,1,0,1,1,1,1,0,0,1,0,1,0,1,0,0,0,0,1,1,0,0,0,0,1,0
1,0,1,1,0,1,1,1,0,0,0,0,1,0,0,1,1,0,0,0,1,1,1,1,1,0,1,1,1,0,1,0,0,0,1,0,0,1,1,0,1,1,1,1,0,1,0,0,0,1,0,1,0,1,0,0,0,1,0,0,0,1,1,0,0,0,0,0,0,1,1,1,0,1,0
1,0,1,1,1,1,1,1,0,0,0,0,0,0,1,0,0,1,0,0,1,1,1,1,0,0,1,1,0,0,1,1,0,0,1,1,0,0,1,1,1,0,0,1,0,1,0,1,0,1,1,0,1,1,1,1,1,1,0,0,1,0,1,1,1,0,1,0,1,1,0,1,1,1,1
1,0,0,0,1,1,0,1,0,0,1,1,1,0,0,1,1,1,0,0,0,1,1,1,1,0,0,0,0,0,0,1,0,0,1,0,1,1,1,0,1,1,0,1,0,1,0,0,1,1,1,1,1,0,1,1,0,1,1,1,0,1,1,0,1,0,0,1,0,1,0,0,0,1,0
1,0,0,0,1,1,0,1,1,1,1,1,0,0,0,0,1,1,0,0,1,1,1,1,1,1,1,0,0,1,0,0,0,0,1,0,0,0,1,0,1,1,0,1,1,1,0,1,0,0,1,0,1,0,0,1,1,0,1,0,0,1,0,1,0,0,1,0,1,1,0,0,1,1,0
1,1,1,1,1,1,0,1,0,1,0,1,1,0,1,0,0,0,1,0,0,1,0,1,0,1,1,0,0,0,0,0,0,1,1,1,1,1,0,1,1,0,0,1,1,0,1,0,0,0,1,1,1,1,0,0,1,1,1,1,0,1,1,0,1,0,0,0,1,1,1,0,1,0,1
1,1,0,1,1,0,1,0,0,0,0,1,1,0,1,1,1,1,0,1,0,1,0,0,0,0,1,1,1,0,1,0,0,0,1,1,0,0,1,0,1,1,1,1,1,0,0,0,0,1,1,0,1,1,0,1,0,0,0,0,1,0,1,1,0,1,0,1,0,1,0,0,0,1,1
1,0,1,1,0,0,0,1,0,0,1,0,1,0,0,0,1,1,0,0,0,1,0,1,0,0,1,0,1,0,1,1,1,1,0,0,0,0,0,0,1,1,0,1,0,1,0,0,0,1,1,1,1,0,0,1,0,0,0,0,0,0,0,0,0,0,0,0,0,1,0,0,1,1,0
1,0,0,0,1,1,0,1,0,1,1,1,0,0,1,0,1,0,0,0,0,1,0,1,0,0,1,1,1,0,0,1,0,1,0,1,1,0,1,0,1,1,1,1,1,0,0,0,1,1,1,1,1,1,1,1,0,1,0,1,0,0,0,1,1,0,0,0,0,1,1,0,0,1,0
1,1,1,0,0,1,1,1,0,0,1,1,0,0,1,0,0,1,1,1,1,1,0,0,0,0,1,0,1,0,0,1,0,1,0,0,0,0,1,0,1,1,0,1,1,1,1,1,0,1,1,1,1,0,0,0,1,1,0,0,1,1,0,0,0,0,1,1,0,1,0,0,0,1,0
1,1,1,1,1,1,0,1,0,0,1,1,1,0,0,1,0,1,1,0,1,1,1,1,0,0,1,1,1,1,1,0,1,0,1,0,0,0,1,0,1,0,0,1,0,1,1,0,0,0,1,0,1,0,1,0,0,0,1,0,1,1,0,1,1,0,0,1,1,1,0,1,1,0,0
1,0,0,0,1,1,1,0,1,1,0,0,1,0,0,0,1,0,0,0,0,1,1,1,0,1,0,0,1,0,1,0,1,0,1,1,1,1,0,1,1,1,0,1,0,1,0,1,0,1,1,0,1,1,0,0,1,1,1,1,0,1,1,0,1,0,0,0,1,1,0,1,0,1,1
1,1,1,0,1,1,0,1,0,0,1,0,1,0,0,1,1,0,0,0,0,1,0,1,0,0,1,0,1,1,0,0,1,0,0,0,0,0,1,0,1,1,0,1,0,1,1,0,0,0,1,1,0,0,0,0,0,1,1,1,1,1,1,0,0,0,1,0,0,1,0,0,0,1,0
0,0,1,1,1,1,0,0,0,0,0,1,0,0,1,1,0,0,0,1,0,0,0,1,1,1,1,1,0,0,1,1,0,1,1,0,1,0,1,0,1,1,1,1,0,1,0,1,0,1,1,1,1,1,1,1,1,1,0,0,0,0,1,0,1,1,1,1,1,1,1,0,1,1,1
0,0,0,0,1,1,1,0,0,0,0,1,1,0,0,0,0,0,1,0,0,1,1,1,0,1,1,0,1,0,0,0,1,0,0,1,1,0,1,0,1,1,0,1,1,0,1,1,0,0,1,1,1,0,1,1,1,1,1,1,0,0,1,1,1,1,0,0,1,1,0,1,1,1,1
1,0,1,1,1,0,0,1,0,1,0,1,0,0,0,0,0,0,1,0,1,1,0,1,0,1,1,1,0,1,1,1,1,0,0,1,0,0,1,0,1,1,1,1,0,0,0,1,0,0,1,1,1,1,1,1,1,1,1,1,1,1,1,0,1,0,0,0,0,1,1,1,0,0,1
0,1,1,1,0,1,0,1,1,1,1,0,1,0,1,1,1,1,0,0,1,1,0,1,0,1,0,0,0,1,0,1,0,0,0,1,1,0,1,0,1,0,0,1,1,1,0,1,1,0,1,1,1,0,0,0,1,0,1,1,0,1,1,1,0,1,1,1,1,0,0,1,0,1,0
1,0,0,0,1,1,0,1,1,0,0,1,1,0,0,0,1,1,0,0,0,0,0,1,0,0,1,0,0,0,0,1,0,1,1,1,0,1,1,0,1,1,0,1,1,0,0,0,0,1,1,1,1,1,0,1,0,1,1,1,0,1,1,0,1,0,0,0,0,1,1,0,1,1,0
1,0,0,0,1,0,0,1,0,1,1,1,0,0,0,0,1,0,1,1,0,1,1,1,0,0,1,1,0,0,1,1,1,0,1,0,0,1,1,0,1,1,0,1,0,0,0,1,1,0,1,0,1,0,0,1,1,1,0,0,1,0,1,1,1,0,1,0,1,0,1,0,0,0,0
1,0,0,1,1,0,0,1,0,0,1,1,0,0,1,1,1,0,0,1,0,1,0,1,1,1,1,1,0,0,1,0,0,1,1,1,0,1,0,1,1,0,1,1,0,1,1,0,0,0,1,1,1,0,1,0,1,1,1,0,0,0,1,0,1,0,0,0,1,0,1,0,0,1,0
1,0,0,0,0,0,1,1,1,1,0,1,0,1,1,0,1,0,1,0,0,1,1,1,0,0,0,1,0,0,1,0,0,1,1,0,0,0,1,0,1,0,0,1,0,0,0,0,0,1,1,0,1,0,1,0,0,1,0,0,0,1,1,1,1,0,0,0,1,1,0,0,1,1,1
1,1,0,0,0,1,0,1,1,0,0,0,0,1,0,0,0,1,0,0,1,1,1,1,0,1,1,1,0,0,1,0,1,1,0,1,1,1,0,1,0,1,0,1,1,1,0,1,1,0,1,1,1,1,0,1,1,1,1,0,0,1,1,0,1,0,0,0,1,1,0,0,0,1,0
1,0,0,0,0,1,0,1,0,0,0,1,0,0,0,1,1,0,0,1,0,1,1,1,0,1,1,0,1,1,0,1,1,0,1,0,0,1,0,1,0,0,1,1,1,1,0,0,0,0,1,1,0,0,1,1,1,0,1,0,1,1,1,1,1,0,0,1,0,1,1,1,0,0,0
1,0,1,0,1,1,0,1,0,0,0,1,1,1,1,0,0,1,0,0,0,0,1,1,0,1,1,0,0,0,1,0,0,0,1,0,0,0,1,0,1,1,1,1,0,1,0,0,1,1,0,0,1,0,1,1,1,1,1,1,1,1,0,0,1,0,0,0,0,1,1,0,0,1,0
1,0,0,0,1,1,0,1,0,0,1,1,0,0,0,1,1,1,1,1,1,0,1,1,0,0,1,0,1,1,0,0,1,0,1,0,1,0,1,0,1,1,0,1,0,1,1,1,0,1,1,0,1,1,0,0,1,1,0,1,0,0,1,0,0,0,0,1,0,1,0,1,1,0,1
1,0,0,0,0,0,0,1,0,0,0,1,1,0,1,1,1,0,0,0,0,1,1,1,0,0,0,1,1,1,1,1,0,1,1,0,0,1,1,0,0,0,1,1,0,1,0,0,1,1,0,1,1,1,0,1,0,1,0,1,1,0,1,1,0,0,1,1,0,1,1,0,0,1,0
1,0,0,0,0,0,0,1,0,1,1,1,0,0,0,0,1,0,1,0,0,1,0,1,0,0,1,0,1,1,0,1,1,0,0,0,1,0,0,1,1,0,0,1,1,0,0,1,0,1,1,1,1,1,0,1,1,1,1,1,1,1,1,1,0,0,1,1,1,1,1,1,1,1,1
1,0,1,0,1,0,1,1,0,1,1,0,1,0,0,0,0,0,0,1,0,1,0,0,0,1,1,1,1,1,0,1,1,0,0,0,1,0,1,0,1,1,1,1,1,0,0,0,0,1,0,1,1,1,1,1,0,1,1,1,1,1,1,1,0,0,1,1,1,1,1,1,1,1,1
1,1,1,0,1,0,0,1,1,0,1,0,0,0,0,1,1,1,1,0,1,1,0,1,0,0,1,0,1,0,1,0,1,1,1,1,0,1,0,1,1,0,1,1,1,1,0,0,0,1,1,1,1,1,1,1,0,1,1,1,1,1,0,0,1,0,1,1,1,0,1,0,0,1,1
1,0,0,1,1,1,0,1,0,1,0,1,0,1,0,1,0,1,0,0,0,1,0,0,0,0,1,1,0,0,1,1,1,0,0,0,0,0,1,0,1,0,0,1,1,0,1,1,1,1,1,0,1,1,0,1,1,0,0,0,0,0,0,0,1,0,0,0,1,1,1,0,0,1,0
1,1,1,0,1,1,0,1,0,0,0,1,0,0,1,1,1,0,0,0,1,1,0,1,0,1,1,1,0,1,1,0,0,0,1,1,1,1,0,1,0,1,0,1,1,1,1,1,0,1,1,1,1,1,1,1,0,0,0,0,1,1,1,0,0,0,0,0,0,1,0,1,1,0,1
1,0,1,0,1,0,0,1,0,0,1,1,0,0,1,0,0,0,0,1,0,0,0,1,0,0,0,0,1,0,1,1,1,0,1,1,0,1,0,1,1,1,1,1,0,0,0,0,0,1,1,0,1,0,1,0,0,1,0,0,1,0,0,0,1,0,0,0,0,1,1,0,0,0,0
0,1,0,0,0,1,1,1,1,0,0,1,1,0,0,0,0,0,1,0,1,1,1,1,0,1,1,0,1,0,0,0,1,0,0,0,0,1,1,0,1,1,1,1,1,1,0,0,1,1,1,0,1,1,0,1,0,1,1,1,1,1,1,1,1,0,0,0,1,1,1,1,0,1,1
0,1,0,1,0,0,0,1,0,1,0,0,0,0,0,1,1,0,1,1,1,1,0,1,0,1,1,1,1,0,0,0,1,0,0,0,1,1,0,0,1,1,0,1,0,0,0,0,0,0,0,0,1,1,0,0,1,1,0,0,0,0,0,1,1,0,1,0,1,0,0,1,0,1,0
1,1,1,0,0,0,1,1,0,0,0,1,0,0,1,1,1,1,0,0,1,1,1,1,0,1,0,1,1,1,1,1,0,0,0,1,1,1,0,1,0,0,1,1,1,1,0,1,0,1,1,0,1,1,1,1,1,1,1,0,0,0,1,1,1,0,0,1,1,1,0,0,1,1,0
1,0,0,0,0,0,0,1,0,1,1,0,0,0,0,1,1,0,0,1,1,1,1,1,0,1,1,1,1,0,0,0,1,0,1,1,0,1,1,0,1,1,1,1,1,0,0,1,1,1,1,0,1,0,1,1,1,0,1,0,0,0,0,0,1,0,0,0,0,1,0,1,0,1,0
0,1,1,1,0,1,0,1,0,0,0,1,1,0,1,1,1,1,1,0,1,0,1,1,0,0,1,1,0,0,1,0,0,0,1,0,0,1,1,0,1,1,1,1,1,1,0,1,1,0,1,0,1,0,1,0,1,0,0,0,1,1,1,0,1,0,0,0,0,1,1,0,0,1,0
1,1,1,0,0,0,0,1,0,1,0,1,0,0,0,1,1,1,0,0,1,1,1,1,1,0,1,0,1,0,0,1,1,0,0,1,1,1,0,1,1,0,0,1,1,1,1,0,1,1,0,0,1,1,1,1,0,1,1,1,1,0,1,0,1,0,0,0,0,1,0,0,0,1,0
1,0,1,1,1,0,1,1,0,0,1,1,0,0,1,0,0,0,1,1,0,1,0,1,1,0,1,1,0,1,1,1,0,0,0,0,0,1,1,0,1,0,0,1,0,1,1,1,0,1,1,1,1,1,1,1,0,0,0,1,0,0,1,0,1,0,0,0,1,0,0,1,0,1,0
1,1,1,0,0,0,0,1,0,1,0,0,1,0,0,1,1,1,0,1,0,1,0,0,0,0,0,0,0,0,1,1,1,0,1,1,1,1,1,1,1,0,1,1,0,1,1,0,0,0,1,1,1,1,1,1,0,0,1,1,0,0,0,0,1,0,0,1,1,1,1,1,1,0,0
1,0,1,1,1,0,1,1,0,1,1,0,1,0,1,1,1,1,1,0,1,1,1,1,1,1,0,0,1,0,1,0,0,0,1,0,1,1,1,0,1,1,0,1,0,0,1,0,1,0,0,0,1,1,0,0,1,1,1,1,0,1,0,0,1,0,0,0,0,1,0,1,0,1,0
1,1,0,0,0,1,0,1,0,0,1,0,0,1,1,1,1,0,0,0,0,0,0,1,1,1,1,1,0,1,1,0,0,0,1,1,1,0,0,1,1,0,0,1,1,0,0,1,0,1,1,1,1,1,0,1,1,1,0,1,1,1,1,0,1,0,1,1,0,1,0,1,0,1,1
1,0,0,1,1,0,0,1,1,0,0,0,0,0,0,0,1,0,1,0,1,1,1,1,1,1,1,0,1,0,1,1,1,0,1,0,1,1,1,0,1,1,0,1,1,0,1,0,1,1,1,0,1,1,0,1,0,1,0,1,0,0,1,1,0,0,1,1,0,1,0,1,0,1,0
1,1,1,0,0,0,1,1,1,1,0,1,1,0,1,1,1,1,0,0,1,1,1,1,0,0,1,1,0,0,1,1,1,0,1,0,0,0,1,0,1,1,1,1,1,0,1,0,1,0,0,0,1,1,0,0,0,0,0,1,1,0,1,1,1,0,0,0,1,1,1,0,0,1,0
1,1,1,0,0,0,0,1,1,0,0,1,0,0,0,0,0,1,1,0,1,1,0,0,0,0,0,0,1,1,0,1,1,0,1,1,1,0,1,0,0,1,0,1,1,1,1,0,1,0,1,1,1,1,0,0,1,1,0,0,1,1,1,0,0,1,0,1,0,1,0,1,0,0,1
1,0,0,1,1,1,0,1,0,1,0,0,0,0,0,1,1,0,0,1,1,1,0,0,1,1,0,0,0,1,1,0,0,0,1,0,1,1,0,1,0,1,0,1,1,0,0,1,0,0,1,1,1,0,1,1,1,1,1,0,0,0,1,1,1,0,0,0,0,1,0,1,0,0,1
1,1,0,1,1,0,1,1,0,1,1,1,1,0,1,0,1,1,1,0,0,1,0,1,1,0,0,0,1,1,1,0,0,0,1,1,0,1,1,0,1,1,1,1,1,0,1,0,1,1,0,1,1,1,0,0,1,1,0,1,1,1,1,0,1,0,0,0,0,1,1,1,0,1,0
1,0,0,0,1,0,0,0,1,1,0,0,1,1,0,1,1,0,1,0,1,0,0,1,0,1,0,1,1,0,1,0,1,0,1,0,0,0,1,0,0,0,1,1,0,1,0,0,1,0,1,1,1,1,0,0,0,1,0,0,0,1,0,0,1,0,0,0,1,1,1,1,0,1,1
1,0,0,1,1,1,0,1,0,0,1,0,0,0,1,1,1,1,0,0,1,1,0,1,0,0,1,1,0,0,1,1,0,0,0,1,0,0,0,1,1,0,0,1,0,1,1,0,0,1,0,1,1,0,1,0,0,0,0,1,1,0,1,0,0,1,0,0,1,1,0,0,0,1,1
1,0,1,1,0,1,1,1,0,1,0,1,0,1,0,1,1,0,0,0,1,0,1,1,1,1,0,1,0,1,1,1,0,1,1,0,0,0,1,0,1,1,1,1,1,1,0,0,1,0,1,0,1,0,1,0,0,1,0,1,1,1,1,0,1,0,0,1,0,1,1,0,0,1,0
1,1,1,1,1,0,0,1,0,0,0,1,0,1,1,0,1,1,0,0,1,0,0,1,0,1,0,1,1,1,0,0,0,0,0,1,0,1,0,0,0,1,1,1,1,1,0,1,1,1,1,1,1,1,0,1,1,1,1,0,1,1,1,0,1,0,1,0,1,1,1,0,0,1,1
0,1,0,1,0,1,0,1,1,0,0,1,0,0,0,0,1,1,0,0,0,1,0,1,0,0,0,0,0,1,1,1,0,0,1,0,1,1,0,0,0,1,1,1,1,0,1,1,0,1,1,1,1,0,0,1,1,0,0,1,1,0,1,0,1,0,1,0,1,0,1,0,0,1,0
1,0,1,1,0,1,0,1,0,1,0,0,0,0,0,0,1,1,0,0,1,1,0,1,1,1,0,1,0,1,1,0,0,0,1,0,1,0,1,0,1,0,1,1,0,1,1,0,0,0,1,1,1,0,0,1,0,0,1,0,0,0,0,0,1,0,0,0,0,1,1,0,0,1,0
1,1,1,1,1,1,0,1,1,0,1,0,0,1,0,0,0,1,1,0,1,1,1,1,0,0,1,0,1,1,1,0,1,0,1,0,1,0,0,0,0,1,0,1,0,0,1,1,1,1,1,0,0,0,0,0,0,0,1,1,0,1,0,0,0,0,0,0,0,1,0,0,1,0,0
0,0,1,1,1,1,1,1,0,1,1,1,0,0,1,0,1,0,1,0,1,1,1,1,0,0,1,0,0,0,1,1,0,0,0,0,0,1,1,0,1,1,1,1,1,0,1,1,0,1,1,0,1,0,0,0,1,0,0,1,1,0,1,0,1,0,0,0,1,1,0,0,1,1,0
1,0,0,1,1,1,1,1,0,0,1,0,1,0,0,0,0,1,0,1,1,1,1,0,0,1,1,0,0,0,1,0,0,0,1,0,0,1,1,0,1,1,0,1,0,1,1,0,0,1,1,0,0,1,0,0,1,1,1,1,1,0,0,0,1,0,1,0,0,1,1,0,0,1,0
1,0,1,0,0,0,0,1,0,0,0,1,0,0,0,1,0,0,1,1,1,1,0,0,0,0,1,1,0,0,1,0,0,0,0,0,0,1,1,0,1,1,1,1,0,1,0,1,1,0,1,1,1,0,1,1,1,0,0,1,1,1,0,0,1,0,0,0,1,1,1,1,0,1,0
1,1,1,1,1,0,0,1,1,1,0,1,0,0,1,0,0,0,1,0,1,1,0,1,0,1,1,1,0,0,1,1,0,0,0,0,0,0,1,0,1,1,1,1,0,1,0,1,1,1,1,1,1,0,0,1,1,1,0,1,1,0,0,0,1,0,0,0,1,1,1,0,1,1,0
0,0,0,0,1,0,0,1,0,0,1,0,0,0,0,0,1,1,0,1,1,1,0,1,0,0,0,0,1,0,0,0,1,0,0,0,0,1,1,0,1,1,0,1,1,1,1,1,1,1,1,0,1,0,0,1,1,1,0,0,1,1,0,0,1,0,1,1,0,1,0,0,0,0,0
1,0,0,0,1,0,1,1,0,1,1,1,1,0,0,1,0,1,1,1,1,1,1,1,0,0,1,0,1,1,1,0,1,1,1,0,1,1,0,1,1,0,1,1,0,0,1,0,1,0,1,1,1,1,1,1,0,0,1,0,0,1,0,0,0,0,0,0,0,1,1,0,1,1,0
1,0,1,1,1,0,0,1,1,0,0,1,0,0,1,0,1,1,1,1,0,1,0,0,0,1,1,1,0,0,1,0,1,1,1,1,1,1,0,1,1,1,0,1,0,0,0,0,1,1,0,1,1,1,0,1,0,1,1,0,1,1,1,0,1,0,0,0,1,1,0,0,0,0,1
1,1,0,1,1,1,0,1,0,1,0,0,1,0,1,1,1,1,0,0,1,1,0,1,1,1,1,1,0,1,0,0,1,0,1,1,0,1,0,1,1,0,0,1,1,1,1,0,1,0,1,1,1,0,0,1,0,1,1,1,0,0,0,0,1,1,0,0,1,1,1,1,0,1,0
1,1,1,1,1,0,0,1,0,1,1,0,0,0,0,1,1,0,0,0,0,1,0,1,0,0,0,1,1,1,1,1,1,0,0,1,0,1,0,1,1,0,0,1,0,1,0,1,0,1,1,0,1,0,0,1,1,0,0,1,0,1,1,0,0,0,1,1,1,1,1,1,1,1,1
1,0,0,1,1,1,0,0,1,1,0,0,1,1,0,0,0,1,0,1,0,1,0,1,0,0,1,1,1,0,1,0,1,1,1,0,0,0,1,0,1,0,0,1,0,0,1,0,1,1,0,1,1,1,1,0,0,1,0,0,1,1,1,0,0,1,0,1,1,1,1,0,0,1,0
0,1,1,0,0,1,0,1,0,1,1,1,1,0,0,0,1,1,0,1,1,1,0,0,0,1,0,0,1,1,1,0,1,0,0,0,0,1,1,0,1,1,0,1,1,0,1,0,1,0,1,1,1,1,0,0,0,0,1,0,0,1,1,1,1,0,0,1,0,1,0,0,0,1,0
1,0,0,0,0,1,0,1,1,0,1,0,0,0,0,0,0,0,0,0,0,1,1,1,1,0,1,0,1,0,0,1,1,1,0,1,1,0,1,0,1,1,1,1,1,0,0,1,1,0,1,0,0,0,1,0,1,0,1,0,0,1,1,0,1,0,1,0,0,1,1,1,1,1,0
1,0,0,0,1,0,0,1,1,0,1,1,0,0,0,1,0,1,0,1,0,1,0,0,1,1,1,0,1,0,1,0,1,0,1,1,1,1,0,0,1,0,0,1,1,1,1,0,0,0,1,0,1,1,0,0,0,1,1,1,1,0,0,0,0,0,0,0,1,1,0,1,1,1,1
1,1,0,1,0,1,0,1,0,0,1,1,1,1,0,1,1,0,1,0,1,1,0,0,0,0,1,0,1,0,0,1,0,0,1,0,0,1,0,0,1,0,1,1,1,1,0,1,1,0,1,1,1,1,1,1,1,1,0,0,1,1,1,0,1,0,1,0,1,1,1,0,0,1,0
1,0,0,1,1,1,0,0,1,0,0,0,0,0,1,0,1,0,1,1,0,0,0,1,1,1,1,0,1,1,1,1,1,0,1,1,0,0,0,1,1,0,1,1,0,0,1,1,0,1,1,1,1,0,0,0,1,0,1,0,0,0,0,0,1,1,0,0,1,1,1,0,1,1,0
1,1,0,0,1,1,0,1,1,0,0,1,0,0,1,1,0,1,1,0,1,1,0,1,0,0,1,1,1,1,1,1,1,1,0,0,0,0,0,1,1,0,0,1,1,0,0,1,0,1,1,1,1,0,0,1,1,0,1,0,1,1,1,0,1,0,0,0,1,1,0,1,1,1,0
1,0,0,1,1,0,1,1,0,1,0,1,0,0,0,1,1,0,1,0,0,1,0,1,0,0,1,1,1,0,0,1,1,1,1,0,0,1,1,0,1,1,0,1,1,0,0,0,1,1,0,0,0,0,1,0,0,1,0,0,1,1,1,0,1,1,0,0,1,1,0,1,1,1,1
1,1,0,1,0,0,0,0,1,1,0,1,0,0,0,0,0,1,0,0,1,1,1,1,0,1,1,1,1,1,0,0,1,0,0,1,0,0,0,1,0,0,0,1,1,1,0,1,0,1,1,0,1,1,0,1,1,0,0,0,0,0,1,1,1,1,0,0,0,1,0,0,1,1,1
1,0,0,0,0,0,1,1,0,1,0,0,0,0,1,1,1,1,1,0,1,1,0,1,0,1,1,1,1,0,1,0,1,0,0,1,1,1,0,1,1,1,0,1,0,1,0,0,1,1,1,1,1,1,0,1,0,1,1,0,0,1,1,1,1,0,0,0,0,1,0,1,0,1,0
1,0,0,1,0,0,0,0,1,1,0,0,0,0,0,1,1,1,1,0,0,0,0,1,0,0,1,0,1,0,1,0,1,0,0,0,0,0,1,0,1,0,0,1,0,1,0,0,0,0,0,1,1,0,1,1,0,1,0,1,0,1,0,0,0,1,1,1,0,1,0,0,0,1,0
1,0,0,1,1,0,1,1,0,1,0,1,0,0,0,0,1,0,0,0,1,1,1,1,1,1,1,1,1,1,1,1,1,0,0,0,0,0,1,0,1,1,0,1,1,0,0,1,0,1,1,0,1,0,0,1,1,1,0,0,0,0,0,1,0,0,1,0,0,1,1,1,1,0,0
1,0,0,0,1,0,1,1,0,0,0,1,0,1,1,1,1,0,0,0,0,1,0,0,0,0,1,0,1,0,1,1,1,1,1,1,1,1,1,1,1,0,1,0,0,1,0,1,1,1,1,1,1,1,0,1,1,0,0,0,0,0,1,1,1,1,1,0,0,1,1,0,1,1,1
1,0,1,0,1,1,0,0,0,1,0,0,1,0,0,0,1,0,0,0,0,1,0,1,1,1,1,0,1,1,1,0,1,0,1,1,0,1,1,1,1,1,0,1,1,0,0,1,0,0,1,1,1,1,1,1,1,1,1,0,0,1,1,0,1,1,1,0,1,1,1,1,0,1,0
1,1,0,1,0,1,0,1,0,1,0,0,0,0,0,1,1,0,1,1,1,1,0,1,0,1,0,0,1,1,0,1,1,1,1,0,1,0,1,0,1,1,1,1,1,0,0,0,1,0,1,1,0,1,1,1,0,0,0,0,1,1,1,0,1,1,1,0,1,1,1,1,1,1,1
1,0,0,0,1,0,0,1,0,1,0,1,0,0,0,0,1,0,0,0,1,1,1,1,0,0,1,0,0,0,1,1,1,0,0,0,1,1,1,0,1,1,1,1,1,0,0,0,0,0,1,0,1,0,0,1,0,1,1,1,0,0,1,0,0,0,1,1,1,1,1,0,1,1,1
1,1,1,1,0,0,0,1,0,0,1,0,1,0,1,0,0,1,0,0,1,1,1,1,0,1,1,0,1,0,1,1,1,0,1,1,0,0,0,0,1,1,0,1,1,1,0,1,0,1,1,1,1,1,0,0,1,1,0,0,0,1,1,0,1,1,1,0,0,1,0,1,1,1,0
1,0,1,1,0,0,0,1,0,1,1,0,0,0,0,0,1,1,1,1,1,1,1,1,0,1,1,0,0,0,0,0,0,0,0,0,0,1,0,0,0,1,1,1,0,1,0,0,0,1,1,1,1,1,0,1,0,1,1,1,0,0,1,0,1,0,1,1,0,1,1,0,0,0,0
1,0,0,1,0,0,0,0,0,1,0,0,1,1,1,0,1,1,1,1,1,1,1,1,0,0,0,0,0,1,1,1,0,0,0,0,0,1,1,1,1,0,1,1,1,0,0,0,1,0,1,0,0,1,1,1,1,0,0,1,0,1,1,0,1,1,0,1,1,1,0,0,1,1,0
1,0,1,0,0,0,0,1,0,0,1,0,0,0,0,0,0,0,0,1,0,0,0,0,0,1,1,1,1,0,1,1,1,1,0,0,1,0,0,1,1,1,1,1,0,1,0,1,1,1,1,0,1,0,1,1,1,1,0,1,0,0,0,0,0,0,0,0,0,1,1,1,0,0,0
0,0,0,1,1,1,0,1,0,0,0,1,0,0,0,1,1,1,1,1,1,0,0,0,0,0,0,0,0,0,0,1,1,1,0,0,0,1,1,0,1,0,0,1,0,1,0,0,1,1,1,0,1,1,0,1,0,1,0,0,0,0,0,0,1,0,0,0,0,0,0,1,0,1,0
1,0,0,1,1,0,0,1,0,0,0,1,0,0,1,1,1,1,0,0,1,1,0,1,0,0,1,1,0,0,1,1,0,0,0,1,0,1,0,1,0,0,1,1,1,0,1,0,0,0,1,1,1,1,0,0,0,0,1,0,0,0,1,0,1,1,0,0,1,1,1,0,1,1,0
0,1,1,1,1,0,0,1,0,0,0,0,0,0,1,0,0,1,0,0,0,1,1,1,0,0,1,1,1,1,1,0,0,0,1,1,0,1,1,0,1,1,1,1,0,1,1,1,0,1,1,0,1,1,0,1,1,1,0,1,0,1,1,1,0,1,0,0,0,1,1,1,0,1,1
1,0,0,0,0,1,0,1,1,0,0,1,1,1,1,0,1,1,1,0,1,1,1,1,1,0,1,1,0,0,1,1,0,1,0,0,0,1,1,0,0,1,0,1,0,0,0,1,1,1,1,0,1,1,1,0,0,1,1,1,1,1,1,1,0,0,1,0,1,1,1,1,0,0,1
1,1,1,1,0,0,1,1,1,1,0,1,1,0,1,1,1,1,0,0,1,1,1,1,0,0,1,1,1,0,1,1,0,0,0,1,0,1,0,1,1,0,1,1,0,1,0,1,0,0,1,0,1,0,0,1,1,0,1,0,1,0,1,1,1,1,0,0,1,1,0,0,1,1,0
1,0,1,1,0,1,0,0,0,0,0,1,1,1,1,1,1,1,0,0,0,1,0,1,0,0,0,1,0,1,1,1,0,0,0,0,0,0,0,1,1,1,0,1,0,1,0,1,0,0,1,1,1,1,0,1,1,1,0,1,1,0,0,0,1,1,0,0,0,1,1,1,1,1,0
1,0,1,0,1,0,0,1,1,0,1,1,0,0,1,0,0,1,1,0,1,0,0,1,0,1,1,0,1,0,1,1,0,0,1,0,1,1,1,0,1,1,0,1,0,1,1,0,0,0,0,1,1,0,1,0,0,1,1,0,1,0,0,0,1,0,1,0,1,1,0,1,1,0,0
1,0,0,0,0,1,0,1,0,1,0,1,0,0,0,0,1,1,0,1,0,1,0,0,1,1,0,0,0,0,1,0,0,0,1,1,1,1,0,1,1,1,1,1,0,1,1,0,1,1,1,0,1,1,0,0,0,1,1,0,0,1,0,0,0,0,1,0,1,1,0,0,0,1,1
1,0,0,1,0,1,1,1,0,1,0,1,1,0,1,0,1,1,0,0,0,1,1,1,1,1,1,0,0,1,1,1,0,0,1,1,0,1,0,1,1,1,1,1,1,0,1,0,1,0,1,1,1,0,1,1,1,1,1,0,0,0,1,0,1,1,0,0,1,1,1,1,1,0,0
0,0,1,0,0,1,0,0,1,1,0,0,0,0,1,1,0,0,0,0,1,1,0,0,1,1,1,0,0,1,0,0,0,0,0,1,1,0,0,1,0,0,1,1,1,1,0,0,1,1,1,1,1,1,0,1,0,1,1,1,0,1,1,1,1,1,0,0,1,0,1,1,0,1,0
1,1,1,0,0,1,1,1,0,0,0,1,1,0,1,1,1,0,0,1,1,1,1,1,0,1,1,1,1,0,0,0,1,0,1,1,0,0,0,1,1,0,1,1,1,0,1,0,0,1,1,0,1,0,0,0,0,1,1,1,1,0,0,0,0,0,0,1,1,1,1,1,0,1,0
1,0,1,1,1,1,0,0,0,0,0,1,1,1,0,1,1,0,0,1,0,1,0,1,0,0,1,0,1,0,1,1,1,0,1,0,0,1,1,0,0,1,0,1,0,1,0,0,1,0,1,1,1,0,1,1,0,1,0,1,0,0,0,1,0,1,1,1,1,1,0,0,0,0,0
0,1,1,1,0,0,1,0,1,0,0,1,1,0,0,1,1,0,0,0,1,1,1,1,0,1,0,1,0,0,1,1,1,0,0,0,1,0,1,0,1,1,1,1,1,0,1,0,0,0,1,1,1,0,1,1,0,1,0,0,1,0,0,0,1,0,0,0,1,1,1,0,0,1,1
1,0,1,1,0,0,1,1,0,0,0,1,1,1,0,0,0,1,0,0,1,1,0,1,0,1,0,1,1,0,1,0,1,0,1,0,1,0,0,1,1,1,0,0,0,1,0,0,0,0,1,1,1,1,1,1,1,1,1,0,1,1,1,0,1,0,1,0,0,0,0,0,0,0,0
0,0,1,1,1,0,0,1,1,0,0,1,0,0,1,1,1,0,1,0,1,0,1,1,0,0,1,1,1,0,1,1,0,1,0,0,1,1,0,1,1,1,0,1,0,1,0,0,0,1,1,1,1,1,0,0,0,1,0,1,1,0,0,0,1,0,0,0,1,1,0,0,0,1,0
1,0,0,1,0,0,0,1,1,1,0,1,1,0,1,1,0,1,0,1,0,1,1,1,1,1,1,0,0,1,1,0,0,0,0,1,0,1,1,0,1,0,1,1,0,1,1,0,0,1,0,1,1,0,1,0,1,0,0,1,0,1,0,0,0,0,0,0,0,1,1,1,1,1,0
1,1,1,0,0,0,0,1,1,0,0,1,0,0,0,1,1,1,0,1,1,1,0,0,0,1,1,0,1,1,0,1,1,0,0,0,0,1,1,0,1,1,0,1,1,1,1,1,0,0,1,1,1,1,1,0,1,0,1,0,0,1,1,0,1,0,0,0,0,1,0,0,0,1,0
0,1,1,1,0,0,1,1,1,0,0,1,1,1,0,0,1,0,1,0,0,0,1,1,0,0,0,0,1,1,1,0,0,1,0,0,1,1,0,1,0,1,0,1,1,0,0,0,0,0,1,0,1,1,0,1,1,0,1,0,1,1,1,0,0,1,1,0,0,0,0,1,1,1,0
1,1,0,1,1,0,1,1,0,0,0,0,0,1,0,1,0,1,0,1,1,1,0,1,1,1,1,0,0,1,0,1,1,0,0,1,1,1,1,0,1,1,0,1,1,1,1,0,1,0,1,1,1,1,1,1,0,0,1,1,0,0,1,0,0,0,0,1,0,1,1,1,0,1,0
0,0,0,1,1,0,1,1,1,0,0,0,0,0,1,0,0,0,0,0,1,1,1,1,1,1,0,1,0,0,1,0,0,0,1,1,0,0,0,1,0,0,0,1,0,1,0,0,0,0,0,0,1,0,0,1,0,0,1,0,0,1,1,1,0,0,1,1,0,1,1,0,1,0,0
1,0,1,1,1,0,0,1,0,1,0,1,0,0,0,0,1,1,0,0,0,1,1,1,1,1,0,1,1,0,1,1,0,0,0,1,0,1,0,1,1,1,1,1,0,1,0,1,0,1,1,1,1,1,0,1,1,1,0,0,1,0,0,0,0,0,1,1,0,1,1,0,0,1,0
1,0,1,1,1,0,0,1,0,1,1,1,1,0,1,0,0,1,1,0,1,1,1,1,0,1,1,1,1,1,0,0,1,1,1,1,0,1,1,0,1,1,1,1,0,1,1,0,0,1,0,0,1,1,0,1,0,1,1,1,1,0,0,1,0,0,1,0,0,1,1,0,1,0,1
1,0,1,1,0,1,0,1,0,1,0,0,0,1,0,1,1,1,0,0,0,1,0,0,0,1,1,0,1,0,1,0,1,0,1,1,1,0,0,1,1,1,0,1,0,1,1,1,0,1,0,0,1,1,0,0,1,1,0,1,1,0,1,1,1,0,0,0,0,1,0,0,0,1,0
0,0,1,0,1,1,0,1,1,0,1,1,1,0,0,1,0,0,1,0,0,1,1,1,0,0,1,0,1,0,1,1,1,0,1,1,1,1,0,1,1,0,0,0,0,0,0,1,0,0,1,1,1,0,1,0,1,0,1,1,1,0,0,0,0,0,0,1,1,0,1,1,1,1,0
1,0,0,1,0,0,0,0,1,0,1,1,0,0,1,1,0,1,1,1,1,1,1,1,0,0,1,1,0,0,1,0,0,0,1,1,0,1,1,1,1,0,0,1,1,0,1,1,0,0,1,0,1,1,0,1,1,0,0,0,1,1,1,0,1,1,1,0,1,1,0,0,1,1,0
1,0,0,0,1,0,0,1,1,1,0,1,1,0,0,0,0,0,0,0,0,1,0,1,0,0,1,0,0,1,1,0,1,0,1,1,1,1,0,1,1,1,0,1,0,1,1,1,0,1,1,1,1,1,0,0,1,0,0,0,0,1,0,0,0,1,1,1,1,1,0,1,1,1,0
1,0,1,1,0,0,0,1,1,1,0,1,0,0,0,1,0,1,1,0,1,0,0,1,0,1,1,1,1,0,0,1,1,0,1,1,1,0,1,0,1,0,1,1,0,1,1,1,1,1,1,1,1,1,0,0,0,0,0,0,1,1,1,0,1,1,0,1,1,1,1,0,1,1,0
1,0,0,1,1,1,0,0,0,0,1,0,1,0,1,0,1,0,0,0,1,1,1,1,0,1,0,0,0,1,0,0,0,1,1,0,1,1,1,0,0,0,0,1,0,1,0,0,0,1,1,0,1,0,0,1,0,0,0,0,0,0,1,1,0,1,0,0,0,1,0,1,0,0,0
1,1,0,1,1,1,0,1,1,1,0,0,1,0,0,1,0,0,1,0,1,1,0,1,0,1,1,0,0,1,1,0,0,0,0,1,1,0,1,0,1,1,0,1,0,0,0,0,0,1,0,0,1,0,0,0,0,1,1,1,0,1,1,0,1,0,0,1,1,1,0,1,0,0,0
1,0,1,0,1,0,0,0,0,0,0,0,0,0,0,1,0,0,1,0,1,1,0,0,0,1,0,1,1,0,1,0,1,0,0,0,1,1,1,0,1,0,1,1,1,1,0,0,0,1,0,1,1,0,0,1,0,1,1,1,1,0,1,0,0,1,0,1,1,1,1,1,0,1,1
1,0,1,0,0,0,0,1,0,1,0,1,0,1,0,1,0,0,1,0,0,1,1,1,0,1,0,0,1,0,0,0,1,0,1,1,1,0,0,1,1,1,0,1,1,1,0,1,0,1,1,0,1,0,1,1,1,1,0,1,0,0,1,0,1,0,0,0,0,1,0,1,0,1,0
1,1,1,1,0,0,0,1,0,1,1,0,0,0,0,1,1,1,1,1,1,1,0,1,0,0,1,0,0,1,0,0,1,0,0,0,1,0,1,0,1,0,0,1,1,0,0,0,0,1,1,1,1,0,1,0,0,1,1,0,0,1,1,0,1,0,0,0,1,1,0,0,1,0,0
1,0,1,1,1,0,0,1,0,0,1,1,1,1,0,1,0,1,0,1,1,1,0,0,0,1,1,1,1,0,0,0,1,0,0,0,1,0,1,0,1,0,0,1,0,1,1,0,0,1,0,1,1,0,1,1,0,0,0,1,0,0,0,0,1,1,0,0,1,1,1,0,1,1,0
1,0,0,0,1,0,1,1,0,1,0,1,0,0,0,0,1,0,1,0,1,1,0,1,0,0,1,0,0,0,0,1,0,0,0,0,1,0,0,0,1,1,1,1,0,0,0,1,0,1,1,0,1,0,0,1,1,1,1,1,0,0,1,1,1,0,1,0,1,1,1,1,0,1,1
1,0,0,1,0,0,0,1,0,1,0,0,0,0,1,1,1,1,0,0,0,1,0,1,0,0,1,1,1,0,1,0,0,1,1,0,0,0,1,0,1,0,0,1,0,1,0,0,0,0,1,1,1,1,0,0,0,1,0,0,0,1,1,0,1,1,0,1,1,1,0,0,1,1,0
0,0,0,1,1,0,0,1,0,1,0,0,0,1,0,1,0,1,1,0,0,1,0,1,1,1,1,1,1,0,1,0,1,1,1,0,0,0,1,0,1,1,0,1,1,0,0,0,0,1,1,0,1,0,0,0,0,1,0,1,0,0,1,0,0,0,0,0,1,1,0,0,0,1,0
0,0,1,0,0,1,0,1,0,0,0,1,0,0,1,1,1,1,0,0,1,1,0,1,0,0,1,0,1,0,1,0,1,0,1,1,1,1,0,0,0,1,0,1,1,0,1,1,1,1,1,1,1,1,0,1,1,1,1,0,1,1,1,0,0,0,1,0,1,0,0,0,0,1,0
1,0,0,1,0,1,0,1,0,1,0,1,0,0,0,0,0,1,0,1,1,0,0,0,0,1,1,1,1,1,1,0,1,1,0,0,1,0,0,0,0,1,1,1,0,1,0,0,0,1,1,1,1,0,1,1,0,1,1,0,0,1,0,0,1,0,1,0,1,1,0,0,0,0,0
0,0,1,1,0,1,0,1,0,0,0,1,1,0,0,1,1,0,0,0,1,1,1,1,1,1,0,0,1,0,1,0,1,1,1,0,1,0,1,0,1,1,1,1,0,1,0,1,0,1,1,0,1,0,1,1,1,1,0,1,0,1,1,0,0,0,1,0,1,0,1,1,0,1,0
1,0,0,1,1,0,0,1,0,1,0,0,0,1,0,0,1,0,0,0,0,1,0,0,1,1,1,0,1,1,0,1,1,0,0,0,0,1,0,1,0,1,0,1,0,1,0,1,0,1,1,1,1,0,0,1,1,1,1,1,1,0,1,0,1,0,1,1,0,1,0,1,0,1,0
0,0,0,0,1,1,0,0,0,1,1,1,0,0,1,1,1,0,1,0,1,1,1,1,0,1,1,1,1,1,0,1,1,0,1,1,0,0,0,1,0,0,1,1,0,0,0,1,0,1,1,0,1,0,1,1,1,1,1,1,1,0,1,0,1,1,0,0,1,0,1,0,1,1,1
1,1,0,0,0,1,0,1,0,0,0,1,0,0,1,0,1,0,1,0,1,1,0,0,1,0,0,0,1,0,1,1,0,0,0,1,1,1,1,1,1,1,1,1,0,1,1,0,1,1,1,1,0,1,0,1,0,0,1,0,1,0,1,0,1,1,1,0,0,1,1,1,0,1,0
1,0,0,0,0,0,0,0,1,0,0,1,0,0,1,0,1,1,1,1,1,0,0,1,0,0,1,1,0,1,1,1,0,0,1,1,1,1,1,1,1,0,1,1,0,1,1,0,0,1,1,1,1,1,1,1,0,0,1,1,1,1,1,0,1,0,0,0,1,1,1,1,1,1,0
1,0,1,1,0,0,0,1,0,1,1,1,0,0,0,0,1,1,0,0,0,1,0,1,1,1,1,0,1,1,0,0,1,1,0,0,1,0,1,0,1,1,1,1,1,1,0,0,0,1,1,0,1,1,0,1,1,1,0,1,1,0,1,1,1,0,0,1,0,1,1,0,0,0,0
1,1,1,1,0,1,0,1,0,0,1,1,1,0,0,0,0,1,0,0,1,1,1,1,0,0,1,1,1,0,1,1,1,1,0,1,1,0,1,1,1,1,1,1,1,0,1,0,0,0,1,1,1,1,0,1,1,1,0,0,1,0,0,0,0,1,0,0,0,1,1,0,0,1,0
1,1,1,1,0,0,0,1,1,0,0,0,0,0,0,0,1,1,1,0,1,1,0,0,1,0,1,0,0,0,1,1,1,1,1,0,0,0,1,0,1,1,0,1,1,1,1,1,0,1,1,1,1,1,0,1,1,0,0,1,1,1,1,0,1,0,0,0,1,1,1,0,0,1,0
0,1,1,1,1,0,0,0,0,1,0,0,0,0,1,0,0,0,0,0,1,1,1,1,0,0,1,0,1,0,1,0,1,1,1,1,0,1,0,1,1,0,0,1,1,1,0,1,0,1,1,0,1,1,0,1,1,1,1,1,0,1,1,1,1,1,0,0,1,1,0,1,1,1,0
1,0,0,0,0,0,0,1,0,0,0,1,0,0,0,0,1,1,1,0,0,1,0,1,0,0,1,1,0,0,1,0,1,0,0,0,0,1,1,0,1,0,0,1,0,1,1,0,0,0,1,0,1,1,0,1,1,0,1,0,1,1,1,0,1,0,0,0,1,1,1,0,0,1,1
1,1,1,1,0,0,0,0,0,0,0,0,1,0,0,1,1,1,0,0,1,1,0,1,1,1,1,1,0,0,1,0,1,0,1,1,1,0,0,0,0,0,1,1,0,0,1,1,1,0,1,1,1,1,0,1,0,1,0,0,0,1,1,0,1,1,1,0,1,1,1,0,0,0,0
0,0,1,0,0,0,0,1,0,1,1,1,0,0,1,1,1,0,1,0,0,1,0,0,0,0,1,0,1,0,0,0,0,0,1,1,1,0,0,1,0,0,0,1,0,0,0,1,0,1,1,1,1,1,0,1,1,1,0,1,0,0,1,1,0,0,1,1,1,1,1,0,0,0,0
1,0,0,0,0,0,0,1,0,1,0,1,0,0,0,1,0,1,0,0,0,1,0,1,0,0,1,1,1,0,0,0,1,0,1,1,1,0,1,1,1,0,0,1,1,1,1,0,0,1,1,1,1,1,0,0,0,0,1,0,0,0,1,1,0,0,0,1,1,1,0,0,1,1,0
0,0,0,1,0,0,1,1,0,0,1,1,0,0,0,1,0,1,0,0,0,1,1,1,1,0,1,0,1,1,0,0,1,0,0,0,0,0,0,0,1,0,1,1,0,0,0,0,1,0,1,0,1,0,1,1,1,1,1,1,1,0,1,0,0,1,0,1,0,1,1,1,0,0,0
1,0,0,1,1,1,0,1,0,1,0,1,1,0,1,1,0,1,1,0,0,1,0,1,1,1,0,0,1,1,0,1,0,0,1,1,1,0,0,1,0,0,1,1,1,1,1,1,1,1,1,1,1,0,1,0,1,1,0,1,1,1,0,0,1,0,1,1,1,1,1,0,0,1,0
0,0,1,0,1,1,0,0,0,1,0,1,1,1,0,0,1,1,0,0,1,1,1,1,0,0,0,1,1,1,0,1,1,0,1,1,0,0,1,1,1,0,1,1,1,0,1,0,0,0,1,0,1,0,0,1,1,1,0,1,1,0,1,0,0,1,1,1,1,1,1,1,0,1,0
1,0,0,0,1,0,0,1,1,1,1,1,0,0,0,1,1,0,0,1,0,1,1,1,1,0,1,1,1,1,1,1,0,0,1,1,1,0,0,1,1,0,0,1,0,1,0,1,0,0,1,0,1,1,0,1,1,1,1,1,0,1,1,0,1,0,0,0,1,0,1,1,1,0,1
1,1,1,0,0,1,0,1,1,0,0,1,0,0,1,1,1,1,1,1,0,1,0,0,1,0,1,0,0,0,1,1,0,1,1,1,1,1,0,1,1,0,1,1,0,0,0,0,0,1,1,1,1,1,0,1,1,0,0,1,1,0,1,0,1,0,1,1,0,1,1,0,1,0,0
1,0,0,0,0,0,0,1,0,1,1,1,0,0,1,1,1,0,0,0,1,1,1,1,0,0,1,0,0,1,1,1,0,0,1,1,1,0,1,1,1,0,0,1,1,1,1,0,1,1,1,0,1,0,1,0,0,0,0,0,0,0,1,0,1,0,0,0,1,1,0,0,0,0,1
1,0,1,1,1,1,1,0,0,1,0,1,0,0,1,1,1,1,1,0,1,0,1,1,1,0,0,0,1,0,1,0,0,0,1,0,1,1,1,0,1,1,1,1,0,0,0,0,0,1,0,0,1,0,1,1,0,1,0,0,1,1,1,0,1,1,0,0,1,1,1,0,0,1,0
1,0,0,0,0,0,0,0,1,1,0,1,0,1,0,1,1,1,1,0,1,1,0,1,1,1,1,0,1,0,0,0,1,0,0,0,1,0,1,0,1,1,0,1,1,1,0,0,0,1,1,1,1,0,1,0,1,1,1,0,0,1,1,0,1,1,0,0,0,1,0,0,1,1,0
1,1,0,0,1,0,0,1,0,1,0,1,0,1,1,1,0,1,1,1,0,1,0,1,1,0,1,0,0,1,0,0,0,1,1,1,0,0,1,1,1,1,0,1,1,1,1,0,0,1,1,1,1,0,1,1,0,0,1,0,0,0,1,1,0,0,0,1,0,1,0,1,0,1,1
1,0,0,1,1,0,1,1,0,0,1,1,0,0,1,0,0,0,0,0,1,0,1,1,0,0,1,1,1,1,0,0,1,0,0,0,0,1,1,0,1,0,0,1,0,1,0,0,1,1,1,0,1,1,1,1,0,1,1,0,1,0,1,0,1,0,1,1,0,1,0,0,0,0,0
1,0,0,0,0,0,0,1,1,0,0,1,0,0,0,1,1,1,0,0,1,1,0,1,1,1,1,0,1,0,0,1,1,0,1,1,1,1,0,1,0,1,0,1,1,1,1,1,1,1,1,1,1,1,1,0,1,1,1,1,0,1,1,0,1,0,1,1,1,1,1,0,0,0,0
1,0,0,1,0,0,0,0,0,0,0,0,0,0,0,1,0,1,1,0,1,1,0,0,0,0,1,0,1,1,1,1,1,0,0,0,1,1,1,0,1,0,0,1,0,1,0,0,0,1,1,1,1,0,1,1,0,0,0,1,0,0,1,0,1,1,1,0,0,1,0,0,1,1,0
1,0,1,1,1,1,0,1,0,0,1,1,1,0,0,0,1,0,1,0,0,1,1,1,1,1,1,1,1,0,0,1,1,0,1,0,0,0,1,0,1,1,0,1,0,1,0,0,1,1,1,0,1,0,0,1,0,0,1,0,1,0,0,0,1,0,0,1,0,1,0,1,0,0,1
1,0,1,0,1,1,0,1,0,1,1,0,0,1,1,1,0,1,1,0,1,1,0,1,0,1,0,0,0,0,0,1,0,0,1,0,1,0,1,0,1,1,1,1,1,0,0,0,0,0,1,1,1,0,1,1,0,1,0,0,0,1,1,0,0,0,0,1,1,1,1,0,1,1,1
1,0,1,0,0,1,0,1,0,0,1,1,0,0,0,1,0,0,0,1,0,1,0,0,1,1,0,1,0,1,1,1,1,0,1,0,0,1,1,0,1,1,0,1,0,1,0,1,1,1,1,1,1,0,1,1,1,1,1,0,0,0,1,0,1,0,0,0,1,1,0,1,0,1,0
0,0,1,0,0,1,0,1,0,0,1,1,1,0,0,0,0,0,1,0,1,1,1,1,0,0,1,0,0,1,1,0,1,0,1,0,0,0,1,0,1,1,0,1,0,1,0,1,1,0,1,0,0,1,1,1,0,1,1,1,1,1,1,1,0,0,1,0,1,0,0,1,0,1,1
1,0,0,1,1,1,0,0,1,0,0,1,0,0,1,0,0,1,1,0,0,1,0,0,1,1,1,1,0,0,1,1,0,0,0,1,0,0,0,1,0,0,1,1,0,0,1,0,0,0,1,0,1,0,0,0,1,0,1,0,1,1,1,0,1,1,1,1,1,1,1,0,1,1,0
1,0,0,1,1,1,0,1,0,1,0,0,0,0,1,0,1,0,1,0,0,0,1,1,1,0,1,0,0,1,0,1,0,0,0,1,1,1,0,1,0,0,0,1,1,0,1,0,0,1,1,0,1,0,0,1,0,0,1,1,0,0,1,0,0,1,0,0,1,1,1,1,1,1,0
0,0,1,0,0,1,0,0,0,1,0,1,1,0,0,0,0,0,0,1,0,1,0,0,0,1,1,0,1,1,0,0,1,0,1,1,1,0,1,0,1,1,1,1,0,0,0,1,0,0,1,0,1,0,0,1,1,1,0,1,1,1,0,0,1,0,0,0,0,1,1,1,0,0,0
1,1,1,0,0,0,0,1,1,1,0,1,1,0,0,0,1,1,0,1,0,0,0,1,0,0,1,0,0,1,0,0,0,0,0,1,1,0,0,1,1,1,0,1,0,1,1,0,0,0,1,1,0,0,0,0,0,1,1,0,0,1,1,0,0,0,0,1,0,1,1,0,0,1,0
1,0,0,1,1,0,0,1,0,0,1,0,1,0,0,1,1,0,0,0,0,1,1,1,0,0,0,1,1,0,1,1,1,0,0,0,0,1,1,0,1,0,0,1,0,1,0,0,0,1,1,0,1,1,0,1,1,0,0,0,0,0,0,1,1,0,0,0,1,1,0,0,1,1,0
1,1,0,1,0,1,0,0,1,1,0,0,0,0,1,1,1,0,1,0,0,1,1,1,0,1,0,1,0,0,1,0,0,0,1,0,1,1,1,0,1,1,0,1,0,1,0,0,0,1,1,1,1,1,1,0,1,1,1,0,1,1,0,1,0,1,1,1,0,1,1,0,1,0,0
1,0,1,1,0,1,0,1,0,0,1,1,1,0,0,0,1,1,0,0,1,0,0,1,1,1,0,1,0,1,1,0,0,1,0,0,1,0,1,0,1,1,1,1,0,1,0,0,0,0,0,1,1,0,0,1,0,1,0,1,1,0,0,0,1,0,0,0,0,1,1,1,0,0,0
0,0,0,0,0,0,0,1,1,0,1,0,0,0,1,1,1,1,1,0,1,1,0,1,0,0,1,1,0,1,1,0,0,0,1,1,0,0,1,1,1,0,0,1,0,0,1,0,1,0,0,1,1,1,0,0,0,1,1,0,0,1,1,0,1,0,0,1,1,0,0,0,0,1,0
1,1,0,1,1,1,1,1,1,0,0,1,0,0,0,1,1,0,0,0,0,1,0,1,0,1,0,0,1,1,1,0,1,0,1,1,1,1,0,1,0,0,0,1,0,1,0,0,0,0,1,1,1,1,0,1,1,1,1,0,0,1,1,0,1,0,1,1,1,1,0,1,1,0,0
1,0,0,0,1,1,1,0,0,0,0,1,0,0,1,1,1,1,1,1,0,1,1,1,1,1,1,1,0,0,1,1,0,0,0,1,1,0,0,1,0,0,0,1,0,0,1,0,1,1,0,0,1,0,1,1,0,1,1,0,0,0,1,0,1,1,1,0,1,1,0,0,0,1,0
1,1,1,1,1,0,0,0,0,1,0,1,0,0,0,0,0,1,1,1,1,1,0,0,0,0,1,0,0,1,0,0,0,0,1,0,0,0,1,0,1,1,1,1,1,0,0,1,0,1,1,1,1,0,0,1,1,0,0,1,1,1,1,0,1,1,1,1,0,1,1,0,1,1,0
1,1,1,0,1,0,0,1,0,1,0,0,1,0,1,1,1,1,0,1,0,1,0,1,0,0,1,1,0,0,0,1,0,0,0,1,0,0,0,1,1,0,1,1,0,1,1,1,1,0,1,0,1,0,1,0,0,0,0,1,0,0,0,1,1,0,0,0,1,1,1,1,0,1,0
1,0,0,1,0,0,0,0,0,0,0,1,1,0,1,0,0,1,1,0,1,1,1,1,1,1,1,1,1,0,0,1,0,0,0,0,0,1,0,0,1,0,0,1,1,1,0,0,1,0,1,1,1,1,1,1,0,1,0,0,1,1,0,0,1,1,1,1,1,1,1,0,0,1,0
1,0,0,0,1,1,0,1,0,0,0,0,0,1,0,0,1,0,0,0,0,1,0,1,0,0,1,0,0,0,1,0,1,1,1,0,1,0,1,0,1,0,1,1,1,1,0,0,0,1,1,1,1,0,0,1,0,0,0,1,0,1,1,1,1,0,1,1,1,1,1,1,1,0,0
0,0,1,0,0,0,0,0,0,1,0,1,0,0,0,0,1,1,1,0,0,0,0,1,1,0,0,1,0,0,0,1,1,0,0,1,1,1,1,0,1,1,1,1,0,1,1,1,0,0,0,0,1,1,0,0,0,1,1,0,1,1,1,0,1,1,0,1,0,1,1,1,1,1,0
1,0,0,1,1,0,0,1,0,1,0,1,0,0,0,0,0,1,1,1,0,1,0,0,0,0,1,1,1,0,0,0,1,1,0,1,1,1,1,1,1,0,0,1,1,1,0,0,0,1,1,1,1,1,1,1,0,1,0,0,1,0,0,0,1,0,0,1,1,1,1,0,0,1,0
1,0,0,1,1,0,1,1,0,0,1,1,0,0,1,0,1,1,0,1,1,1,0,0,0,0,1,1,0,0,1,0,0,0,1,0,1,1,0,1,0,0,1,1,0,1,0,1,1,0,1,0,1,1,0,1,1,1,0,1,1,1,0,0,0,0,1,0,1,1,1,0,0,0,1
1,0,1,1,0,0,0,1,0,1,1,1,1,0,0,0,0,0,0,0,1,1,0,1,0,1,1,1,0,1,1,0,1,0,1,0,0,0,0,0,1,1,0,1,0,1,1,1,0,1,1,1,1,0,1,1,1,0,0,0,0,0,1,0,1,0,0,1,1,1,0,1,1,1,0
1,0,0,0,1,0,0,0,1,0,0,1,0,1,0,0,1,1,1,0,1,1,0,1,0,1,1,0,0,0,1,0,0,1,1,0,1,1,0,1,1,0,0,1,0,1,0,1,0,1,1,1,1,1,1,1,1,1,1,1,1,0,1,0,1,0,0,0,1,0,0,0,0,0,0
1,0,0,1,1,0,0,1,0,0,0,0,0,0,1,1,1,0,0,0,0,1,1,1,0,0,0,1,1,0,1,1,0,1,0,0,0,0,0,1,0,0,0,1,1,1,0,0,0,1,1,1,1,0,1,0,0,0,0,0,1,0,0,0,0,0,0,0,0,1,0,1,1,1,0
1,0,1,1,0,1,0,1,0,0,0,0,1,0,1,0,0,0,0,0,0,1,0,1,0,1,1,1,1,1,1,1,1,0,1,1,0,1,0,1,1,1,0,1,1,0,0,0,1,0,1,1,1,1,1,1,0,0,1,0,0,1,1,0,1,0,0,0,0,1,0,0,0,1,1
1,0,0,0,1,1,0,1,0,0,0,1,1,0,0,1,0,1,1,0,0,1,0,1,1,1,0,0,1,0,0,0,1,0,1,1,0,1,0,1,1,0,0,1,0,0,0,1,1,0,1,1,1,1,0,1,1,1,1,0,0,0,1,1,1,0,0,0,1,1,0,0,0,1,1
1,1,1,1,1,0,0,1,1,1,0,1,1,0,0,0,0,0,1,0,1,1,0,1,0,1,0,0,0,1,0,1,0,0,0,0,1,1,1,0,1,1,0,1,1,1,0,1,0,1,1,0,1,1,0,1,1,0,0,1,0,1,1,0,0,0,1,1,0,1,0,1,1,1,1
1,0,1,1,0,1,0,1,0,0,0,0,1,0,1,1,1,1,0,0,1,1,1,1,1,0,0,0,0,0,1,1,0,0,0,0,0,1,1,0,1,1,1,1,0,1,1,1,1,1,1,0,1,0,0,1,1,1,1,1,0,0,1,0,0,0,1,0,0,1,1,1,0,1,0
1,1,1,0,1,1,1,0,1,1,0,1,0,0,1,1,1,1,1,0,1,0,1,1,0,0,1,1,0,0,0,1,0,0,1,0,0,1,1,1,1,1,1,1,1,0,1,0,0,1,0,0,1,0,0,0,0,1,1,1,0,0,1,0,0,1,1,0,1,1,1,0,1,1,0
1,0,1,1,0,0,0,0,0,0,0,1,1,0,0,0,1,0,0,0,0,1,0,1,1,1,1,1,1,0,0,0,1,0,0,1,0,1,0,1,1,0,0,1,0,0,1,0,1,0,0,1,0,1,0,1,0,1,1,1,1,1,1,0,1,1,0,0,1,1,1,0,1,0,0
1,0,1,0,1,0,0,1,0,1,0,0,1,0,1,0,1,1,1,1,1,1,0,0,1,0,0,1,1,1,1,1,1,0,0,1,1,0,1,0,1,1,0,1,0,1,1,0,1,0,0,1,1,1,0,1,0,0,1,0,0,0,1,0,0,0,0,0,1,1,0,1,0,1,1
1,1,1,0,1,1,0,1,0,1,0,1,0,0,0,0,1,0,1,0,0,1,1,1,0,0,1,0,1,0,0,0,1,0,1,1,0,0,1,0,1,1,1,1,1,1,0,1,0,1,1,0,1,1,0,1,1,1,1,1,0,1,0,0,1,0,0,0,0,1,1,1,1,1,0
1,0,1,1,0,0,0,1,0,1,1,0,1,0,0,0,0,0,1,0,1,1,0,1,1,0,1,1,0,0,1,1,0,0,1,0,0,0,1,0,1,1,0,1,1,0,0,0,0,0,1,1,1,0,0,1,1,1,0,0,0,0,0,1,0,0,1,0,0,1,0,0,0,1,0
0,1,1,0,0,0,0,1,0,1,0,1,0,0,1,0,1,1,1,0,1,0,1,1,0,0,1,0,0,1,1,0,0,0,0,1,1,1,0,1,1,0,0,1,0,0,1,0,1,0,1,1,1,1,0,1,1,0,0,1,1,1,0,0,0,0,0,0,1,1,0,0,0,1,1
1,1,1,1,1,1,0,1,0,1,0,0,0,0,0,1,1,1,0,1,0,1,0,0,0,0,1,1,0,0,1,0,0,0,1,0,1,0,1,0,1,0,0,1,1,0,1,1,0,0,1,1,1,1,0,1,0,1,1,0,0,1,0,0,0,1,0,1,1,1,0,1,1,1,0
1,0,1,1,0,1,1,1,0,0,1,1,0,0,0,0,1,1,1,0,0,1,1,1,0,1,1,1,0,0,1,1,1,0,0,0,0,1,0,1,0,0,0,1,0,1,0,1,1,1,1,0,1,0,0,1,1,1,1,1,0,1,0,1,1,0,1,1,1,1,0,0,0,0,0
1,1,1,1,0,1,1,1,0,1,1,0,1,0,0,1,1,1,0,0,1,1,0,1,0,0,1,0,1,0,0,1,1,0,0,1,1,0,0,1,1,0,0,1,1,0,0,0,0,0,0,1,1,1,0,1,0,0,0,0,0,0,0,0,1,0,0,1,1,0,0,0,0,1,1
1,1,1,1,0,1,0,1,0,1,1,1,0,0,1,0,0,1,1,0,1,1,0,1,1,1,1,1,0,1,0,0,0,0,0,0,0,1,1,0,0,1,1,1,1,0,1,0,1,0,1,0,1,0,0,0,0,1,1,1,1,0,0,1,0,1,1,1,1,1,1,1,1,1,0
1,1,0,0,0,1,1,0,1,0,0,1,0,0,0,1,0,1,1,1,0,0,1,1,1,0,1,0,0,0,1,1,1,1,0,1,0,1,0,1,1,0,0,1,1,0,1,0,0,0,0,1,1,1,0,0,0,0,1,0,1,1,1,0,1,0,0,0,1,1,0,0,1,1,0
0,1,0,1,0,0,0,1,0,0,0,1,0,0,0,1,1,0,0,1,0,1,0,1,0,1,1,1,0,1,1,0,1,0,1,0,1,0,1,0,0,0,0,1,0,1,0,0,0,1,1,0,1,0,1,1,1,0,1,0,1,0,1,1,1,0,0,0,1,1,0,1,1,1,0
1,0,0,1,1,0,0,1,0,1,0,1,1,0,0,0,1,1,0,0,0,1,1,1,1,1,1,1,1,1,0,1,1,0,1,1,0,1,0,1,0,0,0,1,1,1,1,1,1,0,1,1,1,1,0,1,1,0,1,0,1,1,0,0,0,0,0,0,1,1,0,1,0,1,1
1,1,0,1,0,0,0,1,0,1,1,0,1,0,0,0,1,0,1,0,1,1,1,1,0,1,0,1,0,1,1,0,0,0,1,1,1,1,0,0,1,1,0,1,0,1,0,1,0,1,1,1,1,1,0,1,1,1,0,1,0,1,0,1,1,0,1,1,0,1,0,1,1,1,0
1,1,1,1,0,0,0,0,0,0,0,1,1,0,1,0,0,1,1,0,0,1,1,1,0,0,1,1,1,1,0,1,0,0,1,1,0,1,1,0,1,1,0,1,1,1,1,1,0,0,1,0,1,1,0,1,1,1,1,1,0,1,1,0,0,1,0,1,0,0,0,1,1,1,0
1,1,0,1,1,0,0,1,0,0,0,1,0,0,0,1,1,1,1,0,1,1,0,1,0,1,1,1,0,1,0,1,1,0,0,1,0,0,1,1,0,0,0,1,0,1,0,0,0,1,1,1,1,1,0,0,1,1,1,1,1,1,1,0,1,0,0,1,1,1,0,0,1,1,1
1,0,0,1,1,0,0,1,1,1,0,1,0,0,0,1,1,0,1,0,1,1,1,1,0,1,0,1,1,0,1,0,1,0,1,1,1,0,1,1,1,0,0,1,0,1,0,0,0,1,1,0,1,0,1,0,1,1,0,1,0,1,0,0,1,0,1,0,0,1,1,1,1,1,1
0,0,0,0,1,1,0,1,0,0,0,1,0,0,1,1,0,0,0,0,0,1,0,1,0,1,1,1,0,0,0,1,0,0,1,1,0,1,0,1,0,0,0,1,0,1,1,1,1,0,1,1,1,1,0,0,1,0,1,0,1,1,1,0,1,0,1,1,1,0,1,0,0,1,1
1,0,0,1,1,0,0,1,1,0,0,1,0,0,0,1,0,1,1,0,0,0,1,1,0,0,0,1,1,1,1,0,1,1,1,1,0,0,0,1,1,0,1,1,1,0,0,0,1,0,1,0,1,1,0,1,0,1,1,0,0,1,1,0,1,0,1,1,0,1,1,0,0,0,1
1,0,1,1,0,1,1,1,0,0,0,1,0,0,1,0,1,1,1,1,0,0,1,1,0,1,1,1,0,0,1,0,0,0,1,0,1,0,1,0,1,1,0,1,0,1,1,0,0,0,1,0,1,1,0,1,1,0,1,0,1,0,1,0,0,0,0,1,1,1,0,0,1,0,0
1,0,0,0,1,1,1,1,0,1,1,0,1,1,1,0,0,1,1,0,0,1,1,1,1,1,0,1,1,0,0,1,1,0,1,1,0,1,0,1,1,1,0,0,0,1,1,1,0,1,1,0,1,0,0,1,1,0,1,0,1,1,1,0,1,0,1,1,0,1,0,0,1,0,0
1,0,0,0,1,0,0,1,0,1,1,0,0,0,1,1,1,1,1,0,1,1,1,1,0,0,1,0,1,0,0,1,0,0,1,1,0,0,1,1,1,0,0,1,1,0,1,1,0,1,1,1,1,1,0,0,1,1,1,0,0,0,1,0,1,0,1,0,1,1,0,0,0,1,1
1,0,1,0,0,1,1,1,0,1,0,1,0,0,0,1,0,0,0,0,0,1,1,1,1,0,0,1,1,0,0,1,1,0,1,0,0,0,1,0,1,1,1,1,1,0,0,1,0,1,1,1,1,0,1,1,1,1,1,1,0,0,0,0,1,0,0,1,0,1,1,1,0,1,0
1,1,0,0,1,1,0,1,0,0,1,0,1,0,0,0,0,1,1,0,1,1,0,1,1,1,0,0,1,0,1,1,1,0,1,0,1,0,0,0,1,0,0,1,1,1,0,0,0,0,1,1,1,0,0,1,0,0,1,1,0,0,0,0,0,0,0,0,1,1,0,1,1,1,1
1,0,1,0,1,0,1,1,0,1,1,0,1,0,1,0,0,1,1,1,1,0,1,1,0,0,1,1,1,1,1,0,1,0,0,1,0,0,1,0,1,1,1,1,1,1,1,1,1,0,1,1,1,0,0,1,0,0,1,0,0,1,0,0,1,0,0,0,0,1,0,1,0,1,0
1,0,1,0,1,1,1,1,0,0,0,1,1,0,0,0,0,0,0,1,1,1,1,1,1,0,1,1,1,1,0,1,0,0,0,0,0,1,1,0,1,0,1,1,1,1,0,1,1,0,1,0,1,0,1,0,1,1,1,1,1,1,1,1,1,0,0,1,1,1,1,1,0,1,1
1,0,0,0,0,0,0,1,1,1,0,1,0,1,0,1,0,1,0,1,0,1,0,0,1,0,1,1,1,1,0,0,1,0,1,1,1,1,0,1,0,0,0,1,1,1,1,0,1,0,0,1,1,0,1,1,0,1,1,0,0,1,1,0,0,0,1,1,1,1,0,1,0,1,1
1,0,1,0,0,1,0,1,1,1,0,0,1,0,0,0,1,1,0,0,1,1,0,0,0,1,0,0,0,1,1,1,0,0,0,1,1,1,0,0,0,1,1,1,0,1,1,0,0,0,0,1,1,0,0,1,0,0,1,1,0,1,1,0,1,0,1,1,0,1,1,1,1,1,0
1,1,0,0,1,0,0,1,0,0,0,1,1,0,0,1,0,1,1,0,0,1,0,1,0,0,1,0,1,0,1,1,1,0,1,0,0,1,0,0,1,0,0,1,1,1,0,1,0,0,1,1,1,1,0,1,1,1,1,0,1,1,1,1,1,0,1,0,1,1,0,1,1,1,1
1,1,0,0,1,0,1,1,1,0,1,1,0,0,0,0,0,0,1,0,1,0,1,1,0,0,0,1,1,0,1,0,1,0,1,0,1,1,1,0,1,0,0,1,1,0,1,0,1,1,1,0,1,1,0,0,0,0,1,0,1,1,1,0,1,0,0,0,1,1,0,0,1,0,1
0,1,1,1,1,0,0,1,0,0,1,0,1,0,0,0,0,0,0,0,1,1,1,1,0,1,1,0,1,0,1,0,1,0,1,0,1,0,1,0,1,1,1,1,0,1,0,1,0,1,1,0,0,1,0,1,1,1,1,0,0,0,1,1,0,1,0,0,1,1,1,1,0,0,0
1,0,0,1,0,1,0,0,0,0,0,1,0,0,0,0,1,1,0,0,1,1,0,1,1,0,1,1,1,0,1,1,0,0,1,0,0,1,1,0,1,1,0,1,1,1,1,0,0,1,0,1,1,0,0,1,0,0,0,0,0,0,1,1,1,1,0,0,0,1,0,0,1,1,0
0,0,1,1,1,1,0,1,0,1,0,1,1,0,1,1,1,0,1,0,0,0,0,1,0,0,1,1,0,1,1,0,1,0,1,1,0,0,0,1,1,0,0,1,1,0,1,1,1,1,1,1,0,0,0,0,1,0,0,1,1,1,0,0,1,0,0,0,1,0,0,0,1,0,0
1,0,1,1,1,0,0,1,1,1,0,1,0,0,0,1,0,0,0,0,0,1,0,1,0,1,1,1,1,0,1,1,1,0,1,1,1,0,0,1,0,0,1,1,1,0,1,1,1,1,1,1,1,0,1,1,1,0,0,0,1,1,1,0,1,0,0,0,0,1,1,1,0,1,1
1,0,0,0,0,1,0,1,0,0,0,0,0,1,0,0,1,0,0,0,1,1,1,1,0,0,1,0,1,1,1,1,1,0,1,0,0,1,0,0,1,1,0,1,0,1,0,1,0,0,1,0,1,1,0,1,0,1,0,1,1,0,1,1,1,0,1,0,0,1,0,1,0,0,0
1,1,1,1,1,1,0,1,0,0,0,1,0,0,0,1,1,1,0,1,0,1,1,1,0,0,0,1,1,0,1,1,1,0,1,0,0,0,1,0,1,1,0,1,0,1,1,0,1,1,0,0,1,1,1,1,0,0,0,1,0,0,0,0,1,1,0,0,1,1,0,0,1,0,0
1,0,1,0,0,1,0,1,1,0,1,1,1,1,1,1,0,0,1,0,1,1,0,1,1,0,0,0,1,1,1,1,0,0,0,1,1,1,1,0,1,1,1,1,0,0,0,1,0,1,1,1,0,0,1,0,1,1,1,0,1,0,0,0,0,0,0,0,1,1,1,1,0,1,0
0,0,1,1,1,1,0,1,1,0,1,0,0,0,0,1,1,1,1,0,1,0,0,0,0,1,1,1,1,1,1,1,1,0,1,0,0,0,1,0,1,0,0,1,0,1,1,1,0,1,0,1,1,1,1,1,1,1,1,0,0,1,1,0,0,0,0,1,0,1,1,0,0,1,1
1,0,1,1,1,1,1,1,0,0,0,0,0,0,1,0,1,1,0,0,0,1,0,1,1,1,0,0,0,1,1,0,0,0,1,1,1,1,0,1,1,0,1,1,0,1,0,0,1,0,0,1,1,1,0,1,0,1,1,1,0,1,1,1,0,0,0,1,1,1,0,1,0,1,0
1,0,0,0,1,0,1,1,0,0,1,1,1,1,0,1,0,0,1,1,1,1,1,1,0,0,1,0,0,0,1,0,1,0,1,1,0,0,1,0,1,1,0,1,0,1,1,1,0,0,1,1,1,0,1,1,1,0,1,0,1,1,1,0,1,0,0,0,0,1,1,0,1,0,0
1,0,0,0,0,1,1,1,0,1,0,1,0,1,0,0,1,0,1,0,1,1,1,1,1,1,1,0,1,0,1,0,1,0,0,1,0,1,0,1,0,0,1,1,0,1,1,1,0,0,1,0,1,1,1,1,1,0,0,1,1,0,0,0,1,1,1,1,1,1,1,1,1,1,0
0,0,1,1,1,0,0,0,1,0,0,1,1,0,1,0,1,0,1,0,1,1,0,1,0,0,1,1,0,1,0,0,0,0,1,0,0,1,0,0,1,1,0,1,0,1,0,0,0,0,1,1,1,1,0,1,1,1,0,0,1,0,1,0,0,1,0,1,0,0,0,0,0,1,1
1,1,1,0,1,0,1,0,1,1,1,1,0,1,0,1,1,0,0,0,1,0,1,1,1,0,1,1,1,1,0,0,1,1,0,1,0,1,1,1,1,0,1,1,1,1,1,0,1,1,0,1,1,0,0,0,1,1,1,1,1,1,1,0,1,1,0,0,0,1,1,1,0,1,1
1,0,0,1,1,1,1,1,1,0,1,1,0,0,0,0,1,0,0,0,0,1,1,1,1,1,0,1,1,0,1,0,1,0,1,1,0,0,0,1,1,0,0,1,1,0,1,0,1,0,1,0,1,0,0,1,0,1,0,0,1,1,1,1,0,0,0,1,1,1,0,0,0,0,0
1,0,0,0,1,1,0,1,1,0,0,1,0,0,0,1,1,0,0,1,1,1,0,0,1,1,0,1,1,0,0,1,1,0,1,0,1,0,1,0,1,0,0,1,1,0,0,1,0,1,1,1,1,0,1,1,1,0,1,1,0,1,1,0,0,0,1,1,0,1,0,1,1,1,0
1,0,0,0,1,1,0,1,0,1,1,1,0,0,0,1,0,0,0,1,0,1,0,0,1,0,1,0,1,1,1,0,1,1,1,1,0,0,0,1,0,0,0,1,1,1,1,1,0,0,1,1,1,0,1,1,1,1,0,1,1,1,1,1,1,1,0,1,1,0,0,1,1,0,1
1,1,1,1,0,0,0,1,1,1,0,1,0,1,1,1,1,0,0,0,0,1,1,1,0,0,1,0,1,1,0,1,0,0,0,0,1,1,0,1,1,0,1,1,1,1,0,0,1,1,1,0,1,1,1,1,1,0,0,1,0,1,0,0,1,0,0,0,0,1,1,1,0,1,1
1,0,1,1,0,1,0,1,1,0,0,1,1,0,1,0,0,1,0,0,1,1,0,1,1,0,1,1,0,1,1,0,0,1,0,1,1,0,1,0,1,1,0,1,0,1,1,1,1,1,1,1,1,0,0,1,1,1,0,0,1,1,0,1,1,1,1,1,0,1,0,1,0,1,0
1,0,1,1,0,0,0,1,0,1,1,1,1,0,1,0,1,1,0,0,0,1,0,1,0,1,0,1,0,1,1,1,1,0,1,1,1,0,0,1,0,0,1,1,0,1,1,1,0,0,1,1,1,0,0,1,1,0,0,1,1,0,1,0,1,1,1,0,0,1,1,1,1,1,0
1,0,0,1,1,0,0,1,0,1,0,1,0,0,0,1,1,1,0,0,0,1,0,1,1,1,0,0,1,0,1,0,1,1,0,1,0,0,0,1,1,0,0,1,0,0,1,1,1,0,1,0,1,0,1,1,0,1,1,0,0,1,1,1,1,1,0,0,0,1,0,1,1,1,1
0,0,0,1,0,1,0,1,1,0,0,1,0,0,0,1,0,1,0,1,1,1,0,1,0,0,0,1,1,0,1,0,1,0,0,1,1,0,0,1,0,1,0,1,1,0,1,0,0,0,0,0,1,0,1,0,0,0,0,0,1,1,1,1,1,1,0,0,0,1,0,1,1,1,0
1,0,1,0,1,0,0,1,1,1,0,1,1,0,1,0,1,1,0,0,1,1,1,1,0,1,1,1,0,1,1,1,0,0,1,1,0,1,1,0,1,1,0,1,0,1,1,1,0,1,1,1,1,0,0,1,0,1,1,0,1,0,1,1,1,0,0,0,1,1,0,0,0,1,0
1,0,1,0,1,1,0,1,1,0,0,0,0,0,1,0,1,1,1,0,1,0,1,1,0,1,0,1,0,1,1,1,1,0,1,0,1,1,1,0,1,0,0,1,0,0,1,1,0,1,1,0,0,1,0,0,1,0,0,0,0,1,1,0,0,0,1,1,1,1,1,1,0,0,1
1,0,0,1,1,0,0,1,0,0,0,1,1,1,1,1,1,0,0,0,0,1,0,1,0,0,0,1,1,0,0,0,1,0,1,1,1,1,0,1,1,0,1,1,1,0,0,0,0,1,1,1,1,1,0,0,0,1,1,0,0,0,1,1,1,0,0,1,1,1,1,0,0,1,0
1,0,0,0,1,0,0,1,1,0,1,1,0,0,0,0,0,0,1,0,0,1,0,1,1,1,1,0,0,0,1,0,1,0,1,0,1,0,1,0,1,1,0,1,1,0,0,0,0,1,1,1,0,0,1,1,0,1,1,1,0,1,0,1,1,1,0,0,1,1,0,0,0,1,0
1,0,1,1,1,1,0,1,0,1,1,1,0,0,0,1,0,1,1,0,0,1,0,0,0,0,1,1,1,0,1,1,1,0,1,1,0,1,0,1,1,1,0,1,0,0,0,0,1,1,0,1,1,1,0,0,0,1,0,0,1,0,0,1,1,0,0,0,0,1,0,0,0,1,0
1,0,1,0,0,1,1,1,0,1,1,0,0,1,1,0,0,0,1,0,0,1,1,1,1,0,1,0,1,0,0,1,1,0,1,1,1,0,0,1,1,1,1,1,0,0,0,1,1,1,1,0,1,1,0,1,1,1,1,0,0,0,1,0,1,0,0,1,1,1,1,0,0,1,0
0,0,0,0,1,0,0,1,1,0,0,0,1,1,0,1,1,1,1,0,1,1,0,1,0,1,1,1,0,1,0,0,1,0,0,1,0,1,0,1,0,0,1,1,1,0,0,0,0,0,1,0,1,1,0,1,0,1,0,1,0,1,0,0,1,0,0,0,1,1,1,1,0,1,0
0,1,0,0,1,1,0,1,1,1,0,1,1,0,1,1,1,0,0,1,1,0,0,0,1,0,1,0,1,0,0,0,0,0,1,1,0,0,1,0,1,0,0,1,1,1,0,0,0,0,1,1,1,0,1,0,0,0,1,0,0,1,1,1,0,0,1,0,1,1,1,0,0,0,0
1,0,0,0,1,1,0,1,1,0,0,0,0,1,0,1,1,1,1,0,0,1,1,1,0,0,0,0,1,1,1,1,1,0,0,1,1,0,0,1,0,0,0,1,0,0,1,0,1,0,1,0,1,1,0,0,0,1,0,1,0,1,1,0,0,1,0,0,1,1,1,0,0,1,1
1,1,0,1,0,0,0,1,0,1,0,0,0,0,1,1,0,0,1,0,0,0,0,1,0,0,1,0,0,0,1,1,0,1,1,1,1,0,0,1,1,1,0,1,1,1,1,0,1,1,1,0,1,1,0,1,0,1,1,1,0,0,0,0,1,0,0,1,1,1,1,0,0,1,0
1,0,0,1,1,1,0,1,0,1,0,1,0,0,0,1,1,1,0,0,0,1,0,1,0,1,0,1,0,0,0,0,1,0,1,0,0,1,0,1,1,0,0,1,1,0,0,0,0,1,0,1,1,1,0,1,0,0,0,0,0,0,1,1,1,0,1,1,0,1,0,0,1,1,0
1,1,1,0,0,1,0,0,0,0,0,1,0,0,0,0,0,0,0,1,0,1,0,1,1,1,1,0,1,1,1,1,1,0,0,1,0,1,0,1,0,0,0,1,1,0,0,1,0,1,1,1,1,1,0,1,1,0,1,1,1,1,0,1,1,1,1,0,0,0,0,1,1,1,1
1,0,0,0,0,1,0,1,0,1,0,1,0,0,1,1,1,0,1,0,0,0,0,1,0,0,1,0,0,0,1,1,1,0,0,0,0,0,0,1,1,0,0,1,1,0,1,1,0,1,1,0,1,1,0,1,1,1,1,0,1,1,1,0,1,0,0,0,1,1,0,1,0,1,0
1,0,1,1,0,0,0,1,0,1,0,1,1,0,0,1,1,0,1,0,1,1,0,0,0,1,1,0,1,1,0,0,1,0,1,0,0,0,1,0,1,1,1,1,1,0,0,0,0,0,1,1,1,0,1,1,0,0,1,1,1,0,1,0,0,0,1,1,1,1,1,1,1,1,0
1,1,1,0,1,0,0,1,1,1,1,1,1,0,0,0,0,1,1,0,0,1,1,1,1,1,1,0,0,1,1,1,1,0,1,1,0,1,1,0,1,1,1,1,1,1,1,1,0,0,1,0,1,1,0,1,0,0,1,1,1,0,1,0,0,0,1,1,0,0,1,1,0,1,0
1,0,1,1,0,0,0,1,0,0,0,0,0,1,0,0,0,1,0,0,0,1,0,1,0,0,0,0,0,0,1,1,0,0,1,0,1,0,0,0,1,1,1,1,1,1,1,0,0,0,1,1,1,1,1,0,0,1,0,0,0,0,1,0,0,0,1,0,0,1,0,0,0,1,0
1,0,0,0,0,0,0,1,0,1,0,1,0,1,0,1,1,0,0,1,1,1,0,1,1,1,1,0,1,1,1,1,1,0,1,1,1,0,0,0,1,1,0,1,0,1,0,1,0,1,1,0,1,1,0,0,1,1,0,0,0,0,1,0,0,0,0,1,1,1,0,1,1,0,1
1,0,1,1,1,1,1,1,0,0,1,0,0,0,1,0,0,1,1,0,0,1,0,1,0,1,1,1,0,0,0,1,0,0,1,0,0,0,0,0,0,1,0,1,1,1,1,0,1,1,1,1,1,0,0,0,0,0,1,0,1,1,1,0,0,1,0,0,1,1,1,0,0,0,0
1,1,1,1,1,0,0,1,0,0,1,0,0,0,0,1,0,0,1,1,0,0,0,1,0,1,1,0,1,1,1,0,0,1,0,0,1,0,1,0,1,1,1,0,1,1,0,1,1,1,1,1,0,1,0,0,1,0,0,1,0,0,1,0,1,0,0,1,1,1,1,0,0,1,1
1,1,1,1,1,1,0,1,1,0,1,1,0,0,1,1,1,0,0,0,0,1,1,1,0,0,0,1,1,0,0,1,1,0,1,0,0,1,0,1,1,0,0,1,1,1,0,0,0,1,1,0,1,1,1,0,0,0,0,0,0,1,1,0,0,1,1,1,1,1,0,0,1,1,0
1,1,1,0,1,1,1,0,0,0,1,1,0,1,0,1,1,0,1,0,0,1,1,1,1,0,1,1,0,1,1,1,1,0,1,1,1,1,0,1,1,0,0,1,0,0,1,1,1,1,1,0,0,1,1,0,1,0,1,0,1,0,1,0,1,0,1,0,1,1,0,1,1,0,1
1,0,0,1,0,0,0,1,0,0,1,1,0,1,0,0,1,0,1,1,1,1,0,1,0,1,0,1,0,1,0,0,1,1,0,1,0,1,0,1,0,0,0,0,1,0,0,0,0,1,1,1,1,1,0,1,0,0,1,1,1,0,1,0,0,1,0,0,0,1,1,1,0,1,0
1,0,0,0,1,1,0,0,0,1,0,1,1,1,0,1,1,1,0,0,1,1,1,1,0,0,1,1,0,0,0,1,1,0,0,0,1,1,1,0,0,0,0,1,1,0,0,0,1,0,1,1,1,0,1,0,0,0,1,0,0,1,1,0,0,1,0,1,0,1,1,0,0,1,0
1,0,1,1,1,1,0,1,1,1,0,0,0,0,1,1,1,0,0,0,0,1,1,1,1,1,0,0,0,0,0,1,0,0,1,0,0,0,1,0,1,0,1,1,1,0,0,0,1,0,1,0,0,1,0,1,1,0,0,1,0,1,1,1,1,1,1,1,1,1,1,0,1,1,0
1,1,1,1,0,1,0,1,1,0,1,0,1,0,0,1,1,0,0,0,0,1,0,0,0,1,1,0,0,1,1,0,0,0,1,0,1,0,0,0,0,1,0,1,1,1,1,0,1,0,1,1,1,1,1,1,0,0,0,1,0,1,1,0,1,0,0,1,1,1,1,0,0,1,1
1,0,0,1,1,0,0,1,0,1,0,0,0,0,0,1,0,0,1,0,1,1,0,1,0,1,1,1,1,0,0,1,1,1,1,0,1,0,1,0,1,0,1,1,1,0,1,1,1,0,1,1,1,1,0,0,0,0,1,1,0,1,1,0,1,0,1,1,1,1,1,1,0,1,0
1,1,0,1,1,1,0,1,0,1,1,1,0,1,1,1,1,1,1,0,0,1,0,0,1,0,1,0,1,0,1,1,0,0,1,1,0,1,0,1,0,1,0,1,1,0,1,1,1,1,1,1,0,1,1,0,1,1,1,1,0,0,1,0,0,0,1,1,0,1,0,0,1,1,0
1,0,0,0,0,1,0,0,0,0,0,1,1,1,0,0,1,0,1,1,0,0,0,0,0,0,0,0,1,1,0,1,1,0,1,0,0,0,0,0,0,1,0,1,1,1,1,1,0,0,1,1,1,0,0,1,1,0,0,1,1,1,1,0,0,1,0,1,1,1,0,1,1,0,0
1,1,0,0,1,1,0,1,0,0,1,1,1,0,0,1,0,0,0,0,1,1,0,1,0,1,1,1,1,0,1,1,0,0,1,0,1,1,1,0,1,1,0,1,1,1,0,1,0,0,0,1,1,0,0,1,0,0,1,1,1,0,1,0,1,0,0,0,1,1,0,1,1,0,0
1,1,0,1,1,1,0,0,0,0,0,1,1,1,1,0,1,1,0,0,0,1,1,1,1,0,1,1,0,0,0,0,0,0,0,0,1,1,0,0,0,0,0,1,1,1,1,0,0,0,1,1,1,1,0,1,1,0,0,0,1,0,0,1,1,1,0,1,0,1,1,0,0,1,1
1,0,0,1,1,0,1,1,1,1,0,0,0,0,0,1,1,1,1,0,0,1,1,1,0,1,1,1,1,0,1,0,1,0,1,1,1,0,0,1,0,0,1,1,1,0,0,0,0,1,0,0,1,0,1,1,0,1,1,1,0,1,0,0,1,0,1,1,1,1,1,0,0,1,0
1,1,0,1,1,1,0,1,0,0,0,1,1,0,0,1,1,1,1,0,1,1,0,1,0,1,1,0,1,1,0,0,1,0,1,0,1,0,1,0,0,0,1,1,0,1,1,0,1,0,1,0,1,1,1,0,1,1,0,0,1,1,1,1,0,0,0,1,1,1,1,0,0,1,1
1,1,1,1,0,0,0,1,0,1,0,1,1,1,0,0,0,1,0,0,1,1,0,1,0,1,0,0,1,0,0,1,1,1,1,1,0,0,0,1,1,0,1,1,1,1,1,1,0,0,0,1,1,1,0,0,0,0,0,1,0,0,1,0,1,1,0,1,1,1,1,0,1,1,1
1,1,1,0,1,0,0,1,0,0,1,1,0,1,0,0,1,0,0,0,1,1,1,1,0,0,0,1,0,0,0,1,1,0,0,0,1,1,0,1,1,0,1,1,1,1,0,1,1,1,1,1,1,1,0,1,0,1,1,1,0,1,1,1,1,0,1,1,1,1,1,1,0,1,1
1,0,1,0,1,1,0,1,0,0,0,1,1,0,0,0,1,0,0,0,1,0,1,1,0,1,1,1,1,0,1,1,1,0,0,0,1,1,1,0,1,1,0,1,1,1,0,0,0,0,1,0,0,0,0,1,0,1,1,0,1,0,1,0,1,0,1,1,0,1,1,0,0,1,1
1,0,0,1,1,0,0,1,1,1,1,1,0,0,0,0,1,1,1,0,1,1,0,0,0,1,0,1,0,0,1,1,0,0,0,0,0,0,1,0,1,0,1,1,1,0,0,1,1,1,1,1,1,0,1,1,1,0,1,0,1,1,1,1,0,0,0,0,0,1,1,0,0,1,1
0,0,0,0,1,0,0,0,0,1,0,1,1,0,0,1,1,0,1,0,0,1,0,1,1,1,1,1,1,0,1,1,1,0,1,1,1,0,0,1,0,1,0,1,0,1,0,0,1,0,1,1,1,1,0,1,0,1,1,0,1,1,1,0,1,0,1,1,0,0,0,1,0,1,1
1,1,1,0,1,1,1,1,0,1,1,0,0,0,0,0,1,1,1,0,0,1,1,1,0,0,1,0,0,1,1,1,1,0,0,1,1,1,0,1,1,1,1,1,1,1,0,0,0,1,1,0,1,1,0,0,0,0,1,0,0,0,1,1,1,1,0,0,0,1,1,0,1,1,0
1,0,0,0,1,0,0,1,1,0,0,1,0,0,0,1,1,0,0,0,0,1,0,1,1,1,1,0,1,0,1,0,1,0,0,0,1,0,0,0,1,0,0,1,0,1,0,0,1,1,0,1,1,0,0,0,0,0,1,1,0,1,1,0,1,0,1,0,1,0,0,1,0,1,0
1,0,0,1,1,0,0,1,1,0,0,0,0,0,0,0,0,0,0,0,0,1,0,1,0,0,1,0,0,0,1,0,1,1,1,0,1,0,0,1,1,0,1,1,0,1,0,0,0,1,1,1,1,0,1,1,1,0,0,1,0,1,1,0,0,0,0,0,0,1,1,1,1,1,0
1,0,0,1,1,1,0,1,1,0,0,0,1,0,0,1,1,1,0,1,0,1,0,0,0,0,1,1,1,0,1,0,1,0,1,0,0,0,1,0,1,1,1,1,0,1,0,1,0,0,1,0,1,1,0,1,1,1,1,0,1,0,0,0,0,0,1,1,0,1,0,0,1,1,1
1,1,0,1,1,0,1,1,0,0,0,1,0,0,0,1,0,1,0,0,0,1,1,1,1,0,1,1,1,0,1,1,1,0,1,1,1,0,0,1,1,1,0,1,1,1,1,1,1,1,1,0,1,0,1,1,1,0,1,0,1,0,1,0,1,0,1,1,0,1,0,0,0,1,1
1,0,0,0,1,1,0,1,1,1,0,0,0,0,1,1,0,1,0,1,1,1,0,1,0,0,0,0,0,0,1,0,0,0,1,0,0,1,1,1,1,0,0,1,0,1,0,0,0,1,1,1,1,0,1,1,0,1,1,0,0,1,1,0,1,0,1,0,0,1,0,1,0,1,0
1,1,1,0,1,0,0,1,0,1,0,1,1,1,0,1,1,0,0,1,1,0,0,1,0,0,1,1,1,0,0,0,1,0,1,0,0,1,1,0,1,1,0,1,1,0,0,1,0,0,1,1,1,1,0,1,0,1,1,0,1,0,0,0,0,0,1,1,0,1,0,0,1,1,0
1,0,0,1,0,1,0,1,0,0,0,0,1,0,0,1,1,0,0,0,0,1,0,1,0,1,1,0,1,1,1,0,1,0,1,0,1,1,1,0,0,0,0,1,0,1,1,0,0,1,1,1,1,1,0,1,0,0,1,0,0,0,0,1,1,0,0,1,1,1,0,1,1,0,0
1,1,0,1,0,0,1,0,0,0,0,1,0,1,1,0,0,1,1,0,0,1,1,1,0,0,0,1,1,0,0,0,1,0,1,0,1,1,1,1,1,0,1,1,1,0,1,1,1,1,1,0,0,0,0,0,1,1,0,0,1,0,1,0,0,0,1,1,1,1,1,1,1,1,1
1,1,0,1,0,0,1,1,0,1,0,1,0,0,0,0,0,0,0,1,0,0,1,1,1,1,1,1,1,0,0,0,1,1,1,0,0,0,1,0,1,1,1,1,1,0,1,0,0,1,1,1,1,0,0,1,0,1,0,1,1,0,0,0,0,0,1,1,0,1,1,1,1,1,0
1,0,0,0,1,1,0,0,0,1,1,1,0,0,1,1,0,1,0,0,0,1,0,1,0,0,1,1,0,1,1,0,1,0,0,1,1,0,1,0,1,0,0,1,0,1,1,0,0,0,1,0,1,0,1,1,0,1,1,0,1,1,1,0,0,1,0,1,1,1,0,0,0,1,0
1,1,1,0,1,0,0,1,1,1,1,1,0,1,1,1,0,0,0,1,1,0,0,1,0,0,1,0,0,0,1,0,0,0,0,0,1,1,1,0,1,1,0,1,1,1,0,1,0,1,1,1,0,1,0,1,1,0,0,1,0,1,0,0,1,0,1,1,0,1,0,0,0,1,0
1,0,0,0,0,1,0,1,0,0,0,0,1,0,0,1,1,0,0,0,1,0,0,0,0,0,0,0,1,1,0,0,0,0,0,0,0,1,0,1,1,0,1,1,0,1,1,0,1,0,1,1,1,1,0,1,1,0,1,1,0,0,1,0,1,0,0,0,1,1,1,1,1,1,0
1,0,1,1,1,1,0,1,1,0,0,0,1,0,0,0,1,1,0,0,0,1,0,1,0,1,1,0,0,0,1,0,0,1,1,0,1,0,1,0,1,1,1,1,0,1,0,0,0,0,1,1,1,0,1,0,1,0,1,0,0,1,0,0,1,0,1,0,1,1,1,0,0,0,0
0,0,0,1,1,0,0,1,0,0,0,1,0,1,0,0,0,0,0,0,0,1,0,1,1,0,1,0,1,0,0,1,1,0,1,0,1,1,0,0,1,0,0,1,1,1,0,0,1,1,1,1,1,1,0,1,1,1,1,1,0,0,1,0,1,0,1,1,1,1,0,1,0,1,0
1,0,0,0,1,1,0,1,0,0,0,0,1,0,1,0,1,0,0,0,1,0,0,1,1,0,1,1,0,1,1,1,0,0,1,1,1,1,1,0,1,1,0,1,0,0,0,1,1,0,0,1,1,1,0,0,1,0,0,0,0,1,0,0,0,0,1,0,0,1,0,1,0,1,0
1,0,0,0,1,1,0,1,0,0,0,1,0,0,0,0,1,0,0,0,1,1,0,0,1,1,0,1,0,0,1,1,0,0,0,0,0,0,1,0,1,1,1,1,0,1,1,1,0,0,1,1,1,0,0,0,1,0,1,1,0,1,1,1,0,0,1,0,1,1,1,0,0,1,1
1,1,0,1,1,1,1,1,0,1,0,1,0,0,1,1,1,0,0,0,1,1,1,1,0,1,1,1,0,1,1,1,0,0,0,1,1,0,1,0,1,1,0,1,1,0,1,1,1,1,1,0,1,1,0,0,1,0,0,1,0,0,1,1,1,0,1,0,0,1,0,1,0,1,1
0,0,1,1,1,0,0,0,0,0,0,0,1,0,0,1,1,0,1,0,1,1,0,0,0,1,0,1,1,0,1,1,1,0,1,0,1,1,1,0,0,1,0,1,1,1,0,1,1,1,1,1,1,1,0,1,1,1,1,0,0,1,1,0,0,1,1,0,0,0,0,0,0,1,0
1,0,0,0,1,0,0,1,0,0,0,0,1,0,1,1,1,0,0,0,0,1,0,1,0,0,1,0,0,1,0,0,0,0,0,0,0,0,0,1,1,1,1,0,0,1,0,1,1,1,1,1,1,0,1,0,1,1,0,0,0,1,0,1,1,0,0,0,0,1,1,1,0,1,1
1,0,0,1,1,1,0,1,0,1,0,0,1,0,0,1,1,0,1,1,1,1,1,1,1,1,1,0,1,1,1,1,0,0,1,0,1,1,1,0,1,0,1,1,0,0,0,1,1,0,1,0,1,0,1,0,1,1,0,1,0,1,1,1,1,0,0,0,1,1,1,1,0,0,0
1,0,1,1,1,1,0,0,0,1,0,1,0,1,0,1,0,0,0,0,0,1,0,1,0,1,1,1,1,1,1,1,1,1,0,1,1,1,0,1,0,1,1,1,0,1,1,0,0,1,1,1,1,1,1,1,0,1,1,1,1,0,1,0,1,1,0,1,1,1,1,0,1,0,1
1,0,0,0,1,0,0,1,0,1,1,1,1,0,0,1,1,1,1,0,1,1,0,1,1,0,0,1,1,0,1,0,1,0,1,0,1,1,1,0,1,0,1,1,0,1,0,1,1,0,1,1,1,1,0,1,1,0,1,1,0,1,1,0,1,1,1,1,0,1,1,0,0,1,1
1,0,1,1,0,0,0,1,0,0,0,1,0,0,0,0,1,1,0,0,0,0,0,1,0,0,1,1,1,0,1,0,1,0,1,0,0,0,1,0,0,1,0,1,0,1,0,0,0,0,1,1,1,1,0,1,0,0,0,0,1,1,1,0,1,0,0,0,0,1,0,0,1,1,0
1,0,0,0,1,1,0,1,1,0,0,1,0,0,0,0,1,1,1,0,0,1,0,0,0,0,0,1,0,1,1,1,1,1,1,0,1,0,0,0,1,1,1,1,0,1,1,0,1,0,0,1,0,0,0,0,0,1,0,1,1,0,1,0,0,1,0,1,1,0,1,0,0,1,0
0,0,0,1,1,0,0,1,0,0,1,1,1,0,0,0,1,0,0,0,1,1,0,1,0,1,1,1,1,0,0,0,1,0,1,0,0,0,1,0,1,1,0,1,0,1,0,1,0,1,1,1,1,0,0,0,0,0,1,1,0,0,1,0,1,0,0,0,0,0,0,1,0,0,0
1,0,0,1,0,0,1,1,0,1,0,1,0,0,0,0,1,0,1,1,0,1,0,0,1,1,1,1,0,1,0,1,0,0,0,0,0,0,0,1,0,0,1,1,0,1,0,1,1,1,1,1,1,0,0,1,1,1,0,1,1,1,0,0,0,0,1,1,1,1,1,1,0,1,1
1,0,0,1,0,1,1,1,1,0,1,0,0,0,0,0,1,0,1,0,0,1,1,1,1,1,1,1,1,1,0,0,1,1,0,0,0,0,0,0,1,1,0,1,0,0,1,1,0,1,1,0,1,1,0,0,1,0,0,1,0,1,0,1,0,0,0,0,1,1,1,1,1,1,0
1,1,0,1,1,0,1,1,1,0,1,1,1,0,1,1,1,0,1,0,1,0,1,1,1,1,1,0,1,1,1,1,1,1,1,0,1,1,1,0,1,0,0,1,1,1,0,0,0,1,1,0,1,0,1,1,0,1,1,0,1,0,1,0,1,0,0,0,1,1,0,0,1,1,0
1,0,1,1,1,1,0,1,0,0,1,0,1,0,0,1,1,0,1,1,1,1,1,1,0,0,0,1,0,1,1,0,1,0,1,0,0,0,1,0,1,0,1,1,0,1,0,1,0,0,1,1,1,0,1,0,1,0,0,0,0,0,1,0,1,0,0,1,0,1,1,0,0,0,1
1,1,1,1,0,1,0,1,0,0,0,0,0,0,1,1,1,1,1,0,1,1,1,1,0,0,1,0,1,1,1,0,0,0,0,1,1,0,1,0,1,1,1,1,1,0,0,1,1,1,1,1,1,0,0,1,1,0,0,1,0,1,0,0,0,0,1,1,1,1,1,1,0,1,0
0,0,1,1,1,1,0,1,0,0,0,1,0,0,0,0,0,1,0,0,0,1,0,1,0,1,1,0,0,1,1,1,1,0,1,0,0,1,0,0,1,1,0,1,0,1,1,0,1,0,0,1,1,0,1,1,0,1,0,1,0,1,0,0,1,0,1,1,0,0,0,1,0,1,1
1,0,0,0,1,1,0,1,0,0,1,1,1,1,0,0,1,1,0,0,1,1,0,0,0,0,0,0,1,1,1,0,0,0,0,0,1,0,1,0,1,1,1,1,0,1,0,1,1,0,1,0,1,1,0,1,0,1,0,1,1,0,1,1,0,0,1,1,1,1,1,1,0,0,1
0,1,0,1,0,0,0,1,0,1,0,0,0,0,1,1,1,1,1,0,0,1,0,0,0,0,1,1,1,0,1,0,1,0,0,1,0,0,0,1,0,0,0,1,0,1,1,1,1,1,1,1,1,1,0,1,1,1,1,0,0,0,1,0,1,0,1,1,1,0,1,0,0,1,0
1,0,0,0,1,1,0,1,0,1,0,1,0,1,1,0,1,1,0,0,1,1,1,1,0,0,1,0,0,0,1,1,0,0,0,1,0,0,0,1,1,0,1,1,0,1,0,1,1,1,1,1,1,0,0,0,1,1,0,1,0,0,0,1,1,0,0,0,1,0,1,1,0,1,0
1,0,0,0,1,0,1,1,1,1,0,0,1,0,0,1,1,0,1,0,1,1,1,1,0,0,0,1,0,1,0,1,1,0,1,0,0,0,1,0,1,1,0,0,1,1,0,0,0,1,0,1,1,1,0,1,0,1,1,0,0,0,0,0,1,0,0,0,0,1,0,1,0,1,0
1,0,0,0,1,0,0,1,0,1,0,1,0,0,0,1,0,0,0,1,0,0,0,0,0,0,1,0,1,1,1,0,1,1,0,0,0,0,1,0,1,1,1,1,1,0,1,0,0,1,0,1,1,1,1,1,1,1,1,1,1,1,1,0,0,1,1,0,1,1,0,1,0,1,0
1,0,1,0,0,1,0,1,0,0,1,1,1,0,1,0,1,0,1,0,0,1,0,1,0,0,1,1,1,1,0,0,0,0,0,1,0,0,1,0,0,1,0,1,1,0,1,0,0,0,1,1,1,0,0,0,0,0,1,0,1,1,1,0,1,1,0,0,0,1,0,1,1,1,0
0,1,1,0,1,0,0,1,0,1,0,1,0,1,1,1,1,1,1,1,1,1,1,1,0,0,1,1,0,0,0,1,1,0,1,1,0,1,0,1,0,0,0,1,0,1,1,1,0,1,0,1,1,1,1,1,1,1,1,0,1,1,1,1,1,0,1,1,1,0,0,0,0,1,0
0,0,0,1,0,0,0,0,0,0,0,0,1,0,0,1,1,0,0,0,0,0,0,1,0,1,0,1,1,0,1,0,1,0,1,0,1,0,1,0,1,0,1,1,0,1,0,0,0,0,1,1,0,0,1,0,0,1,0,0,0,1,1,0,0,1,1,1,1,0,0,1,0,1,0
1,0,0,1,0,0,0,1,0,0,1,0,0,0,1,0,1,0,0,0,1,0,0,1,0,0,0,1,1,0,1,1,0,0,1,0,1,1,1,0,0,1,0,1,0,1,0,0,1,1,1,1,1,1,1,1,0,1,0,0,0,0,1,0,1,0,1,1,0,1,1,0,0,0,0
1,1,0,1,1,0,1,1,0,1,1,1,0,0,0,0,0,0,0,0,1,1,0,0,0,1,0,0,0,1,0,1,1,0,1,0,0,1,0,0,1,1,1,1,1,0,0,0,0,1,1,1,1,0,0,1,0,1,0,1,1,0,1,0,0,1,0,0,0,1,1,1,0,1,1
1,1,1,1,0,0,0,1,1,0,1,0,0,0,0,0,1,1,0,1,0,1,0,1,0,0,0,1,1,0,0,1,1,0,0,1,1,0,0,1,1,0,0,1,1,1,1,1,0,0,1,1,1,0,0,0,1,1,1,0,0,1,1,0,1,0,0,1,1,1,0,0,1,1,0
1,0,1,1,1,0,0,1,0,1,0,1,1,0,0,0,1,0,1,1,0,1,0,1,0,0,0,1,0,0,1,0,1,0,0,0,1,0,1,0,1,1,1,1,0,0,0,0,1,0,1,1,1,1,0,1,0,1,0,1,1,1,0,0,1,0,0,0,1,1,1,1,0,1,0
1,0,0,1,1,0,1,0,1,0,0,1,0,0,0,0,1,1,0,0,1,1,1,1,0,1,1,0,0,0,1,0,1,0,1,1,0,0,1,0,1,1,1,1,0,0,1,1,0,1,1,1,1,0,0,1,1,1,0,0,0,1,1,0,0,1,1,1,0,1,1,0,0,1,0
1,1,1,0,0,1,0,1,1,1,0,1,0,1,1,1,1,0,0,1,0,1,0,1,0,0,0,0,1,0,0,1,1,1,1,0,1,1,1,0,1,1,0,1,1,0,1,0,1,1,1,0,1,0,1,1,0,0,0,0,1,1,0,0,1,0,0,1,1,1,1,0,0,0,0
1,1,1,0,1,1,0,1,1,1,0,1,0,0,0,0,1,0,1,0,1,1,0,1,0,0,0,0,0,0,1,0,1,1,1,1,0,0,1,0,1,1,1,1,0,1,0,0,0,0,1,1,1,0,1,1,0,1,1,1,1,1,1,0,0,0,1,1,0,1,1,1,0,1,0
1,0,0,0,1,0,0,1,1,1,0,1,1,0,1,1,0,1,1,1,0,1,0,1,0,0,1,1,1,1,0,1,0,0,0,0,1,1,1,0,1,0,0,1,1,0,1,0,1,0,1,1,1,0,1,0,0,1,1,0,1,0,1,0,1,0,0,1,0,1,0,1,0,0,0
1,1,1,0,1,0,0,1,0,1,0,0,0,0,0,0,0,1,0,0,0,1,0,1,0,0,0,1,0,1,1,1,0,0,1,1,0,1,0,1,1,1,1,1,0,1,1,1,0,1,1,1,1,1,0,0,1,1,1,1,0,0,0,0,1,0,0,0,0,1,1,0,0,1,0
1,1,1,1,0,0,0,1,0,1,0,0,0,0,0,0,0,1,1,0,1,0,0,1,0,0,1,1,0,0,0,0,0,1,1,0,1,1,0,1,1,0,1,1,1,0,0,0,0,1,1,1,1,1,0,1,0,0,0,0,0,1,1,0,0,1,1,1,0,1,1,0,0,1,0
1,0,0,1,0,1,0,1,1,1,0,1,0,0,0,1,0,1,0,1,1,1,0,1,0,1,0,0,1,1,1,1,1,0,1,0,0,0,0,1,1,0,0,1,0,1,1,1,1,0,1,1,1,0,1,0,0,1,1,0,0,1,1,0,0,1,0,0,1,1,0,0,0,1,0
0,0,1,0,1,0,0,0,1,0,0,1,0,0,1,1,0,1,0,0,1,1,0,1,0,0,0,1,0,1,1,1,0,0,1,1,1,0,0,1,1,1,0,1,0,1,0,1,0,1,1,1,1,0,0,1,1,0,0,1,0,1,1,0,0,1,1,0,0,0,1,1,1,0,0
1,0,0,1,0,1,0,1,1,0,0,0,0,1,0,1,0,0,0,0,1,1,1,1,0,0,1,1,0,0,1,0,1,0,1,1,1,0,0,1,1,0,0,1,0,1,0,0,1,1,1,0,1,1,1,0,0,1,0,1,0,1,1,1,0,1,1,0,1,1,1,1,0,1,0
1,0,0,0,1,0,1,1,1,1,0,1,0,0,0,1,1,0,0,0,0,1,1,1,0,1,1,0,1,0,1,0,1,0,1,1,0,1,0,1,0,0,0,1,0,1,0,1,1,1,1,1,1,1,0,1,1,1,1,1,1,1,1,0,1,0,0,0,1,1,0,1,0,1,0
1,0,1,0,1,0,1,1,0,0,0,1,1,0,0,1,0,1,1,1,0,1,0,1,1,0,1,1,0,0,0,1,1,0,0,0,0,1,0,0,0,1,1,1,0,1,0,0,1,0,1,1,1,0,1,1,0,0,1,0,1,1,1,1,0,0,0,1,1,1,0,0,1,1,0
1,0,0,0,1,1,1,0,0,0,0,0,1,0,0,1,1,0,1,0,0,1,0,1,0,1,0,1,1,0,1,1,1,0,1,0,0,1,0,1,0,0,0,1,0,1,0,0,0,0,1,0,1,1,0,1,0,0,1,1,0,0,1,0,0,1,0,0,0,1,1,1,1,1,0
1,0,0,1,1,1,0,0,0,1,0,1,0,0,1,1,1,1,0,0,1,0,0,1,0,1,1,1,0,1,0,0,0,1,0,1,0,0,0,1,1,0,0,1,1,1,0,0,0,0,1,1,1,1,0,0,0,1,0,1,1,0,0,0,1,0,0,0,1,1,1,1,1,1,1
1,0,0,0,1,0,1,1,1,0,0,1,0,0,0,0,0,1,0,0,0,0,1,1,0,0,1,0,1,0,1,0,0,0,0,1,0,0,0,1,0,1,0,1,1,0,1,0,0,1,1,0,1,0,0,1,1,1,1,1,0,1,1,0,1,0,0,0,1,1,0,0,0,1,0
1,0,0,1,0,1,1,1,0,1,1,1,0,1,1,0,1,0,0,1,0,1,0,0,1,0,1,0,0,0,1,1,0,1,0,1,1,1,1,0,1,1,1,1,0,1,0,0,0,1,1,0,1,1,0,1,1,0,0,1,0,0,0,0,0,1,1,1,0,1,1,0,1,1,0
1,0,0,1,0,1,0,1,1,1,0,1,1,0,1,1,0,1,0,1,1,1,1,1,1,1,1,1,0,0,1,0,0,0,0,1,1,0,0,1,1,0,1,1,0,1,1,1,0,0,1,0,1,1,1,1,1,1,0,0,1,1,1,1,0,0,0,0,1,1,1,0,0,1,0
1,0,0,1,1,0,0,1,0,0,1,0,0,0,0,1,1,1,0,0,0,0,1,1,1,0,1,1,0,0,1,0,1,0,1,1,1,0,0,1,1,0,0,1,0,1,0,0,0,0,0,0,1,1,0,1,0,0,1,0,0,1,1,0,0,0,1,1,1,1,0,0,1,0,0
1,1,0,1,0,1,0,1,0,0,1,1,1,0,0,1,1,1,0,0,1,1,0,1,0,0,1,1,0,0,0,0,0,0,1,0,0,1,1,0,0,1,0,1,1,1,1,0,1,0,0,1,1,1,1,1,0,1,0,0,1,1,1,0,0,0,0,1,0,1,1,0,0,1,0
0,0,0,0,0,1,1,1,1,0,1,1,0,1,1,1,1,1,0,0,0,1,1,1,0,0,1,0,0,0,1,0,0,0,0,0,1,1,1,0,1,0,0,0,0,1,0,0,1,0,1,0,1,1,0,1,0,1,1,0,1,1,1,1,0,1,0,0,1,0,0,0,0,0,0
0,0,1,1,1,1,0,1,0,1,1,0,0,0,0,1,1,0,0,0,1,1,0,1,1,1,1,1,1,0,0,0,1,0,0,0,0,1,0,0,1,0,0,1,1,0,0,0,1,0,1,1,1,1,0,1,1,1,0,0,0,0,1,0,0,0,0,0,1,0,0,0,0,1,0
1,0,0,0,1,1,0,1,0,0,0,0,0,1,0,0,1,1,1,1,1,1,0,0,0,1,0,0,1,1,0,1,1,0,1,0,0,1,0,0,1,1,0,1,0,1,1,1,0,1,1,1,1,1,0,0,0,1,0,0,0,1,1,0,1,0,0,1,0,1,0,0,0,1,0
1,1,1,1,1,1,0,1,0,1,1,1,0,0,0,1,1,0,1,0,1,1,1,1,1,1,1,0,1,0,1,1,1,0,1,1,0,1,0,1,1,1,0,1,1,0,0,0,1,1,1,0,1,1,0,1,0,1,1,1,0,1,1,0,1,0,0,1,0,1,0,1,0,1,1
1,0,0,1,1,1,0,1,0,1,1,1,0,0,0,1,1,0,0,0,0,1,0,1,0,0,1,1,1,1,1,1,1,0,1,0,0,0,1,0,1,0,0,1,1,0,1,0,0,1,1,0,1,0,1,0,0,1,0,0,0,0,1,1,1,1,0,1,1,1,1,1,0,1,1
0,0,1,1,0,1,0,0,0,0,0,1,1,0,0,1,1,0,1,0,0,1,0,1,1,0,1,1,1,0,0,0,0,0,0,1,1,1,1,0,1,1,1,1,0,1,0,0,0,0,1,1,1,0,1,1,0,1,0,0,0,0,0,0,0,1,0,1,1,0,1,0,0,1,1
1,0,0,0,0,1,0,1,0,1,0,1,0,0,0,1,1,0,0,1,0,1,1,1,1,1,1,1,1,0,0,1,1,0,0,0,1,0,1,0,0,1,1,1,1,1,1,0,0,1,1,0,1,0,1,0,0,0,0,0,0,0,0,0,0,0,1,1,1,1,0,1,1,1,0
0,1,0,1,0,0,1,1,1,1,0,1,1,1,0,1,1,1,1,0,0,0,0,1,0,1,1,1,1,1,1,1,1,0,0,1,1,1,0,1,0,1,0,1,0,1,0,0,0,1,1,0,0,1,1,0,0,1,1,1,1,0,0,0,1,0,0,1,0,1,0,0,0,1,0
1,0,1,0,1,1,0,1,0,0,0,1,1,0,0,0,1,0,1,0,1,1,0,1,0,1,0,0,0,1,1,0,0,0,1,0,0,1,0,0,0,1,1,1,0,1,1,0,1,1,0,1,1,0,0,1,0,0,1,1,0,1,1,0,1,0,1,0,0,1,1,1,0,1,1
1,1,0,0,1,0,1,1,0,1,1,1,1,0,1,1,1,1,1,0,1,1,0,0,1,1,0,1,0,0,0,1,1,1,0,0,1,0,1,0,0,1,0,1,1,0,0,0,0,0,1,1,0,1,1,0,0,0,1,1,1,1,1,0,0,0,0,1,1,1,0,0,0,1,0
1,0,0,1,0,1,0,1,0,1,0,1,0,0,0,1,1,0,1,0,1,0,1,1,0,1,0,1,1,1,0,0,1,0,1,1,1,1,0,1,1,0,0,1,1,1,0,0,0,0,1,0,1,1,0,1,0,1,0,0,1,1,0,0,1,0,1,0,1,1,0,0,1,1,0
1,1,0,1,0,0,1,1,0,0,1,0,0,0,0,0,1,0,0,0,0,1,0,0,0,1,1,0,1,1,1,1,1,0,1,0,0,0,1,0,1,1,0,1,1,1,1,1,0,1,1,1,1,1,0,1,1,1,0,0,0,0,0,0,1,0,0,0,0,1,0,0,0,1,1
1,0,0,1,0,0,0,1,0,0,0,1,0,0,1,1,1,1,0,0,0,0,0,1,0,1,0,1,0,1,1,1,0,0,1,1,1,1,0,1,1,1,1,1,0,1,0,0,0,1,1,1,1,1,0,0,0,1,0,0,1,1,1,0,1,0,1,1,0,0,1,0,1,1,0
1,1,1,1,1,0,1,1,0,1,0,1,0,1,0,0,0,0,1,1,1,1,0,0,0,0,0,1,1,0,0,1,1,1,1,0,1,1,1,0,1,0,1,1,1,0,0,1,0,1,1,1,0,1,0,1,1,1,0,0,1,1,0,1,1,0,1,1,0,1,1,1,0,1,0
1,1,1,0,1,0,0,1,0,0,1,0,1,0,0,0,0,1,0,0,1,1,0,1,0,0,1,1,1,1,0,0,1,0,0,1,1,0,0,1,1,1,1,1,1,0,0,0,0,0,0,1,0,0,0,0,0,0,1,1,0,1,1,0,1,0,0,0,0,1,1,0,0,1,1
0,0,1,0,0,1,0,1,1,0,1,1,1,0,0,0,1,1,0,0,0,1,0,1,1,1,1,1,0,1,1,0,1,1,0,0,0,1,1,0,1,1,1,1,0,1,1,0,0,0,1,1,1,1,0,1,0,0,1,1,1,0,1,0,0,0,1,1,0,1,1,1,1,1,0
1,0,0,0,0,0,0,0,0,0,0,1,0,0,1,1,0,1,0,0,0,1,0,1,0,0,1,1,1,0,0,0,1,0,0,0,1,0,1,0,1,1,0,1,0,1,1,1,0,1,1,1,1,0,1,0,1,1,1,0,0,0,1,0,0,1,1,1,1,1,0,0,0,1,0
1,0,1,1,0,0,0,1,0,0,1,1,1,0,0,0,1,0,0,1,1,1,0,0,0,1,1,1,1,0,0,0,1,0,0,0,0,0,1,0,1,0,0,1,1,1,0,1,1,1,1,1,1,1,0,1,1,1,0,0,0,0,0,0,1,0,0,0,1,1,0,1,0,1,0
0,0,0,1,1,1,1,1,1,1,1,1,1,0,0,0,1,0,0,0,0,1,1,1,0,0,1,0,0,0,0,1,1,0,0,0,0,0,1,0,0,1,0,1,1,1,0,0,0,0,1,0,1,0,0,0,0,1,1,1,1,0,1,0,0,0,1,1,0,1,0,0,1,0,1
1,0,0,1,0,1,0,1,0,1,1,0,0,0,0,1,1,1,0,0,1,1,1,1,0,0,0,1,0,1,1,1,1,0,1,0,0,0,1,0,1,0,0,1,0,1,0,0,0,1,1,0,1,0,0,1,1,0,0,0,0,1,0,0,1,0,0,0,1,1,1,0,1,1,0
1,0,1,1,0,1,0,1,0,1,0,0,0,0,0,1,1,1,0,0,0,1,1,1,0,0,1,1,1,1,0,1,1,0,1,1,1,1,0,1,0,0,1,1,1,1,0,0,1,1,0,0,1,1,0,0,0,1,0,1,0,0,1,0,0,0,0,0,1,1,1,0,0,1,0
0,0,1,1,0,1,0,1,0,0,1,1,1,0,1,1,1,1,1,1,0,0,0,1,0,1,1,0,1,0,1,1,0,1,0,0,0,1,1,0,1,1,0,1,0,1,1,0,1,0,0,1,1,0,1,0,0,1,0,1,1,0,1,0,1,0,0,0,1,0,1,1,0,1,1
1,0,0,1,1,0,0,1,0,0,0,1,0,0,0,1,1,1,0,0,0,0,0,1,1,0,0,1,1,1,0,1,1,0,0,0,0,0,0,1,1,0,0,1,0,1,1,1,0,0,1,0,1,0,1,1,1,1,0,0,1,1,0,0,1,0,1,1,0,1,1,0,0,0,0
1,0,0,1,1,0,0,1,1,0,1,1,0,0,0,0,1,1,1,1,1,1,0,1,1,0,1,0,0,1,1,1,0,0,0,1,0,0,0,1,1,1,0,1,0,0,0,1,0,0,0,0,1,1,0,1,1,1,0,1,0,1,0,0,1,0,0,0,1,1,1,1,1,0,1
1,0,0,1,1,1,0,1,1,1,1,0,1,0,1,0,1,1,1,0,1,1,0,0,1,0,1,0,1,0,0,1,0,0,0,1,1,1,1,0,1,1,1,1,1,1,1,1,0,0,1,1,1,0,0,0,1,0,0,1,0,1,0,1,1,1,0,0,1,1,1,0,1,1,0
1,1,0,0,1,1,0,1,1,1,0,1,0,0,0,0,0,0,1,1,0,1,0,0,0,0,1,1,1,0,1,1,1,0,1,0,1,1,1,0,0,1,0,1,0,1,1,0,1,1,1,0,1,1,0,1,0,0,0,0,0,0,1,0,1,0,0,0,0,1,0,1,0,1,1
0,0,1,1,1,0,0,1,0,1,1,1,1,0,0,1,1,0,0,0,1,1,0,1,0,0,1,1,1,1,0,0,1,0,1,1,0,0,0,1,1,0,1,1,1,1,0,0,1,0,0,0,1,0,1,1,1,1,0,1,0,1,0,0,0,1,0,0,1,1,1,1,0,1,0
1,0,1,0,0,1,0,1,0,0,0,0,1,1,0,1,1,1,1,0,1,1,0,1,1,1,1,1,0,1,0,0,0,1,1,1,0,0,0,1,1,1,1,1,1,0,0,1,0,0,1,0,1,1,0,1,0,1,1,1,0,1,1,0,0,1,0,1,1,1,1,1,0,1,0
1,0,0,1,0,1,0,1,0,0,0,1,1,0,0,1,1,1,0,1,0,1,0,1,1,1,0,1,0,1,0,0,1,0,0,1,0,0,0,0,1,1,0,1,1,1,1,0,0,0,0,1,1,1,0,1,0,1,1,1,0,0,1,0,1,0,1,0,0,1,0,1,0,1,0
1,1,1,0,1,1,0,0,1,1,0,1,1,0,0,1,0,1,0,0,0,1,0,1,0,0,0,0,1,0,1,0,1,0,0,0,1,1,1,0,1,1,0,1,1,0,1,0,0,1,1,1,1,1,0,0,0,0,0,1,0,1,0,0,0,1,0,1,0,1,0,0,1,1,1
1,0,1,1,1,1,1,1,1,0,0,1,0,0,0,1,1,1,1,1,1,1,0,0,0,0,1,0,0,1,1,1,0,1,1,0,1,1,1,0,1,0,0,1,0,1,0,1,0,0,1,1,0,1,0,1,0,1,0,1,1,0,0,0,1,0,0,1,1,1,1,1,0,1,0
0,0,0,0,0,1,0,0,0,1,0,1,0,0,0,0,0,0,1,0,1,1,0,0,1,1,1,1,0,1,1,1,0,0,1,1,0,1,1,0,1,1,0,1,1,0,1,0,0,1,0,0,1,1,1,1,0,0,0,1,0,1,1,0,1,1,0,1,1,1,1,1,1,1,0
1,1,0,1,1,1,0,1,1,1,0,0,1,0,0,1,1,0,1,0,1,1,0,1,0,1,0,1,1,0,1,0,1,0,1,1,1,1,0,1,1,0,0,1,1,0,0,1,0,0,1,1,1,0,1,1,1,0,0,0,1,0,0,1,1,1,0,0,0,1,1,1,1,1,1
1,0,0,0,0,1,0,1,1,0,0,0,0,0,1,1,1,1,0,0,1,0,0,1,0,0,0,0,0,1,1,0,0,0,0,0,1,1,0,1,1,1,0,1,0,0,0,0,0,1,1,1,1,0,1,1,0,1,1,0,0,1,1,0,1,0,1,1,0,0,0,0,1,1,1
1,0,0,1,0,0,0,0,0,0,0,1,0,0,1,0,0,1,0,0,1,1,0,1,0,0,1,0,1,1,1,1,0,0,0,0,1,1,1,0,1,0,1,1,0,1,0,0,0,1,1,0,1,0,1,1,0,1,1,0,0,1,0,0,1,1,0,0,0,1,0,1,1,1,0
1,1,0,0,0,1,0,1,1,0,0,1,0,0,1,0,1,1,0,1,1,1,1,1,1,1,1,0,1,1,0,0,0,0,0,0,1,0,1,0,0,1,1,1,0,0,1,1,0,0,1,1,0,1,0,0,1,0,1,0,1,0,0,0,0,0,1,1,0,1,1,1,0,1,0
1,0,0,0,0,1,0,1,0,0,0,1,0,0,0,1,1,1,0,0,1,1,0,0,1,0,1,1,1,1,1,1,1,0,0,0,0,1,1,0,1,0,0,1,1,1,0,0,1,1,1,0,1,1,0,1,1,1,1,0,0,0,1,0,0,1,1,0,0,1,0,0,0,1,0
0,0,0,0,0,0,0,1,1,1,1,0,0,0,1,0,1,0,1,0,1,1,1,1,0,1,1,0,0,0,1,0,0,0,0,1,1,1,1,0,0,1,0,1,0,1,0,0,1,1,1,1,1,0,0,1,0,1,1,1,0,1,0,0,1,0,0,0,0,0,0,0,0,1,0
1,0,0,1,0,0,0,1,1,1,1,1,0,0,0,0,0,0,0,0,0,0,1,1,0,0,1,0,1,1,0,1,1,0,1,1,0,1,0,1,1,0,1,1,1,1,0,0,0,1,1,1,1,0,1,1,0,0,0,1,0,0,1,0,1,0,0,0,1,1,1,1,1,1,0
1,1,1,1,0,0,0,1,1,0,0,1,0,0,1,1,0,0,0,1,0,1,1,1,0,0,1,0,1,0,1,1,0,0,1,1,0,0,1,0,1,1,0,1,1,1,1,1,1,1,1,0,1,0,0,1,1,0,1,0,1,1,0,0,1,0,0,1,1,1,1,0,0,0,0
1,1,1,0,1,0,1,1,1,0,1,0,1,0,0,0,1,1,0,0,0,1,1,1,1,1,0,1,1,0,0,1,1,0,0,1,1,1,0,1,1,1,1,1,1,0,1,1,1,1,1,0,1,1,0,0,1,1,1,0,0,1,1,0,1,0,1,1,0,1,1,0,0,1,1
1,0,1,1,0,1,1,1,0,0,1,1,0,1,1,1,0,0,0,0,1,1,1,1,0,1,1,0,1,0,0,0,1,0,0,1,1,1,0,1,1,0,0,1,1,0,0,0,0,1,1,1,1,1,0,1,0,1,1,1,0,1,1,1,0,0,0,0,1,1,0,1,0,1,0
1,0,0,0,1,0,1,1,0,1,0,0,0,0,0,1,1,0,1,1,1,1,0,0,0,0,1,0,1,0,0,1,1,0,1,0,1,0,1,0,0,0,1,1,1,0,0,1,0,1,1,1,0,1,0,1,1,0,0,0,0,0,1,0,0,0,0,0,1,1,1,1,0,0,1
1,0,0,0,1,1,0,1,0,1,1,0,1,0,1,1,1,0,1,1,1,1,0,1,0,1,1,0,0,0,0,1,0,0,1,1,0,0,0,1,1,0,0,1,1,1,0,1,0,0,1,1,1,1,0,0,1,1,0,0,1,1,0,0,1,0,0,0,1,1,0,0,1,0,1
0,0,0,0,1,1,0,1,0,1,1,1,0,0,1,0,1,0,0,0,0,1,0,1,1,0,1,1,1,0,1,1,0,0,0,1,0,0,0,1,1,1,1,1,0,0,0,1,0,0,1,1,1,1,0,1,1,0,0,1,1,0,0,1,1,1,0,0,0,1,0,0,1,1,0
1,1,1,1,1,0,0,1,0,1,0,1,1,0,0,1,1,1,1,0,1,0,0,0,0,0,1,0,1,0,1,1,1,0,1,0,1,1,1,0,1,1,0,1,0,0,1,0,0,0,1,1,0,1,0,0,0,0,1,1,1,0,1,0,1,0,0,0,0,1,0,1,0,0,0
1,0,0,0,1,1,0,1,0,1,0,1,0,0,0,0,1,1,0,1,0,1,1,1,0,1,1,0,1,1,0,0,1,0,1,0,1,0,0,0,1,0,1,1,0,1,0,0,1,1,1,1,1,0,0,1,0,0,1,1,0,1,1,0,0,0,0,0,1,1,1,0,0,0,1
1,0,0,0,0,1,0,1,1,1,1,0,1,1,0,1,1,1,0,1,0,1,0,0,1,1,1,0,0,0,0,1,1,0,1,0,1,0,0,0,1,1,0,1,0,1,1,1,0,0,1,1,1,1,0,0,1,1,1,0,0,1,0,0,1,0,0,1,1,1,0,0,0,0,1
1,0,0,1,0,1,1,1,0,0,1,1,0,0,0,0,1,1,1,1,0,1,0,1,1,1,1,1,0,0,0,1,0,0,1,0,1,0,0,0,1,1,1,1,1,1,1,0,1,1,0,1,1,0,0,1,1,0,1,0,1,1,1,0,1,0,1,0,1,1,1,0,0,1,1
1,0,1,0,0,1,0,1,0,1,1,1,0,0,1,0,1,0,1,0,1,1,0,1,0,1,1,0,0,0,1,0,0,0,1,0,1,0,0,0,1,1,0,1,1,0,0,1,0,1,1,1,1,1,0,1,0,1,1,1,0,0,1,1,1,0,1,0,1,1,0,0,1,1,0
1,0,0,1,1,0,0,1,1,0,1,1,0,1,1,1,0,0,0,0,1,1,1,1,1,0,0,1,1,1,0,1,0,0,0,1,1,1,0,1,1,0,0,1,0,1,0,0,0,1,1,0,1,1,0,1,0,1,1,1,0,0,1,0,0,0,0,1,1,1,0,1,1,1,0
1,0,0,1,0,0,0,1,0,1,0,1,1,0,0,1,1,1,1,1,1,1,0,1,0,0,1,1,1,1,0,1,1,0,0,0,1,1,1,0,1,1,0,1,1,0,0,0,0,1,1,1,1,0,1,0,1,0,0,0,1,0,0,0,1,1,0,0,0,1,1,0,1,1,0
1,0,0,1,1,0,0,0,0,1,0,1,0,0,1,1,1,1,0,0,0,1,0,1,1,1,1,0,0,1,0,0,0,0,1,0,0,0,1,0,1,0,1,1,1,0,1,0,1,1,1,1,1,0,1,1,0,0,0,1,1,1,1,0,1,1,0,0,1,1,1,1,0,1,0
1,0,0,1,1,1,0,0,0,0,1,1,0,0,0,1,0,0,0,0,1,1,0,1,0,0,1,0,1,1,0,0,1,0,1,0,1,0,1,0,1,1,1,1,0,1,1,0,1,1,1,1,1,0,1,0,0,1,0,1,0,0,0,0,0,1,0,1,1,1,1,1,0,0,0
1,0,1,1,0,0,0,1,0,1,1,1,0,0,0,1,1,0,1,0,0,1,0,1,0,1,1,1,0,1,1,1,0,1,1,0,0,1,0,0,1,1,1,1,1,0,0,0,0,1,1,1,1,1,0,0,1,0,0,0,0,0,1,0,1,0,1,1,0,1,0,1,1,1,0
1,0,1,0,1,0,0,0,0,1,0,0,0,0,0,1,1,0,1,0,1,1,0,1,0,0,1,1,1,1,1,1,1,0,1,1,1,1,1,1,1,0,0,1,0,1,0,0,0,1,1,0,1,0,1,1,0,1,0,0,1,0,1,0,0,1,1,0,0,1,0,1,0,0,0
1,0,0,1,1,0,0,1,1,0,1,0,0,0,0,0,0,1,0,1,1,1,0,1,0,0,1,1,0,0,0,1,0,0,1,1,1,0,0,1,1,0,0,1,1,0,1,0,0,1,0,1,1,0,1,0,1,1,0,0,1,0,1,1,0,1,1,0,1,1,0,0,0,1,1
0,1,1,0,1,1,1,1,0,1,1,1,0,0,0,0,1,1,1,0,1,1,0,0,1,0,1,0,0,0,1,1,1,1,1,1,1,1,1,0,1,1,0,1,1,0,0,1,0,1,0,1,1,0,0,1,0,1,0,0,0,0,0,0,0,1,1,1,1,1,0,0,0,0,1
1,1,1,0,1,0,0,0,1,1,0,1,0,0,0,1,1,0,1,0,1,1,0,1,0,0,1,1,0,1,0,1,0,0,1,0,1,0,0,1,0,0,0,1,1,1,1,0,0,1,1,1,1,1,1,0,1,1,0,0,1,0,1,0,0,1,1,1,1,1,0,1,1,1,1
1,0,1,0,1,1,0,1,1,0,1,0,0,0,0,0,0,1,1,1,1,1,0,1,1,0,0,1,1,1,1,1,1,0,1,0,0,0,1,0,1,1,0,1,0,0,1,0,0,1,0,1,1,0,1,1,0,1,1,0,0,0,1,0,0,0,1,0,0,1,0,0,0,1,0
1,0,0,0,1,1,0,1,0,0,1,1,0,0,0,1,1,0,0,0,0,1,0,1,0,1,1,0,1,0,1,0,1,0,0,0,1,0,1,0,1,1,0,1,1,1,0,0,0,1,1,1,1,0,1,1,0,1,0,1,1,1,1,0,1,0,1,0,0,1,0,1,0,0,0
1,1,0,1,1,0,0,0,1,1,0,0,0,0,0,0,1,1,0,0,0,1,0,1,0,0,1,0,0,1,1,1,1,0,1,1,1,0,0,1,1,1,0,1,0,1,1,1,0,1,1,1,1,0,0,0,1,1,0,0,0,0,1,0,0,1,1,1,1,1,0,0,0,1,1
1,0,0,0,1,0,0,1,1,0,1,1,1,1,1,0,1,0,1,0,0,1,0,0,0,0,1,0,0,0,1,1,1,1,1,0,1,0,1,0,1,0,1,1,1,0,1,1,1,1,1,1,1,1,0,1,1,1,0,1,0,1,0,1,1,0,0,0,1,1,0,1,1,0,1
1,0,1,1,1,1,0,1,0,0,0,1,0,0,0,0,1,1,0,0,0,1,1,1,0,1,1,0,0,1,1,0,1,1,1,0,1,0,0,0,0,1,0,1,0,1,0,0,1,1,1,0,1,0,0,0,0,0,0,1,0,1,1,0,1,0,1,0,0,1,0,0,0,0,1
0,0,1,1,1,0,0,1,0,1,1,1,0,0,0,0,1,1,1,1,0,1,0,1,0,0,1,1,0,0,1,1,0,0,0,0,0,0,0,0,0,1,0,1,0,0,0,0,1,1,1,1,1,1,0,1,0,0,0,0,1,1,0,0,1,0,1,0,0,1,0,0,1,1,0
0,0,1,1,0,1,0,1,0,1,1,1,1,0,0,0,0,0,0,0,0,1,0,1,1,1,1,1,1,1,1,1,1,0,0,1,1,1,0,0,1,1,1,1,0,1,1,0,1,0,1,1,1,1,1,0,0,0,0,0,0,1,0,0,0,0,1,1,1,1,1,0,0,1,0
1,0,0,1,0,1,0,1,1,1,1,1,0,0,1,0,0,0,0,0,0,1,1,1,0,1,1,0,0,1,0,1,0,1,1,1,0,1,0,1,1,0,1,1,1,1,1,0,1,1,1,0,1,1,0,0,0,1,1,1,1,1,0,0,0,0,0,0,1,1,1,0,0,0,0
0,0,1,1,0,1,1,0,1,0,0,0,0,0,0,1,1,0,0,0,0,1,1,1,0,0,0,0,1,0,0,1,1,1,1,0,1,1,0,1,0,0,1,1,0,1,0,1,0,0,1,0,1,1,0,1,1,1,1,1,0,1,1,1,0,1,0,1,1,0,1,1,0,0,0
1,0,0,0,0,0,0,1,0,1,0,0,0,0,0,1,1,0,0,0,1,1,0,1,0,0,1,0,1,1,1,1,1,0,1,1,0,0,0,1,0,0,1,1,1,1,0,0,0,1,1,1,1,0,1,1,0,0,1,1,0,0,1,0,1,0,0,0,0,0,0,1,1,1,0
1,0,1,0,1,0,0,0,0,0,0,1,0,0,1,0,0,1,0,1,1,1,1,1,0,1,0,0,0,1,1,1,0,0,1,1,0,0,1,0,1,1,0,1,0,0,0,0,0,1,1,0,1,1,0,1,0,1,0,1,0,0,0,1,0,1,1,1,0,1,1,1,1,0,1
1,1,1,0,1,1,1,1,0,1,1,0,1,0,0,0,1,1,0,0,1,1,0,0,1,0,0,1,0,1,1,0,0,0,0,0,1,0,1,0,1,1,1,1,1,0,0,1,1,0,1,1,1,0,1,1,0,0,1,1,0,1,1,0,0,1,0,0,0,1,1,0,1,1,0
1,0,0,1,1,0,0,1,1,1,1,0,1,0,0,0,0,1,1,0,0,1,0,1,1,1,1,1,0,0,0,1,0,1,1,0,0,1,0,0,1,1,1,1,1,0,1,1,1,0,1,1,1,0,0,0,1,0,0,0,0,0,1,0,1,1,1,0,1,1,1,0,0,0,1
1,1,1,0,0,0,1,1,0,1,0,1,0,0,0,0,1,1,0,0,0,1,0,1,0,0,1,0,1,0,0,1,1,0,0,0,1,1,0,0,0,1,1,1,1,0,0,1,0,0,1,1,1,1,0,1,1,0,1,0,1,0,1,0,1,1,0,1,1,1,1,0,1,1,1
1,0,0,0,0,0,0,1,1,1,1,1,1,0,1,1,1,1,0,1,0,1,0,1,0,0,1,0,0,1,1,1,0,0,0,0,0,0,1,0,1,0,0,1,0,1,1,1,0,0,1,1,1,1,0,1,1,1,1,1,0,0,1,0,1,0,0,0,1,1,0,1,0,1,0
1,0,1,1,0,1,0,1,1,1,1,1,0,0,0,0,1,0,1,0,0,1,0,1,1,1,0,0,1,1,1,1,1,1,1,0,0,1,1,0,1,1,1,1,0,1,1,1,0,1,1,1,1,0,0,1,0,1,1,1,1,1,0,1,1,0,0,0,0,1,1,1,1,1,0
1,1,0,0,0,1,0,1,0,1,1,0,0,0,0,1,0,1,0,0,1,1,0,1,1,0,1,1,0,0,1,0,0,1,1,1,0,0,1,1,1,0,0,1,0,1,1,1,0,0,1,1,1,1,1,1,1,1,0,0,1,1,1,0,0,1,1,1,1,1,0,1,1,0,0
1,0,0,1,1,0,0,1,1,1,1,0,0,0,1,1,0,1,0,0,0,1,0,0,1,0,1,1,1,0,1,1,0,1,0,1,0,1,0,1,1,0,1,1,0,1,0,0,0,0,1,1,1,1,0,0,0,1,1,0,0,0,1,1,0,0,0,0,1,1,1,0,0,1,1
1,0,0,1,0,0,1,0,0,0,0,0,1,0,0,0,1,0,0,0,0,1,1,1,0,0,1,0,1,0,1,1,1,0,0,0,1,0,1,0,1,1,0,1,0,1,1,0,1,0,0,0,1,0,0,1,0,0,0,0,1,0,0,1,1,0,0,1,1,0,0,1,0,1,0
1,0,0,1,0,0,0,0,0,1,0,1,0,0,0,1,1,1,1,0,0,0,0,1,0,1,1,1,1,0,1,1,1,0,0,0,1,1,1,0,1,0,1,1,0,0,1,0,0,1,0,1,0,1,0,0,0,1,0,1,1,1,0,0,0,0,0,0,1,1,1,0,0,1,0
1,1,1,0,1,1,0,0,0,1,0,1,0,0,0,1,1,0,0,0,0,1,0,1,1,0,1,1,1,1,0,1,1,0,0,1,1,1,0,1,0,0,0,1,1,0,0,1,0,1,1,1,1,1,0,1,1,1,1,0,0,0,1,0,1,1,0,0,0,1,0,1,1,1,0
0,0,1,0,1,1,0,1,0,1,0,1,1,1,1,0,1,1,1,0,0,0,0,1,0,1,0,0,0,0,1,0,0,1,0,1,0,1,1,0,1,1,0,1,0,1,1,0,1,1,1,0,1,1,1,1,0,0,0,0,1,1,0,0,0,0,1,0,1,1,0,0,0,1,1
1,0,0,1,1,0,1,1,0,0,1,1,1,1,1,1,1,1,1,0,1,1,1,1,1,1,1,1,0,1,1,1,1,0,1,0,1,0,1,0,0,1,1,1,0,1,1,1,0,0,0,1,0,0,1,0,1,1,0,1,1,0,1,1,1,1,0,1,0,1,0,1,0,1,0
1,1,1,0,0,1,0,0,1,1,0,0,0,0,1,1,1,0,1,1,1,1,0,1,1,1,1,0,0,1,0,1,0,0,1,1,0,0,1,1,1,0,1,1,1,0,0,1,1,1,1,1,1,1,0,1,0,1,1,1,0,1,1,1,1,1,0,0,1,1,1,0,0,1,0
0,0,1,0,0,0,0,1,0,0,0,0,1,0,0,0,1,0,0,0,0,1,1,1,0,1,1,1,1,1,1,1,1,0,1,0,0,0,1,0,1,1,1,1,0,1,1,1,0,1,1,1,1,0,0,1,1,0,0,1,1,0,1,1,0,1,1,1,0,0,1,1,1,0,0
1,0,1,1,0,1,0,1,0,0,0,1,1,0,0,1,0,1,0,0,1,0,1,1,0,0,0,1,0,0,1,1,0,0,1,0,1,0,1,0,1,1,0,1,0,1,0,1,0,0,1,0,1,0,1,1,1,1,1,0,1,0,0,0,1,0,0,0,1,1,0,1,0,0,1
1,1,1,1,1,1,0,0,0,0,0,0,1,0,0,1,1,0,0,0,1,1,0,1,1,0,1,0,1,0,0,0,1,0,0,0,1,0,0,1,0,0,0,1,1,1,0,0,0,1,1,0,1,0,0,0,0,0,0,0,0,1,0,0,0,1,1,1,1,0,0,1,0,1,0
1,0,0,1,0,0,1,1,1,1,0,1,0,0,0,1,1,0,1,0,0,1,1,1,0,1,0,0,1,0,1,0,1,0,1,0,0,1,1,0,1,0,0,1,0,1,0,1,0,1,1,1,1,1,0,1,1,1,1,0,1,1,1,0,0,0,0,1,1,1,0,1,1,1,0
1,0,0,1,0,0,0,0,0,0,0,1,0,1,0,0,1,0,0,0,1,1,0,1,1,1,0,1,1,0,1,1,1,0,1,0,1,0,1,0,1,1,0,1,0,1,1,0,0,1,1,1,1,0,0,1,0,1,0,0,0,0,1,1,1,1,0,0,0,1,0,1,1,1,0
1,0,1,1,0,0,1,1,0,1,0,1,0,0,1,1,0,1,0,0,0,0,0,1,0,0,0,1,1,1,1,1,0,0,0,1,1,1,1,1,1,0,1,1,0,1,1,0,1,1,1,1,1,0,1,1,0,1,1,0,0,0,1,0,1,0,0,0,1,1,0,1,0,0,0
1,0,0,0,0,0,0,1,0,1,0,0,0,0,1,1,1,0,1,0,1,1,0,1,0,1,0,1,1,0,1,1,0,1,1,0,1,1,1,0,1,0,1,1,0,0,0,0,1,1,1,0,1,0,0,0,0,1,1,1,0,0,1,0,1,0,1,0,1,1,1,1,0,1,0
1,0,0,0,0,1,0,0,1,1,0,0,1,0,0,1,1,1,0,0,0,1,0,1,1,1,1,1,1,0,1,1,1,0,0,0,1,1,1,0,1,1,0,1,1,0,0,0,0,1,1,1,0,1,0,0,0,1,1,1,0,1,1,1,1,1,1,0,0,1,1,0,0,1,0
1,1,0,0,1,1,0,1,1,1,0,1,0,0,1,1,0,0,0,0,0,1,0,1,1,0,0,0,1,1,1,1,0,0,1,0,1,1,0,1,1,1,1,1,0,0,0,1,1,1,1,0,1,0,0,0,1,1,0,0,0,1,1,0,1,1,0,0,0,1,1,0,0,0,1
1,0,0,1,1,1,1,0,0,1,0,0,0,0,0,1,1,1,0,0,1,1,1,1,1,1,1,1,1,1,0,0,1,0,0,1,1,1,0,1,1,0,0,1,0,1,1,0,0,1,0,0,1,1,0,1,0,0,0,0,0,0,0,0,1,1,0,0,0,0,0,0,1,1,0
1,0,0,0,0,1,1,1,0,1,1,0,0,0,1,0,1,1,1,1,0,1,1,1,1,1,1,1,0,1,0,1,0,0,0,1,0,1,0,1,1,1,0,1,0,1,0,0,0,1,1,1,1,1,0,1,0,1,1,0,0,0,1,0,1,0,0,0,0,1,0,1,0,1,0
1,0,0,0,1,1,0,0,0,1,0,1,1,0,0,0,1,1,1,0,1,1,0,1,0,0,1,1,1,1,1,0,1,0,0,0,1,1,1,0,1,1,1,1,0,1,0,0,1,1,1,0,1,1,0,1,0,1,1,1,1,1,1,1,0,1,1,1,1,1,1,0,0,1,1
0,0,1,1,0,0,0,0,0,1,0,0,0,0,0,1,1,1,1,1,1,1,0,1,0,1,0,1,1,0,1,1,1,0,1,0,0,0,0,1,0,1,0,1,0,0,1,1,1,1,1,1,1,0,1,0,1,1,0,1,0,0,1,1,0,1,0,0,1,1,0,0,0,1,0
0,0,1,1,0,0,0,1,0,1,1,0,0,0,1,0,1,1,0,0,0,0,1,1,0,0,1,0,0,1,1,1,0,0,1,0,0,1,0,0,0,1,0,1,0,1,0,0,1,0,1,0,1,1,0,1,1,1,0,0,0,1,1,0,1,0,1,0,1,0,0,1,0,0,0
1,1,0,0,1,1,0,1,0,1,1,1,1,0,0,0,0,1,0,0,1,1,1,1,1,1,1,1,0,1,0,0,0,0,1,0,1,1,0,0,1,0,1,1,1,0,1,0,0,0,0,0,1,0,0,0,0,1,1,1,1,0,1,0,0,0,0,1,1,1,1,1,1,0,0
1,0,1,1,1,1,0,0,1,1,0,1,0,0,1,0,1,1,1,1,0,0,0,1,0,1,1,1,0,1,1,0,0,0,1,1,0,1,1,0,1,1,0,1,0,1,0,1,1,0,1,1,1,0,0,1,0,1,1,1,0,1,0,0,1,0,0,1,0,1,0,1,0,1,0
1,0,0,0,0,1,1,1,0,0,1,1,1,0,0,0,1,1,1,1,1,1,0,0,1,0,1,1,1,1,0,1,1,0,1,0,1,0,1,0,1,0,0,1,0,1,0,0,1,1,1,0,1,0,0,1,0,0,1,0,1,0,1,0,1,0,0,0,1,1,0,0,0,1,0
1,0,1,1,0,1,0,0,1,0,0,0,1,0,0,0,1,0,0,0,0,0,0,1,0,0,1,1,0,0,0,0,0,1,1,0,0,1,1,0,1,1,1,1,0,0,0,0,0,0,1,1,1,1,0,1,0,1,0,0,0,1,1,0,1,0,1,1,1,1,1,0,0,1,0
1,0,0,0,1,0,0,1,1,0,0,1,0,0,0,1,0,1,1,0,0,1,1,1,1,1,1,1,1,1,1,1,1,0,0,1,1,1,0,1,1,0,1,1,0,1,1,0,0,0,1,1,0,0,1,0,0,1,1,1,1,0,1,1,1,0,0,0,1,1,1,0,0,1,0
1,0,0,0,1,0,0,1,0,1,0,1,1,1,1,1,0,1,0,0,1,1,0,1,0,1,1,0,0,1,0,1,0,0,0,1,1,1,1,0,1,1,0,1,1,1,1,1,1,0,1,1,1,0,1,1,1,1,1,1,1,0,1,0,1,0,1,1,0,1,1,1,0,1,0
1,0,0,0,0,0,1,1,0,0,1,1,1,0,0,1,1,1,1,0,1,1,1,1,0,0,1,1,1,0,0,1,1,0,1,0,0,1,1,0,1,1,1,1,1,0,1,1,0,1,1,0,1,1,0,1,1,0,0,1,1,0,1,0,1,0,0,0,0,0,1,0,1,0,0
1,0,0,1,1,0,0,1,0,0,0,0,0,0,0,1,1,1,0,1,0,1,1,1,1,0,0,1,0,0,0,1,1,1,1,0,1,1,0,1,1,0,0,1,0,1,0,1,1,1,0,1,1,0,1,0,0,1,0,0,0,0,1,0,1,0,0,0,1,1,1,0,0,1,0
0,0,0,0,1,0,0,1,0,1,0,1,0,0,0,1,1,0,0,0,1,1,0,1,1,1,1,1,0,1,1,0,1,0,1,0,1,0,1,0,1,0,0,1,1,0,0,0,0,1,1,1,1,0,1,1,0,1,1,0,1,1,1,0,1,0,0,0,1,1,0,1,0,1,0
1,0,1,1,0,0,0,1,0,1,0,1,1,0,1,0,1,1,0,0,0,1,0,1,0,1,1,1,0,0,1,0,0,1,1,0,1,1,1,0,1,1,0,1,0,0,1,0,1,0,0,1,1,0,1,0,0,1,0,0,1,1,0,1,0,1,1,0,1,1,0,0,0,1,0
0,0,1,0,1,1,0,1,1,1,1,1,0,0,0,0,0,0,0,0,1,0,0,1,0,1,1,0,1,1,1,1,1,0,0,0,1,0,1,0,1,0,1,1,1,1,0,0,0,1,1,1,0,1,0,1,1,1,0,0,0,0,0,0,1,0,1,0,0,0,1,1,0,0,0
1,0,1,1,1,1,0,0,0,1,0,0,0,0,1,0,1,1,1,0,1,1,0,1,0,0,0,0,1,0,0,1,1,0,1,0,1,1,1,1,1,1,0,1,1,0,1,0,1,1,1,1,1,0,0,0,0,0,0,1,0,0,1,1,1,0,0,0,0,1,1,1,0,0,0
1,1,0,1,1,0,0,1,0,1,0,0,0,0,0,0,1,0,0,1,0,1,1,1,0,1,1,1,0,0,1,1,0,0,0,0,0,1,1,1,1,1,0,1,1,0,0,1,0,0,1,0,1,1,0,0,1,1,0,0,0,1,0,1,1,0,1,0,1,1,0,0,0,1,1
0,1,1,0,0,1,0,1,1,0,0,1,0,0,0,1,1,1,0,0,1,0,0,1,0,0,1,0,1,0,1,0,0,0,1,1,0,0,1,1,1,1,1,1,1,1,1,0,0,1,1,1,1,0,1,0,0,0,0,0,0,0,1,0,0,0,0,1,1,0,1,0,0,0,0
1,1,1,0,0,1,1,1,0,0,1,0,0,0,0,1,1,1,1,0,1,1,1,1,1,0,1,1,0,0,1,0,1,1,0,0,0,0,1,0,1,1,0,1,0,1,1,0,1,1,1,1,1,0,1,1,1,0,1,0,0,1,1,0,0,1,1,1,0,1,0,0,0,1,0
0,0,0,1,0,0,0,1,1,0,1,1,0,0,1,0,0,1,1,1,0,1,1,1,1,0,0,1,0,0,1,1,0,0,0,1,1,0,0,0,1,1,1,1,1,0,1,0,1,0,1,0,1,1,1,1,0,1,0,0,1,0,0,0,1,0,1,0,0,1,0,0,0,0,0
1,0,0,1,1,0,0,0,0,0,0,1,0,0,1,1,1,0,0,1,0,1,0,1,0,0,1,1,0,0,0,0,0,0,0,0,1,1,1,0,1,0,0,1,1,1,0,1,1,1,1,1,1,0,0,1,0,1,1,0,0,0,1,0,0,1,1,1,1,1,0,0,0,0,0
1,1,1,0,0,1,0,1,1,0,1,0,0,1,1,1,0,1,1,1,0,0,0,0,0,0,1,0,1,0,1,1,1,0,0,1,1,1,0,1,1,0,0,1,1,0,0,0,1,1,1,1,0,1,0,0,0,1,1,1,0,0,1,0,0,1,0,0,1,1,0,0,1,1,0
0,0,0,0,0,1,0,0,0,1,0,0,1,0,1,0,1,1,0,1,0,1,0,0,1,0,0,0,1,0,1,0,0,0,0,1,1,1,0,1,0,1,1,1,0,1,0,0,1,1,1,0,1,0,1,1,0,1,1,0,0,1,0,1,1,1,1,1,1,0,1,0,0,1,0
1,0,0,0,1,0,0,1,1,1,0,1,0,1,0,1,0,0,0,1,0,0,0,0,0,0,1,0,1,1,1,0,1,1,1,1,1,0,0,1,0,1,0,1,0,1,1,0,1,0,1,1,1,0,1,1,0,1,0,1,1,1,1,0,0,1,0,0,0,1,1,0,0,1,0
1,1,1,1,1,0,0,1,1,1,0,1,1,0,0,0,0,1,1,0,0,1,1,0,0,0,0,1,1,0,0,0,1,0,0,0,0,0,1,0,1,1,1,1,1,1,1,1,0,0,1,1,1,1,0,1,0,1,1,0,1,1,1,0,1,0,0,0,1,1,1,0,0,1,0
1,0,0,1,0,0,0,1,1,0,1,0,1,0,1,0,0,1,1,0,0,1,0,1,0,0,1,1,0,1,1,0,0,0,1,0,1,0,0,1,1,0,1,1,0,1,0,1,0,0,1,1,1,1,1,1,1,0,1,1,0,1,0,0,1,0,0,0,1,1,1,1,0,1,1
0,0,0,1,0,0,1,1,1,1,1,1,0,0,1,0,0,0,0,1,1,1,1,1,0,0,1,1,1,0,1,1,0,0,1,1,1,0,1,0,0,1,0,1,0,1,0,0,0,1,1,0,1,0,1,0,0,0,1,0,1,0,0,0,1,0,1,0,0,0,0,0,0,0,1
1,1,0,1,1,1,1,1,1,0,1,1,0,0,1,1,1,1,0,0,0,1,1,1,0,1,1,0,0,1,1,0,1,0,1,0,0,0,1,0,1,0,0,1,0,1,1,1,1,1,1,0,1,0,1,1,1,0,0,0,0,1,0,0,1,1,1,1,0,1,0,1,1,1,0
1,0,1,0,1,1,0,1,0,1,1,1,0,0,0,0,1,1,1,0,1,1,1,1,1,1,1,0,1,0,1,1,1,0,0,1,1,0,1,0,1,1,0,1,0,1,0,0,0,1,1,0,1,1,0,1,0,1,1,0,1,1,1,0,1,1,0,0,1,1,0,1,0,1,0
1,1,1,0,0,1,1,1,1,0,1,0,0,1,1,0,1,0,1,0,1,1,1,1,0,1,1,1,0,1,1,0,0,0,1,0,1,0,1,0,1,1,0,1,1,1,0,0,0,1,1,1,1,0,0,0,0,1,0,0,1,0,1,0,1,1,0,0,0,1,0,0,1,1,0
0,1,0,1,1,1,0,1,1,0,0,1,1,0,0,0,1,1,0,0,0,1,0,1,1,0,0,1,1,1,1,0,1,0,1,0,0,0,0,0,0,0,1,1,0,1,0,0,0,1,1,1,1,0,1,0,0,1,0,1,1,1,1,0,1,0,1,1,1,1,1,1,1,1,0
1,0,1,1,0,0,0,0,0,0,0,0,0,1,0,1,1,1,0,1,0,1,0,0,0,0,1,1,0,1,0,1,1,0,0,0,0,0,0,0,1,0,1,1,1,1,1,0,0,1,1,1,1,1,0,0,0,0,0,0,0,0,0,0,1,1,1,1,1,1,1,0,1,1,0
1,0,1,0,0,0,0,1,1,1,1,1,0,1,0,0,1,1,0,1,1,1,1,1,0,1,1,1,1,0,1,0,1,0,1,0,1,1,1,1,1,1,1,1,1,1,0,0,0,1,0,0,0,1,0,1,0,1,0,1,1,1,0,1,1,0,0,1,0,1,1,0,0,0,0
1,1,1,1,0,0,0,1,0,0,0,1,0,0,0,1,1,1,0,0,0,1,1,1,1,1,0,1,1,1,1,1,1,0,0,1,0,1,1,0,1,0,1,1,1,1,1,0,0,1,1,1,1,0,1,0,1,1,0,0,0,0,0,1,1,0,0,0,1,1,1,0,1,1,1
0,0,0,0,1,1,0,0,0,1,0,1,0,0,1,1,1,1,0,0,1,0,1,1,1,1,0,1,0,1,1,0,0,0,1,1,1,1,0,1,1,0,1,1,1,0,0,0,0,1,1,0,1,0,1,0,1,1,1,1,1,0,1,0,0,0,1,0,1,1,1,1,1,1,1
1,1,0,1,1,0,0,1,1,1,0,1,1,0,0,0,1,1,0,0,0,1,1,1,0,1,1,0,0,1,0,1,0,0,0,0,1,1,1,0,1,0,0,1,1,1,0,0,0,1,1,0,1,1,0,1,0,0,0,0,0,1,0,0,0,0,0,1,1,0,0,0,0,1,1
1,0,0,1,0,0,0,1,1,0,0,0,0,0,0,1,0,0,0,1,1,0,0,0,0,1,1,1,1,0,0,0,1,0,1,0,1,0,1,0,1,0,0,1,1,0,0,0,1,1,1,1,1,1,0,0,0,1,1,0,0,0,1,0,1,0,0,0,1,1,0,1,0,1,0
1,0,0,0,0,0,0,1,0,0,0,1,1,0,1,0,1,1,1,0,0,0,1,1,0,0,1,0,1,0,1,1,0,0,0,1,1,1,1,0,1,1,0,1,1,0,0,0,0,0,1,0,1,1,1,1,0,1,0,1,1,0,1,0,1,0,0,0,0,1,0,1,0,1,0
1,1,1,1,1,0,0,1,0,0,0,1,0,0,1,0,1,0,1,0,1,1,0,0,1,0,1,0,0,0,1,1,0,0,1,0,0,0,1,0,1,1,1,1,1,0,0,1,0,1,1,1,1,0,1,1,1,1,0,1,1,0,1,0,0,0,0,1,0,1,1,1,1,1,0
0,0,0,1,0,0,0,1,1,1,0,1,0,0,1,1,1,1,0,1,1,1,0,0,0,0,1,1,1,1,1,1,0,0,1,0,0,1,1,0,1,0,1,1,1,0,0,0,0,0,0,1,1,1,0,1,0,1,1,1,1,0,0,1,1,0,0,0,1,1,1,1,0,1,0
1,0,1,1,0,0,0,1,0,1,1,1,0,0,0,0,1,1,0,0,1,1,0,1,1,0,0,0,1,1,0,1,0,1,1,1,1,0,0,1,0,1,1,1,1,1,0,0,1,0,1,1,0,1,0,1,0,0,1,1,1,0,1,0,0,0,0,1,1,1,1,0,1,0,0
1,0,0,0,1,0,0,1,0,1,0,1,0,0,0,1,1,1,1,0,1,1,0,1,1,1,1,1,0,1,1,1,0,0,1,1,0,0,0,1,0,0,0,1,0,1,1,0,1,0,1,1,1,1,0,1,0,1,0,1,1,1,1,1,1,0,0,1,1,1,0,1,0,1,0
1,0,1,1,0,0,1,0,0,0,1,1,1,0,0,1,0,1,0,0,1,1,0,1,1,1,0,1,0,0,1,1,0,0,1,0,0,0,1,0,1,0,0,1,1,0,1,0,1,0,0,1,1,0,1,0,0,1,0,0,1,0,1,0,1,1,0,0,1,1,0,0,0,1,0
0,1,1,1,1,0,1,1,0,0,0,0,0,0,0,1,1,0,0,0,0,1,1,1,1,0,1,1,0,0,0,1,0,0,1,1,1,0,0,1,1,0,0,1,1,0,0,1,1,0,1,1,1,0,0,0,1,1,0,1,0,1,0,0,0,0,0,0,1,0,1,0,0,1,0
1,0,0,1,1,1,1,1,1,0,1,1,0,0,0,1,1,0,1,0,1,1,1,1,1,0,1,0,1,1,0,0,0,1,1,1,1,0,1,0,1,1,1,1,1,0,1,0,1,1,1,0,1,0,1,0,0,1,1,1,0,1,1,1,0,0,0,0,0,1,0,1,0,0,1
1,0,1,0,0,1,0,1,0,0,0,0,1,0,1,0,0,1,0,0,0,0,0,1,0,1,1,1,1,0,1,0,0,0,0,1,1,0,1,0,1,1,0,1,1,0,0,1,1,1,1,1,1,1,0,1,1,0,1,1,0,0,1,0,0,0,0,0,0,1,0,1,0,1,0
1,0,0,1,0,1,0,1,1,1,1,0,1,0,0,1,1,1,0,0,0,1,0,0,0,0,1,1,0,1,0,1,1,0,1,0,0,0,1,0,1,0,0,1,1,1,0,1,1,0,1,1,0,1,0,0,1,1,0,0,0,1,1,1,1,0,0,1,1,0,0,1,0,1,0
1,1,0,1,1,1,1,1,1,0,1,0,0,0,1,1,1,1,0,0,0,1,1,1,0,0,1,0,1,1,1,0,0,0,1,0,1,0,0,0,0,0,0,1,1,0,1,0,1,1,0,1,1,0,1,0,0,1,0,1,0,1,1,1,1,0,1,0,1,1,0,1,0,1,0
0,0,1,1,0,0,0,1,0,0,0,1,1,0,0,0,1,1,0,0,1,1,0,1,0,0,1,1,1,1,0,1,1,0,0,0,0,1,1,0,0,1,0,1,1,1,1,0,1,1,1,1,1,1,0,1,0,1,1,0,1,1,0,0,1,0,0,1,0,0,1,0,0,1,0
1,0,0,1,1,1,0,1,0,1,1,0,0,0,0,0,1,1,0,1,1,1,0,1,0,0,0,1,0,1,1,0,1,0,0,0,0,1,0,0,0,0,0,1,1,0,1,1,0,1,1,1,1,1,0,0,1,0,0,0,1,1,0,1,0,0,0,0,1,1,0,0,1,1,1
1,0,1,0,1,0,0,1,0,0,0,1,0,0,1,0,1,0,0,0,0,1,0,1,0,1,0,0,0,1,0,0,0,0,0,0,1,0,1,0,1,1,0,1,0,1,0,1,1,0,1,1,1,0,0,0,1,1,1,1,1,0,1,0,1,0,0,0,0,1,1,0,0,1,1
1,0,1,1,0,0,0,1,1,1,1,0,1,0,0,1,0,0,0,0,0,1,0,1,0,0,1,1,1,0,0,1,1,1,1,0,0,0,0,0,0,1,1,1,0,1,0,0,0,0,0,1,1,1,0,1,0,1,0,0,0,0,1,1,0,1,0,0,0,1,1,1,0,1,0
1,0,0,1,0,0,0,1,0,0,0,1,0,1,0,0,0,1,1,0,1,1,0,1,1,0,1,0,1,1,1,1,1,0,1,1,0,1,1,0,1,0,0,1,0,0,0,0,0,1,1,1,1,1,0,1,0,1,0,1,0,0,1,0,1,0,1,0,1,1,0,1,0,1,0
1,0,0,0,0,0,0,1,0,0,1,1,0,0,0,0,0,0,0,0,0,0,0,1,0,0,0,0,0,0,1,0,1,0,0,1,1,0,1,0,1,1,1,1,1,1,1,1,0,1,1,1,1,1,0,1,1,0,1,1,1,0,1,0,0,0,1,1,0,1,0,1,1,1,0
0,0,1,1,1,1,0,1,0,1,1,0,0,0,0,0,0,1,0,0,1,1,1,1,0,0,1,1,1,1,1,1,0,0,1,1,0,0,0,1,0,0,0,1,1,1,1,1,1,1,0,1,1,1,0,1,0,1,0,0,1,0,1,1,1,0,0,0,0,1,0,0,0,1,0
1,0,0,1,1,0,0,1,1,0,0,1,1,1,0,1,1,1,1,0,1,1,0,1,0,0,1,0,0,1,1,1,1,1,0,0,0,0,1,0,1,0,0,1,1,1,1,0,1,0,1,1,0,0,1,0,0,0,1,1,1,0,1,0,1,0,0,0,1,1,0,0,1,1,1
0,0,1,0,1,0,0,1,0,0,1,1,0,0,1,1,0,1,1,1,0,1,1,1,0,0,0,1,1,1,0,1,0,0,1,1,0,0,0,1,1,1,1,1,0,1,0,0,0,0,0,0,1,0,1,1,0,1,0,1,1,0,0,0,0,0,0,1,0,1,1,0,0,0,1
1,1,0,1,1,0,1,0,0,0,0,0,1,0,0,0,1,0,0,0,0,1,0,1,0,1,0,1,1,1,1,1,1,0,1,0,0,0,1,0,1,0,1,1,1,1,0,1,0,0,1,1,1,0,0,0,1,0,0,1,0,1,1,0,1,1,0,1,1,1,1,1,1,1,0
1,0,1,1,0,1,0,1,1,0,0,0,0,1,1,1,1,1,1,0,0,1,1,1,0,1,1,0,0,0,1,1,1,0,0,1,0,0,0,1,1,1,1,1,1,0,1,0,0,1,1,1,1,1,0,0,1,0,0,1,0,0,0,1,1,0,0,0,0,1,1,0,1,1,0
1,0,1,1,1,0,0,0,0,1,0,1,0,0,1,0,1,1,1,0,0,1,0,0,1,1,0,1,1,1,0,0,1,0,1,1,1,1,0,1,0,1,1,1,1,1,0,1,1,1,1,1,1,0,1,0,1,1,0,0,0,0,1,1,1,1,1,1,0,1,1,0,0,1,0
1,0,0,1,1,0,0,0,1,0,0,0,0,0,0,1,1,1,0,1,0,1,0,0,1,1,0,0,1,1,0,0,1,0,0,1,1,0,0,1,0,0,0,1,1,1,0,0,0,0,1,0,0,0,1,0,0,1,0,1,0,0,0,0,1,0,0,0,0,1,0,0,0,1,1
1,0,1,0,1,1,0,1,0,1,0,1,0,0,0,1,1,0,1,0,1,1,0,1,0,0,1,1,0,1,0,0,1,0,0,0,1,0,1,0,1,0,0,1,1,0,0,1,1,1,1,1,0,0,1,0,1,0,0,0,0,0,1,0,0,0,0,0,1,1,0,1,1,1,0
1,0,0,0,1,1,0,1,0,1,1,0,0,0,1,1,1,0,0,0,0,1,1,1,0,1,1,0,0,0,1,0,0,0,0,1,1,1,0,1,0,1,0,1,1,1,0,1,1,0,1,1,1,1,0,1,1,1,1,0,0,1,1,0,1,0,1,1,0,1,1,0,0,1,0
1,1,0,1,0,1,1,1,0,1,1,0,1,0,1,1,1,1,0,0,0,0,1,1,0,1,1,0,1,0,1,1,0,0,1,1,1,0,1,1,1,0,1,1,0,1,1,0,1,0,1,1,0,1,1,0,0,1,0,1,0,0,1,0,0,0,1,0,0,1,0,1,1,1,1
0,0,0,0,0,0,0,0,1,1,0,1,1,1,0,0,1,0,0,0,0,1,0,1,1,1,1,1,1,0,0,1,1,0,0,0,0,0,1,0,1,0,1,1,1,1,0,1,0,0,1,1,1,1,0,1,1,0,1,0,0,1,1,1,1,1,1,1,1,1,1,0,1,1,0
1,0,0,0,1,0,0,1,0,0,1,0,0,1,0,0,1,1,0,0,1,1,1,1,0,1,1,1,0,1,0,1,0,0,1,0,1,0,1,0,1,1,1,1,0,1,0,0,1,1,1,0,1,0,0,1,0,1,1,1,0,1,1,0,0,0,0,1,0,0,1,1,1,0,1
0,1,0,1,1,0,0,1,0,1,0,0,0,0,1,0,1,0,0,0,0,1,0,1,0,1,1,0,1,0,0,0,1,0,0,1,0,0,0,1,0,1,1,1,1,0,1,0,0,1,1,1,1,0,0,1,0,1,1,0,0,0,1,1,0,0,1,0,1,0,1,0,1,0,0
1,0,0,1,1,0,1,1,0,1,1,1,0,0,0,1,1,0,0,0,1,0,0,1,1,0,1,0,1,1,0,0,1,0,1,1,1,1,0,1,1,0,0,1,1,1,0,0,1,0,1,1,1,1,0,1,0,1,0,0,0,1,0,0,0,0,0,0,1,1,0,1,0,1,0
1,0,0,0,1,1,0,1,0,0,1,0,0,0,1,1,0,0,0,1,0,1,1,1,1,0,1,1,0,0,1,1,0,1,0,0,1,1,0,1,1,0,0,1,0,1,0,1,1,1,1,0,1,0,1,1,1,0,1,0,0,0,1,0,0,0,1,0,1,1,0,0,0,1,0
1,1,0,1,0,1,0,0,1,1,0,1,0,0,1,1,1,1,1,0,1,1,1,1,1,0,1,1,1,0,1,0,0,0,1,0,1,1,0,1,1,0,1,1,0,1,1,1,1,1,1,1,1,0,1,0,1,1,0,0,0,1,1,0,0,1,1,1,1,1,1,0,0,1,0
1,1,1,1,1,1,0,1,0,0,1,1,0,0,1,1,1,1,1,1,0,1,1,1,0,0,0,1,1,0,0,1,0,0,1,1,0,1,0,0,1,0,0,1,1,0,0,0,0,1,0,0,1,1,0,1,0,1,0,0,1,1,1,0,1,0,1,1,1,1,1,0,0,1,0
1,0,1,1,1,0,0,1,1,0,0,0,1,0,0,1,1,1,1,0,1,1,1,1,0,1,1,0,1,0,1,1,1,0,0,0,0,0,0,0,1,1,0,1,1,0,1,0,0,0,1,0,1,1,0,0,0,0,0,0,0,1,0,0,0,0,0,0,0,1,0,1,1,1,0
1,0,1,1,0,1,0,1,0,0,0,1,1,0,0,0,1,1,0,0,1,1,0,1,0,1,1,0,0,1,1,0,0,1,0,0,0,1,1,0,1,0,0,1,1,1,0,0,1,0,1,1,1,1,1,1,0,1,1,1,1,1,1,1,0,0,1,0,1,1,0,1,0,1,0
1,0,0,1,1,0,1,1,0,1,0,0,0,0,0,1,0,0,1,0,1,0,0,1,1,0,0,0,1,0,1,1,0,1,1,0,1,0,0,0,1,0,0,1,0,0,0,0,0,0,1,0,1,0,1,1,1,1,1,1,0,0,1,0,0,0,1,0,1,1,0,1,0,0,1
1,1,0,1,0,0,0,1,0,1,1,1,0,0,0,1,1,1,1,0,1,1,1,1,0,0,0,0,1,1,1,1,1,0,1,1,0,1,1,1,1,0,0,1,0,1,1,1,0,1,1,0,1,1,1,1,0,1,0,0,0,0,0,0,0,1,1,1,1,1,0,0,0,1,0
1,0,0,0,1,0,0,1,0,1,1,1,1,1,0,0,1,1,0,0,1,1,0,0,0,0,1,0,1,1,1,0,1,0,1,1,1,1,1,0,1,1,1,1,0,0,0,1,0,0,1,1,1,1,0,1,1,0,1,0,1,1,1,0,1,0,0,0,0,1,0,0,1,1,0
1,0,0,0,0,1,0,1,0,0,0,0,1,1,0,0,1,1,1,0,1,1,1,1,0,0,1,0,1,0,1,1,1,0,0,0,0,1,1,0,0,1,0,1,0,1,0,0,1,1,0,0,1,0,0,1,0,0,0,0,0,0,0,0,1,0,0,0,0,1,0,0,0,1,0
1,1,0,1,1,1,0,1,1,1,0,0,1,0,1,1,1,1,0,0,1,1,1,1,1,1,1,1,1,1,1,0,1,0,1,0,0,1,1,0,1,0,1,1,0,1,1,0,0,0,1,1,0,1,1,0,0,1,0,1,0,1,1,1,1,0,0,1,1,1,1,0,0,1,1
1,0,1,1,1,0,0,1,1,0,0,0,0,0,0,1,0,1,1,0,1,1,1,1,0,1,1,1,1,1,0,0,1,1,0,1,1,0,0,1,1,0,0,1,0,1,1,1,0,1,1,0,1,0,1,0,1,0,0,0,0,0,0,0,0,1,0,1,0,1,1,0,1,1,0
1,0,0,1,1,1,1,0,0,0,0,1,0,1,0,1,1,1,0,0,1,1,0,1,1,1,1,1,0,1,1,0,0,1,0,1,0,0,0,1,1,0,0,1,0,1,1,1,0,1,1,1,1,1,0,0,1,0,0,0,1,0,1,0,0,1,1,1,1,1,1,0,1,1,0
1,0,0,1,0,0,1,1,0,0,0,0,0,0,0,0,0,0,0,0,1,1,1,1,1,0,1,0,1,1,1,1,1,0,1,1,1,0,1,0,1,1,1,1,0,1,0,0,1,1,1,0,1,1,1,1,0,0,1,1,0,1,1,1,1,0,0,1,0,1,1,1,0,0,0
1,0,0,1,1,0,0,1,0,1,0,0,0,0,0,1,0,0,0,1,1,1,1,1,0,1,1,1,1,0,1,1,1,0,1,0,0,0,0,0,1,0,1,1,0,1,0,1,0,1,1,1,1,0,1,0,1,1,0,0,0,1,1,0,0,0,0,1,0,1,1,0,0,1,0
1,0,1,1,1,0,0,1,0,1,1,0,0,1,0,0,1,0,0,0,0,1,1,1,0,0,1,1,1,1,1,0,0,0,1,1,1,0,0,0,1,1,1,1,0,1,0,0,1,1,1,0,1,0,1,0,0,1,1,0,0,0,1,0,0,0,0,1,1,1,0,0,0,0,0
1,0,1,1,0,0,1,0,1,0,0,1,1,0,1,1,0,1,0,0,0,1,0,1,0,0,1,1,0,0,0,1,0,0,0,1,1,1,0,1,1,0,1,1,1,0,1,1,1,0,1,0,1,1,0,0,1,0,0,1,1,1,0,0,0,1,0,1,1,1,0,0,0,1,0
1,1,0,0,1,0,0,1,1,1,1,0,0,0,1,1,1,1,0,0,0,1,1,1,0,1,1,0,0,0,1,1,0,0,0,1,1,1,1,1,1,0,1,1,1,1,0,0,1,1,1,0,1,1,1,1,1,0,0,0,0,1,0,0,1,0,0,1,1,1,1,0,0,1,0
1,0,1,0,1,0,0,1,1,0,1,0,1,1,1,0,1,1,0,0,0,0,0,0,0,0,1,0,1,0,1,0,1,0,1,0,1,1,1,0,1,1,0,1,1,0,1,0,0,0,0,1,1,0,0,1,1,1,0,0,0,1,0,0,0,0,0,1,0,1,0,0,0,1,0
1,0,0,0,0,0,0,1,0,0,1,0,0,0,1,1,1,0,1,0,1,1,0,1,0,0,1,1,0,1,0,0,0,0,1,0,0,0,0,1,1,0,0,1,0,1,0,1,0,1,1,1,1,1,0,1,0,1,1,0,1,1,0,0,1,0,0,1,1,1,0,0,0,1,0
1,0,1,1,0,0,1,0,1,1,0,1,0,0,0,1,1,0,1,1,0,1,1,1,0,0,1,0,1,1,1,0,1,0,1,0,0,1,0,1,1,1,0,1,0,1,0,0,0,1,1,1,1,1,0,0,0,1,0,1,1,0,0,0,0,1,1,1,1,1,0,1,0,1,0
1,1,1,1,1,0,0,1,0,1,1,0,0,0,0,0,1,0,1,0,0,1,1,1,0,0,1,0,1,1,1,0,1,0,1,1,1,0,0,1,1,1,0,1,1,1,0,0,0,1,1,1,1,0,0,1,0,0,1,1,1,1,0,0,1,0,0,0,1,1,0,1,1,0,0
1,0,1,1,0,0,0,0,1,1,0,1,0,1,0,1,1,0,0,0,1,1,1,1,0,1,1,1,0,1,1,0,1,0,1,1,0,0,0,1,1,1,0,1,1,1,0,0,0,1,1,1,1,0,1,1,1,0,0,0,1,1,1,0,0,1,1,0,1,1,0,1,1,1,0
1,0,1,1,0,0,0,0,1,0,0,0,0,0,0,0,1,1,0,0,0,1,0,1,0,1,1,1,1,1,1,1,1,1,1,0,1,1,1,0,0,1,0,1,0,1,0,1,0,1,1,0,1,0,0,1,1,1,0,0,0,1,0,0,0,0,0,1,0,1,0,0,0,1,0
1,0,0,0,0,0,1,1,0,1,0,1,1,1,1,1,1,0,0,1,1,1,1,1,0,0,1,0,1,0,1,0,0,0,0,1,1,1,0,1,0,0,1,1,1,0,0,0,1,0,1,1,1,1,0,1,0,1,1,0,1,1,1,1,1,0,1,1,1,1,1,0,1,1,1
1,0,0,1,0,1,1,1,1,0,0,0,1,0,1,0,1,1,0,1,1,1,0,1,1,1,0,0,1,1,1,0,1,0,0,0,0,0,0,1,1,1,1,1,0,1,1,0,0,0,0,1,1,0,0,1,0,1,0,1,0,1,1,1,0,0,1,0,0,1,1,1,0,1,0
1,0,0,1,0,1,0,0,0,0,0,1,0,0,1,0,1,0,0,0,1,0,0,1,0,1,1,1,0,1,1,0,1,0,1,0,0,0,0,1,0,0,0,1,0,1,0,1,0,1,1,1,1,0,0,1,0,1,0,0,0,0,1,0,1,1,1,0,0,1,0,1,0,0,0
1,1,1,0,0,0,1,1,0,0,0,1,0,0,0,1,1,0,1,1,1,1,1,0,0,0,1,0,1,1,1,1,0,0,0,0,1,1,0,0,1,1,0,1,0,1,0,0,0,0,1,1,1,1,0,0,0,0,1,1,1,0,1,0,0,0,1,0,0,1,0,1,1,1,1
1,0,0,0,1,0,0,1,1,0,0,1,1,1,0,1,1,1,0,0,0,1,0,1,1,1,0,1,1,0,1,1,1,1,1,1,0,0,0,1,1,0,0,1,1,1,0,1,1,0,1,1,1,0,1,1,1,0,0,0,1,1,0,1,0,1,0,0,1,0,0,0,0,1,1
1,1,1,1,1,0,0,1,1,1,1,0,1,0,1,0,0,1,0,1,0,1,0,1,0,0,0,0,1,0,0,1,0,1,0,1,1,0,1,0,1,1,1,1,1,1,0,0,0,0,0,1,1,0,0,1,1,0,0,0,0,0,0,0,1,0,0,0,1,1,0,0,0,1,0
1,0,0,1,1,1,0,0,0,1,0,0,0,0,1,1,1,1,0,1,0,1,1,1,0,1,1,1,0,0,1,0,0,0,0,1,0,1,0,1,0,0,0,1,0,1,1,1,0,0,1,0,1,1,1,1,1,1,0,0,0,1,0,1,0,1,1,1,0,1,1,0,0,1,1
1,0,0,1,0,1,0,0,0,0,0,1,0,0,0,1,0,0,1,0,0,1,0,0,1,1,1,1,0,0,1,0,1,1,1,0,1,0,0,1,1,0,0,1,0,1,1,1,1,1,1,1,0,0,1,0,1,0,0,0,0,0,0,1,1,1,0,0,0,1,1,1,1,1,0
1,1,1,1,0,0,0,1,1,0,0,1,0,0,0,0,1,1,0,1,0,1,0,0,0,1,0,0,1,1,1,0,1,0,1,1,1,1,0,1,1,1,0,1,0,1,0,1,0,1,1,1,1,1,0,1,1,1,0,0,1,1,0,0,1,0,0,0,0,1,0,0,0,1,1
1,0,0,0,0,0,0,1,1,1,1,1,1,0,1,1,1,1,0,1,1,1,1,1,0,1,1,1,0,1,1,1,0,0,0,1,0,1,0,1,0,0,1,1,0,1,1,0,1,0,1,0,1,1,0,0,0,0,1,0,0,1,1,1,1,0,0,0,1,1,0,1,0,1,0
0,1,0,1,0,1,0,1,0,1,1,0,0,0,1,0,1,0,1,0,1,1,1,1,0,1,1,1,0,0,1,0,0,0,1,1,1,0,0,1,0,1,0,1,0,1,0,1,1,1,1,0,1,1,0,1,1,1,1,0,0,0,0,1,1,0,0,0,0,1,0,0,0,1,0
1,0,1,0,1,0,1,1,0,0,1,0,1,0,1,0,1,1,0,1,0,1,0,0,0,1,1,0,0,1,1,1,0,0,0,0,1,0,0,0,1,0,0,1,0,1,1,1,1,1,1,0,0,0,0,1,1,1,1,0,0,0,0,1,1,0,1,0,1,1,1,1,0,1,0
1,0,1,1,0,1,0,1,1,0,0,0,0,0,0,1,0,1,0,1,0,1,1,1,0,0,0,1,0,0,1,0,1,0,1,1,0,0,1,0,1,1,0,1,0,1,0,1,1,0,1,0,1,1,0,0,0,1,0,0,1,1,1,1,0,0,0,1,0,1,0,0,0,0,0
0,1,1,1,0,0,0,0,0,1,0,1,1,0,0,0,1,0,1,0,1,1,0,0,0,0,1,0,0,0,0,1,0,0,1,0,1,0,1,0,1,1,0,1,1,0,0,0,0,1,1,1,1,0,0,1,0,1,0,0,0,0,1,0,0,0,0,1,1,0,0,1,1,1,0
1,1,1,1,1,0,0,0,0,0,0,0,0,0,0,0,0,1,0,0,0,1,0,1,0,0,0,1,0,0,0,1,0,0,1,0,1,1,0,1,1,1,0,1,0,1,1,0,0,1,1,1,1,1,0,0,0,0,1,0,0,0,1,1,0,1,1,0,0,1,0,0,0,1,1
1,1,1,1,1,1,0,1,0,1,0,1,0,1,0,1,1,0,1,0,1,1,0,1,0,1,1,1,1,0,0,1,1,0,0,1,1,1,0,1,1,1,0,1,1,1,0,0,0,1,0,0,1,1,0,1,0,1,0,1,1,1,1,0,1,0,0,0,0,1,0,1,0,1,0
1,1,1,0,1,0,0,1,0,0,0,0,0,1,0,1,0,0,0,0,0,0,1,1,0,0,1,0,1,0,0,0,1,0,1,0,1,0,0,1,1,0,1,1,0,1,0,1,0,1,1,0,1,0,0,0,0,0,1,1,0,0,1,0,0,0,1,1,1,1,1,1,1,0,1
1,0,0,1,0,1,0,1,1,1,1,1,1,0,0,1,1,1,0,0,0,1,0,1,0,0,1,0,1,0,0,1,1,1,1,0,1,0,1,0,1,1,0,1,0,1,1,0,1,1,0,1,0,0,1,0,1,0,0,0,0,1,1,0,1,1,1,1,0,1,0,1,1,0,0
1,1,1,1,0,0,0,1,0,0,1,0,1,0,0,0,0,0,0,1,0,1,0,0,0,0,0,1,1,0,1,1,1,0,1,0,0,0,1,0,1,0,1,1,1,1,0,0,1,0,1,1,1,0,0,1,0,0,0,0,0,0,1,0,1,1,0,0,0,0,0,1,0,0,1
1,0,0,1,0,0,0,1,0,1,0,0,0,0,0,1,1,0,0,1,0,1,0,1,0,0,1,0,1,1,0,1,1,0,1,0,1,0,1,0,1,1,0,1,1,0,1,0,0,1,1,1,1,1,0,0,1,0,1,0,0,0,1,0,1,0,1,1,1,1,0,1,1,1,0
1,1,1,1,1,0,1,0,1,1,0,1,0,0,1,1,1,1,0,0,0,1,1,1,0,1,0,0,1,0,1,1,1,0,0,0,1,0,1,0,1,0,0,1,0,0,0,0,0,1,1,0,1,0,0,0,0,1,1,1,1,1,1,1,1,1,0,1,1,0,1,1,1,0,0
1,1,0,1,1,1,0,1,0,0,0,1,0,0,1,0,0,1,0,1,0,1,1,1,0,0,0,1,0,0,1,0,1,0,0,0,0,1,1,0,0,1,1,1,0,1,1,0,0,1,1,0,1,0,0,1,0,1,1,1,0,0,1,1,0,0,0,1,1,0,1,0,1,0,1
0,0,1,1,0,0,0,1,0,0,1,1,1,0,0,1,1,0,0,0,0,1,1,1,0,1,1,1,1,1,1,0,1,0,1,0,1,1,1,0,1,1,0,1,0,1,0,0,0,0,1,1,1,1,0,1,0,1,1,0,1,1,1,0,1,0,1,1,0,0,0,1,0,0,0
1,0,0,0,1,0,0,1,0,0,1,0,0,1,1,1,1,1,0,1,1,0,1,1,0,0,0,1,1,0,0,1,0,0,1,0,1,0,1,0,1,1,1,1,0,1,0,0,1,0,1,1,1,1,0,0,0,1,0,0,0,1,1,0,1,0,1,1,0,1,1,0,0,1,0
1,0,0,1,1,1,0,1,0,1,1,1,0,0,1,0,0,0,1,0,1,1,0,0,1,0,0,0,1,0,1,1,0,0,0,1,1,1,1,1,1,1,0,1,0,0,0,1,0,1,1,1,1,0,1,1,1,0,1,1,0,0,1,1,0,0,1,1,0,1,0,0,1,1,0
1,0,0,0,1,0,0,0,0,0,0,1,0,0,0,1,0,1,0,0,1,1,1,1,1,1,1,1,1,0,1,1,1,0,0,1,0,1,0,1,0,0,1,1,0,1,1,0,0,1,0,1,1,1,0,1,0,1,1,0,1,1,1,0,0,1,0,1,1,1,0,0,1,1,1
1,0,0,1,1,0,0,1,0,1,1,1,0,0,0,0,1,0,0,1,0,1,0,0,0,0,1,0,0,0,1,1,0,1,1,1,0,1,0,0,1,1,0,1,0,0,1,1,0,0,1,0,1,0,0,1,1,1,0,1,0,0,0,0,0,0,1,0,0,1,0,1,0,0,1
0,0,1,0,0,1,1,0,0,1,0,0,1,0,0,0,1,1,0,0,0,1,0,1,1,0,1,1,1,0,0,1,1,0,0,0,0,1,1,0,1,1,1,1,1,0,1,1,1,0,1,1,1,1,0,1,1,0,1,0,0,0,1,0,1,1,0,0,0,0,0,0,1,1,0
1,0,0,1,1,0,0,1,1,0,1,0,0,0,1,1,1,0,0,0,1,1,0,1,1,0,1,0,0,0,1,1,0,0,0,1,0,0,0,1,1,0,1,1,1,0,1,0,0,1,1,1,1,0,1,1,0,1,1,1,0,0,1,0,1,0,0,0,1,1,1,1,0,0,0
1,1,0,0,0,0,0,1,1,1,0,1,0,0,1,1,0,1,1,0,0,1,0,1,1,1,0,0,0,1,1,0,0,0,1,1,1,1,0,1,1,0,0,1,0,1,1,0,0,0,0,1,1,1,1,0,0,0,1,1,0,1,0,0,1,0,0,0,1,1,0,1,0,1,0
1,0,0,0,1,0,0,1,0,1,0,1,0,0,0,1,1,0,0,0,1,0,0,1,0,0,0,0,1,0,1,1,0,0,0,1,0,1,0,1,0,0,1,1,0,1,1,0,1,1,1,1,1,1,0,0,0,0,0,1,1,0,0,0,0,1,0,1,1,1,0,1,1,1,0
1,0,0,1,0,0,0,1,0,0,1,0,0,0,0,1,1,0,0,1,1,1,0,1,0,1,1,1,1,0,1,0,1,0,0,0,0,1,1,0,0,0,0,1,0,1,1,0,1,1,0,0,1,1,0,1,1,0,0,0,0,1,1,0,1,0,0,0,0,1,0,1,0,1,1
0,0,1,1,1,1,1,1,0,1,1,1,1,0,1,0,1,1,0,0,0,1,1,1,0,1,1,0,0,0,1,1,0,0,0,1,0,0,0,0,1,1,0,1,0,1,1,0,0,0,1,1,0,0,0,0,0,1,0,1,1,0,0,1,1,0,1,0,0,1,1,0,0,1,0
1,1,0,0,1,0,0,1,0,0,0,0,0,0,0,1,0,1,0,0,0,1,0,0,1,1,1,1,1,0,0,1,1,0,1,0,0,1,0,0,1,0,0,1,0,1,0,1,1,1,1,1,1,0,0,1,1,1,0,1,0,1,1,0,1,0,0,1,1,0,1,0,0,0,0
1,0,0,0,1,1,0,0,1,0,0,1,0,0,0,1,1,1,1,0,1,1,1,1,1,0,0,1,1,0,1,0,1,1,0,1,0,1,0,1,1,0,0,1,1,1,0,0,1,1,0,0,1,1,0,0,0,1,1,0,0,1,1,0,1,1,0,1,0,1,0,0,0,1,1
1,0,1,1,0,0,1,0,0,1,0,0,0,0,0,0,1,0,0,0,0,1,1,1,1,0,1,0,1,1,0,1,1,0,0,1,1,1,1,0,1,1,1,1,1,1,0,1,0,1,1,0,1,1,0,1,1,0,1,1,0,0,1,1,1,1,0,1,1,1,1,1,1,1,0
1,0,1,0,1,1,0,1,1,0,0,1,0,1,1,1,1,1,1,0,1,0,1,1,1,0,0,1,1,0,1,0,0,0,0,1,1,1,1,1,1,1,1,1,0,0,1,0,1,1,0,0,1,0,1,0,0,1,0,1,1,1,1,0,0,0,1,1,0,1,1,0,0,1,0
1,0,1,1,0,1,0,1,0,0,0,0,0,0,0,0,0,0,0,0,1,1,1,1,1,1,0,0,0,1,1,1,0,0,0,1,0,1,1,0,1,1,0,1,1,1,0,0,1,1,0,1,1,1,0,1,0,1,0,0,0,1,0,0,1,0,0,0,1,1,0,1,0,1,0
0,1,1,1,0,1,0,1,0,1,1,1,0,0,0,1,1,0,1,0,1,0,0,1,0,0,1,0,0,1,0,0,1,1,0,1,1,1,0,1,1,0,1,1,1,1,0,0,1,1,1,1,0,1,0,0,0,0,0,0,1,1,0,0,1,0,0,0,1,1,1,1,1,1,0
1,0,0,1,1,1,0,1,0,1,1,0,1,0,1,0,0,1,1,1,1,1,0,0,0,0,0,0,1,1,0,0,1,0,0,1,1,1,0,1,1,1,1,1,1,0,1,1,0,0,1,1,1,1,0,1,1,1,1,1,0,1,1,1,1,0,1,1,0,0,1,1,0,1,0
0,0,0,1,1,1,0,1,0,0,0,0,1,0,0,1,1,0,0,0,1,0,1,1,1,0,0,1,1,1,0,0,0,1,0,0,0,0,1,0,1,1,0,1,0,1,0,0,1,0,1,1,1,0,1,1,0,1,0,0,0,1,0,0,1,0,0,1,1,0,1,1,0,1,1
1,0,0,0,0,1,0,1,1,0,1,1,0,0,1,0,1,0,0,1,1,1,0,1,1,1,0,1,1,0,1,1,1,0,0,1,1,1,0,1,0,1,0,1,1,1,0,0,0,1,1,1,1,1,0,0,0,1,1,1,1,0,1,1,1,1,1,1,0,1,0,1,0,1,0
1,1,0,1,1,0,0,0,0,1,0,1,0,0,1,1,1,0,0,0,0,1,0,1,0,1,1,0,1,1,0,1,1,0,1,1,0,1,0,1,1,0,1,1,1,1,0,1,0,0,1,1,1,0,1,0,1,0,1,0,1,1,0,1,1,0,0,1,0,1,1,0,1,1,1
1,0,0,0,0,1,0,1,0,1,1,1,0,0,0,0,1,1,1,0,1,1,0,1,0,0,1,0,1,0,0,1,1,0,1,0,1,0,1,0,1,1,1,1,1,0,0,0,0,0,1,1,1,1,1,1,0,1,0,0,1,0,1,0,1,0,0,0,0,1,0,1,0,0,0
1,0,0,0,0,0,1,1,0,1,1,1,1,0,0,1,1,1,0,1,0,0,1,1,0,0,1,0,0,0,1,0,1,0,1,0,1,0,1,0,1,1,0,1,0,0,0,1,1,1,0,1,1,1,0,1,0,1,1,0,1,1,0,0,0,0,1,0,0,1,0,0,0,1,0
1,0,0,1,1,0,0,0,0,0,0,1,1,0,1,1,1,0,0,0,0,1,0,1,0,0,1,1,1,1,0,0,0,0,0,0,0,0,1,0,1,0,1,1,0,1,0,0,0,1,1,0,1,1,0,1,0,1,1,0,0,1,1,1,1,1,0,0,1,1,1,0,0,1,0
1,0,1,1,0,0,0,1,1,0,0,0,1,0,0,0,0,0,0,0,0,0,0,1,1,1,1,1,1,0,0,0,1,1,1,0,1,0,0,0,1,1,1,1,1,0,0,0,1,1,0,1,1,0,1,1,0,1,0,0,0,0,1,0,0,1,0,1,0,1,0,1,0,1,0
1,0,0,1,1,0,0,1,1,0,0,1,0,1,1,0,1,0,0,0,0,1,0,1,0,0,1,1,0,1,1,1,0,0,0,1,1,0,1,0,1,1,1,1,1,0,0,0,1,1,1,1,1,0,0,1,0,1,1,0,0,1,1,0,1,0,0,0,1,0,1,0,0,1,0
1,0,1,0,0,1,0,1,0,1,0,0,0,0,0,1,0,0,0,0,1,1,0,1,1,0,1,1,1,1,1,1,1,1,0,0,0,0,0,1,0,1,1,1,0,0,0,0,0,1,1,1,1,0,0,1,0,0,1,0,1,0,0,1,0,1,1,1,1,1,0,1,1,1,0
1,0,0,1,0,0,0,1,0,1,0,0,0,0,1,0,0,0,1,0,1,1,1,1,0,1,1,0,0,1,1,0,0,0,0,1,1,0,0,0,1,0,0,1,1,0,0,0,0,1,1,1,1,1,0,0,0,1,0,0,0,1,0,0,0,0,1,1,1,0,0,1,0,1,0
1,1,1,0,1,1,0,1,1,1,1,0,0,0,1,0,0,0,0,0,0,1,0,1,0,1,1,0,0,1,1,0,0,1,1,0,0,0,0,0,0,1,0,1,1,0,1,1,0,1,1,0,1,1,0,1,0,1,0,0,0,1,0,0,1,0,1,0,0,0,0,1,1,1,1
1,1,0,1,0,1,0,1,1,1,0,1,1,0,0,1,0,1,0,0,0,0,0,1,1,1,1,1,0,1,0,1,1,1,0,0,0,0,1,0,1,1,0,1,1,1,1,0,0,0,1,1,0,1,0,0,0,0,0,1,0,1,0,0,0,0,0,1,0,1,0,1,0,1,0
1,0,0,0,0,1,0,0,0,0,1,0,0,0,1,1,1,1,0,0,1,0,1,1,0,0,1,1,0,0,1,1,1,0,0,0,0,1,0,0,0,0,0,1,0,1,1,0,0,1,1,0,1,0,1,0,0,1,1,0,0,0,1,0,0,1,0,0,1,0,0,0,0,0,0
1,0,0,0,1,1,0,1,0,1,0,1,0,0,0,1,1,0,1,1,1,0,0,1,1,1,1,0,1,0,1,0,1,0,1,0,1,0,1,0,1,0,0,1,0,0,1,1,0,1,1,1,1,0,1,0,1,0,1,0,0,0,1,0,0,0,1,0,1,1,1,0,0,1,1
0,0,0,1,0,0,0,1,0,0,0,0,1,0,1,1,1,0,1,0,1,1,0,0,0,0,1,1,1,0,1,0,0,0,1,0,1,1,1,0,1,0,0,1,1,1,1,1,0,0,1,1,1,1,0,1,0,0,1,0,0,1,1,0,0,1,1,0,1,0,0,0,1,0,0
1,1,1,1,1,1,1,1,0,0,0,1,0,0,0,1,1,1,1,1,1,1,0,0,0,0,1,1,0,1,0,0,1,0,0,0,0,0,1,0,1,0,1,1,1,1,1,1,1,1,1,1,1,0,0,1,1,1,0,1,1,1,0,0,1,0,0,0,1,0,0,1,0,1,1
1,0,1,0,1,0,0,0,0,0,0,1,0,0,0,1,1,1,1,0,1,1,1,1,1,1,1,1,1,1,1,1,1,0,0,0,0,1,0,1,1,1,0,1,0,1,1,1,0,1,1,0,1,0,1,1,1,1,1,1,1,1,1,0,0,1,1,0,0,1,1,0,0,0,0
0,1,1,1,0,0,0,1,0,1,0,1,1,1,0,0,1,0,1,1,1,1,0,1,0,0,1,0,1,1,0,1,1,0,1,0,0,0,1,0,1,1,0,1,1,0,0,1,0,1,1,1,1,0,0,1,1,0,1,0,0,0,1,0,1,0,0,0,1,0,0,1,1,0,0
1,0,0,1,1,0,1,1,0,1,1,1,1,0,1,1,1,1,0,0,0,1,1,1,1,1,0,0,0,0,1,0,0,0,0,1,0,0,1,0,1,0,0,1,0,1,1,1,1,0,1,1,1,1,0,1,1,1,1,1,0,1,1,0,1,0,0,0,1,1,0,0,0,1,1
1,0,0,1,1,0,0,1,0,0,1,0,1,0,0,0,1,1,1,0,0,1,0,1,1,1,1,0,0,0,0,0,0,1,0,0,0,1,0,1,0,1,0,1,1,1,0,0,1,0,0,1,1,0,0,1,0,1,1,1,0,0,1,0,1,1,0,0,0,1,0,0,0,1,1
1,0,1,1,1,0,0,1,1,1,1,0,1,0,0,0,1,0,1,0,1,0,1,1,1,1,0,1,1,0,1,1,1,1,0,0,1,1,0,0,1,1,1,1,0,0,1,0,1,0,1,1,1,1,0,0,0,1,1,1,0,1,1,0,1,0,1,0,0,1,1,1,0,1,1
0,0,0,0,1,1,1,1,1,0,1,0,0,0,1,0,1,1,1,0,1,1,0,1,1,0,0,1,0,0,0,1,1,0,0,0,1,0,1,0,1,1,1,1,0,0,0,0,0,0,0,1,1,1,1,1,0,0,1,1,0,1,1,0,0,0,0,1,1,0,1,1,0,1,1
1,1,1,1,1,0,0,1,1,1,1,0,1,0,0,1,1,0,1,0,1,1,0,0,0,0,0,0,1,1,0,0,0,0,1,0,0,1,1,0,1,1,0,1,0,1,0,0,0,1,1,1,1,1,0,0,0,1,1,1,1,1,1,0,0,1,1,0,0,1,0,1,0,1,0
1,0,1,1,1,1,0,1,0,1,1,0,0,1,0,0,0,1,0,0,0,1,0,0,0,0,1,0,1,1,0,1,1,0,1,0,0,1,1,1,1,1,0,1,1,0,1,1,1,0,1,1,1,1,0,1,1,0,1,0,0,1,1,1,0,0,1,1,0,1,0,1,1,0,0
1,0,1,0,1,0,0,1,1,1,1,1,1,0,0,0,0,0,0,0,0,1,0,1,0,0,1,1,0,0,1,0,1,1,0,0,1,0,0,0,1,1,0,1,0,1,0,1,1,1,1,1,1,1,0,0,1,1,1,1,0,0,1,0,1,0,1,0,1,1,1,1,0,1,0
1,1,1,0,0,0,1,1,1,0,0,0,0,0,0,1,1,0,0,1,1,1,0,1,0,0,1,0,1,1,0,0,1,1,0,0,0,1,1,0,1,0,0,1,1,1,0,0,1,0,1,1,1,1,1,0,1,0,1,0,0,1,1,0,1,0,0,0,1,1,0,1,0,1,0
1,0,0,1,1,0,1,0,0,0,0,0,0,1,0,1,1,1,0,0,0,1,1,1,0,0,0,1,1,0,1,0,1,1,1,0,1,0,0,1,0,0,0,1,0,1,0,0,0,0,1,1,1,0,1,1,0,0,0,1,0,0,1,0,0,1,0,1,1,1,1,0,0,1,1
1,1,1,0,0,0,1,1,0,0,0,1,1,0,0,1,1,1,0,0,1,1,0,1,0,0,0,0,1,0,0,1,1,0,0,1,0,1,0,0,1,1,0,1,1,0,0,0,0,1,1,1,1,0,0,1,0,0,1,0,1,1,0,0,0,0,0,0,0,1,0,1,1,1,0
1,0,0,1,1,1,0,1,0,1,1,1,1,1,1,0,1,1,1,0,1,1,0,0,0,0,1,1,0,0,1,1,1,1,1,1,0,1,1,0,1,1,1,1,0,1,0,1,1,0,1,1,1,1,1,1,0,1,1,1,1,0,0,0,0,0,0,1,1,1,1,1,0,0,0
1,0,0,0,1,1,0,1,0,0,0,1,1,0,0,0,1,0,1,0,0,1,0,1,0,1,1,1,1,0,1,1,1,1,1,0,1,0,1,0,1,1,1,1,0,1,0,0,0,1,1,0,1,0,0,1,0,1,1,1,0,1,1,0,0,1,1,0,0,1,1,1,1,1,1
1,0,1,1,0,1,1,0,1,1,0,1,1,1,1,0,1,1,1,1,0,1,1,1,0,1,1,1,0,1,0,1,0,0,1,1,0,1,0,1,1,0,0,1,1,1,1,1,0,0,1,0,0,1,0,0,1,1,1,1,0,1,0,0,0,1,0,1,1,1,0,1,0,1,0
1,0,0,1,1,1,1,1,1,1,1,1,1,0,0,1,0,0,0,1,1,0,0,1,1,0,1,0,1,1,1,1,0,0,0,0,1,0,1,0,1,1,1,1,0,1,0,0,0,0,0,1,1,0,1,1,0,1,1,1,0,1,1,0,1,0,0,0,1,1,1,1,0,1,0
0,0,1,0,1,0,0,1,0,0,0,0,0,0,1,0,0,1,0,0,1,1,1,1,0,0,1,0,1,1,1,1,0,0,0,0,0,1,1,0,0,1,0,1,0,1,0,0,1,1,0,0,1,1,1,1,1,1,1,0,0,0,1,0,0,1,0,0,0,1,1,0,0,1,0
1,1,1,0,1,1,0,1,0,1,1,1,0,0,1,0,1,0,0,0,0,1,0,0,0,0,1,0,1,0,1,1,1,1,0,1,1,0,1,1,0,0,0,1,1,1,0,1,1,1,1,1,1,0,0,1,0,1,1,0,0,0,1,0,1,0,0,0,0,1,1,0,0,1,0
0,1,1,0,0,0,0,1,0,1,0,0,0,0,1,1,1,1,1,0,1,1,0,1,0,0,1,1,0,0,0,1,0,0,0,0,1,0,1,0,1,1,0,1,1,0,1,0,1,1,1,1,1,1,1,1,1,1,1,0,0,0,0,1,0,0,1,0,0,1,0,1,0,1,0
1,0,0,0,0,1,0,1,0,1,0,1,1,0,0,1,1,0,1,1,1,1,0,1,1,0,1,1,1,1,1,1,1,1,1,0,0,0,1,0,1,1,0,1,0,0,0,0,1,0,1,1,1,0,1,0,0,1,1,0,1,1,1,0,0,0,1,0,1,1,0,1,0,0,0
1,0,0,0,1,1,0,0,0,1,0,0,1,0,0,0,0,0,1,0,0,1,0,1,0,1,1,0,1,0,1,0,1,0,1,0,0,0,0,0,1,0,1,1,0,0,1,0,0,0,1,0,1,0,1,1,0,0,1,1,0,1,1,0,1,0,0,1,1,1,1,0,1,0,0
1,0,0,1,1,0,1,1,0,0,0,0,1,0,0,0,0,1,0,1,1,1,0,0,1,0,0,1,1,1,1,1,1,0,1,1,0,1,0,1,0,0,1,1,0,1,1,1,0,0,1,1,1,1,0,1,1,0,0,0,0,0,0,0,0,0,0,0,0,1,1,0,0,0,1
1,1,0,1,1,0,0,0,0,1,0,1,1,0,0,1,0,0,1,0,1,1,0,1,0,1,0,1,1,1,0,1,1,0,0,0,1,0,0,0,1,1,0,1,1,0,1,1,0,1,1,1,1,0,0,0,1,0,1,0,0,1,1,0,0,1,1,1,1,1,0,1,1,1,1
1,0,1,1,1,1,0,1,0,1,0,1,0,0,1,1,0,1,1,0,0,1,0,1,0,1,0,1,0,1,1,1,1,0,1,1,1,0,0,1,1,0,0,1,1,1,1,1,0,0,1,1,1,0,1,0,0,1,1,0,1,1,1,1,0,0,1,1,1,1,0,1,1,1,0
0,1,0,0,1,1,1,1,1,0,0,1,1,0,0,1,0,0,1,0,1,0,1,1,0,1,0,1,1,0,1,0,1,0,0,1,1,0,1,0,1,1,0,1,1,0,0,0,1,1,1,1,1,0,0,0,0,1,1,0,1,1,1,0,0,0,0,1,0,0,0,1,0,1,0
1,0,1,1,0,1,0,1,0,1,0,1,1,0,0,1,1,1,1,0,0,1,0,1,0,1,1,0,0,0,1,0,0,0,1,1,1,1,0,1,1,0,0,1,0,1,0,0,0,0,1,1,1,1,0,1,1,1,0,1,1,0,1,1,1,0,0,0,1,1,0,0,0,1,0
1,0,0,1,1,0,1,1,0,0,1,0,1,0,0,0,0,1,0,0,0,1,1,1,0,0,1,1,1,0,0,1,0,0,1,0,0,1,1,0,1,1,1,1,0,1,1,0,0,1,0,0,1,0,0,1,1,1,0,1,0,0,1,1,0,1,0,0,1,1,1,0,0,1,1
1,0,0,0,0,1,0,1,0,1,0,0,0,1,0,0,1,0,0,1,0,0,0,0,0,0,1,1,0,0,1,0,1,0,0,0,0,1,0,0,1,1,0,1,0,1,0,0,0,0,1,1,1,1,0,1,0,0,1,1,0,0,1,0,1,0,0,1,0,1,0,1,1,1,0
0,0,1,0,0,1,0,1,0,0,0,0,1,1,0,0,1,1,0,0,1,1,1,1,0,1,0,0,1,0,1,1,1,0,1,0,1,1,1,0,1,1,1,1,0,1,1,1,0,1,1,0,1,1,0,1,1,0,0,1,0,0,0,0,0,0,1,0,1,1,1,1,1,0,0
1,0,0,1,1,1,0,1,1,0,1,1,0,0,1,1,0,1,0,1,0,0,0,1,0,0,1,1,1,1,1,0,0,0,0,0,0,0,1,0,1,1,0,1,0,1,0,0,1,0,0,0,1,0,1,0,0,1,0,1,0,1,0,0,0,1,0,0,0,1,0,1,0,1,0
1,0,0,1,0,1,0,1,0,1,0,1,0,0,0,0,1,0,1,0,1,1,0,1,0,1,0,1,0,1,1,1,0,1,1,0,0,1,1,0,1,0,0,1,1,0,0,1,1,1,1,0,1,1,0,1,0,0,0,1,0,0,1,0,0,1,0,1,1,1,1,1,0,0,0
1,0,0,0,0,0,1,1,1,1,0,0,1,1,1,1,1,1,0,1,1,1,1,1,0,1,1,0,0,1,0,1,0,0,0,1,1,1,0,1,1,0,0,1,0,1,0,1,1,0,1,1,1,1,0,0,1,1,1,0,0,1,1,1,0,1,0,1,1,1,0,1,0,1,0
0,0,1,1,1,0,1,0,1,1,0,1,0,0,0,1,1,0,1,0,1,1,1,1,0,0,1,0,0,1,0,0,0,0,1,0,1,1,1,0,1,1,1,1,0,1,0,0,1,1,1,0,1,1,0,1,0,1,0,1,1,1,1,0,0,1,1,1,1,1,1,1,0,1,0
0,1,0,0,1,1,0,1,0,0,1,1,1,1,0,1,1,1,1,0,1,1,0,1,0,1,0,0,0,0,1,0,0,0,1,0,0,0,1,1,1,0,0,1,0,1,0,0,0,0,1,1,1,0,0,0,0,0,1,0,1,0,0,0,1,0,1,0,1,1,0,0,0,0,0
1,0,0,1,1,1,0,1,0,0,0,1,1,1,0,0,1,0,0,0,0,1,1,1,1,0,1,0,0,0,1,1,1,0,0,0,0,0,1,0,1,0,1,1,0,0,0,0,0,0,0,1,1,0,0,1,0,1,0,0,0,0,0,0,0,0,1,1,1,1,0,1,1,0,1
1,0,1,0,1,0,0,1,1,0,1,1,0,0,1,0,1,0,1,1,0,1,0,0,1,1,0,1,0,1,1,1,0,0,0,1,1,1,0,1,1,1,0,1,1,0,1,1,1,1,1,1,1,0,0,0,1,1,1,0,1,0,1,0,1,0,0,0,1,1,0,1,0,0,0
1,0,0,0,0,1,1,1,0,0,0,1,0,0,1,0,1,0,0,0,1,1,1,1,0,0,1,0,0,1,1,0,0,0,0,1,0,0,1,0,1,1,1,1,0,1,0,1,1,1,1,1,1,0,0,1,1,1,1,1,1,1,0,0,0,1,1,1,1,1,1,0,0,1,0
1,0,0,0,0,0,0,1,1,1,0,0,1,0,0,1,1,1,1,0,0,1,0,1,0,0,0,0,1,0,0,0,1,0,1,0,1,0,1,0,1,0,0,1,1,0,1,0,0,0,0,0,1,0,1,0,0,0,1,0,1,1,1,1,1,0,0,0,0,1,1,0,1,1,0
0,0,0,0,1,1,1,1,0,1,1,1,0,0,0,1,1,1,1,0,1,1,1,1,0,0,1,1,1,1,1,1,1,0,1,0,1,0,1,0,1,0,0,1,0,0,0,0,0,1,1,1,1,0,1,0,0,0,1,0,0,0,0,0,1,0,0,0,1,0,0,0,1,1,0
1,0,1,0,0,0,0,1,1,1,1,1,0,0,1,0,1,0,0,0,0,1,0,1,1,1,0,1,0,0,1,0,0,0,0,1,0,1,1,0,1,1,0,1,1,0,0,0,1,1,1,1,1,1,1,1,0,1,0,0,1,1,0,1,1,0,0,0,1,1,0,0,0,1,0
1,0,0,1,0,0,0,1,0,0,0,1,0,0,0,1,1,0,0,0,0,0,0,0,0,1,0,1,1,1,0,1,1,0,1,0,0,1,1,1,1,0,1,1,1,1,0,0,1,1,1,1,1,0,1,0,0,1,0,0,0,0,1,0,0,0,1,1,1,1,0,1,0,1,0
1,1,1,0,0,0,0,1,0,0,1,1,1,0,1,1,1,1,1,0,0,1,0,0,0,0,0,0,1,1,1,1,0,1,0,0,1,0,0,0,1,1,0,1,1,1,0,0,0,0,0,0,1,1,1,1,1,1,1,0,1,0,1,0,1,1,1,0,1,1,0,1,1,1,0
1,0,1,0,1,0,0,1,0,0,0,1,0,0,1,1,0,0,0,0,0,0,1,1,0,0,0,0,1,0,0,1,1,0,1,0,0,1,0,1,1,0,1,1,0,1,0,1,0,1,1,0,1,0,1,1,1,0,0,0,1,0,1,0,1,0,0,0,0,0,0,0,1,1,0
1,1,1,0,0,1,0,1,0,1,1,0,1,0,0,0,1,1,1,0,0,1,0,1,1,0,1,1,0,0,1,0,0,0,0,0,1,1,1,0,1,1,1,1,1,1,0,1,0,1,1,1,1,0,1,1,1,1,0,1,0,1,0,1,0,0,1,1,0,1,1,0,0,0,0
1,1,1,1,1,1,0,1,0,0,0,1,0,0,0,0,0,0,0,0,0,1,0,1,0,0,1,0,0,0,0,1,1,1,1,0,1,1,1,0,1,1,1,1,1,1,0,0,0,1,1,0,1,0,0,0,0,1,0,1,0,0,1,0,1,0,0,0,0,1,1,0,1,1,0
0,0,1,1,0,1,0,0,0,0,0,1,0,0,1,1,1,0,0,0,0,1,0,1,0,0,0,0,0,0,1,1,0,0,1,0,0,0,1,0,1,1,1,1,0,1,0,0,0,0,1,1,1,1,0,1,0,1,0,1,0,0,1,1,0,1,0,1,1,1,1,0,1,0,0
1,1,1,0,1,0,0,1,0,1,0,1,1,0,0,1,1,1,1,0,1,1,0,1,0,0,0,0,1,0,0,1,1,0,1,0,0,0,1,0,1,1,1,1,1,0,0,0,0,0,1,1,1,0,1,0,0,1,0,1,1,0,1,0,0,0,0,1,0,1,1,0,1,1,0
1,0,0,0,1,0,0,1,0,0,0,1,0,1,0,1,1,1,0,0,0,0,0,1,0,0,1,0,1,0,1,0,1,0,1,1,0,0,0,1,1,0,0,1,0,1,0,1,1,1,0,1,1,1,0,1,0,0,0,0,1,1,1,0,0,1,0,1,1,1,1,0,1,1,0
1,0,1,1,1,1,0,1,1,0,1,1,0,0,0,1,0,1,1,0,1,1,1,1,0,1,0,1,1,1,1,0,1,0,0,1,1,1,0,1,1,0,0,1,1,0,1,0,1,1,0,0,1,0,1,1,0,0,0,0,0,1,0,0,1,0,0,0,1,1,0,0,0,1,1
1,0,1,1,1,1,0,1,0,0,1,1,0,0,0,0,1,1,0,0,0,1,0,0,1,1,1,0,0,0,1,0,1,0,1,0,0,1,0,0,1,1,1,1,0,1,1,0,0,0,1,1,1,1,1,1,0,1,0,1,1,1,1,0,1,0,1,1,0,1,1,0,0,0,1
1,0,0,1,1,0,0,0,0,1,1,1,1,0,0,1,1,0,0,0,0,1,0,1,1,1,1,1,0,1,0,1,0,0,1,1,0,1,0,1,1,1,1,1,1,1,0,1,0,0,0,1,1,1,0,1,1,0,0,1,1,1,0,0,0,1,1,1,0,1,1,1,1,1,0
1,0,1,1,1,1,1,1,0,0,0,0,0,1,0,1,0,0,1,0,0,1,1,1,0,1,1,0,1,0,1,0,1,0,1,1,0,1,0,1,0,0,0,1,0,1,0,1,0,1,1,0,1,1,0,1,1,1,1,1,0,0,0,1,0,0,0,1,1,1,0,1,1,1,1
0,1,1,0,1,0,0,1,0,1,1,1,1,0,0,0,1,0,0,0,1,0,1,1,0,0,1,1,1,0,0,1,1,0,1,0,1,1,0,1,0,1,0,1,1,0,0,1,0,0,1,0,1,0,0,1,1,1,1,0,0,1,1,0,1,0,0,0,0,1,0,0,1,1,0
1,0,1,1,1,0,0,1,0,1,1,0,0,0,0,1,1,0,0,0,0,0,1,1,1,0,0,1,1,1,0,1,1,0,1,1,0,0,0,1,1,0,0,1,1,0,0,0,0,0,1,0,1,1,0,0,0,1,1,0,0,1,1,0,1,0,1,1,1,1,0,0,0,0,1
1,1,1,1,0,1,1,1,0,1,1,0,1,1,1,0,0,1,0,1,1,1,1,1,0,1,1,0,0,1,0,0,0,0,1,1,0,1,0,0,1,1,1,1,1,1,1,0,1,0,1,0,1,0,0,1,0,1,0,1,0,0,1,0,1,0,1,0,0,1,1,0,1,1,0
1,0,1,1,1,1,0,1,0,0,1,1,1,0,1,1,1,0,0,0,1,0,1,1,0,1,1,1,1,0,1,1,0,0,1,0,1,0,1,0,1,0,1,1,0,1,1,0,0,1,1,0,0,0,1,0,0,0,0,0,0,0,0,0,0,1,0,0,1,1,1,1,0,1,1
1,1,1,1,0,0,1,1,1,1,0,1,0,0,0,1,1,1,1,0,0,0,1,1,0,1,1,0,1,1,1,1,1,0,1,1,1,0,0,1,1,0,0,1,0,1,1,1,0,1,0,0,1,1,1,0,1,1,0,0,1,1,1,0,0,1,0,0,1,1,0,0,1,1,0
1,0,0,1,1,1,0,1,0,0,0,0,1,0,1,1,1,1,0,0,0,1,0,1,1,0,1,0,0,0,1,1,1,0,0,0,1,1,1,0,0,0,0,0,0,1,0,0,0,0,1,1,0,1,0,0,0,1,0,1,0,0,1,1,0,0,0,0,1,1,0,1,0,1,0
1,1,1,0,1,0,1,1,1,0,0,1,0,0,1,1,1,1,0,0,1,1,1,1,0,0,1,1,1,1,1,0,0,0,1,0,0,1,1,0,1,0,1,1,0,1,1,1,0,0,1,0,1,1,0,1,1,0,1,1,1,1,1,1,1,0,0,1,1,1,1,1,0,1,1
0,1,1,0,1,1,0,1,0,0,1,0,1,0,1,0,1,1,1,0,1,1,1,1,1,1,0,1,0,1,1,0,0,0,0,1,1,1,0,1,0,0,0,1,1,0,0,1,0,0,1,0,1,0,0,0,1,1,1,0,1,0,1,0,1,0,0,0,1,0,0,1,0,1,0
1,1,0,0,1,0,0,1,0,0,1,1,0,0,1,1,0,1,1,0,1,1,0,1,1,0,0,1,1,1,1,1,0,1,1,1,1,0,0,1,0,0,0,1,1,1,1,0,1,0,0,1,1,1,0,1,0,1,1,1,0,0,1,1,1,0,1,0,1,1,1,1,0,1,0
1,0,0,0,1,0,0,0,1,0,0,1,1,0,1,1,1,1,1,0,1,0,0,1,0,1,1,1,1,0,0,1,1,1,0,0,0,0,1,0,1,1,0,1,1,0,0,0,1,0,0,0,1,1,0,1,0,0,1,0,0,1,1,0,0,1,1,1,1,1,1,0,0,1,1
1,1,1,1,1,0,0,0,1,0,0,1,1,0,0,0,0,0,0,1,1,1,0,0,1,0,1,0,0,0,1,0,1,0,1,0,0,0,1,0,1,1,1,1,1,1,0,0,0,0,1,1,1,0,0,1,0,1,1,1,1,1,1,0,1,1,0,0,0,1,1,1,0,0,0
1,0,0,0,1,0,1,1,0,1,1,0,0,0,0,1,1,0,0,0,0,1,1,1,1,1,0,0,1,1,1,1,1,0,0,1,1,0,0,1,1,0,1,1,0,1,0,0,0,1,1,1,1,0,0,1,0,1,1,1,0,0,1,0,0,0,1,1,1,1,1,1,1,1,1
1,1,1,0,1,0,0,1,0,0,1,1,1,0,0,1,1,1,0,0,0,1,0,1,0,0,1,1,0,0,0,1,1,0,1,0,1,0,1,0,0,1,0,1,1,1,1,0,0,0,0,1,1,1,0,1,1,0,1,0,1,0,0,1,1,0,0,0,0,1,1,0,0,1,1
1,0,1,0,0,0,1,1,0,1,1,1,0,0,1,1,0,1,1,0,0,1,1,1,0,1,1,1,1,0,1,1,1,1,0,1,0,0,0,1,1,0,0,1,0,0,0,1,1,1,1,0,1,1,0,1,1,1,1,0,0,1,1,1,1,0,0,1,1,1,0,0,0,0,0
1,0,0,0,0,1,0,1,0,0,0,0,0,0,0,0,1,0,0,0,0,1,0,1,0,0,1,1,1,0,0,1,1,0,1,0,1,0,1,0,1,0,1,1,0,1,0,0,0,0,1,1,1,0,1,1,0,0,1,0,0,1,0,0,1,0,0,0,1,1,0,0,1,1,0
0,0,0,0,0,0,0,1,0,0,0,1,0,0,1,1,1,1,0,0,1,1,1,1,0,0,1,1,0,1,0,1,1,1,1,0,1,1,0,1,1,0,0,1,0,1,0,1,0,1,1,0,1,0,1,1,1,1,0,1,0,1,1,0,1,0,0,0,0,1,1,0,0,1,1
1,1,1,0,0,1,0,1,0,0,0,1,1,0,1,0,1,1,0,0,1,1,0,1,0,0,0,0,0,1,0,1,0,0,1,0,0,1,1,0,1,1,0,1,1,1,0,0,1,1,1,1,1,1,0,1,0,1,1,1,1,1,0,0,1,0,0,1,0,1,0,1,0,1,0
1,0,1,0,1,1,0,1,0,1,0,0,1,0,0,1,0,0,0,0,0,1,0,1,1,1,1,1,1,0,0,0,1,0,0,1,1,0,0,1,1,1,1,1,1,0,0,0,0,1,1,1,1,1,0,1,0,0,0,1,0,0,1,0,0,0,1,0,0,0,1,1,1,1,1
1,0,0,1,0,1,0,1,1,1,1,0,0,0,0,1,0,1,0,0,1,1,1,1,0,0,0,0,0,0,1,0,1,0,1,1,1,1,1,1,1,0,1,1,0,1,0,0,1,1,1,0,1,0,1,1,0,1,0,1,0,1,1,0,0,0,0,1,1,1,1,0,0,1,0
0,1,1,0,0,0,0,1,0,0,1,1,0,0,0,0,0,1,0,1,0,1,0,0,0,0,1,0,0,1,0,1,1,0,0,0,1,1,0,1,1,1,0,1,1,1,1,1,0,1,1,1,1,1,0,1,1,0,0,0,0,1,0,0,0,1,0,1,1,1,1,0,0,1,0
1,1,0,0,0,1,0,0,0,1,0,1,1,0,1,1,1,0,1,0,0,1,1,1,1,1,1,0,0,0,0,1,0,1,0,1,0,1,0,1,1,0,1,1,1,0,0,1,0,1,1,0,1,1,1,1,1,0,1,0,1,1,1,0,1,1,0,0,1,1,1,0,1,1,1
0,1,0,0,0,0,0,1,0,1,1,1,1,0,0,0,0,1,1,0,1,1,0,0,0,1,1,0,1,1,0,0,1,1,0,0,1,1,1,0,0,1,1,1,1,1,0,1,1,0,1,1,1,0,0,1,1,0,1,0,1,1,1,0,1,0,1,1,0,1,1,0,0,1,0
1,0,0,1,0,0,0,0,0,1,0,0,1,1,1,1,1,1,1,0,0,1,0,1,0,0,1,1,1,1,1,0,0,0,0,1,1,1,0,1,1,0,0,1,1,0,0,0,1,0,1,1,1,1,0,0,0,0,1,0,0,1,1,0,0,1,0,1,1,1,0,1,0,1,0
1,1,1,0,0,1,0,0,0,0,1,1,0,0,1,0,1,1,1,1,0,1,0,1,1,0,0,1,1,1,1,1,0,0,1,1,0,1,0,1,1,0,1,1,1,1,1,0,1,0,0,1,1,1,0,0,0,0,1,0,1,0,1,0,1,1,0,0,1,0,1,0,0,1,0
1,0,0,0,1,0,0,1,0,1,0,1,0,0,0,1,0,1,0,0,0,0,1,1,0,0,1,1,1,1,1,1,1,0,0,0,1,0,1,0,1,0,0,1,0,1,1,0,1,0,1,0,0,0,1,0,0,1,1,1,0,1,1,0,1,0,1,0,1,1,0,0,0,1,1
1,0,1,1,0,1,0,1,0,1,0,0,1,0,1,1,1,0,0,0,1,1,0,1,1,0,1,1,1,0,1,0,1,0,0,0,0,0,1,0,1,0,1,1,0,0,0,0,0,0,1,0,1,0,1,1,0,1,1,0,0,1,1,0,1,0,1,1,1,1,1,0,0,1,0
1,0,1,0,0,0,0,1,1,1,1,1,1,0,1,0,1,1,1,0,1,1,0,1,0,0,1,0,0,1,0,1,0,0,1,0,0,0,0,0,0,1,0,1,1,0,1,1,1,0,1,1,0,1,0,1,1,0,1,0,1,0,1,0,1,0,1,0,1,1,1,1,1,0,0
1,1,0,1,0,0,0,1,1,1,1,1,0,0,0,1,1,0,1,0,1,1,0,1,1,1,1,1,1,0,1,1,1,1,0,0,1,1,1,0,1,1,1,1,1,1,0,0,1,1,1,0,1,1,1,0,0,1,0,1,1,0,0,0,0,0,0,0,1,1,1,1,0,0,0
1,0,0,0,0,0,0,1,0,0,1,1,0,0,0,1,0,1,1,0,0,1,1,1,1,1,1,0,1,1,0,0,1,1,1,1,0,0,0,1,1,0,0,1,1,0,0,1,1,1,1,1,1,1,0,1,1,1,0,0,0,0,0,1,0,0,0,1,0,1,0,0,0,1,0
1,0,1,1,1,0,0,1,0,0,1,1,0,0,1,1,1,1,0,0,1,0,1,1,0,0,1,0,1,0,1,1,0,0,1,0,1,0,1,0,0,0,0,1,0,1,0,0,1,0,1,1,1,0,1,1,1,1,0,0,1,1,1,0,1,0,0,0,1,1,0,1,0,0,0
1,0,0,0,0,0,0,1,0,1,0,1,0,0,0,1,1,1,0,0,0,1,0,1,1,0,0,1,0,0,1,1,1,0,1,0,1,1,1,0,1,1,0,1,0,0,0,1,1,1,1,0,1,0,0,0,1,1,0,0,0,1,1,0,1,1,0,0,0,0,0,0,0,1,1
1,0,0,0,1,1,0,1,0,0,1,0,0,0,0,0,1,0,1,0,1,1,1,1,0,1,1,0,1,0,1,1,1,0,0,1,0,1,1,1,1,0,0,1,0,0,0,1,0,1,1,0,1,1,0,1,1,1,1,0,0,0,1,0,1,0,1,0,1,1,0,1,0,1,1
1,0,0,1,1,0,0,1,0,1,0,1,1,0,0,0,1,0,0,0,0,1,0,1,0,0,1,1,1,1,0,1,1,1,1,0,1,0,1,0,1,0,0,1,1,0,0,0,0,0,0,1,1,1,0,1,0,0,1,1,0,1,1,0,1,0,0,1,1,1,0,0,0,0,1
1,0,0,1,0,0,0,1,0,0,0,0,0,0,1,1,0,1,1,1,1,1,0,0,0,1,0,1,1,0,0,0,1,0,0,0,0,0,1,0,1,1,0,0,0,1,0,0,0,0,0,1,1,1,0,0,0,1,0,0,0,0,0,0,1,0,0,0,0,1,0,0,0,1,0
1,0,0,1,0,1,0,1,0,0,1,1,1,0,0,1,1,1,0,0,1,0,0,1,0,1,1,0,0,1,1,0,1,1,1,1,1,0,0,1,0,0,0,1,0,1,1,1,1,0,1,1,1,1,0,1,1,1,0,1,1,0,1,0,0,1,1,1,1,1,0,1,0,1,0
0,1,1,1,1,1,0,1,0,0,1,1,1,0,0,1,1,0,0,0,0,1,1,1,0,0,0,0,0,0,0,0,1,0,0,0,1,1,1,0,1,1,1,1,1,1,0,0,0,0,1,0,1,1,1,0,0,1,1,1,0,1,1,1,0,0,1,0,0,1,1,0,1,0,0
1,1,1,0,1,0,1,1,0,0,1,0,0,1,1,0,1,0,0,1,1,1,1,1,0,1,0,1,0,0,1,0,0,0,1,0,0,1,1,0,1,1,0,1,0,1,0,0,1,1,1,1,1,0,1,1,0,1,1,1,0,1,1,0,1,0,0,1,1,1,1,0,0,1,0
1,0,0,0,0,1,0,1,1,0,1,1,0,0,0,1,0,1,0,0,1,1,0,1,1,1,1,0,0,0,0,1,0,0,0,0,1,0,1,0,1,0,0,1,1,1,1,0,1,1,1,1,1,0,1,1,0,0,1,0,1,0,1,0,1,0,0,1,0,0,1,0,0,1,0
1,0,1,0,0,0,0,1,0,1,1,1,1,0,0,0,0,0,1,1,1,1,0,0,0,1,1,0,1,0,0,0,1,1,0,1,1,1,1,0,1,0,0,1,1,1,0,0,1,0,1,1,1,1,0,1,0,0,1,1,1,0,1,0,1,0,0,0,1,1,0,1,0,1,0
0,0,1,1,1,0,0,1,1,0,1,1,1,0,0,0,1,0,1,1,1,1,1,1,1,0,0,0,0,0,1,0,1,0,1,0,1,0,1,0,0,1,0,1,1,1,0,0,1,1,0,1,1,0,1,1,1,1,1,1,1,1,1,0,1,0,0,0,1,1,1,1,0,1,0
1,1,1,1,0,0,0,1,1,1,1,0,1,0,1,1,1,1,1,0,1,1,0,1,0,1,0,1,0,0,0,0,0,0,0,0,1,0,1,0,1,0,0,1,1,0,0,0,0,0,1,1,0,1,0,0,0,0,0,0,0,1,0,1,1,0,1,0,1,1,0,0,0,1,1
1,0,0,1,1,0,0,0,0,0,0,1,0,0,0,1,1,0,0,1,1,1,0,0,0,1,1,1,0,0,1,1,0,1,1,0,1,1,1,0,1,1,1,1,0,1,1,0,1,0,1,1,1,0,1,1,0,1,1,0,1,0,1,0,0,1,1,1,0,1,1,0,0,0,0
0,0,0,1,1,0,0,0,1,1,0,1,0,0,0,0,1,0,0,0,1,1,1,1,1,1,1,0,1,0,0,1,1,0,0,0,1,0,1,0,0,1,1,1,0,1,1,0,0,1,1,1,1,0,0,1,0,0,0,1,1,1,0,0,0,0,1,0,0,0,1,1,1,1,0
1,0,0,1,0,1,0,1,0,1,1,1,0,0,1,0,1,0,0,0,1,0,1,1,0,0,0,1,0,0,1,1,0,0,1,1,1,1,0,1,1,1,0,1,0,1,0,1,0,1,1,0,1,1,0,1,1,1,1,0,0,0,1,0,1,0,0,0,0,1,0,1,0,0,0
0,1,1,1,1,1,0,1,1,0,0,1,0,0,0,1,1,0,1,1,0,1,0,0,1,0,0,1,1,1,1,1,1,0,0,0,1,1,1,0,1,0,0,1,1,1,1,0,1,1,1,1,1,0,1,1,0,0,0,1,1,1,1,0,1,1,0,1,1,1,0,1,0,1,0
0,0,0,1,1,0,0,1,1,1,0,1,0,0,1,0,0,0,0,0,1,0,0,1,0,0,1,0,1,1,0,0,1,1,0,1,1,0,1,0,1,1,1,1,0,1,1,0,1,1,1,1,1,1,0,1,0,1,0,1,1,0,0,0,0,0,0,1,0,1,0,0,0,1,0
1,0,0,0,0,1,0,1,1,1,1,1,0,0,0,1,1,1,0,1,1,1,0,0,1,0,1,0,1,0,1,0,1,0,1,0,0,0,1,0,1,0,0,1,0,1,0,1,0,1,1,1,1,0,1,0,0,1,1,1,0,1,1,1,1,0,0,0,1,1,0,0,0,1,0
0,0,0,1,0,1,0,1,0,0,1,1,1,0,0,0,1,1,1,0,0,1,1,1,0,0,0,1,1,0,1,1,1,0,1,0,0,1,1,0,1,1,1,1,1,1,1,0,0,1,0,0,1,1,0,1,0,0,0,0,1,1,0,0,1,0,1,0,1,1,1,0,1,0,0
0,0,0,1,0,1,0,0,0,1,0,1,0,0,1,1,1,1,0,0,0,1,0,1,0,0,1,0,0,0,0,1,0,0,1,1,0,0,0,1,0,0,0,1,0,1,1,0,0,1,0,1,1,0,1,1,1,0,0,1,0,0,1,0,1,1,1,0,1,0,0,1,1,1,0
1,1,1,0,1,1,0,1,0,1,1,1,0,0,0,1,1,1,0,1,0,1,0,1,1,0,1,1,0,0,0,1,0,1,0,1,0,1,0,1,1,1,0,1,1,1,0,1,0,1,1,1,1,1,1,1,1,1,1,0,1,0,1,0,1,0,0,0,0,1,0,0,0,1,0
1,0,1,0,1,0,0,1,0,1,1,1,0,0,1,1,1,0,0,0,0,1,0,1,0,1,0,0,0,1,1,0,0,0,1,1,0,1,0,1,0,1,0,1,0,1,1,0,0,1,1,1,1,1,0,0,1,0,0,1,0,0,0,0,0,1,1,1,1,1,0,0,0,0,1
1,1,1,0,1,0,0,1,0,0,1,0,1,0,1,1,1,1,1,1,1,1,0,1,1,0,1,0,1,1,1,1,0,0,0,1,0,1,1,1,1,1,1,1,1,0,0,0,1,0,0,1,1,0,1,1,0,1,1,0,0,0,1,0,1,0,0,0,1,1,1,0,0,1,0
0,1,0,1,0,0,0,1,0,0,0,0,0,0,1,0,1,1,0,0,1,1,0,1,1,0,1,0,0,0,0,1,0,0,1,1,1,1,1,1,1,0,1,1,1,0,1,0,1,0,1,1,1,1,0,1,0,1,1,0,0,1,1,1,1,1,0,0,1,1,0,1,0,0,0
0,1,1,1,1,1,1,0,1,0,0,1,0,1,1,1,1,0,0,0,1,1,1,1,0,1,1,0,0,1,1,0,0,0,1,1,1,1,0,1,1,1,1,1,0,0,0,0,1,1,1,0,1,0,0,0,0,0,0,1,1,1,1,0,0,1,0,1,1,1,0,1,0,1,1
1,0,0,1,0,0,0,1,1,1,1,1,1,0,1,1,0,0,0,1,1,1,1,1,1,0,1,0,1,0,0,1,1,1,0,1,1,0,0,1,1,0,0,1,1,1,0,0,0,1,1,0,1,0,1,0,0,1,1,0,0,1,1,0,1,1,1,1,1,0,0,0,0,0,0
1,0,0,0,1,0,0,1,0,1,1,0,1,1,1,1,1,1,0,0,1,1,0,1,0,0,1,1,0,0,1,1,1,0,0,0,0,0,0,1,1,0,0,0,1,0,1,0,0,0,0,1,1,0,1,0,1,0,1,0,0,1,0,1,1,0,0,0,1,1,1,0,1,1,0
1,0,0,0,0,0,1,1,0,1,0,1,0,1,0,1,1,0,0,0,0,0,1,1,0,0,0,1,1,1,1,1,0,0,1,1,1,1,0,0,1,1,0,1,0,1,0,1,0,1,1,0,1,1,0,1,0,1,1,1,0,0,1,0,1,0,1,0,0,1,0,1,0,1,0
1,0,0,0,0,0,1,1,0,0,1,0,0,1,0,1,1,0,0,1,0,1,0,0,0,0,0,0,1,0,0,1,1,0,0,1,1,1,0,1,1,1,1,1,0,1,0,1,0,0,1,1,1,1,0,1,1,1,1,1,0,1,1,0,0,0,1,0,0,1,1,0,0,1,0
0,0,0,1,1,1,1,1,0,0,0,1,0,0,0,1,1,1,1,0,1,1,1,1,1,1,1,1,1,1,1,1,1,0,1,0,1,0,0,1,1,0,1,1,1,1,1,1,1,1,1,0,1,0,1,0,0,1,0,1,0,1,1,0,1,0,1,0,0,1,1,0,0,0,0
1,1,0,0,1,0,0,1,1,0,0,1,0,0,0,1,1,1,1,0,0,1,0,1,0,0,1,1,1,0,1,0,1,0,0,1,0,0,0,1,1,0,0,1,1,0,0,0,1,0,1,1,1,1,1,1,0,1,1,0,0,1,1,0,1,0,0,0,1,1,0,1,0,1,1
1,1,1,0,0,0,0,1,1,1,0,1,0,0,0,0,1,1,0,1,1,1,1,1,0,1,0,0,0,0,1,0,0,0,1,1,0,0,0,1,1,0,1,1,1,0,1,0,0,1,0,0,1,1,0,1,0,1,1,1,1,0,1,0,0,1,0,1,1,1,1,0,1,1,0
1,0,0,1,1,0,0,1,0,0,0,1,0,0,1,0,1,1,1,0,0,0,0,0,0,0,1,1,1,1,0,0,1,0,1,0,1,0,0,0,0,1,0,1,1,0,0,1,0,1,0,1,1,0,0,1,1,1,0,0,1,0,1,0,1,0,1,0,0,0,0,1,0,1,0
1,0,1,0,0,1,0,1,0,1,1,1,0,0,0,1,1,0,1,0,0,1,0,1,0,1,1,1,1,0,1,1,1,0,0,0,1,0,1,0,1,1,1,1,0,0,1,0,0,1,1,1,1,0,1,0,0,1,1,1,0,0,1,0,1,0,0,0,1,1,1,1,0,1,0
0,1,1,1,0,1,1,0,1,1,1,1,0,0,0,0,0,1,0,0,0,1,1,1,0,0,1,1,1,0,1,0,1,0,1,1,1,0,1,1,1,1,1,1,1,1,0,0,1,1,1,0,1,1,0,0,0,1,0,0,0,1,1,1,0,1,0,1,1,1,1,0,0,1,1
1,1,0,0,0,1,0,1,1,1,1,0,0,0,0,0,1,0,1,0,1,1,0,1,0,0,1,1,1,1,1,1,1,0,0,1,0,1,0,1,0,0,0,0,1,1,0,1,0,1,1,1,1,1,0,1,1,1,1,1,1,0,1,0,1,0,0,0,1,1,1,1,0,1,0
0,0,0,1,1,0,0,1,0,0,1,0,0,0,1,1,1,1,0,0,1,1,0,1,1,1,1,1,0,1,0,1,0,1,0,0,1,1,0,0,1,1,1,1,0,1,1,0,1,1,1,1,1,1,0,0,1,0,0,1,0,0,0,0,1,0,1,1,1,0,1,1,0,1,1
0,0,0,1,0,0,0,1,1,1,0,1,1,0,0,0,1,1,0,1,0,1,0,0,0,0,1,0,1,0,1,0,1,0,0,1,0,0,0,0,0,1,1,1,1,0,1,0,0,1,1,0,1,0,1,0,0,0,0,1,0,1,0,1,0,0,0,1,1,1,1,0,1,1,0
1,0,1,1,0,0,0,1,0,1,1,1,1,0,0,0,1,1,1,0,0,1,0,0,1,0,1,1,1,0,1,1,1,0,1,1,1,1,0,0,1,1,0,1,0,1,0,0,0,0,0,1,1,0,0,1,0,1,0,0,1,0,1,0,0,0,1,0,0,1,1,0,0,1,1
0,1,1,0,1,1,0,1,0,1,1,1,1,0,0,1,1,0,1,0,1,1,0,0,1,1,1,0,0,1,0,0,0,0,1,0,1,0,1,0,1,0,1,1,1,0,1,0,0,1,1,1,0,0,0,0,0,0,0,0,1,0,1,0,0,1,0,0,0,0,1,1,0,1,1
1,0,1,1,1,0,0,1,0,1,1,1,1,0,1,0,1,0,1,1,0,0,0,1,0,1,1,0,1,0,1,0,1,1,0,1,0,1,0,1,1,0,0,1,1,1,0,0,0,1,1,1,1,0,0,1,0,0,1,0,0,0,1,0,0,1,1,1,1,0,0,0,0,1,1
1,0,0,0,0,1,0,0,1,1,0,1,1,0,0,1,1,1,0,0,0,0,1,1,1,0,1,0,0,1,0,1,1,0,1,1,1,0,0,1,0,0,0,1,0,0,0,0,0,0,1,0,1,1,0,0,0,0,1,0,1,1,0,0,1,0,1,1,1,1,0,1,1,1,0
1,1,1,0,0,0,0,1,0,0,0,1,0,0,0,0,0,1,0,0,0,1,0,1,0,0,1,1,1,0,1,1,1,0,0,1,0,0,1,0,1,1,0,1,1,1,0,1,0,1,1,0,1,0,0,1,1,1,1,1,1,1,0,1,0,0,0,1,1,1,0,0,1,1,0
1,0,1,0,1,0,1,1,0,1,1,1,0,0,0,0,1,1,1,0,0,1,0,1,0,0,1,0,1,1,0,0,1,0,0,0,0,1,0,0,0,1,1,1,1,0,1,1,1,1,1,0,1,0,0,0,1,1,1,1,0,0,1,0,1,0,0,1,1,1,1,1,0,1,0
1,0,0,1,1,0,0,1,1,0,1,1,1,0,0,1,1,1,1,1,1,1,0,0,1,0,1,1,0,0,0,0,1,0,0,0,1,0,1,0,1,0,1,1,1,0,0,0,1,1,1,0,1,0,1,0,0,0,0,1,1,1,0,0,1,0,0,0,1,1,1,0,1,1,0
0,0,0,1,1,1,0,1,0,0,0,1,1,0,0,0,0,1,0,0,1,0,0,1,0,0,0,1,0,1,1,1,0,0,1,0,0,0,1,0,1,1,0,1,1,1,0,0,1,1,1,0,1,0,1,1,0,1,1,1,0,0,1,0,1,0,0,0,0,0,1,0,0,1,0
1,1,1,0,1,1,0,1,0,1,0,1,0,0,1,0,1,1,1,0,0,1,0,1,0,1,1,0,1,1,1,0,1,0,0,1,0,0,0,1,1,1,0,1,1,0,1,0,0,0,0,1,1,0,0,1,0,0,1,0,0,0,1,0,1,0,0,0,0,0,0,0,1,1,0
1,0,1,1,0,0,0,1,0,0,1,0,1,0,0,1,1,0,0,0,1,1,0,1,0,0,1,0,0,1,0,0,1,1,0,0,0,0,1,0,1,1,0,1,1,1,1,0,0,0,1,1,0,1,0,0,0,1,0,1,0,1,0,0,1,0,0,0,0,1,0,0,0,1,0
1,1,0,1,1,0,1,0,0,1,0,0,0,0,0,1,1,0,1,0,1,1,0,1,0,0,0,1,1,1,1,0,1,1,1,0,1,1,1,0,1,0,0,1,1,0,1,0,1,1,1,0,1,0,1,0,0,1,0,1,1,1,1,1,0,1,1,1,1,1,1,0,0,1,1
1,1,1,1,0,1,0,1,0,1,1,1,0,0,1,0,1,1,0,0,0,1,0,0,1,0,1,0,0,0,0,0,0,0,1,1,1,0,1,0,0,1,1,1,1,1,0,0,0,0,1,1,1,1,0,1,0,1,0,0,0,1,1,0,1,1,0,0,0,0,1,0,1,1,0
1,0,0,1,0,1,0,1,0,1,0,1,0,0,0,1,1,1,0,0,0,1,0,1,0,0,1,1,0,0,1,0,1,0,1,0,0,0,0,1,0,0,1,1,0,1,1,0,0,0,1,1,1,0,1,1,0,0,1,1,1,0,1,0,1,1,1,1,0,1,1,0,1,0,0
1,0,1,1,0,0,1,0,0,0,1,0,1,0,1,1,1,1,0,1,1,1,1,1,1,0,1,0,0,0,0,1,0,0,1,0,0,0,1,0,0,1,0,1,1,1,1,0,1,1,0,0,1,0,1,1,0,1,1,0,0,0,1,0,1,0,1,0,0,1,0,0,0,0,0
1,0,0,0,1,1,1,1,1,0,0,1,1,0,1,0,1,1,1,0,1,1,1,1,0,0,1,0,0,0,1,1,0,0,1,0,0,1,0,0,1,1,0,1,1,1,1,0,1,0,1,0,1,0,0,1,0,1,1,0,1,0,1,0,1,0,1,0,0,1,0,0,0,1,0
1,0,0,0,1,1,0,1,1,0,0,1,0,1,0,0,1,1,1,0,0,1,1,1,0,1,1,0,1,1,1,1,1,0,0,0,0,1,1,0,1,1,0,1,1,1,0,0,1,0,0,1,1,0,0,1,0,1,1,0,1,0,1,0,1,0,0,0,1,1,0,0,0,0,0
1,0,1,0,1,0,0,1,1,1,1,1,1,0,1,1,0,1,0,0,1,0,0,1,0,1,1,0,0,0,0,0,0,0,1,1,0,0,1,0,1,1,0,1,0,1,1,0,1,0,1,1,1,0,1,0,0,1,1,1,0,1,1,0,1,0,0,0,0,1,1,0,0,1,0
1,0,0,0,1,0,1,1,0,0,0,0,0,1,0,1,1,1,1,0,1,1,1,1,0,0,0,0,0,0,1,1,1,0,1,1,1,1,1,0,1,1,0,1,0,1,0,1,1,1,1,0,1,1,0,0,1,1,1,1,0,0,0,0,1,0,0,0,0,0,1,0,0,1,0
1,0,1,1,0,0,0,1,0,0,0,0,0,0,0,0,1,0,1,1,1,0,0,0,1,0,0,0,0,1,1,0,1,0,1,0,1,1,1,0,1,1,0,1,1,1,0,0,1,1,1,0,1,0,0,1,0,1,1,1,0,1,1,0,1,0,0,1,0,1,0,1,0,1,0
1,0,1,0,1,1,0,1,1,0,0,0,0,0,0,1,1,1,1,0,1,1,1,1,1,1,1,0,1,0,1,0,1,0,0,1,1,0,1,1,1,0,0,1,1,0,1,0,1,1,0,0,0,1,0,0,0,1,1,0,0,1,1,1,0,0,0,0,1,1,0,1,1,1,1
1,0,1,0,0,1,0,1,0,1,1,0,0,0,0,1,0,1,1,0,0,1,1,1,1,0,1,0,1,1,1,1,1,0,1,0,0,0,1,0,0,0,0,1,0,0,0,1,0,1,0,0,1,0,1,1,1,1,1,1,1,1,1,0,0,0,0,0,1,1,1,0,0,1,0
1,1,0,1,0,1,1,1,0,1,0,1,0,0,0,1,1,0,0,0,0,1,1,1,1,1,1,0,0,1,0,0,1,0,0,1,0,0,0,1,0,0,0,1,1,1,0,0,0,1,1,0,1,1,1,1,1,1,1,1,0,0,1,0,1,0,1,1,1,1,1,1,0,1,0
1,0,0,1,1,1,1,0,0,1,0,0,0,0,0,1,1,1,0,0,0,1,0,0,1,1,1,0,1,1,1,0,0,0,1,1,0,1,1,1,1,0,0,1,1,1,0,0,1,1,1,1,1,1,0,1,0,1,0,0,0,0,0,0,1,1,0,0,1,1,0,0,0,1,0
0,1,0,0,0,0,1,1,0,1,0,1,0,0,1,0,0,0,0,0,0,1,0,0,0,1,0,1,0,0,0,0,0,0,0,0,1,1,1,1,1,1,0,1,1,0,0,0,0,1,1,1,1,0,1,1,0,1,1,0,1,0,1,0,1,0,0,0,1,1,0,0,1,0,0
1,0,0,1,0,0,0,0,0,0,0,1,1,0,0,1,0,0,0,1,1,0,0,1,0,0,0,0,0,0,0,1,1,0,1,1,0,0,1,1,1,0,1,1,1,1,0,1,1,0,0,1,1,1,0,1,1,0,0,1,1,0,1,0,1,0,0,0,1,1,1,1,0,1,0
0,0,0,1,0,0,1,0,0,0,0,0,0,0,0,0,1,0,0,1,0,0,1,1,1,0,1,0,1,0,1,1,1,0,0,0,0,1,0,0,1,1,0,1,0,1,0,0,0,1,1,0,0,0,0,1,0,1,1,0,1,0,1,0,1,1,1,0,0,1,0,1,0,1,0
1,0,0,0,1,0,0,0,0,1,0,0,0,0,1,0,1,0,1,0,0,1,0,1,0,0,0,0,1,0,0,1,0,0,1,1,0,0,0,1,0,0,0,1,1,1,0,0,0,1,1,1,1,0,0,1,0,0,0,1,0,1,0,1,1,1,1,1,0,1,0,0,1,1,0
1,1,1,1,0,1,0,1,1,0,1,1,1,0,0,1,0,0,0,0,0,0,0,0,0,0,0,1,1,1,0,0,1,0,0,1,0,1,1,1,1,0,0,1,1,1,0,0,1,1,0,1,1,0,1,1,0,1,1,0,0,1,1,0,1,0,1,0,1,1,0,1,0,1,0
1,0,1,1,1,0,0,1,1,0,0,0,0,0,0,0,1,0,1,0,1,1,0,1,0,0,1,1,1,0,1,0,0,0,1,0,0,1,1,0,1,1,1,1,0,1,0,1,0,1,1,1,1,1,0,1,1,1,0,0,0,1,1,0,1,1,0,0,0,1,1,0,1,1,1
0,0,0,1,0,1,0,1,0,1,1,0,1,0,0,1,1,1,0,0,1,1,1,1,0,0,1,0,1,1,0,1,1,0,1,0,1,1,0,1,0,0,0,1,0,0,1,0,1,0,1,0,1,0,1,0,0,1,0,0,0,0,1,1,0,0,0,0,1,0,0,0,0,0,0
1,0,1,1,0,1,0,0,0,1,1,0,0,0,0,1,1,0,0,0,0,1,0,1,0,0,1,0,1,0,1,1,0,1,1,0,0,1,0,1,0,1,0,1,0,0,0,1,1,0,1,1,1,1,0,1,0,1,1,0,0,0,1,0,0,1,0,0,0,1,0,0,0,0,1
1,0,1,1,0,0,0,1,0,0,0,0,0,0,0,1,0,1,0,0,0,0,0,1,0,1,1,0,1,1,0,1,1,0,1,0,1,0,0,1,1,0,0,1,0,1,1,0,0,1,1,1,1,0,1,1,0,1,0,1,0,1,1,0,0,1,0,0,1,0,0,0,0,0,0
1,1,1,1,0,1,0,1,0,1,0,1,1,0,1,0,0,0,1,0,1,0,1,1,0,1,1,1,0,1,1,0,0,0,0,1,0,1,0,0,1,1,0,1,1,1,1,0,1,0,1,1,1,1,0,1,0,0,1,0,1,0,1,0,1,0,1,0,1,1,0,0,0,1,0
1,0,0,1,1,0,0,1,1,1,0,0,0,0,1,1,1,1,0,1,0,1,0,1,0,0,1,0,1,0,1,0,0,0,0,0,0,1,1,0,1,0,0,1,0,1,1,1,0,0,1,1,1,1,0,1,1,0,0,0,1,1,0,0,1,0,1,1,0,1,0,0,1,1,0
1,0,0,1,0,0,0,1,0,0,0,1,0,0,0,0,1,0,0,0,0,1,0,1,0,0,0,0,1,1,0,1,1,0,0,0,1,1,0,1,1,0,1,1,0,1,0,0,0,1,1,1,1,1,0,1,0,1,1,1,1,1,1,0,0,0,0,0,0,1,1,1,1,1,0
1,0,0,1,1,1,1,1,1,0,1,1,0,0,1,1,1,0,1,0,1,1,0,1,0,0,1,1,1,0,1,0,0,0,1,0,1,0,0,1,0,0,0,0,0,0,1,1,0,1,1,1,1,0,1,1,0,0,1,1,0,1,0,0,1,0,0,0,1,1,0,1,0,0,0
1,0,1,1,0,0,0,1,0,1,0,1,1,0,1,1,1,0,1,0,1,1,0,1,0,1,1,0,0,0,1,0,1,0,1,0,0,1,1,0,1,1,0,1,0,0,1,1,1,0,1,0,1,1,0,1,0,1,0,0,1,0,1,1,0,0,1,0,0,0,0,0,0,1,0
1,0,0,0,1,1,0,1,0,1,0,0,0,0,0,0,1,0,0,0,1,1,0,1,0,1,1,1,1,1,1,0,1,0,1,1,1,1,1,0,0,1,0,1,0,1,0,0,1,1,1,1,1,1,0,1,0,1,1,1,1,0,1,0,0,0,1,0,1,1,0,0,0,0,0
1,0,0,1,1,1,0,1,0,0,1,1,0,0,1,1,1,0,0,0,0,1,0,1,0,1,1,0,0,1,0,0,0,1,1,0,0,0,0,1,1,0,0,1,0,1,0,0,0,1,1,1,1,1,0,1,0,0,0,1,0,0,1,0,0,0,1,1,0,1,1,1,1,1,0
1,0,0,0,0,0,0,1,0,1,1,1,1,0,0,0,1,0,1,0,0,1,0,1,0,0,0,1,1,1,1,1,1,0,0,0,1,0,1,0,1,1,1,1,0,0,0,0,1,0,0,1,1,1,0,1,0,0,1,1,1,0,1,1,1,0,0,0,0,1,1,1,1,1,0
1,0,0,0,1,1,0,0,1,1,0,0,1,0,1,1,0,1,0,0,0,1,0,0,0,0,1,0,0,1,0,1,0,0,0,0,0,0,1,0,1,1,0,1,1,1,1,1,0,0,1,0,1,0,1,0,1,0,1,1,0,1,1,0,0,1,1,1,0,1,1,1,1,1,1
1,0,0,1,1,1,0,1,1,1,1,1,0,0,1,1,1,0,0,0,0,1,0,0,0,0,0,0,1,0,1,1,0,0,0,0,0,0,1,0,0,1,1,1,0,1,0,0,0,1,1,1,1,0,1,1,0,0,1,1,1,0,1,0,0,0,1,1,1,1,1,0,1,1,0
1,0,0,0,1,1,0,1,0,1,1,1,1,0,1,1,1,1,1,0,0,1,1,1,0,1,1,1,1,0,0,0,1,0,0,0,1,1,0,1,1,0,0,1,1,1,1,1,0,0,0,0,1,1,0,0,1,1,1,1,1,1,1,1,1,0,0,0,1,1,0,1,0,0,1
1,0,0,0,1,0,0,1,1,1,0,1,0,0,1,1,1,0,0,1,1,1,0,1,0,0,1,1,1,1,1,1,0,0,0,0,1,1,1,0,0,1,0,1,0,0,1,1,0,0,1,1,1,1,1,0,0,0,1,0,1,0,1,0,1,0,0,0,0,1,0,0,1,1,0
0,0,0,0,0,1,0,0,0,1,0,1,0,0,0,1,1,0,0,0,0,0,0,1,1,1,1,0,1,0,1,0,0,0,0,0,1,0,1,0,1,1,0,1,0,1,0,0,1,1,1,1,1,0,1,1,1,1,1,1,0,1,1,0,1,1,0,0,0,1,0,1,0,1,0
1,0,1,1,0,1,1,1,0,1,0,1,1,0,1,0,1,0,0,0,0,1,1,1,0,1,1,1,0,1,1,0,0,0,1,1,0,0,0,1,0,0,0,1,1,1,0,1,1,0,1,0,1,0,0,0,1,1,0,0,0,1,1,1,0,0,1,1,1,1,1,0,0,1,0
1,0,0,1,1,1,0,1,0,1,0,0,1,1,1,1,1,1,1,0,1,0,0,1,1,1,0,1,0,1,0,0,0,0,1,0,0,1,0,0,0,0,0,1,1,0,1,1,1,1,1,1,0,1,0,0,1,1,0,0,0,0,1,0,1,0,1,0,1,1,1,1,1,1,1
1,0,0,1,1,0,1,0,0,1,0,1,1,0,1,1,1,0,1,1,1,1,1,1,0,1,1,1,0,1,1,0,0,0,0,0,0,0,1,0,1,0,1,1,0,0,0,1,0,0,1,0,1,1,0,1,1,1,0,0,1,1,0,0,0,1,0,1,1,1,1,0,0,1,0
1,1,1,0,1,0,0,1,0,0,1,1,0,1,0,1,1,1,0,0,1,1,1,1,1,0,0,0,1,1,1,1,1,1,0,0,0,0,1,0,1,0,0,1,0,1,1,0,0,0,0,0,1,1,1,0,0,1,1,1,0,0,1,0,1,0,0,0,1,0,0,1,0,1,0
0,0,1,0,1,0,0,1,1,0,0,1,0,0,0,1,1,1,0,0,0,1,1,1,1,1,1,0,1,0,0,1,1,1,1,0,0,1,1,1,0,0,1,1,0,1,0,0,0,1,1,0,0,1,0,0,0,1,1,1,1,1,1,0,1,0,1,0,0,1,1,0,0,1,0
1,0,0,0,1,0,0,1,1,0,1,1,0,1,1,1,0,0,1,0,0,1,0,1,0,0,1,0,0,1,1,1,0,0,0,0,1,0,0,1,0,0,1,1,1,1,0,1,1,1,1,1,0,0,1,0,1,1,1,0,1,0,1,1,1,1,1,1,1,1,1,1,1,1,1
1,0,1,1,0,0,0,0,0,0,0,0,1,0,0,0,0,0,0,0,1,1,0,1,1,1,1,1,1,0,0,1,1,0,1,1,0,1,0,0,1,1,1,1,0,1,0,0,1,0,0,1,1,1,1,1,0,1,1,1,0,1,1,0,1,1,0,1,0,1,1,0,0,1,0
0,0,1,0,1,0,0,1,0,0,1,0,1,0,0,1,0,1,1,0,1,1,0,1,1,0,1,1,1,0,1,0,1,0,0,0,0,1,1,0,1,1,1,1,0,1,1,1,0,1,0,1,1,0,1,0,1,0,1,0,1,1,1,0,0,0,1,1,0,1,1,0,1,1,0
1,0,1,0,1,0,0,0,0,1,0,1,1,0,0,0,1,1,1,0,0,1,1,1,1,0,0,0,1,0,1,1,1,0,0,0,0,0,1,0,1,1,1,1,0,1,1,0,1,0,1,1,1,0,1,0,1,1,1,0,1,0,1,0,1,0,0,0,1,1,1,1,0,1,0
1,0,0,0,0,1,0,1,0,1,1,0,0,0,1,0,1,1,0,0,0,1,0,0,1,1,0,0,1,1,1,1,1,0,1,0,1,1,0,1,1,1,1,1,1,0,0,1,1,1,1,1,1,1,1,1,0,0,0,1,1,0,1,0,1,1,0,0,0,1,1,0,0,0,1
1,0,1,0,0,0,0,0,0,1,0,0,0,0,1,1,1,1,0,0,0,0,0,1,1,0,0,0,1,0,1,1,0,0,0,1,1,1,0,0,1,1,0,1,1,1,1,0,0,1,1,1,1,1,0,1,1,1,1,0,0,0,1,0,0,1,0,0,1,1,1,0,0,1,1
0,0,0,1,0,0,0,1,0,0,1,1,0,0,0,1,0,1,1,0,0,1,0,1,1,1,1,1,1,0,1,0,1,0,1,0,1,1,1,0,1,0,0,1,0,1,0,0,0,0,0,1,0,0,1,1,0,1,0,1,0,0,1,0,1,0,1,1,0,1,1,0,0,1,0
1,1,0,1,0,1,0,1,0,0,0,1,0,0,1,1,1,0,1,0,0,1,1,1,1,1,1,1,0,1,0,1,0,0,1,0,0,0,0,0,0,1,0,1,1,1,0,1,1,1,1,0,1,1,1,1,1,0,0,0,0,0,1,1,1,1,1,0,0,1,0,1,0,0,0
1,0,0,1,0,1,0,1,0,1,1,0,1,0,1,1,0,1,0,0,0,1,0,1,0,0,0,1,0,1,1,0,0,0,1,1,1,0,0,1,0,0,1,1,1,1,0,1,0,0,1,1,0,0,1,0,0,1,1,0,0,1,0,0,1,0,0,0,1,1,1,1,0,1,0
1,0,0,0,0,0,1,1,0,0,0,1,0,0,0,1,1,0,1,1,0,1,1,1,0,1,1,0,0,1,0,1,0,0,0,0,1,1,0,1,1,0,1,1,1,1,1,0,0,1,1,0,1,0,1,0,0,0,0,1,0,1,0,1,0,0,0,1,0,1,1,1,1,1,0
0,0,0,1,1,0,0,1,0,0,1,0,0,1,0,1,1,1,0,0,1,0,1,1,1,0,0,0,1,1,0,1,0,1,1,1,1,1,0,1,1,0,0,1,0,0,0,0,0,1,1,1,0,1,0,0,0,1,1,1,0,1,0,0,0,0,0,1,1,1,1,0,0,1,0
0,0,0,1,0,0,0,1,1,0,0,0,0,0,1,1,1,1,1,0,1,1,0,1,0,0,1,1,1,0,0,1,0,0,1,0,0,0,0,0,1,0,0,1,1,0,1,1,0,0,1,1,1,1,0,1,0,0,0,0,0,1,1,1,1,0,0,1,1,0,0,0,1,0,0
1,1,0,1,0,1,0,1,1,0,0,1,1,0,1,0,0,0,0,0,0,1,1,1,1,1,1,0,0,1,1,0,0,0,1,0,0,1,1,0,1,1,0,1,0,1,0,1,0,0,1,0,1,1,0,1,1,1,1,0,1,0,1,0,0,0,1,1,1,1,0,1,0,1,1
1,1,1,0,0,0,0,1,0,0,1,0,0,0,0,1,1,1,1,0,0,1,0,0,0,0,1,0,1,1,1,1,1,1,0,0,0,1,0,1,1,0,0,1,0,1,0,0,1,1,1,1,1,1,0,1,0,1,1,0,1,1,1,0,1,0,0,0,1,0,0,0,0,0,0
1,0,0,0,1,0,0,1,0,1,0,1,1,0,1,1,1,1,0,0,0,1,1,1,0,0,1,0,1,0,1,1,0,0,1,1,0,0,0,1,1,0,1,1,0,1,0,0,0,0,1,0,1,0,0,1,1,1,1,0,1,0,1,0,1,0,1,1,1,1,1,0,0,1,0
0,0,0,0,0,0,0,1,1,1,1,0,1,0,1,1,1,0,0,0,0,1,0,1,1,0,1,0,0,0,1,0,0,0,0,0,1,1,0,0,1,0,0,1,0,1,0,1,1,0,1,1,1,1,0,1,1,1,1,1,0,1,1,0,1,1,1,1,0,0,0,1,0,1,0
1,0,1,1,1,0,0,0,1,1,0,0,0,1,0,0,1,0,0,0,0,0,1,1,1,1,1,1,0,1,0,1,0,1,0,1,1,1,1,1,1,0,1,1,1,1,1,0,0,1,1,1,0,1,0,0,0,1,1,0,0,0,1,0,0,0,1,1,0,1,1,1,0,1,0
1,0,1,1,1,0,0,1,1,1,0,1,1,0,1,1,1,1,1,0,1,1,0,1,0,1,1,1,1,1,1,1,1,0,1,0,1,0,1,1,1,0,0,1,0,1,1,1,1,0,1,1,1,1,0,1,1,1,0,1,1,1,1,1,1,0,1,1,1,1,0,1,0,1,1
1,1,0,0,0,1,0,1,0,1,1,1,0,0,1,0,0,1,0,0,1,1,0,1,1,1,1,1,1,0,0,0,1,0,0,1,0,1,0,1,0,0,1,1,0,1,0,1,0,0,1,0,1,1,0,1,0,0,1,1,0,0,1,1,0,0,0,0,1,1,1,1,1,1,0
0,0,1,0,1,0,0,0,0,0,0,1,0,0,1,0,0,1,1,1,0,1,0,1,0,1,0,0,0,1,1,1,0,1,1,1,1,0,0,1,0,1,1,1,1,0,0,0,1,0,1,1,1,1,0,1,0,1,1,1,1,1,1,0,0,0,0,0,0,1,1,1,0,1,1
1,0,0,0,1,1,0,1,0,0,0,1,0,1,1,0,1,1,1,0,1,1,0,1,0,0,1,0,0,1,0,1,0,0,0,0,0,1,1,0,1,1,1,1,1,1,1,1,1,0,1,0,1,0,1,1,0,1,1,0,1,0,1,1,0,1,0,1,0,1,1,1,0,1,0
0,0,0,1,1,1,0,1,1,0,1,0,1,0,0,1,1,1,0,1,1,0,0,0,1,1,1,0,1,1,1,0,1,0,0,0,0,0,1,0,0,0,1,1,0,1,1,0,0,1,1,1,1,0,1,1,1,1,0,1,0,1,0,0,0,0,1,0,0,0,1,0,0,1,0
0,1,1,1,1,1,1,1,1,1,1,1,0,0,0,0,1,0,1,0,1,0,1,1,1,1,0,1,0,1,0,1,0,0,1,0,1,0,0,1,1,1,0,1,1,0,0,0,0,0,1,0,1,1,0,0,0,1,0,1,0,1,1,0,1,0,1,1,0,0,1,1,1,0,0
1,0,1,0,1,0,1,1,0,1,1,0,1,0,1,0,1,1,0,0,0,1,0,1,1,0,0,0,0,1,1,0,1,0,1,1,1,0,0,1,1,1,1,1,0,1,1,1,0,0,1,0,1,1,0,0,1,0,0,0,0,1,0,1,0,0,0,0,1,1,1,0,1,0,0
1,1,1,1,1,0,0,1,1,0,0,0,0,0,0,1,1,0,0,1,0,0,1,1,1,0,1,0,1,1,1,0,1,1,1,0,1,0,0,1,1,1,0,1,1,1,0,0,0,1,0,0,1,0,0,0,0,1,1,1,0,1,1,0,1,0,0,0,0,1,0,1,0,0,0
1,0,1,1,1,0,0,1,0,0,0,1,0,0,1,1,0,0,1,1,1,1,0,1,0,1,0,0,1,1,0,0,1,0,0,1,0,1,1,1,1,1,0,1,1,0,1,0,1,1,1,1,1,1,1,0,0,1,1,1,0,1,1,0,0,1,1,1,0,1,0,1,0,1,0
1,0,1,0,0,0,0,0,0,0,1,1,1,0,1,0,1,1,1,0,1,1,0,1,0,1,0,1,0,1,1,1,0,0,1,0,0,0,1,0,1,1,1,1,0,1,1,1,0,0,1,0,1,1,0,1,1,0,0,1,1,0,1,1,1,1,0,0,0,1,1,1,1,0,0
0,1,1,0,1,0,1,1,0,0,0,0,0,0,1,1,1,1,0,1,0,1,1,1,0,1,1,1,1,1,1,1,1,1,1,1,0,1,1,1,1,0,0,1,1,1,1,0,1,1,1,0,1,1,0,1,0,0,1,1,1,1,1,1,1,0,0,1,1,1,0,1,0,1,0
1,1,1,0,0,0,0,1,1,0,1,1,0,0,0,0,0,1,0,0,0,0,1,1,0,1,0,0,1,0,1,0,1,0,1,0,0,1,1,0,1,1,1,0,1,0,1,0,1,1,0,0,1,1,0,1,0,0,0,0,1,1,1,0,0,1,1,0,1,1,1,0,0,0,0
0,0,1,0,1,1,0,1,1,0,1,0,0,0,0,0,1,0,0,0,1,0,0,1,1,1,1,0,1,1,0,0,1,1,0,1,0,0,0,0,0,1,0,1,1,0,1,1,1,1,1,1,1,0,0,1,1,1,1,0,0,1,1,0,1,0,1,0,0,1,1,0,0,1,1
1,1,0,0,1,0,0,1,0,0,0,1,1,0,1,1,0,1,1,0,0,1,0,1,0,0,1,0,1,1,1,0,1,0,1,0,1,1,1,0,0,1,1,1,0,1,1,1,1,0,0,1,1,0,0,0,0,1,1,1,1,0,0,0,0,0,1,1,1,1,1,1,0,1,0
1,0,0,0,1,0,0,1,0,1,1,1,0,0,0,1,0,1,1,0,1,0,1,1,0,0,1,0,0,1,1,1,1,0,0,0,0,1,1,0,1,0,0,1,0,0,1,0,1,0,1,1,0,0,1,0,0,0,1,0,1,0,0,0,1,0,1,0,0,1,0,0,1,1,0
0,0,1,0,0,1,0,1,1,1,1,1,0,1,1,0,1,1,1,0,1,1,0,1,1,0,0,1,0,0,0,0,1,1,0,1,1,1,0,1,1,1,0,1,1,1,1,0,0,1,1,1,1,0,0,0,0,0,1,0,1,0,1,1,0,0,0,1,1,1,0,0,1,1,0
1,0,0,0,0,0,1,1,1,1,0,1,0,0,0,1,1,0,0,1,0,1,1,1,1,1,1,1,0,1,0,0,1,0,1,0,0,1,1,0,1,0,0,1,0,1,0,0,0,1,1,0,1,1,0,1,0,1,1,0,0,0,0,0,1,0,0,0,0,0,0,1,1,1,0
1,0,0,1,0,0,0,0,0,0,0,0,0,0,1,0,1,1,0,0,1,1,0,1,0,0,1,1,0,0,0,1,0,0,1,1,0,0,1,1,1,1,0,1,0,1,1,0,0,0,1,1,1,1,0,1,0,1,0,1,0,0,1,1,1,1,0,0,0,1,0,1,1,1,0
1,0,1,1,0,0,0,1,0,0,1,1,0,0,0,1,1,0,0,0,1,1,0,1,1,1,1,0,1,0,1,0,1,0,1,0,1,0,1,0,1,1,0,1,0,1,0,1,0,1,1,1,1,0,1,0,1,0,1,0,0,1,1,1,0,0,0,1,1,1,0,1,1,1,0
1,1,1,0,0,1,1,1,0,1,0,0,0,0,0,1,1,1,1,0,1,1,1,1,1,1,0,1,1,1,0,1,1,1,0,0,1,1,1,0,1,0,0,1,1,0,1,1,1,0,1,0,1,0,0,0,1,0,1,1,1,1,1,1,0,0,1,1,1,1,0,0,0,1,1
1,1,0,1,0,0,1,1,0,1,0,1,1,0,1,0,0,1,0,0,1,1,1,1,0,0,1,0,1,1,1,1,0,0,0,0,0,1,0,0,1,1,0,1,1,0,1,0,0,0,0,0,0,1,0,0,0,0,1,1,1,1,1,0,0,0,1,0,1,1,0,0,0,1,1
0,0,0,1,1,1,0,0,0,0,0,0,0,0,0,0,0,1,1,0,0,1,0,1,1,0,1,0,0,0,1,0,0,0,0,1,1,1,1,1,0,1,0,1,0,1,1,0,1,1,1,1,1,1,0,1,1,1,1,0,0,1,0,0,1,1,1,0,1,0,0,0,0,0,0
1,0,1,1,1,0,0,0,0,0,1,1,0,0,0,1,1,0,0,1,1,1,0,0,0,1,1,1,1,1,1,1,1,0,1,0,1,0,0,1,1,1,0,1,0,1,0,1,1,1,1,1,1,1,0,0,1,1,0,1,0,0,0,1,0,1,1,1,0,1,1,1,0,1,1
1,0,1,1,1,0,0,1,0,1,0,0,0,0,1,1,1,1,0,1,0,1,0,1,1,1,1,0,1,1,1,1,0,0,1,1,0,1,0,1,1,0,1,1,0,1,0,1,0,1,1,1,1,0,1,0,1,0,0,1,0,0,1,0,0,0,0,0,1,1,1,0,1,1,0
1,0,0,1,1,0,0,1,1,0,1,1,1,1,1,1,0,0,1,0,1,1,0,1,1,0,1,0,0,1,0,0,0,0,1,1,1,1,0,1,1,1,0,1,1,0,0,1,0,0,1,1,1,0,1,0,1,0,1,1,1,0,1,0,0,0,1,1,0,0,1,1,1,0,0
1,0,0,0,1,1,1,1,1,1,1,1,0,0,0,1,0,1,1,0,0,1,1,1,0,0,0,0,0,1,1,1,0,0,1,1,1,1,0,1,0,0,0,1,0,1,1,0,0,1,1,0,1,0,1,0,1,0,0,0,1,1,0,1,1,0,0,0,1,1,1,0,0,0,1
1,0,0,0,0,0,0,0,0,1,0,1,0,0,0,1,1,0,0,0,0,1,0,0,0,0,1,0,1,1,0,0,1,0,1,1,0,1,0,1,1,0,0,1,1,1,0,1,1,1,0,1,1,1,0,1,1,1,1,0,0,1,1,0,0,1,0,0,1,1,0,1,0,1,0
1,0,1,0,0,0,0,1,0,1,1,1,0,0,0,0,0,0,0,0,1,1,1,1,0,0,1,0,0,0,1,1,0,1,0,1,1,1,1,1,1,1,0,1,0,1,0,0,1,0,1,1,1,0,0,1,0,1,0,0,1,0,1,0,0,1,0,1,0,1,0,1,0,1,0
1,0,1,1,0,1,1,1,1,1,0,0,0,0,1,1,0,0,1,0,0,1,0,1,1,1,0,1,0,1,1,0,0,0,1,1,0,0,0,1,1,0,0,1,0,1,1,0,0,1,1,0,1,1,0,0,1,0,0,1,0,0,1,1,1,0,0,0,1,1,1,1,1,1,0
0,1,0,0,0,0,0,1,0,0,0,1,0,0,0,0,0,1,1,0,1,0,0,1,0,0,1,1,1,1,1,0,1,0,0,0,0,0,1,0,1,1,1,1,1,1,1,0,1,1,1,0,1,0,0,0,0,0,1,1,1,1,1,0,0,0,0,1,1,0,1,0,0,1,0
1,0,1,1,0,0,0,1,1,0,0,1,0,0,1,1,1,1,0,0,0,1,0,0,0,0,1,0,1,1,1,1,0,1,1,0,0,1,0,0,0,1,1,1,1,1,1,1,0,1,1,1,1,1,0,0,1,0,0,1,1,0,1,0,1,0,1,1,1,1,1,1,1,1,1
1,1,1,0,0,0,0,1,0,1,1,1,0,0,0,1,1,1,1,1,1,1,0,1,0,0,1,0,1,0,1,0,1,0,1,0,1,0,0,1,0,0,0,1,1,0,0,0,0,0,1,1,1,1,1,1,0,1,0,1,1,0,1,0,0,0,0,1,1,1,0,0,0,1,0
1,0,0,0,1,0,1,1,1,1,1,0,1,0,0,1,1,1,0,0,1,1,0,0,1,1,1,0,1,0,0,0,1,0,0,1,1,1,1,0,1,0,1,1,0,1,1,1,1,0,1,1,1,1,0,0,1,0,1,0,0,1,1,0,1,0,0,0,0,1,0,1,1,1,0
1,0,0,1,0,0,0,1,0,1,1,1,1,0,1,1,1,1,1,0,1,0,0,0,0,0,1,0,0,1,0,0,1,0,0,0,0,0,1,0,1,1,1,1,0,0,1,0,1,1,1,1,1,0,1,1,1,1,0,1,1,1,0,0,1,0,0,0,1,1,1,1,0,1,0
1,1,0,0,0,0,1,1,1,0,0,1,0,0,0,1,1,1,0,0,0,0,1,1,0,1,1,0,0,1,0,0,0,1,0,0,0,0,0,1,0,0,0,1,1,1,0,0,0,0,1,0,1,1,1,1,0,1,1,0,1,1,1,0,0,1,0,0,1,1,0,1,1,1,0
1,1,1,0,1,1,1,1,1,1,0,0,0,1,1,1,0,0,1,0,0,1,1,1,1,0,1,1,0,1,1,1,0,1,1,0,1,1,0,0,0,1,0,1,1,0,0,0,0,1,1,1,0,1,1,1,0,1,0,0,1,0,1,0,1,0,1,0,0,1,0,0,0,0,1
1,1,1,0,0,1,0,1,0,1,0,0,0,0,0,1,1,0,1,0,1,0,0,1,0,0,1,0,0,0,1,1,0,0,1,0,0,1,0,0,1,0,0,1,1,0,0,0,1,0,1,0,1,1,1,1,1,1,1,1,0,0,1,0,0,1,1,1,1,1,0,1,0,1,0
1,0,0,1,0,0,1,1,0,0,1,1,0,1,0,1,1,0,1,0,0,1,1,1,1,0,1,0,0,0,1,0,1,0,1,0,0,1,0,0,1,1,0,1,0,1,0,1,1,0,1,0,1,0,1,0,1,1,0,0,1,1,0,1,1,0,0,1,0,1,0,1,0,1,0
1,0,0,0,1,0,0,0,0,1,1,0,0,0,0,1,1,1,0,1,1,1,1,1,0,1,0,0,0,1,1,1,0,0,0,0,1,1,1,0,1,0,0,1,1,0,1,0,0,1,1,1,1,0,0,1,0,1,1,1,1,0,1,0,1,1,0,0,1,1,0,0,1,1,1
1,1,1,1,1,0,1,1,1,0,0,1,0,0,1,0,0,1,0,0,0,0,1,1,0,1,0,0,0,0,1,1,0,0,0,1,1,0,0,1,0,0,0,1,1,1,0,1,0,0,1,1,1,1,0,1,1,1,1,1,1,1,1,0,1,0,0,0,1,1,0,0,0,1,0
1,0,0,1,1,0,0,1,0,1,0,0,0,0,0,0,1,1,0,1,0,1,1,0,0,0,1,0,1,1,1,1,1,0,1,1,0,0,1,0,1,1,1,0,0,0,0,1,0,1,1,1,0,1,1,1,1,1,0,1,0,0,0,0,1,0,1,1,0,1,1,0,0,1,0
1,0,0,1,1,0,0,1,1,0,1,1,0,0,0,1,1,0,1,1,0,1,1,1,1,0,1,1,0,1,1,1,1,0,1,0,0,1,1,0,1,0,0,1,0,1,0,0,1,1,0,0,1,0,1,0,0,1,0,0,1,0,0,0,1,0,0,0,1,1,0,1,0,0,0
1,1,1,0,1,1,0,1,0,0,1,1,1,0,1,1,1,0,1,0,1,1,0,1,0,0,0,0,1,1,1,1,1,0,1,0,1,1,0,1,1,0,1,1,1,1,0,1,1,0,1,1,1,0,1,1,1,0,1,0,1,0,1,0,1,0,0,0,1,1,1,0,0,0,0
1,1,0,1,1,1,0,1,0,0,0,1,0,0,1,1,1,0,1,0,0,1,0,1,1,1,1,1,0,1,1,1,0,0,1,1,1,0,0,1,1,0,1,1,1,0,0,0,1,1,1,0,1,1,0,1,0,1,1,1,0,1,1,1,1,0,0,1,1,1,1,1,0,1,1
1,0,0,0,1,0,0,1,1,0,1,1,0,0,1,0,1,1,0,1,1,1,1,1,0,0,1,1,0,1,1,0,0,0,0,0,1,0,0,1,1,1,1,1,0,1,1,1,1,1,1,1,1,0,0,1,0,1,1,1,1,0,1,0,0,1,1,1,0,1,1,0,0,0,0
1,1,1,0,1,1,1,1,1,0,0,1,0,0,1,0,1,0,0,0,0,1,1,1,0,0,1,0,1,0,0,0,0,0,0,0,1,0,1,0,1,1,1,1,0,1,1,0,1,1,1,0,1,0,0,1,0,0,1,1,0,1,0,0,0,1,1,0,0,1,0,0,0,1,1
1,0,0,0,0,0,0,1,0,1,1,1,0,0,1,0,0,0,0,0,0,1,1,1,0,0,1,0,0,0,0,0,0,0,1,1,0,0,1,0,1,1,1,1,0,1,1,0,0,1,1,0,1,1,0,1,0,0,1,0,1,0,1,0,1,0,0,0,1,1,1,0,1,0,0
1,0,0,0,1,1,1,0,1,1,0,0,0,0,1,0,1,0,1,1,0,0,1,1,0,1,0,0,0,0,1,1,0,0,1,0,1,0,0,1,1,0,1,1,0,1,0,1,1,1,1,1,1,1,0,1,1,1,0,0,1,1,1,0,0,1,0,1,1,1,1,0,0,1,0
1,0,0,1,1,0,1,1,0,1,1,1,1,0,0,1,0,1,1,0,1,1,1,1,0,0,0,1,0,0,1,0,0,1,0,0,1,0,1,0,0,0,1,1,1,0,1,0,1,1,1,1,1,0,1,1,0,1,1,0,1,0,1,0,0,0,0,1,1,1,1,0,0,0,0
1,0,0,1,1,1,0,1,0,1,1,1,0,0,1,0,1,0,0,1,0,1,0,1,0,0,1,0,1,1,1,0,1,1,1,1,0,0,1,0,1,0,1,1,1,0,0,0,1,1,1,1,1,0,0,1,0,1,1,1,0,1,1,0,1,0,1,1,1,1,1,0,0,0,0
0,1,0,1,1,1,1,1,1,0,1,0,1,0,1,1,1,0,0,0,1,0,1,1,0,1,0,1,1,1,0,1,0,0,1,0,1,1,0,1,1,0,0,1,1,0,0,1,1,0,1,1,1,0,1,0,1,1,1,0,0,1,1,0,0,1,1,1,0,0,0,0,0,0,0
1,0,1,1,1,0,0,1,0,0,0,0,1,0,0,0,1,0,1,0,1,1,0,1,0,1,0,0,1,0,0,0,1,0,1,0,0,1,1,0,1,0,0,1,0,1,1,0,0,1,1,1,1,0,0,0,0,0,1,1,0,0,1,0,1,0,0,0,1,1,0,0,1,0,0
1,0,1,0,0,0,0,1,0,0,1,1,0,0,0,0,1,1,1,1,1,1,0,1,0,1,1,1,1,1,0,0,0,0,1,0,0,1,1,0,1,1,0,1,0,1,1,0,0,1,1,1,1,0,1,1,0,1,1,1,1,1,0,0,1,0,0,0,1,1,0,0,0,1,0
0,0,0,1,1,0,1,1,0,1,0,1,0,0,0,1,0,0,1,1,0,1,0,0,0,0,1,0,0,0,0,1,0,0,0,0,0,1,1,0,1,0,0,1,1,1,1,1,1,1,1,1,1,0,1,1,0,1,0,1,1,0,0,0,0,0,0,1,1,1,1,1,0,1,1
1,0,0,1,1,1,0,1,0,1,1,0,0,0,0,1,0,0,1,0,0,1,0,1,0,0,1,1,1,0,1,0,1,1,1,1,0,0,0,1,1,0,1,1,0,0,0,0,0,1,1,1,1,0,1,1,0,0,0,1,1,1,1,0,1,0,1,1,0,1,0,1,1,1,0
0,0,0,0,1,0,0,0,0,0,0,1,1,1,1,1,1,1,0,0,0,1,0,1,1,0,1,0,1,1,1,1,1,0,0,0,1,1,1,0,1,0,0,1,0,1,0,1,0,1,1,1,1,1,0,1,1,0,0,1,0,0,0,0,0,1,1,1,1,0,0,1,1,1,0
1,0,1,0,1,0,0,1,1,0,0,1,1,0,0,1,1,1,0,0,1,1,1,1,1,1,1,1,1,1,1,1,1,0,1,1,1,0,1,0,1,1,0,1,0,1,0,0,1,0,0,0,1,1,0,0,0,1,1,0,0,1,1,0,1,0,0,0,1,0,0,1,0,1,0
1,1,1,1,0,1,1,1,1,0,0,1,0,0,1,1,1,1,0,0,1,1,1,1,1,0,1,1,1,1,0,0,0,0,0,0,0,0,0,1,1,0,0,1,1,0,0,0,0,1,1,0,1,0,1,1,0,1,1,1,0,1,1,0,1,1,1,1,1,0,0,0,0,1,0
1,0,0,1,0,0,0,1,0,1,0,0,1,1,1,1,0,1,1,1,1,1,0,0,1,1,0,1,0,1,0,0,0,1,0,1,0,1,1,1,1,0,0,1,1,0,0,1,1,0,1,1,0,1,0,0,0,0,0,0,0,0,0,1,1,0,0,0,1,1,0,1,1,1,0
1,1,1,1,0,1,1,0,0,1,0,1,0,0,0,1,1,1,1,0,1,0,1,1,0,1,1,0,1,0,0,1,1,0,1,0,0,1,1,0,1,0,1,1,1,0,1,0,1,1,1,0,1,1,0,1,0,0,0,1,0,1,1,0,0,1,1,0,0,1,0,0,0,1,1
1,1,1,0,1,1,0,1,0,1,0,0,0,0,0,1,1,1,0,0,1,1,1,1,1,0,1,0,0,0,1,0,1,0,1,0,1,0,1,0,1,1,0,1,1,1,0,0,0,1,0,0,1,0,0,0,0,0,1,1,0,0,1,0,1,0,1,1,1,1,0,1,1,1,0
1,0,0,0,1,0,0,1,1,0,0,1,0,0,1,0,1,1,1,0,0,0,0,1,0,1,1,1,0,0,0,1,0,0,0,0,0,0,0,1,1,1,1,1,1,0,0,0,1,1,0,1,1,0,0,1,0,1,1,0,0,1,1,0,0,0,1,1,1,1,1,0,0,1,0
1,0,0,0,1,1,0,1,1,1,0,0,1,0,0,0,1,1,0,1,1,1,0,1,1,1,0,0,1,1,1,1,1,1,1,0,1,0,1,0,1,1,1,1,0,0,1,1,1,0,1,1,0,0,0,0,1,0,1,1,0,1,0,1,0,0,0,1,0,1,1,0,1,1,0
1,0,0,1,0,1,0,0,0,1,0,1,1,0,1,1,0,1,1,0,1,1,1,1,1,1,1,0,1,1,0,0,0,0,0,1,1,0,1,0,1,1,0,0,0,1,1,0,0,0,1,0,1,1,0,0,0,1,0,1,1,0,0,0,1,1,0,1,0,1,1,1,0,1,1
1,0,0,0,1,1,0,0,0,0,0,1,0,0,0,0,1,1,0,0,0,1,0,1,0,1,0,1,1,0,0,0,1,0,0,0,1,0,0,1,1,1,1,1,1,1,0,0,0,0,0,1,1,0,0,0,0,0,1,1,0,0,1,0,0,1,1,0,0,1,1,1,0,1,1
1,0,1,1,0,0,0,1,0,1,0,1,0,0,1,1,0,0,1,1,1,1,0,0,0,1,1,1,0,0,0,0,0,0,1,1,1,0,1,0,1,1,0,1,0,1,0,0,1,1,1,1,1,1,0,1,1,1,1,0,1,0,0,0,1,0,0,0,1,1,0,0,0,1,0
1,0,1,1,1,0,1,1,1,0,1,1,1,0,1,1,1,0,0,0,0,1,1,1,0,1,1,0,1,1,1,0,0,0,1,0,0,0,1,0,0,1,1,1,0,1,1,0,0,1,0,0,1,0,1,1,1,0,1,1,0,1,1,0,0,0,0,0,1,1,1,1,1,0,0
1,0,0,0,0,1,0,1,0,1,0,0,0,0,1,0,0,1,1,1,0,1,0,0,0,0,0,0,0,0,1,1,0,0,1,1,0,1,0,0,0,1,0,1,0,1,1,0,1,0,1,0,1,1,1,1,0,1,1,0,0,0,0,0,1,0,1,0,0,1,0,1,0,0,0
1,0,0,0,1,1,1,1,0,0,1,1,0,0,0,0,1,0,0,0,0,1,1,1,0,0,1,1,1,0,1,0,1,0,1,0,0,1,1,0,1,0,0,1,1,1,0,1,1,1,1,1,1,1,0,1,1,1,1,1,1,1,1,0,0,1,1,1,1,1,1,1,0,1,0
0,0,0,0,0,0,0,1,1,1,0,1,1,0,0,1,1,0,1,0,1,1,0,1,0,1,1,0,1,0,1,1,1,1,0,0,0,1,1,0,1,0,0,1,0,1,0,1,0,1,1,1,1,1,0,1,0,1,1,0,1,0,1,0,0,1,1,0,0,0,0,1,0,1,0
1,0,1,1,0,0,1,1,0,1,0,1,1,0,0,1,1,1,0,0,0,1,1,1,0,1,1,0,1,1,0,0,1,0,1,1,0,0,0,1,1,0,0,1,0,0,0,0,0,0,1,0,0,1,0,0,0,1,0,0,1,0,0,0,1,0,0,0,0,1,0,1,0,1,0
1,0,1,1,1,1,0,1,0,1,1,0,0,0,1,0,0,1,0,0,1,0,0,1,1,0,0,1,1,1,0,0,1,1,0,1,0,1,0,1,1,1,1,1,1,1,0,0,1,1,1,0,1,1,1,1,0,1,1,1,0,0,1,0,1,0,0,0,0,1,1,1,0,0,1
1,0,0,0,1,0,0,1,0,0,0,0,0,0,0,0,1,0,0,0,0,1,0,1,1,0,1,1,0,0,1,1,1,0,1,1,0,1,1,0,1,1,1,1,0,0,0,1,0,0,1,1,1,1,0,1,1,0,1,1,0,1,1,1,0,0,0,0,0,1,1,0,1,1,0
1,0,1,1,1,1,0,1,0,0,1,0,1,1,0,1,0,1,0,0,1,1,1,1,0,0,0,0,1,0,1,1,0,1,1,1,1,0,0,1,1,0,0,1,0,0,0,0,1,0,1,1,1,0,1,1,0,1,1,1,0,0,0,0,0,0,0,1,1,1,1,0,0,1,1
1,1,0,1,1,1,0,0,0,1,0,1,0,0,0,1,1,0,1,0,0,1,1,1,1,1,1,1,0,1,1,0,0,0,1,0,1,1,0,0,1,0,1,1,1,0,0,0,0,0,1,1,1,0,1,1,1,0,0,1,0,0,1,1,1,1,1,0,1,1,1,1,0,1,0
1,0,1,1,0,0,0,1,0,0,0,0,1,1,1,1,0,1,0,1,0,1,1,1,1,1,0,0,1,0,1,0,0,0,0,1,1,0,0,1,1,0,1,0,0,0,1,1,0,1,1,0,1,0,1,0,1,1,1,1,0,0,0,0,1,0,1,1,1,1,1,0,0,1,0
0,0,0,0,1,0,0,1,1,1,0,1,0,1,0,1,1,0,0,0,0,0,1,1,0,1,0,0,1,0,1,1,1,0,1,0,1,0,1,0,1,0,0,1,0,1,0,0,0,0,1,0,1,1,0,1,0,1,0,0,1,0,0,0,0,0,0,1,0,1,0,1,0,0,1
1,0,0,1,1,0,0,0,0,1,0,1,0,0,1,1,0,0,0,0,1,1,1,1,0,1,1,1,1,0,0,1,1,0,1,0,0,0,0,1,0,0,0,1,1,0,0,0,0,0,1,0,1,0,1,1,0,1,0,1,1,0,1,0,0,1,1,1,1,1,0,0,0,1,0
1,1,1,1,0,0,0,1,0,1,1,1,0,0,1,1,0,1,1,0,1,1,0,1,0,0,1,0,0,0,0,1,0,0,1,1,0,1,0,1,1,0,0,1,1,1,0,0,1,0,1,1,1,1,0,1,0,1,0,1,1,1,1,0,0,0,0,0,1,1,1,1,1,1,0
1,0,1,1,0,1,0,1,1,0,0,0,1,1,0,1,1,0,1,0,1,1,0,1,1,0,0,0,1,0,0,1,1,0,0,0,1,0,1,0,1,1,0,1,1,1,0,1,1,1,1,0,1,1,0,0,1,1,0,0,0,0,0,0,1,0,0,0,0,1,0,1,0,1,0
1,1,0,1,1,0,1,0,0,1,0,1,1,0,0,0,1,1,1,0,1,1,0,1,1,1,0,1,1,0,0,0,1,0,0,0,0,0,0,1,1,1,0,1,1,0,0,0,1,1,0,1,0,1,0,0,0,0,0,1,0,0,0,1,0,1,1,1,0,1,1,0,0,1,0
1,0,1,0,1,0,0,1,0,1,1,1,1,0,0,0,1,0,0,0,0,1,0,1,0,0,0,0,1,0,1,1,1,0,1,1,1,0,1,0,1,0,0,0,0,1,0,0,1,0,1,1,1,1,0,0,1,1,1,0,1,1,1,0,0,0,1,1,1,1,1,0,0,1,0
1,0,0,0,0,1,0,1,0,1,0,1,1,0,1,1,1,1,0,0,0,1,0,0,0,0,1,1,0,0,1,1,0,0,1,0,1,0,1,0,1,0,0,1,0,0,0,0,0,1,1,1,1,1,0,0,0,1,1,1,1,1,1,0,1,0,0,0,1,1,1,0,1,1,0
0,0,1,1,1,1,0,1,0,0,0,1,0,0,1,0,0,1,1,1,1,1,0,1,0,1,1,1,0,1,1,1,0,0,0,1,0,1,0,1,1,1,0,1,0,1,0,0,0,0,1,1,1,1,0,1,0,0,0,1,1,1,1,1,1,1,1,1,0,1,1,1,1,1,0
1,0,0,0,0,0,0,1,0,1,1,0,0,0,0,0,1,0,0,0,1,1,0,1,0,0,1,1,1,0,1,1,1,0,0,0,1,1,1,0,1,1,0,1,0,0,0,0,0,1,1,0,1,0,0,1,0,0,1,1,0,0,1,0,1,0,0,0,0,1,1,1,1,1,0
1,1,0,1,0,1,0,1,0,1,0,1,1,0,1,1,1,0,0,0,0,0,1,1,1,1,1,1,1,1,0,1,0,1,0,1,0,1,0,1,0,1,1,1,1,0,1,0,1,0,1,1,1,1,0,1,0,0,1,1,1,1,1,0,0,0,0,0,1,1,1,1,0,1,0
1,0,0,1,0,0,0,1,1,1,1,1,1,1,1,1,1,0,1,1,0,1,0,0,0,1,1,1,0,0,1,1,0,0,0,1,0,1,0,1,1,0,0,1,0,1,0,0,0,0,1,0,1,1,0,0,0,0,0,0,1,0,0,0,1,1,0,0,1,1,1,0,1,1,0
1,0,0,0,0,1,0,1,1,0,0,1,1,0,0,1,1,0,0,0,1,1,0,1,0,0,1,1,0,0,1,1,1,0,1,1,0,1,0,1,1,0,1,1,1,1,0,1,0,0,1,1,1,1,0,0,1,1,0,1,1,1,1,0,0,1,1,0,1,1,1,1,0,0,0
1,0,0,1,1,0,1,1,1,1,0,0,1,0,1,1,1,1,0,0,1,1,0,1,0,0,1,0,1,1,1,1,1,1,1,0,1,0,0,1,0,0,0,1,1,1,1,0,1,1,1,0,1,0,1,0,0,1,1,1,1,1,1,1,1,0,0,0,1,1,1,1,0,0,0
0,0,0,1,1,0,1,0,0,1,0,1,0,0,1,0,0,1,1,1,1,1,1,1,0,1,1,1,0,1,1,0,0,0,1,1,1,1,1,0,1,1,0,1,0,1,0,1,1,1,1,0,1,1,0,1,1,0,0,0,0,1,0,0,1,0,0,0,0,1,0,0,0,1,0
1,0,0,1,1,0,0,0,1,0,0,1,1,1,1,1,0,0,0,1,0,1,0,0,0,1,0,0,1,1,1,1,0,0,1,0,1,0,0,1,1,0,0,1,0,0,1,1,0,1,1,1,0,0,1,0,1,1,1,1,1,1,1,0,1,0,0,1,1,1,0,1,0,0,1
0,1,0,1,1,1,0,0,1,0,0,1,1,0,0,1,1,0,0,1,0,1,1,1,0,0,1,1,1,0,0,1,1,0,0,1,1,1,0,1,1,1,0,1,1,0,1,0,1,1,1,0,1,1,0,0,0,0,0,1,1,0,0,0,0,1,1,1,0,0,0,1,0,1,0
1,0,0,0,1,1,0,1,1,1,0,0,0,0,0,0,1,0,1,1,1,1,0,1,0,0,1,0,1,1,1,0,1,0,1,0,0,0,1,0,1,0,0,1,1,1,0,0,0,0,1,1,1,0,0,1,0,0,1,0,0,1,1,1,1,0,1,1,0,0,0,1,1,1,0
1,0,1,1,0,1,1,1,1,1,1,0,1,1,0,0,1,0,0,0,0,1,1,1,0,1,1,0,1,1,1,0,1,1,0,0,0,0,0,0,1,1,0,0,0,0,0,0,0,1,1,0,1,1,0,1,0,1,1,1,0,1,1,0,0,0,1,0,1,1,0,1,0,0,0
1,1,0,0,1,0,0,1,1,0,0,0,1,1,0,0,0,1,1,1,1,1,0,0,0,1,0,0,1,0,0,0,1,1,1,0,1,0,1,0,1,1,1,1,1,0,1,1,0,0,1,1,1,1,0,0,1,0,1,1,0,1,0,0,1,0,0,0,1,1,1,1,0,0,0
0,0,1,1,1,0,0,1,0,1,0,1,0,1,1,1,1,0,1,0,0,1,0,1,0,0,1,0,0,0,0,0,0,1,0,1,0,0,0,1,1,0,0,1,0,1,0,1,0,1,1,1,1,1,0,1,1,0,0,1,1,0,0,0,1,0,0,1,0,0,1,1,1,1,1
0,1,0,1,0,0,0,1,0,1,1,1,0,0,1,1,0,1,1,0,1,0,0,1,1,1,1,1,0,0,1,0,0,1,1,1,1,1,0,1,0,0,1,1,0,0,0,0,0,1,1,1,1,1,1,1,0,1,0,0,1,1,1,0,1,0,0,0,1,1,1,0,0,1,0
1,0,0,0,1,1,0,1,0,0,0,1,0,0,0,0,0,0,0,1,1,1,0,0,0,0,1,0,1,0,0,0,1,0,0,1,0,1,0,0,1,1,1,1,1,1,0,0,0,0,0,1,0,1,0,1,0,0,1,0,0,1,1,0,1,0,1,0,1,1,1,1,0,1,0
0,0,1,1,0,1,1,0,0,1,0,0,0,1,0,1,1,1,0,0,0,1,1,1,1,0,1,0,1,1,0,0,0,0,1,1,0,1,1,1,1,1,0,1,1,1,1,1,0,0,0,0,1,1,0,1,0,1,0,0,0,1,0,1,1,1,0,1,0,0,0,0,1,1,0
1,0,0,1,1,1,0,1,0,0,1,1,0,0,1,0,1,1,1,0,0,1,0,1,1,1,0,1,0,1,0,1,0,0,0,1,0,1,0,1,1,1,0,1,1,0,1,0,1,1,0,1,1,1,0,0,1,1,0,1,0,0,0,1,1,0,0,1,0,1,1,1,0,1,1
1,1,1,0,1,1,1,1,0,1,1,1,0,1,0,0,1,0,1,0,0,1,0,1,1,0,1,0,1,1,0,1,1,0,0,1,0,0,0,1,1,1,0,1,1,1,0,0,0,1,1,1,1,1,0,1,0,1,1,1,0,0,1,0,1,1,0,0,0,1,0,1,0,1,0
1,0,0,1,0,0,0,1,0,1,1,1,1,0,1,0,1,1,1,0,0,1,0,1,1,1,1,1,1,0,1,1,1,0,1,0,1,0,0,0,1,1,0,1,1,0,1,0,1,0,1,1,1,1,0,1,0,1,1,0,1,0,1,0,0,0,0,1,1,1,0,1,0,0,0
1,1,1,1,1,1,0,1,0,0,0,1,0,0,0,1,1,0,0,0,0,1,1,1,0,0,1,1,0,1,0,1,0,0,1,0,1,1,0,1,1,0,1,1,1,1,0,0,0,1,1,0,1,0,1,0,0,1,0,1,0,0,0,1,0,0,0,1,1,1,1,1,0,1,0
1,0,0,0,0,1,0,1,0,0,0,1,0,0,1,1,1,0,0,0,0,1,0,1,0,1,1,0,0,0,1,1,0,0,0,1,1,1,0,1,1,0,1,1,0,1,0,0,1,1,0,1,1,1,0,1,0,1,1,0,0,0,1,1,0,1,0,0,1,1,1,0,0,1,0
1,0,1,1,1,1,0,1,0,1,1,1,0,0,0,0,1,1,0,0,1,1,1,1,0,0,0,1,1,0,1,1,1,0,0,0,1,0,1,0,1,1,1,1,1,0,1,0,1,0,0,0,1,0,0,0,0,0,0,1,1,0,0,0,0,1,1,1,0,1,1,0,0,1,1
1,0,1,1,0,0,0,1,0,0,1,1,0,0,0,0,0,1,1,0,0,1,0,1,0,0,1,1,1,1,0,1,1,1,1,0,0,0,0,1,1,0,1,1,1,1,1,0,0,1,1,0,0,0,0,0,0,1,1,1,0,0,0,0,0,0,1,0,1,1,1,0,0,1,0
1,1,1,1,0,0,0,1,0,1,0,1,1,0,0,0,1,1,0,1,1,1,1,1,0,1,1,1,1,1,1,0,1,0,0,1,1,0,1,0,0,1,0,1,1,1,1,0,0,0,0,1,1,1,0,1,0,0,1,0,0,1,1,0,1,0,1,0,0,1,0,0,0,1,0
1,0,1,1,1,0,0,1,0,0,0,0,0,0,0,1,1,0,1,0,0,0,0,1,0,0,0,0,1,1,0,1,0,0,1,0,0,1,0,1,1,0,0,0,1,1,0,0,0,1,1,1,1,1,0,1,0,0,1,1,1,1,1,1,1,0,1,1,1,1,0,1,0,1,1
0,0,0,1,0,0,0,1,1,1,1,1,0,1,1,1,0,0,0,0,0,1,0,1,1,1,1,0,0,0,1,1,0,0,1,1,0,1,0,1,1,0,0,1,0,1,0,0,0,1,1,1,1,1,0,0,0,0,1,0,0,1,1,1,0,0,0,1,1,0,0,0,1,1,0
1,0,0,1,1,1,0,1,0,1,0,1,1,0,1,0,1,0,1,0,1,1,0,0,0,0,1,0,1,1,1,1,1,0,0,0,0,1,1,0,1,0,0,1,0,0,1,0,0,1,1,1,1,1,0,0,0,0,0,1,1,0,1,1,1,0,0,0,0,1,0,1,0,1,0
1,0,0,0,1,1,0,1,0,1,1,0,0,0,0,1,1,0,1,0,1,1,0,1,0,0,0,0,1,1,0,0,1,0,0,0,0,1,0,1,1,0,1,1,0,0,1,1,0,0,1,1,1,1,0,0,1,0,1,1,1,1,1,0,0,0,1,0,1,1,1,1,1,1,0
1,0,1,1,1,0,0,0,0,0,0,1,1,0,1,0,1,0,0,0,0,1,0,1,0,1,1,0,1,0,1,1,1,0,0,0,0,0,1,0,1,1,1,1,0,1,1,0,1,0,1,1,1,0,0,1,0,0,1,1,0,0,1,0,0,1,0,0,0,1,1,0,0,1,0
0,1,1,1,0,0,0,0,1,0,0,1,0,0,0,0,1,1,0,0,0,0,1,1,0,0,1,1,0,0,0,1,1,0,1,1,0,0,0,1,1,1,0,1,1,1,0,0,0,1,0,0,1,0,0,1,0,1,0,0,1,0,0,0,0,1,0,0,0,0,0,0,1,0,0
1,1,1,1,0,0,0,0,0,0,0,1,0,0,1,1,0,1,0,0,1,1,1,1,0,0,1,1,1,0,1,1,0,0,0,1,1,0,0,1,0,0,1,1,1,1,1,0,0,1,1,0,1,1,1,0,0,0,0,0,0,0,0,0,1,1,0,1,0,1,1,0,1,1,0
0,0,1,1,0,0,0,1,1,1,0,1,1,0,1,0,0,1,0,0,0,0,0,1,0,1,1,1,1,0,0,1,0,1,1,0,0,0,0,1,1,1,1,1,0,1,0,0,1,0,1,1,1,1,1,1,0,1,1,1,1,0,1,0,0,0,1,1,0,1,1,0,0,0,1
0,0,1,0,1,1,0,1,0,1,0,0,0,0,1,1,0,1,1,1,1,1,0,0,0,1,1,1,1,0,0,1,1,0,1,1,1,1,0,1,1,0,1,1,1,1,0,0,0,1,0,1,1,0,1,1,0,1,1,1,0,0,1,0,1,0,0,1,1,0,1,1,0,1,0
1,1,0,1,0,0,0,1,1,0,1,1,0,0,0,1,1,0,1,0,0,1,0,1,0,0,1,1,0,0,0,1,1,1,1,1,1,1,0,1,1,0,0,1,1,0,1,0,1,1,1,0,1,1,0,1,1,1,1,0,0,1,1,1,1,0,1,1,1,1,0,1,0,0,1
1,0,1,0,0,1,0,1,0,1,0,1,0,0,0,0,0,1,0,1,1,1,0,1,0,1,1,0,1,0,1,1,1,0,0,1,1,1,0,1,1,1,1,1,1,1,1,0,1,1,1,1,1,1,0,1,0,0,1,1,0,1,1,0,1,0,1,1,1,1,1,0,0,1,0
1,0,1,1,0,1,0,1,0,1,1,0,1,1,0,1,1,1,0,1,0,1,0,0,0,0,1,1,1,1,1,1,1,0,0,0,1,1,1,0,1,1,1,1,1,0,1,0,1,0,1,1,1,1,0,1,0,1,0,1,0,0,0,0,1,0,1,1,1,1,1,1,0,1,0
1,0,1,1,0,0,0,1,0,1,0,1,0,0,0,0,1,0,0,0,1,1,0,0,0,1,1,1,1,0,0,0,1,0,0,1,0,0,0,1,1,1,0,1,0,1,0,0,1,1,0,0,1,1,0,1,1,1,1,0,0,0,1,0,0,0,1,1,0,1,1,0,0,1,0
1,0,1,0,1,1,0,1,0,1,1,1,0,0,1,1,0,1,1,0,1,0,0,0,1,0,1,0,0,1,0,1,0,1,1,1,0,0,1,1,1,0,0,1,1,1,0,0,1,1,0,1,1,0,1,1,0,1,1,1,0,0,1,0,1,0,1,0,0,1,0,1,0,1,0
0,0,1,1,1,0,1,1,1,1,0,0,1,0,1,0,1,1,1,0,1,1,0,1,0,0,0,0,1,1,0,1,0,1,1,1,0,1,0,0,0,1,0,1,1,1,1,0,1,1,1,1,1,0,0,1,0,1,0,0,1,1,1,0,1,1,0,1,0,1,0,1,0,1,1
1,0,1,0,1,0,1,1,0,1,0,1,0,0,1,1,1,1,0,0,0,1,1,1,0,1,1,0,0,1,1,0,0,0,0,1,0,1,0,1,0,0,0,1,0,0,1,0,1,0,0,0,1,0,1,1,0,1,1,1,1,1,1,0,1,0,1,0,1,1,1,1,0,1,0
0,1,1,0,1,1,0,1,0,1,0,0,1,1,0,1,1,1,1,0,1,1,1,1,1,0,0,1,1,1,1,0,1,1,0,0,1,1,1,0,1,1,0,1,1,0,0,0,0,0,1,0,1,1,0,1,0,0,1,0,0,1,1,0,0,0,1,1,1,0,0,1,1,1,0
1,0,1,1,0,0,0,0,1,0,0,0,1,0,0,1,1,0,1,0,0,1,0,1,0,0,1,0,0,1,1,0,0,0,1,1,1,0,0,1,1,0,1,1,0,1,0,0,0,0,1,1,1,1,0,1,1,0,0,1,0,1,1,0,0,1,0,1,1,1,1,1,1,1,1
0,0,0,1,1,0,0,1,0,1,1,1,1,0,0,0,1,1,0,0,1,1,0,1,0,0,0,0,0,0,1,1,1,0,1,0,0,0,1,0,1,1,0,1,0,1,1,0,0,0,0,1,0,1,0,1,0,1,1,1,0,1,1,1,1,0,0,0,1,1,1,0,0,0,0
1,0,0,0,1,0,0,1,0,1,0,0,0,0,0,1,1,1,1,0,1,1,0,1,0,0,1,0,1,1,1,1,1,0,0,1,1,0,0,1,1,0,1,1,0,1,1,0,1,1,0,1,1,0,1,1,0,0,1,0,0,0,0,0,1,0,1,0,1,1,1,0,1,1,0
1,0,0,0,0,0,1,1,0,0,1,1,0,0,0,1,1,0,1,0,1,1,0,1,1,0,1,0,1,1,0,1,0,0,0,0,0,0,1,0,1,1,0,1,0,1,0,0,0,1,1,1,1,0,1,0,0,0,1,1,1,0,1,0,0,0,1,1,0,1,0,1,1,1,0
1,1,1,1,0,0,0,1,0,1,0,0,0,1,1,1,0,0,0,0,1,1,1,1,1,0,1,1,1,1,0,1,0,0,1,0,1,0,1,0,1,0,1,1,1,0,0,0,0,1,1,1,1,0,0,1,0,1,1,0,0,0,1,0,1,0,0,0,1,1,1,0,1,1,0
1,0,1,1,0,1,0,1,0,0,1,1,1,0,1,1,1,1,0,0,0,1,0,1,1,1,1,0,1,1,1,0,1,0,1,0,1,1,1,0,1,1,0,1,1,1,1,0,0,0,0,1,1,1,0,1,0,0,0,1,1,1,0,0,1,1,0,1,1,1,0,0,0,0,0
1,0,0,0,1,0,0,1,0,0,0,1,0,0,0,0,1,0,0,0,1,1,1,1,1,1,0,0,1,0,1,1,1,0,1,0,1,0,1,0,1,1,1,1,0,1,0,0,0,1,1,0,1,0,0,0,0,1,1,1,0,0,1,0,0,0,1,1,0,1,0,1,1,1,1
1,1,0,0,1,0,0,1,0,1,1,1,0,0,0,1,0,1,1,1,0,0,0,1,0,0,1,0,0,0,0,1,1,0,0,0,0,0,1,0,1,0,1,1,1,0,1,1,0,1,0,1,1,0,1,1,1,1,1,0,0,1,0,0,1,0,0,0,1,1,1,0,0,1,1
1,1,1,1,0,1,0,1,0,0,0,1,1,0,1,0,1,1,0,0,1,1,0,1,1,1,1,0,1,1,1,1,1,0,0,1,0,1,1,0,0,1,0,1,0,1,0,0,0,0,1,1,1,0,0,1,1,0,1,0,0,0,0,0,1,0,0,0,0,1,0,1,1,1,0
1,0,0,0,1,0,0,1,1,1,0,1,0,0,1,1,1,0,0,0,1,1,0,1,1,0,1,0,1,0,0,0,1,1,1,0,0,0,1,0,1,0,1,1,1,1,0,0,0,0,1,1,1,0,1,0,0,1,1,1,0,1,0,0,0,0,1,1,0,1,1,0,0,1,0
1,0,0,1,1,0,0,1,0,0,0,1,0,0,0,1,1,1,1,0,1,1,0,0,0,0,0,1,1,0,1,1,0,1,1,0,0,0,1,0,1,0,0,1,0,1,0,1,0,1,1,1,1,1,0,1,0,1,1,0,0,0,1,0,1,0,0,0,1,1,0,0,0,0,1
1,0,1,0,1,1,0,0,0,0,1,1,0,1,1,0,0,0,1,0,1,1,1,1,1,0,1,1,0,0,1,1,0,0,0,1,0,0,0,1,1,1,0,1,0,0,0,1,0,1,1,1,1,1,0,1,1,0,1,1,0,0,1,0,1,1,1,1,1,1,0,1,1,1,0
0,0,0,1,1,0,0,1,1,0,0,1,0,0,0,1,0,1,1,0,1,1,0,1,0,0,0,1,0,1,0,1,0,0,0,1,1,1,0,1,1,0,1,1,1,0,1,0,0,1,1,1,1,1,0,1,0,0,0,0,0,0,0,1,1,0,0,0,0,0,1,0,1,1,1
0,1,1,0,1,1,0,1,0,0,0,1,0,0,1,0,1,1,1,0,1,1,0,1,0,1,1,0,0,1,0,1,0,0,0,0,0,0,1,0,1,0,0,1,1,1,1,0,1,1,0,1,1,0,0,1,0,0,1,0,1,1,1,0,1,0,0,1,1,1,0,1,0,1,0
1,0,1,1,0,0,1,0,0,1,0,1,0,0,0,0,0,0,1,0,1,1,1,1,0,1,0,0,0,1,1,0,0,0,1,1,1,1,0,1,1,0,0,1,0,1,0,1,0,1,1,1,1,1,1,1,1,1,0,0,0,0,0,0,1,0,0,0,0,1,0,1,0,0,0
1,0,1,0,0,1,0,0,0,1,0,1,1,0,1,1,1,0,0,0,1,1,0,1,0,0,1,1,0,1,0,0,0,0,1,1,1,0,0,1,1,1,1,1,1,1,1,0,1,0,1,0,0,1,0,1,0,0,0,1,0,0,0,1,1,1,1,1,0,1,1,0,1,0,0
1,0,1,1,0,1,1,0,0,0,0,0,0,0,0,1,1,0,0,0,1,1,1,1,1,1,0,1,1,0,0,0,1,0,1,1,0,1,1,1,1,0,0,1,1,1,0,0,0,1,1,1,0,1,0,1,0,1,0,1,0,0,0,1,0,1,0,1,1,1,0,1,0,0,0
0,1,1,1,0,0,0,1,0,0,0,1,0,0,0,0,1,1,0,0,1,1,0,1,0,0,1,0,1,1,0,1,1,1,1,0,1,0,1,0,1,1,0,1,1,1,0,0,0,1,0,0,1,1,0,1,0,0,1,1,1,1,0,1,1,0,0,1,1,1,0,0,1,0,0
1,0,1,0,1,0,1,1,0,0,0,0,1,0,1,1,1,0,1,0,1,1,1,1,0,1,1,0,0,0,0,0,0,0,1,0,0,1,1,0,1,1,0,1,1,0,0,1,1,0,1,0,1,0,1,1,1,1,1,0,0,1,0,1,1,0,1,0,1,1,0,0,0,1,1
0,1,0,1,0,0,0,0,0,1,0,1,0,0,1,0,1,0,1,1,0,1,0,0,1,1,1,1,0,0,0,1,0,0,1,1,1,0,0,1,1,0,1,1,1,0,1,0,0,1,1,1,1,0,0,1,0,0,0,0,1,1,1,0,1,1,1,1,0,1,0,0,1,0,0
0,1,1,0,0,0,0,1,1,0,0,0,0,0,0,1,1,1,0,0,0,1,0,0,0,0,0,1,1,0,1,0,1,1,1,0,1,1,0,0,0,1,0,1,1,1,0,1,1,1,1,1,1,1,1,1,1,1,0,0,1,1,1,0,0,0,0,1,0,1,0,0,0,0,0
1,0,1,1,1,0,1,1,0,1,0,1,0,0,0,1,1,1,1,0,0,1,1,1,1,0,1,0,1,1,1,0,1,0,1,1,0,0,0,1,1,1,0,1,0,1,0,0,1,1,1,1,1,1,1,1,0,0,1,0,1,0,0,0,0,0,0,1,0,0,0,0,0,1,1
1,0,0,1,0,1,0,1,1,0,1,1,0,0,1,1,1,1,1,0,0,1,0,1,0,1,1,0,0,1,1,1,0,0,1,0,1,1,0,1,0,0,0,1,1,1,1,0,1,1,1,0,1,0,0,1,0,1,1,1,0,1,1,0,0,0,1,0,1,1,1,1,0,0,1
1,1,0,1,1,0,0,1,0,0,1,0,1,0,0,0,0,0,0,0,0,1,0,1,0,0,0,0,0,0,1,0,1,0,1,0,0,0,1,0,1,1,1,1,1,0,1,1,0,0,1,1,1,0,0,1,1,1,0,1,0,0,0,0,1,0,0,1,0,1,1,1,0,1,1
1,1,1,1,0,0,0,1,1,0,1,1,0,0,0,0,1,1,1,0,1,0,1,1,0,1,1,1,0,0,1,0,0,0,1,1,0,1,1,1,1,1,1,1,1,0,0,0,0,1,0,0,1,1,0,1,1,1,0,1,0,1,0,0,1,0,1,1,0,1,0,0,0,1,0
1,0,0,0,1,0,0,1,0,0,0,0,0,0,0,1,1,0,0,0,0,1,0,1,0,1,0,0,1,1,0,0,1,0,0,0,0,1,0,1,1,0,1,1,1,1,0,0,1,1,1,1,1,0,1,1,0,1,1,1,0,0,1,0,1,0,1,1,1,0,1,1,0,1,0
1,0,0,0,1,1,0,1,0,1,1,1,1,1,0,0,0,1,1,0,0,1,0,1,1,0,0,0,1,0,1,0,1,0,1,0,1,1,0,0,1,1,0,1,0,0,1,0,1,0,1,1,1,0,1,1,1,0,1,1,0,1,0,0,1,1,1,1,0,1,1,1,0,0,0
1,1,0,0,1,1,1,1,0,0,0,0,0,0,1,0,0,0,0,0,0,1,0,1,0,1,1,0,0,0,1,1,1,0,1,0,0,1,1,0,1,0,1,1,0,1,0,0,1,1,1,1,1,1,0,1,0,0,0,0,1,1,1,0,1,0,1,1,1,1,1,0,0,1,0
1,1,1,0,0,1,0,1,1,0,0,0,0,1,0,0,1,1,1,0,0,1,0,1,1,1,1,0,1,0,0,1,1,0,0,1,1,0,0,1,0,0,1,1,1,0,1,1,1,1,1,0,1,1,0,0,1,1,0,0,0,1,1,0,1,0,0,1,1,0,1,0,0,0,0
1,0,1,1,0,0,0,1,0,0,0,0,0,1,0,0,1,0,0,0,1,1,0,1,0,1,1,1,1,0,1,1,0,1,1,0,1,0,1,0,1,1,1,1,0,1,0,0,0,1,1,1,1,1,0,1,0,0,1,1,0,0,1,1,0,0,0,0,1,1,1,1,1,1,0
1,0,1,1,0,0,0,0,0,0,0,0,1,1,1,0,1,1,1,0,1,1,1,1,0,0,1,1,1,0,1,0,0,0,0,1,1,1,0,1,1,1,1,1,0,0,0,0,0,1,1,0,1,0,0,0,0,0,0,0,0,0,1,1,1,1,1,1,0,1,1,0,1,1,0
1,0,1,1,1,1,0,1,0,1,1,1,1,0,0,1,0,1,1,1,0,1,0,0,0,1,1,1,1,1,0,0,1,1,1,0,0,0,0,0,0,0,1,1,0,0,1,0,0,1,1,1,1,1,0,1,0,0,0,0,0,0,1,0,1,0,1,0,1,1,1,0,1,1,0
1,1,0,1,0,0,0,1,0,0,1,1,0,1,0,1,1,1,0,0,0,1,0,1,0,0,1,1,1,1,0,0,1,1,1,0,0,0,1,0,1,1,0,1,1,1,1,0,0,1,1,1,1,0,1,1,0,1,1,1,1,1,1,0,1,0,0,0,0,1,0,0,1,1,0
1,0,1,0,0,1,0,1,1,0,1,0,0,0,1,1,1,0,1,0,1,1,1,1,1,1,1,0,0,1,1,1,0,1,0,1,1,0,0,1,1,1,1,1,0,1,1,0,0,1,1,0,1,1,0,1,0,1,1,0,1,1,1,0,1,0,1,1,1,1,1,1,1,1,0
1,1,1,1,0,0,1,1,1,0,0,1,0,0,1,1,0,0,1,1,0,0,0,1,1,0,1,1,0,1,0,0,1,1,0,1,1,1,0,1,1,0,0,1,1,0,0,0,1,1,1,1,1,1,0,0,0,1,1,0,0,1,1,0,0,1,0,0,0,1,0,0,0,1,0
1,1,0,1,1,0,0,1,0,1,0,0,0,0,0,0,1,1,0,0,1,1,0,1,0,0,0,1,1,0,0,1,1,0,0,0,1,0,1,0,1,1,0,1,1,1,1,0,0,0,0,1,1,0,0,1,0,1,0,0,0,1,0,1,1,0,0,0,0,1,1,0,0,0,0
0,0,1,0,0,0,0,1,1,1,1,1,0,0,1,1,0,0,0,1,0,1,1,1,0,1,1,0,1,0,1,1,0,0,1,0,0,1,0,1,1,0,0,1,1,0,0,1,0,1,1,0,1,1,0,1,1,0,1,0,0,1,0,0,1,0,0,1,0,0,0,1,1,0,0
0,0,0,0,0,1,0,0,0,0,0,1,0,0,1,0,1,1,1,1,1,1,0,1,1,1,1,1,0,1,0,0,0,1,1,0,1,0,1,0,1,0,0,1,1,1,1,0,0,0,1,1,1,0,0,1,0,1,1,1,1,1,1,0,1,1,0,0,1,1,1,1,1,1,0
1,0,1,1,0,1,0,0,1,0,0,0,1,0,1,1,1,1,1,1,1,1,0,0,1,1,1,1,1,0,1,0,1,0,1,1,1,1,1,0,0,1,0,1,0,0,1,1,1,0,1,0,1,1,0,1,0,1,1,1,0,1,0,1,1,1,0,1,0,1,0,1,0,0,0
1,1,1,1,0,1,0,1,0,0,0,1,1,0,1,0,1,0,0,0,1,1,0,1,1,0,0,1,0,0,0,1,0,1,1,1,1,1,1,0,1,1,0,1,1,0,0,0,1,0,1,1,1,1,0,1,0,0,1,0,1,0,1,0,1,0,1,1,1,1,1,0,0,0,1
0,0,1,1,1,0,0,0,0,0,0,1,0,1,0,0,1,1,0,1,0,1,0,1,0,1,1,1,1,0,0,0,1,0,1,1,1,0,1,1,1,1,0,1,0,0,0,1,0,1,1,1,1,0,0,1,1,1,0,0,1,0,0,0,0,1,0,0,0,1,0,0,0,1,1
1,0,0,1,0,1,0,0,0,1,0,1,0,0,0,1,1,1,1,0,1,1,0,1,0,0,0,0,1,0,1,1,1,0,1,0,0,1,1,0,1,0,0,1,1,0,1,1,0,1,1,1,1,1,0,1,1,0,1,1,0,0,0,0,1,1,1,1,1,1,1,0,1,0,0
1,0,0,0,1,1,0,0,0,0,0,0,0,0,0,0,1,0,0,0,1,1,1,1,1,1,1,0,1,1,1,1,1,0,0,1,0,1,1,0,0,1,1,1,0,1,0,1,0,1,1,0,1,1,0,1,1,1,1,1,0,0,1,0,1,1,0,0,1,0,1,0,1,1,1
1,0,1,0,1,0,1,1,1,1,0,1,1,0,0,1,1,1,0,0,0,0,1,1,0,0,0,1,0,0,0,0,1,0,0,1,1,0,1,0,1,1,1,1,1,1,1,1,1,0,1,0,1,0,1,0,1,1,1,1,0,1,1,0,0,1,1,0,1,1,1,0,0,1,0
1,0,0,1,1,0,0,1,1,1,1,0,0,0,0,1,1,0,0,0,1,1,1,1,1,1,1,0,0,0,1,0,0,0,1,0,0,1,1,0,1,0,0,1,1,1,1,0,1,1,1,0,0,1,0,0,0,0,0,0,0,1,1,0,1,1,1,0,1,1,0,1,1,0,0
1,1,0,1,1,0,0,1,0,1,0,1,1,0,1,1,1,1,0,1,0,1,0,1,0,0,1,1,0,1,0,1,0,0,1,0,1,0,0,0,0,1,0,1,1,0,1,1,0,0,1,0,1,0,1,0,1,1,1,0,1,0,1,0,1,0,1,0,0,1,1,0,1,1,1
1,0,0,0,1,1,1,1,0,0,0,1,0,0,1,0,1,1,0,1,0,1,1,1,0,0,0,0,1,0,1,0,0,0,1,1,1,0,1,1,1,0,0,1,0,1,1,1,1,1,1,0,1,1,1,0,0,1,1,1,0,1,0,1,0,0,0,0,1,1,0,0,0,1,1
1,0,1,1,0,1,1,0,0,0,0,0,1,1,0,1,1,1,0,0,0,1,0,0,0,0,1,1,1,0,1,1,1,1,1,0,0,1,1,0,1,0,0,1,0,1,0,1,0,1,1,1,1,0,1,1,0,0,1,0,0,0,1,0,1,1,0,0,1,1,1,0,1,0,0
1,1,1,1,1,1,1,1,0,0,1,1,0,0,1,1,0,0,0,1,0,1,0,1,0,0,1,1,0,0,0,1,0,1,1,0,0,1,1,0,1,1,0,1,1,1,1,0,1,1,0,1,1,0,0,1,1,1,0,0,0,0,1,0,1,0,0,0,0,1,0,0,0,1,0
1,1,0,1,0,1,0,0,0,0,0,1,0,0,0,0,0,0,0,0,1,1,0,0,1,1,0,1,1,1,1,0,1,0,0,1,0,1,1,0,1,1,0,1,1,0,0,1,1,1,1,1,1,1,0,1,1,1,1,1,1,1,1,1,0,1,1,0,0,1,0,1,0,1,0
1,0,0,0,1,0,0,0,1,1,0,0,0,0,1,0,1,1,0,0,1,1,0,1,1,1,0,1,0,1,1,0,0,0,0,1,0,0,1,1,0,1,0,1,1,1,1,0,0,0,1,1,1,0,0,1,0,0,1,0,0,1,1,0,1,1,0,0,1,1,0,0,0,1,0
1,0,1,1,1,1,0,1,1,1,1,1,0,0,1,0,1,1,0,1,0,1,0,1,0,0,0,1,1,1,1,1,0,0,0,0,1,0,1,0,1,0,0,1,1,1,1,0,0,0,1,1,0,1,0,0,1,1,0,0,1,0,1,1,0,0,1,1,1,1,1,1,0,0,1
1,0,1,1,1,0,0,1,0,0,1,0,0,0,1,1,1,1,0,0,0,1,0,0,1,1,1,0,1,0,1,1,0,0,1,1,0,1,1,0,1,1,0,1,1,0,0,1,1,1,1,1,1,0,0,1,0,1,0,0,1,1,1,0,1,1,0,1,0,1,0,1,0,1,0
1,1,1,0,0,0,0,1,0,0,0,0,1,0,0,1,1,1,1,0,0,1,0,1,0,0,1,0,1,1,0,1,1,0,0,0,0,0,0,0,1,0,0,1,1,1,0,0,1,0,1,1,1,0,0,1,0,1,1,1,0,1,1,0,1,0,0,1,1,1,0,1,0,1,0
0,0,0,0,1,1,0,1,1,0,0,0,0,1,1,0,1,1,0,0,1,0,1,1,0,1,1,1,1,0,1,1,1,0,1,0,0,0,1,0,1,1,1,1,0,1,0,0,1,0,1,1,1,1,0,0,1,1,1,1,0,1,1,0,1,0,0,1,0,1,1,1,0,1,0
1,0,0,0,1,1,0,1,1,0,1,0,0,0,1,0,1,0,0,0,1,1,0,1,0,0,1,1,0,1,1,0,0,0,0,0,1,1,1,0,1,0,0,0,1,0,0,1,1,1,1,1,1,1,0,1,1,1,1,1,0,1,1,0,1,0,0,1,1,1,0,0,0,1,0
1,0,1,1,1,0,0,1,0,1,1,0,0,0,0,1,1,0,0,0,0,1,0,1,0,0,1,0,1,1,1,0,1,0,1,1,1,1,0,1,0,0,0,1,1,1,0,0,1,0,1,1,1,1,0,1,0,1,1,1,0,1,1,0,1,0,0,0,0,1,0,1,0,0,0
1,0,1,0,1,1,0,0,0,0,0,1,1,0,0,0,1,1,1,0,1,1,1,1,1,0,1,0,1,0,0,1,1,0,1,0,0,0,1,0,1,1,0,1,0,1,1,0,1,0,1,0,1,0,0,1,1,0,0,0,0,1,1,0,1,1,0,0,0,1,1,0,0,0,0
1,0,0,1,0,1,0,1,0,1,1,1,1,0,1,1,0,0,1,0,1,1,0,0,0,0,1,0,1,1,0,1,0,0,0,0,0,0,1,0,1,0,1,1,1,0,0,0,0,1,1,1,1,0,1,1,0,1,1,1,0,0,1,1,1,0,0,0,1,1,1,1,0,1,1
1,0,1,1,0,1,1,1,0,1,1,0,1,0,1,1,0,1,1,1,0,1,0,1,0,1,1,0,0,0,0,0,0,0,1,0,0,0,1,0,1,0,1,1,1,1,1,1,0,0,1,1,1,0,1,1,1,1,0,0,0,1,0,0,1,1,0,0,1,1,1,0,1,1,0
1,1,0,0,0,1,0,1,0,0,0,1,0,0,1,1,1,1,0,1,1,0,0,1,1,1,0,1,1,0,0,1,0,1,0,1,0,0,1,0,1,1,1,1,1,1,1,1,0,1,1,1,1,0,1,0,0,1,1,1,1,1,1,0,1,0,0,0,1,1,1,1,0,1,0
1,0,1,1,0,1,0,1,0,0,0,0,0,0,0,1,1,1,0,1,0,1,1,1,0,1,0,1,1,1,0,1,1,1,0,0,1,1,1,0,1,0,0,1,1,1,0,0,1,1,1,0,1,0,1,0,1,1,0,0,0,0,0,0,1,0,0,1,0,1,0,0,0,1,0
1,0,1,1,0,1,0,0,0,1,0,1,0,0,0,1,0,0,0,0,1,0,0,1,1,1,1,0,1,1,1,0,1,0,1,0,0,0,1,0,1,0,0,1,0,0,1,0,0,1,1,1,1,0,1,1,0,1,0,1,1,1,1,0,1,0,1,1,1,1,0,1,1,1,1
1,0,0,1,1,1,1,1,0,0,0,0,0,0,0,1,1,1,0,1,0,1,0,0,0,0,0,1,0,1,1,1,1,0,1,0,1,1,1,0,1,0,0,1,0,1,1,0,0,1,1,1,0,0,1,0,0,1,0,0,0,0,1,0,1,0,1,0,1,1,0,0,0,1,1
1,1,1,0,1,0,0,0,0,1,0,1,1,0,0,0,1,1,1,0,0,1,0,1,0,0,1,0,1,0,1,1,1,0,1,1,0,0,0,1,0,0,0,1,0,1,1,0,0,1,1,1,0,0,0,0,1,0,0,1,0,0,0,1,0,1,0,1,0,1,0,0,0,0,0
1,1,1,1,1,1,0,1,0,0,1,1,0,0,0,1,1,1,0,0,0,1,1,1,0,1,0,1,0,0,0,0,0,0,1,0,0,1,0,1,0,0,1,1,1,1,1,0,1,1,0,0,1,0,1,1,0,0,0,0,0,0,0,0,1,0,0,0,1,0,1,0,0,0,0
1,0,0,1,0,0,1,1,0,0,0,1,0,0,1,1,0,0,0,1,1,0,1,1,1,0,1,0,1,0,0,1,0,0,1,1,1,0,0,1,0,0,1,1,1,1,0,0,1,1,1,0,1,0,1,1,0,1,0,0,0,0,0,0,1,0,0,0,1,1,1,0,0,1,0
1,0,0,0,1,0,0,1,1,0,0,1,0,0,0,1,0,1,1,0,0,1,0,1,0,0,1,0,1,1,1,0,1,0,0,1,0,1,1,0,1,1,0,1,0,1,1,0,1,0,1,1,1,1,1,0,0,1,1,1,1,1,1,0,1,0,0,0,1,1,0,0,0,1,0
1,0,0,0,0,1,0,1,1,0,0,1,0,0,1,0,1,0,0,0,0,1,1,1,0,0,0,0,1,1,1,0,1,1,1,0,0,1,1,0,0,1,0,1,1,0,1,0,1,1,1,1,1,1,0,1,0,1,0,0,0,1,0,0,0,0,1,1,1,1,0,0,0,0,0
1,0,1,0,0,0,0,0,0,0,0,1,1,1,0,0,0,1,0,0,0,1,0,1,1,0,1,1,1,1,0,0,1,0,0,0,0,1,0,0,0,1,0,1,0,1,1,0,0,0,1,1,1,0,1,1,0,0,1,1,1,1,1,0,0,1,1,0,1,1,1,1,0,1,0
0,1,1,1,0,0,0,1,1,0,0,1,0,0,0,1,0,1,1,1,1,0,0,0,1,1,1,1,0,0,1,1,1,0,1,0,0,0,0,1,1,0,1,1,1,0,1,1,1,1,0,0,1,1,0,0,1,1,0,1,0,1,0,0,0,0,0,0,1,0,1,0,0,1,0
1,0,1,1,1,0,0,1,0,1,0,1,1,0,0,0,0,1,1,1,1,0,0,1,1,0,1,0,1,1,1,1,1,0,1,1,0,0,1,0,1,1,0,1,1,0,1,0,0,0,1,0,1,0,1,1,0,1,0,1,0,0,1,0,1,0,0,0,0,1,0,1,1,1,1
0,0,0,1,0,1,0,1,0,0,1,1,1,1,0,1,1,1,1,1,1,1,0,0,0,1,1,1,0,1,0,0,0,0,0,0,1,0,1,0,1,0,0,1,1,1,1,1,1,1,0,1,1,1,0,0,1,0,0,0,1,0,0,0,1,0,0,0,1,1,0,1,1,1,0
1,0,1,0,1,0,0,0,0,1,0,0,0,0,1,0,1,1,0,0,1,1,0,1,1,1,0,1,0,0,0,1,0,0,0,1,1,0,0,1,0,1,1,1,0,1,1,0,1,0,1,0,1,0,1,1,0,1,1,1,0,1,1,0,0,1,0,1,0,1,1,0,0,1,0
0,1,1,1,1,1,0,1,1,0,1,1,0,0,1,0,0,0,1,1,0,1,1,1,0,0,1,0,1,1,1,0,0,0,0,0,1,0,1,0,1,0,0,1,1,0,0,0,0,1,1,0,1,1,0,1,0,1,1,0,1,0,1,0,1,0,0,1,1,0,0,1,1,0,0
1,0,1,1,0,0,1,0,0,0,0,0,1,0,0,0,0,0,1,0,0,1,0,1,0,1,1,0,0,1,1,1,0,0,1,0,0,0,0,0,1,1,1,1,0,1,0,0,0,1,0,1,1,0,0,1,0,1,1,1,1,1,1,0,1,0,0,1,0,1,1,1,0,1,0
1,0,0,0,1,1,0,0,0,0,0,0,0,0,1,1,1,1,0,1,0,1,1,0,1,1,0,1,0,1,1,1,0,0,1,1,0,1,0,1,0,0,1,0,1,1,1,1,1,1,1,0,1,0,1,0,1,0,0,1,0,0,0,0,1,1,0,0,1,1,1,1,1,0,0
0,0,0,0,1,0,0,1,0,1,1,1,0,0,1,0,1,1,0,0,1,1,1,1,0,0,1,1,1,1,0,1,0,0,0,1,1,1,0,1,1,1,1,1,0,1,1,0,0,1,1,1,1,0,1,0,0,1,1,1,1,1,1,0,1,0,1,1,0,1,1,1,0,1,0
1,0,1,1,0,1,0,1,0,1,1,0,1,0,0,1,1,1,1,1,1,1,0,1,0,0,0,0,1,0,0,1,1,0,1,0,0,0,0,1,0,0,0,1,0,0,0,0,1,0,1,1,1,1,0,1,0,1,0,0,0,1,1,1,0,1,0,1,1,1,0,0,0,0,0
1,0,1,1,0,0,0,1,0,0,1,0,1,0,0,0,1,1,1,0,1,1,0,0,0,1,0,0,1,1,0,0,1,0,1,0,1,0,1,0,0,1,0,1,0,1,1,1,0,0,1,1,1,0,0,1,1,1,0,0,0,0,1,1,1,0,0,1,0,1,0,0,0,1,0
0,0,0,1,0,0,1,1,1,1,0,1,0,0,0,1,0,1,0,1,0,0,1,1,0,1,1,1,1,0,0,1,1,0,1,1,1,0,0,1,1,0,0,0,1,0,0,0,0,1,1,0,1,0,1,1,0,0,1,0,1,1,1,0,1,0,1,1,1,1,0,0,0,0,1
1,0,1,1,0,0,0,1,0,1,0,1,0,1,1,0,1,1,0,0,1,1,1,1,0,1,1,0,1,1,1,0,1,0,1,1,0,0,0,1,1,0,0,1,0,1,1,1,0,0,1,0,1,1,0,1,1,0,0,0,1,1,1,0,1,0,0,1,1,0,0,0,0,1,1
0,0,0,1,1,0,0,1,1,1,0,1,1,0,0,1,1,0,1,0,0,1,0,1,1,1,1,0,1,0,1,1,1,0,0,1,0,0,1,1,1,0,0,1,0,0,1,0,0,0,1,0,1,1,0,0,0,1,0,0,0,1,0,1,0,0,1,1,1,0,0,1,1,0,1
0,0,0,0,1,0,0,1,0,0,0,1,0,0,0,1,0,0,0,0,0,1,0,1,0,0,0,0,0,1,1,1,0,0,1,1,0,1,0,1,0,1,0,1,0,1,1,0,0,1,1,1,1,0,1,0,0,1,1,1,0,0,0,0,1,0,0,0,1,0,1,1,0,1,0
1,0,1,0,1,0,0,1,0,1,0,1,0,0,0,1,1,1,0,0,0,1,1,1,0,1,1,0,0,1,1,0,1,0,0,0,0,1,0,1,1,0,0,1,0,1,1,1,0,1,1,0,1,0,1,1,1,0,0,0,0,0,0,1,1,0,0,0,1,1,0,1,0,1,1
1,0,1,0,0,0,0,1,0,1,1,0,0,0,1,1,1,1,1,0,1,1,0,0,0,1,0,1,0,0,1,0,0,0,0,1,0,1,0,1,1,1,0,1,0,1,1,1,0,1,1,1,1,1,0,1,1,0,1,1,0,1,1,0,1,0,1,1,0,1,1,0,1,1,0
1,1,1,0,1,1,0,1,0,0,0,0,1,1,0,0,1,1,1,0,1,0,0,1,0,0,1,0,1,1,1,1,1,0,0,0,1,0,0,0,0,1,1,1,1,1,0,0,0,0,0,1,1,1,0,1,0,0,1,1,0,0,1,0,0,1,0,0,1,1,0,1,0,1,1
1,1,1,0,1,0,0,1,0,0,0,1,0,0,1,0,1,0,1,1,1,1,1,1,0,0,0,1,0,1,1,0,1,0,0,1,1,1,1,1,1,1,0,1,1,0,0,0,1,1,1,0,1,0,1,1,1,0,1,0,1,0,1,1,0,0,0,1,1,1,0,0,0,1,0
1,1,1,1,1,0,0,1,1,0,1,0,0,1,0,1,1,1,0,0,1,1,0,1,1,0,1,1,0,0,1,0,1,0,1,1,0,0,0,1,1,0,1,1,0,0,1,1,0,0,1,1,1,0,0,1,1,0,0,0,0,1,1,1,1,1,0,1,1,1,1,0,0,1,1
1,1,1,1,1,1,1,1,0,0,1,1,0,0,0,1,1,0,0,0,0,1,0,1,0,1,1,1,0,1,0,0,0,0,1,0,0,1,1,0,1,0,0,1,0,1,0,1,0,1,1,0,1,1,0,1,1,1,0,0,1,0,1,0,1,0,0,0,1,1,0,1,0,0,0
1,0,0,0,0,0,0,1,0,1,0,0,0,0,0,0,0,1,0,0,1,1,0,1,1,0,1,1,1,0,1,1,0,0,1,1,1,0,1,1,1,1,0,1,1,1,0,0,1,1,0,1,1,0,0,0,0,1,1,0,0,1,1,0,0,0,0,0,1,1,1,0,0,1,1
1,0,1,1,0,1,1,1,0,1,1,1,0,0,1,0,0,1,0,0,0,1,1,1,1,0,1,1,1,0,1,1,0,1,1,1,1,0,0,1,1,1,0,1,1,1,1,0,1,1,1,1,1,0,0,0,0,1,0,1,1,1,1,1,0,0,1,0,0,1,0,0,0,0,0
1,0,0,1,1,0,0,1,0,0,1,1,1,0,0,1,1,0,0,0,0,1,0,1,0,0,0,1,0,0,0,1,1,0,1,0,1,1,1,0,1,0,0,1,1,1,0,1,1,0,1,1,1,1,0,1,1,0,1,0,1,1,1,0,0,0,1,1,1,1,0,1,0,1,1
1,1,1,0,1,1,0,0,0,1,0,0,0,0,0,0,1,0,1,0,1,1,0,1,0,0,1,0,0,0,0,1,1,0,1,0,0,1,0,0,1,1,1,1,1,0,0,0,1,1,1,0,1,0,0,0,0,1,1,1,0,0,1,0,1,0,1,0,1,1,1,1,0,1,0
0,1,0,1,0,0,0,1,1,0,1,1,0,0,0,1,1,1,1,0,1,0,0,1,0,0,1,1,0,0,0,1,1,0,1,1,1,0,0,1,1,0,1,1,1,0,0,0,0,0,0,0,1,0,0,0,0,1,1,1,0,1,1,0,0,0,1,1,0,0,1,0,1,1,0
1,0,0,1,0,1,0,1,0,0,1,1,0,0,0,0,1,0,0,1,0,1,0,0,1,0,0,0,1,1,1,1,1,0,1,0,1,0,1,0,1,1,0,1,0,1,0,1,0,0,1,1,1,0,1,1,1,1,0,1,1,0,1,0,0,1,1,1,0,1,1,1,0,0,0
0,1,1,0,0,0,0,1,0,0,1,1,0,1,0,0,1,1,0,0,1,1,0,0,1,1,1,0,0,0,1,1,0,0,0,0,1,0,1,0,1,1,0,1,1,1,1,1,1,1,1,0,1,0,0,1,0,1,1,1,0,0,1,0,1,0,0,1,0,0,0,0,0,1,0
0,0,0,1,0,1,0,0,1,1,0,1,1,0,0,0,1,0,0,1,0,1,1,1,1,0,1,0,0,1,1,0,0,0,1,0,0,0,0,0,1,0,0,1,0,1,0,0,0,0,1,0,1,0,0,0,0,1,1,1,1,1,1,0,1,1,0,1,1,1,0,1,0,0,0
1,0,0,1,1,1,1,1,0,0,0,1,0,1,1,0,1,0,0,0,1,1,0,1,1,1,1,1,1,0,1,1,1,0,1,1,0,0,0,1,1,0,0,1,1,0,1,0,1,1,1,1,1,0,0,1,0,0,1,1,0,0,1,1,1,0,0,1,1,0,0,1,0,0,1
0,0,1,1,1,1,0,0,0,0,0,1,0,0,0,1,1,0,1,0,0,1,1,1,1,0,0,0,0,0,0,1,1,0,0,1,1,1,0,1,1,0,0,1,0,0,0,0,0,1,0,0,1,1,0,1,0,1,1,1,0,1,1,0,1,1,0,0,0,1,1,1,0,1,0
1,1,1,1,1,0,1,1,0,0,0,1,1,1,0,1,0,0,0,0,1,0,1,1,0,1,1,0,1,0,1,1,0,0,1,0,0,1,0,0,1,0,0,1,0,1,0,0,1,0,0,0,1,1,1,1,1,0,1,0,1,0,0,0,0,0,0,1,0,1,0,1,0,1,0
1,0,1,1,1,0,0,1,0,0,0,1,0,0,0,1,0,0,0,0,0,1,0,1,0,1,1,1,1,0,1,0,1,0,0,0,1,0,0,0,1,1,0,1,0,1,0,1,1,1,1,0,1,0,0,1,1,1,0,0,1,1,0,0,0,0,0,1,1,1,0,1,0,1,0
1,0,0,0,0,0,0,1,1,0,1,1,0,0,0,1,1,0,1,0,1,1,1,1,0,0,1,1,0,1,1,0,1,0,1,0,1,1,1,0,0,0,0,1,0,1,0,0,0,1,1,0,1,1,0,0,0,1,1,1,1,1,1,0,0,1,0,1,1,1,1,1,0,0,0
1,1,0,0,0,0,0,0,0,0,0,0,0,0,1,1,1,0,0,0,0,1,0,1,1,1,0,1,0,1,1,1,0,0,1,0,1,1,1,0,1,0,1,1,1,1,0,0,0,1,1,1,1,1,0,0,0,1,0,1,0,0,1,0,0,1,0,0,1,1,1,1,0,0,0
1,1,1,0,0,0,0,1,1,1,0,0,0,0,1,1,1,1,0,0,1,1,1,1,1,0,1,0,1,1,0,1,1,0,1,0,1,1,0,1,1,0,1,1,1,1,1,0,0,0,1,0,1,0,1,1,0,0,1,0,0,1,1,1,1,0,0,1,1,1,1,0,0,1,0
1,1,1,1,1,1,0,1,1,1,0,0,1,0,1,0,0,1,1,0,0,1,1,1,0,0,0,0,1,0,0,0,0,0,0,0,1,1,0,0,1,0,0,1,0,1,0,0,0,0,1,0,1,1,0,1,0,0,1,0,1,1,0,0,1,0,1,0,1,1,0,0,0,1,0
0,1,1,1,1,0,0,1,0,0,0,1,0,1,1,1,1,0,0,0,0,1,0,1,0,0,1,1,1,0,0,1,0,0,0,1,1,1,1,1,1,0,0,1,1,0,0,0,1,0,1,1,1,1,0,0,0,1,1,0,0,1,1,0,1,0,1,0,1,1,1,0,0,0,1
1,1,1,1,1,0,0,0,0,0,0,1,1,0,0,1,1,0,0,1,0,1,0,0,0,1,1,0,0,1,0,1,0,0,1,0,1,1,1,0,1,1,1,1,1,1,1,0,0,0,1,1,1,1,0,1,1,1,0,1,0,1,1,1,0,1,1,1,0,1,1,1,1,1,0
1,1,0,1,1,1,0,1,1,0,0,1,0,0,1,1,1,0,0,0,0,1,0,0,0,1,1,0,1,1,0,1,1,0,0,1,1,0,0,1,0,1,1,1,1,1,0,1,1,0,1,0,1,0,1,0,1,1,1,1,1,1,1,0,1,0,1,1,1,1,1,0,0,0,0
0,0,0,1,0,0,0,0,1,0,0,1,1,0,0,1,1,1,0,0,0,1,0,0,1,0,1,0,1,1,0,1,1,1,1,0,0,1,1,0,1,0,1,1,0,1,0,1,1,1,1,1,1,1,0,0,1,1,0,0,1,1,1,0,1,1,0,0,0,1,1,0,0,1,0
1,1,1,1,0,0,0,0,0,1,0,1,0,0,0,1,0,1,1,0,0,0,0,1,1,0,0,1,0,0,1,1,1,0,1,1,1,1,0,1,0,1,0,1,1,1,1,0,1,1,1,1,1,1,1,0,0,0,1,1,1,1,1,0,1,0,1,0,1,1,0,0,0,1,0
1,0,1,1,0,1,1,1,0,1,1,1,0,0,0,1,1,1,0,0,1,1,0,1,0,1,1,1,0,1,1,1,0,0,0,1,1,0,1,1,1,0,0,1,0,1,1,0,0,1,1,1,1,0,1,0,0,0,0,0,1,1,1,0,1,0,1,0,1,1,0,0,1,1,0
1,1,1,0,0,0,0,1,0,1,1,1,1,1,0,0,1,1,0,0,0,0,0,0,0,0,1,0,0,0,0,0,0,0,1,0,0,0,1,0,1,1,0,1,1,0,1,0,0,1,1,0,1,0,1,0,0,0,0,0,1,1,1,0,1,1,0,0,1,1,0,0,1,0,0
1,1,1,1,1,1,1,1,0,0,1,1,0,0,0,1,1,1,0,0,0,1,1,1,0,0,1,0,0,0,0,1,1,1,1,0,1,0,0,0,0,0,0,1,1,1,0,0,0,1,1,0,1,0,0,1,0,0,1,1,0,1,0,0,1,0,1,1,1,1,1,0,0,1,1
1,0,0,1,0,1,0,1,0,0,0,0,1,0,0,1,1,1,1,0,1,1,0,1,0,0,1,1,1,1,1,1,1,0,1,0,1,0,1,0,0,0,0,1,0,1,0,1,1,1,1,1,1,0,1,1,1,1,0,0,0,0,1,0,1,0,0,0,0,1,0,1,0,1,0
1,0,0,1,1,1,0,1,0,0,1,1,0,0,0,1,1,1,1,1,1,1,0,1,0,0,0,1,0,1,1,1,0,0,1,0,1,1,0,0,1,0,1,1,1,1,0,1,1,1,1,0,1,0,1,1,1,1,0,1,0,1,1,0,0,1,0,1,0,1,1,0,0,0,0
0,0,1,0,0,0,0,1,0,0,0,0,0,0,0,1,1,1,0,0,1,1,0,1,0,0,0,0,1,1,0,1,1,0,1,1,0,1,0,1,1,0,1,1,1,0,1,0,1,1,0,0,0,1,0,1,1,0,1,0,0,0,1,0,0,0,0,0,0,0,1,0,1,1,0
1,0,0,1,1,0,0,1,1,0,0,1,0,0,0,0,1,0,0,0,1,1,0,1,0,0,1,1,0,0,0,1,1,0,1,1,1,0,0,1,1,0,0,1,1,0,1,1,0,1,1,1,1,0,0,0,1,0,0,1,0,1,1,0,1,0,1,1,1,1,1,1,1,1,0
1,1,1,1,0,1,1,1,1,0,1,1,1,0,0,1,0,1,1,1,1,0,0,0,0,1,0,0,0,1,1,0,0,1,1,0,1,1,1,0,1,0,1,1,1,1,1,1,0,1,1,1,1,1,1,1,1,0,1,1,0,1,1,0,0,0,0,0,0,1,1,1,0,0,0
1,0,1,1,1,1,0,1,1,1,1,1,0,0,1,1,1,0,1,0,1,1,0,0,0,0,1,1,0,1,1,0,1,1,1,0,1,1,1,0,1,1,1,1,0,1,0,0,1,1,1,1,1,0,1,0,0,0,1,1,1,1,1,0,1,0,0,0,0,1,1,1,0,0,1
1,0,1,1,0,0,0,1,0,0,0,1,1,0,0,0,1,0,0,0,0,1,0,1,0,0,1,0,0,0,1,1,1,0,1,0,0,1,1,0,1,1,0,1,1,1,0,0,1,0,0,1,1,1,0,1,0,1,0,0,1,0,1,0,1,0,0,0,1,0,0,1,0,1,0
1,1,1,1,0,0,0,1,0,1,0,1,0,0,1,0,1,1,1,0,0,1,0,1,0,0,1,1,1,0,0,1,0,0,1,1,1,0,0,1,1,0,1,1,1,1,0,1,1,0,1,1,1,1,0,1,1,0,1,0,0,0,1,0,1,0,0,0,0,1,0,0,0,1,0
1,0,1,1,0,0,0,0,0,0,0,1,1,0,0,1,1,0,1,0,1,1,1,1,1,0,1,0,1,0,1,0,1,0,1,0,0,1,1,0,1,1,1,1,0,1,0,0,1,0,1,0,1,1,0,0,0,1,0,1,1,1,0,0,0,1,0,0,1,0,1,0,0,1,1
1,1,0,0,0,1,0,1,0,1,0,1,1,0,0,0,0,1,1,0,1,1,0,1,0,1,1,1,1,0,0,0,1,0,0,0,1,1,1,0,1,1,0,1,0,0,0,0,0,0,0,1,1,1,0,1,0,1,1,1,0,0,1,1,1,0,0,0,0,1,1,1,1,1,0
0,1,1,0,1,0,0,1,1,1,0,1,0,0,1,1,1,1,0,0,1,1,1,1,0,0,1,0,0,1,0,0,0,0,0,0,1,0,1,0,1,1,0,1,1,1,0,0,0,1,1,1,1,0,1,1,0,1,1,1,0,0,0,0,0,0,0,1,1,0,0,1,0,1,1
0,0,0,0,1,1,0,1,1,1,0,0,0,1,0,1,1,1,1,0,0,1,0,1,1,1,1,0,1,0,1,1,1,0,1,0,0,1,0,1,0,0,0,1,0,1,1,0,0,1,0,1,1,1,0,1,0,1,0,0,0,0,1,0,1,0,0,0,1,0,1,0,0,0,0
0,0,0,1,1,0,0,1,0,1,1,0,0,0,0,0,1,1,1,0,1,1,0,1,1,1,1,0,1,1,1,0,1,0,0,1,1,0,1,0,1,1,0,1,0,0,1,0,1,1,1,1,1,1,0,1,0,1,1,0,0,0,1,0,1,1,0,0,0,1,0,0,0,0,1
1,0,0,0,1,0,0,1,1,1,0,0,0,0,0,1,1,1,0,0,0,0,0,0,0,0,0,0,1,1,0,1,1,0,0,0,1,0,0,1,1,0,0,1,1,0,0,0,0,1,0,1,1,1,0,0,1,1,1,1,0,1,1,0,1,0,1,1,1,1,1,0,0,1,1
1,0,1,0,0,0,1,1,0,0,0,1,1,0,0,0,0,1,1,1,1,1,0,1,1,1,1,0,0,0,0,1,0,0,1,0,0,0,1,0,1,1,1,1,1,1,1,0,0,0,1,0,1,0,1,1,1,0,1,0,0,0,0,0,0,0,1,1,0,1,1,0,1,1,0
1,0,0,1,0,1,0,1,1,0,0,1,0,0,0,0,1,1,0,1,1,1,0,0,0,1,0,0,1,1,1,1,1,0,1,0,0,0,1,0,1,1,0,1,1,0,0,1,1,1,1,1,1,1,0,1,1,1,1,1,0,0,1,0,1,0,0,0,0,1,0,0,0,1,0
1,0,1,1,1,1,0,0,0,0,0,1,1,0,1,1,1,1,1,1,0,1,1,1,0,1,0,0,1,1,1,1,1,0,1,0,1,0,1,0,1,1,0,1,1,1,1,0,1,0,0,0,1,0,1,0,0,0,0,1,1,1,0,1,0,1,0,1,0,0,1,0,0,1,0
1,0,0,0,0,1,0,1,0,1,1,1,0,0,0,0,1,0,1,0,1,1,1,1,0,0,0,0,1,0,0,1,0,0,0,0,1,1,0,1,0,0,1,1,1,0,1,1,1,1,1,1,1,1,0,1,0,1,1,1,1,1,1,1,1,0,0,1,1,1,1,1,0,1,0
1,1,0,0,1,1,0,1,1,1,0,0,1,0,0,0,0,1,0,0,0,1,0,0,1,1,1,0,1,1,1,1,1,0,1,1,1,1,0,0,1,1,0,1,0,1,1,0,1,0,1,1,1,0,0,1,0,0,0,0,0,1,1,1,0,1,1,1,1,1,0,0,0,1,1
1,1,1,1,1,0,1,1,1,1,1,0,0,0,1,0,1,0,0,0,0,1,1,1,1,0,1,1,1,1,0,0,0,0,1,1,0,1,0,1,1,0,0,1,0,1,0,1,1,1,1,1,1,0,0,1,1,1,0,0,0,1,1,0,0,0,0,0,0,1,0,1,0,1,0
1,1,1,0,0,1,0,1,1,0,1,1,0,1,1,1,1,0,0,0,0,1,0,0,0,0,1,0,1,0,1,0,1,0,1,0,1,0,0,1,0,0,0,1,1,1,0,1,0,1,1,1,1,0,1,0,1,0,1,0,0,0,1,0,0,0,1,1,1,1,0,0,1,0,0
1,0,1,1,0,0,0,1,0,0,1,1,0,0,0,1,0,1,0,0,1,1,0,1,1,0,1,0,1,0,0,1,1,0,1,1,1,1,0,1,0,0,0,1,0,1,1,0,0,1,0,1,1,1,0,0,1,0,0,0,0,1,1,0,1,0,1,1,0,1,0,0,0,0,0
1,0,0,0,1,1,0,0,1,1,0,1,0,0,1,1,1,0,0,0,0,1,0,0,0,0,1,0,0,0,1,0,0,1,0,0,1,0,0,1,1,0,0,1,0,0,0,1,1,1,1,1,1,0,1,0,1,0,1,0,1,1,1,0,0,1,1,0,0,1,0,1,0,1,0
1,0,1,0,0,0,1,1,0,0,0,0,0,0,1,1,1,1,0,0,0,1,1,1,0,0,0,1,1,1,0,0,0,0,0,1,0,1,0,1,1,1,0,1,1,1,1,1,1,1,1,1,1,1,0,1,1,1,1,0,0,0,1,0,1,0,0,0,1,1,0,1,0,1,0
1,0,0,0,1,0,0,1,1,1,0,0,0,0,0,1,1,0,0,0,1,0,0,1,1,0,0,0,0,1,0,1,1,0,0,0,0,0,0,1,1,0,0,1,1,0,1,0,0,0,0,1,1,0,0,0,1,0,1,1,0,1,1,0,0,0,1,0,1,1,0,0,0,1,0
1,0,0,1,0,0,0,1,1,1,0,1,1,0,0,1,1,0,0,0,0,0,0,0,1,0,1,1,0,1,1,0,1,0,1,0,0,0,1,0,1,1,0,1,0,1,0,1,1,0,1,1,0,0,0,0,0,1,1,1,1,1,0,0,0,0,1,0,0,1,1,0,1,1,0
1,1,0,1,0,1,0,1,0,1,1,1,0,0,0,1,1,0,1,1,1,1,0,0,0,1,1,1,1,0,1,1,1,0,0,0,0,1,1,0,1,0,0,1,0,0,0,1,0,1,1,1,1,0,0,1,1,0,0,0,0,0,0,0,1,0,0,0,1,1,0,0,1,1,0
1,0,1,0,1,0,0,1,0,1,1,0,0,0,0,1,1,1,1,0,0,1,0,1,0,1,0,1,0,0,0,1,0,0,0,0,0,0,1,0,1,0,1,1,1,0,0,0,0,1,0,0,1,0,1,0,0,1,1,1,0,1,1,0,0,1,0,0,1,1,1,0,0,1,1
1,0,0,1,0,1,1,1,1,0,0,1,0,0,1,1,1,0,0,0,1,0,1,1,1,1,1,0,1,1,0,0,1,0,1,1,0,1,0,1,1,0,0,1,1,0,1,0,1,0,1,0,1,1,0,0,1,0,0,1,0,1,0,0,1,1,0,0,0,1,0,0,0,1,0
1,0,0,1,1,1,1,1,0,1,1,0,1,0,0,1,0,1,0,0,1,0,1,1,0,0,0,0,1,1,1,1,1,0,1,1,1,0,0,1,0,1,1,1,0,1,1,1,0,0,1,0,1,0,1,0,1,1,1,1,0,0,0,0,0,1,0,0,1,1,1,1,0,1,0
1,0,0,1,1,0,0,1,1,0,0,0,0,0,0,1,0,0,0,1,0,1,1,1,0,0,1,0,1,0,1,0,1,0,0,1,0,0,0,1,0,1,1,1,1,0,1,1,0,0,1,0,0,1,0,0,1,0,0,1,0,1,0,0,0,1,1,1,0,1,1,0,0,1,1
1,0,1,0,1,1,0,1,0,1,0,1,0,0,0,1,0,1,0,0,1,1,0,1,1,1,0,0,1,1,0,1,1,0,0,0,1,1,0,1,0,0,0,1,1,0,0,1,1,1,1,1,1,0,1,1,1,1,1,0,0,0,1,0,0,1,1,1,0,1,0,0,0,1,1
1,1,0,0,0,1,0,1,0,1,0,1,1,0,0,0,1,0,1,1,0,1,0,0,1,1,1,1,1,0,0,1,1,0,1,1,1,0,0,1,1,0,1,1,1,0,0,0,1,0,1,1,1,1,0,0,0,0,1,1,0,1,1,0,1,0,0,0,1,1,1,1,0,1,0
1,1,1,1,1,0,0,1,0,1,0,1,1,0,1,0,1,1,1,0,0,0,0,0,0,1,1,1,1,0,0,1,1,0,0,0,0,0,1,0,1,0,0,1,1,0,0,1,0,0,1,1,1,0,0,1,0,0,0,0,1,1,0,0,1,0,0,1,0,1,0,0,1,1,1
1,0,1,0,1,1,0,1,0,1,1,0,0,0,0,0,1,0,0,0,1,0,0,1,1,0,1,0,1,1,1,1,1,0,1,1,0,1,0,1,1,1,0,1,0,1,0,0,1,1,1,0,1,1,0,1,0,1,0,1,0,0,0,0,0,1,0,0,1,1,0,1,0,0,0
1,0,1,0,1,1,0,1,1,0,0,0,0,0,0,0,0,1,0,0,1,1,0,1,0,1,0,1,0,0,1,0,1,0,1,1,1,1,1,1,1,1,0,1,1,0,0,0,0,1,1,1,1,1,1,1,0,1,1,0,0,1,1,0,0,0,0,1,0,1,0,0,1,1,0
1,0,1,1,0,0,0,1,1,0,1,1,0,0,1,1,1,0,1,0,1,0,1,1,0,1,1,0,0,1,1,1,0,0,1,0,1,0,1,0,1,0,0,1,0,0,0,1,0,1,1,0,1,0,1,0,1,1,0,1,0,1,1,0,1,0,0,0,1,1,1,1,0,1,0
1,0,1,1,1,0,0,1,0,0,0,0,0,0,0,1,1,0,0,0,0,1,0,1,0,1,1,0,1,1,1,1,1,0,1,0,1,0,1,0,1,1,1,1,1,1,0,1,0,0,1,0,1,1,0,1,1,0,1,0,0,0,1,0,1,0,0,0,0,1,1,0,0,0,0
1,1,1,1,1,0,0,1,0,1,0,0,0,0,1,1,1,1,1,1,1,0,0,0,0,0,0,0,1,1,0,1,0,0,1,1,1,0,0,1,1,0,0,1,1,1,1,0,1,1,1,1,1,1,0,1,0,1,0,1,1,0,1,0,0,1,0,1,0,1,0,0,0,1,1
1,0,1,1,1,1,0,1,0,1,1,1,0,0,1,1,1,0,1,0,1,0,0,0,0,0,1,0,0,1,0,1,1,1,0,0,0,1,1,0,1,1,1,1,0,0,0,0,0,1,1,1,1,0,1,1,0,0,1,1,0,0,1,0,1,0,0,0,0,1,0,1,0,1,1
1,0,1,1,1,0,0,1,0,0,0,0,1,0,0,0,1,1,0,0,1,0,1,1,1,1,1,0,1,0,1,1,1,0,1,0,0,0,1,0,1,1,1,1,0,1,0,0,0,0,0,1,1,0,0,0,1,1,1,1,0,1,0,0,0,0,0,1,0,1,1,1,0,1,0
1,1,1,0,1,0,1,1,0,1,1,1,0,1,0,0,1,0,1,0,1,0,0,1,1,1,0,0,0,1,0,0,0,0,0,0,0,1,1,1,1,1,0,1,1,0,0,0,0,1,1,1,1,0,0,1,0,1,1,1,1,0,1,0,0,0,1,1,0,1,0,1,1,0,0
1,0,0,1,0,0,0,1,1,1,1,1,1,0,1,1,1,0,0,1,1,1,0,1,0,0,0,0,1,1,1,0,0,1,1,1,1,1,0,0,1,1,0,1,0,1,1,0,0,1,1,1,1,1,0,1,0,1,1,0,1,0,0,1,1,0,0,1,1,1,0,0,1,0,1
1,0,0,0,0,1,0,1,0,0,0,1,0,1,1,0,1,1,0,1,1,0,0,1,1,0,1,1,1,1,1,0,0,1,0,1,0,1,1,1,1,0,0,1,0,1,0,0,0,0,1,0,1,1,0,1,0,0,1,0,1,1,1,0,1,0,0,0,1,1,0,0,1,1,0
0,0,1,1,0,0,0,1,1,1,1,1,0,0,1,1,1,1,1,0,1,1,0,0,0,0,1,1,1,1,1,0,1,0,0,0,1,1,1,0,1,1,0,1,0,1,0,1,1,1,1,1,1,1,0,1,1,0,0,1,1,1,1,0,0,0,1,1,1,0,0,1,0,1,0
1,1,1,1,0,0,0,1,0,1,1,0,1,0,1,0,0,1,1,0,1,1,1,1,0,0,1,1,1,1,0,1,0,0,1,0,1,0,1,0,1,1,0,1,1,0,0,0,0,1,0,1,1,1,0,1,0,1,0,0,1,0,1,0,0,1,1,0,0,1,0,0,1,1,0
1,0,0,0,0,0,0,1,0,1,1,1,0,0,0,0,0,1,1,0,1,0,0,1,0,1,1,0,1,1,0,1,1,0,0,1,0,1,0,1,0,1,1,1,0,1,1,0,1,0,1,0,1,1,0,1,0,1,1,1,1,1,1,0,0,1,0,0,1,1,1,0,0,1,0
1,0,0,0,0,1,1,0,1,0,1,1,0,0,0,1,1,0,1,0,1,1,1,1,1,0,0,0,0,1,1,1,1,0,1,1,0,0,0,1,1,0,0,1,0,0,0,1,1,0,1,1,0,1,0,0,1,1,1,0,1,0,1,0,1,1,1,1,1,1,0,1,0,1,0
1,0,0,1,0,0,1,0,0,0,0,1,0,1,0,0,1,1,0,0,0,1,0,1,0,0,1,1,0,0,0,1,0,0,0,0,0,1,0,0,1,1,1,1,0,1,1,0,1,1,1,1,1,0,0,1,1,1,1,0,0,0,1,0,0,1,1,1,0,1,1,0,0,0,0
1,0,1,1,1,1,0,1,1,0,1,1,0,0,1,0,0,1,1,1,1,1,1,1,1,1,1,0,0,1,0,1,0,0,0,1,1,0,1,0,1,1,1,1,1,0,1,0,1,0,0,1,1,1,1,1,0,1,0,1,1,0,0,0,0,0,0,1,0,1,1,1,0,1,0
1,1,0,1,1,1,0,1,0,0,0,0,1,0,0,0,0,1,1,0,1,1,0,1,0,1,0,1,1,1,0,0,1,0,1,0,0,0,1,0,1,1,1,1,1,1,1,0,0,0,0,1,1,1,0,1,0,1,1,0,0,0,1,0,1,0,1,1,0,1,0,0,1,1,0
1,0,0,1,0,0,0,1,1,1,1,1,0,0,0,0,1,1,0,0,1,1,0,1,0,0,1,0,1,1,1,1,1,0,1,1,1,1,0,1,0,0,0,1,1,1,1,0,0,0,1,1,0,1,0,1,0,0,1,1,1,0,1,0,1,0,0,0,1,1,0,0,0,0,1
0,0,1,1,0,1,1,1,1,1,0,1,0,0,0,0,1,0,0,0,0,1,1,1,0,0,0,1,0,1,1,1,0,0,1,0,0,1,0,1,1,1,0,1,0,1,0,0,0,1,1,0,1,1,0,1,0,1,1,0,0,1,1,0,0,0,1,0,0,0,0,1,0,0,0
1,1,1,0,1,1,0,1,0,1,0,1,1,0,0,0,1,1,1,0,0,1,1,1,1,0,0,0,0,0,1,1,1,0,1,1,0,0,1,0,1,1,0,1,1,0,0,1,0,0,1,0,1,0,0,1,1,1,0,0,1,0,1,0,0,0,0,0,0,1,0,1,0,0,1
1,0,0,0,1,1,0,1,0,1,0,0,1,0,0,1,1,0,1,0,1,1,0,1,0,0,1,0,1,0,0,0,1,1,1,0,0,0,1,0,1,1,1,1,0,0,0,0,0,1,1,1,1,1,0,1,1,1,0,0,1,0,0,1,1,0,0,0,0,1,1,1,0,0,0
1,0,0,1,1,0,1,1,0,0,0,1,0,0,0,0,1,1,1,0,1,1,1,1,0,0,1,0,1,1,0,1,1,0,1,0,0,1,1,0,1,1,1,1,1,1,0,0,0,0,1,0,1,1,0,1,0,1,1,0,1,0,1,0,0,0,1,1,0,1,1,0,0,1,0
1,0,1,1,0,0,0,1,1,1,0,1,1,0,1,1,0,1,1,0,0,1,1,1,0,1,1,0,1,0,0,1,1,0,0,1,1,0,0,1,1,0,1,1,0,1,1,0,1,0,1,0,1,0,1,0,0,1,1,1,1,1,1,0,1,0,1,1,0,1,1,1,0,1,0
1,1,1,1,0,0,1,1,1,0,0,1,0,0,1,1,0,1,1,0,1,1,0,1,0,1,1,0,0,1,0,0,1,0,1,1,0,0,1,1,1,0,0,1,1,0,0,1,0,1,1,1,1,0,0,0,1,0,1,0,0,1,0,1,0,0,0,0,1,1,0,1,0,0,1
1,0,0,1,1,0,0,1,0,1,1,0,0,1,0,1,0,0,0,0,1,1,1,1,1,0,0,1,0,0,1,1,0,0,1,0,0,0,0,0,1,0,0,1,0,0,0,1,0,0,1,1,1,0,1,0,1,1,0,1,0,0,1,1,1,1,1,0,1,1,0,0,1,1,0
1,1,1,0,0,0,1,1,1,1,1,0,1,0,1,1,1,0,0,0,0,1,1,1,0,0,1,0,1,0,0,1,1,0,1,0,0,0,0,0,0,0,1,1,0,1,1,0,1,1,1,0,1,0,0,1,0,1,0,0,0,0,1,1,1,0,1,0,1,1,1,0,1,0,0
1,0,1,1,0,1,0,0,0,1,0,1,1,0,0,1,0,0,1,0,1,1,1,1,0,0,1,0,0,0,1,1,1,0,1,0,0,0,0,0,1,1,1,1,1,0,1,0,0,1,1,0,1,0,1,1,1,0,0,1,1,0,0,0,1,0,1,0,0,1,1,0,1,1,0
1,0,1,0,1,0,1,0,0,1,0,1,0,0,0,0,0,0,1,1,1,1,1,1,0,1,0,1,1,0,0,0,1,0,0,0,1,1,1,0,1,1,0,1,1,0,0,0,1,1,0,0,1,0,0,1,0,0,1,0,0,0,1,0,0,1,1,0,1,1,0,1,1,1,0
1,0,0,1,1,0,0,1,0,1,0,1,0,0,0,1,1,0,0,0,1,1,0,1,1,1,1,1,0,1,0,0,0,0,1,0,0,0,1,0,1,1,1,1,1,0,1,1,1,1,1,1,1,0,1,1,1,0,0,1,0,1,1,0,0,0,1,0,1,1,1,1,1,1,0
0,0,0,1,1,0,0,1,0,1,0,0,0,0,1,0,0,0,1,1,0,1,0,0,1,1,1,0,0,0,1,1,1,1,0,1,0,0,0,1,1,1,1,1,0,0,0,0,0,0,1,1,0,1,0,1,1,0,1,1,0,0,0,0,0,0,1,0,0,1,1,0,0,1,1
1,0,0,0,1,0,0,0,1,1,0,1,0,0,0,0,1,1,0,1,0,1,0,0,0,0,1,0,0,1,1,0,0,0,0,0,1,0,1,0,1,1,0,1,0,0,1,1,0,1,1,0,1,0,1,0,1,0,1,0,0,1,1,0,1,1,1,1,0,1,0,0,1,1,0
1,0,0,1,0,1,1,1,0,0,1,1,0,1,0,1,1,1,0,0,0,1,1,1,0,1,0,1,1,1,0,0,1,1,0,0,0,1,1,0,1,1,0,1,1,1,0,0,1,1,0,0,1,0,1,1,0,1,1,0,0,1,1,0,1,1,0,0,0,1,0,0,0,1,0
1,0,1,1,1,0,1,0,0,0,1,1,1,0,1,1,1,1,1,1,1,1,1,1,0,0,1,0,1,1,1,1,0,0,0,0,0,0,0,0,0,0,1,1,0,1,0,1,0,1,1,0,1,0,1,1,1,0,0,1,1,1,0,0,1,0,1,0,0,1,0,1,0,1,1
1,0,0,0,1,0,0,1,0,1,0,0,0,0,1,0,1,0,1,1,1,0,1,1,0,0,1,0,1,0,1,1,0,1,0,1,0,0,0,1,1,0,0,1,0,0,1,0,0,1,1,1,1,0,1,1,0,1,1,1,0,0,1,0,0,1,0,0,1,1,0,1,0,0,0
1,1,0,1,0,1,0,1,0,0,1,1,0,0,1,0,1,1,0,0,0,1,1,1,0,1,1,0,0,1,0,0,0,1,1,0,0,1,0,1,1,0,0,0,1,1,0,1,0,1,1,0,1,0,1,1,1,1,1,1,1,1,1,1,1,0,0,0,0,1,0,0,0,1,0
1,1,1,0,0,1,1,1,0,0,1,0,0,0,0,1,1,1,1,1,0,1,0,0,0,1,1,0,0,0,0,0,0,1,1,1,0,0,0,1,1,0,0,1,1,0,1,0,0,1,1,1,1,1,0,0,0,1,1,1,0,0,1,0,1,0,0,0,1,1,0,0,1,1,0
1,0,1,1,0,1,0,1,0,0,1,0,0,0,1,1,0,1,1,0,0,1,0,1,1,0,0,0,1,0,1,1,0,0,0,1,1,0,0,1,1,0,1,1,0,1,1,0,1,1,0,1,1,1,1,1,0,1,1,1,0,0,1,1,1,0,1,0,1,1,1,0,0,0,1
1,0,1,1,1,0,0,1,0,1,0,0,1,0,1,1,0,1,0,1,0,1,0,0,0,1,0,1,1,0,1,0,1,0,1,1,1,1,1,1,1,0,0,1,0,1,1,0,1,0,0,1,1,1,0,1,0,1,0,0,0,1,1,0,1,0,1,0,1,1,0,1,0,1,1
1,1,1,1,1,0,0,1,1,0,0,1,1,0,0,1,1,0,1,0,1,1,0,0,0,1,0,0,1,0,1,0,1,0,0,0,0,0,1,0,1,0,1,1,1,1,0,0,1,0,1,1,1,1,0,1,0,0,1,1,1,0,1,1,0,0,1,0,1,1,1,1,0,1,0
1,0,1,0,1,0,0,0,0,1,0,1,0,1,0,1,1,0,1,1,1,1,1,1,1,0,0,0,1,0,0,1,0,0,1,1,1,0,1,0,1,1,0,1,1,1,0,0,1,1,1,0,0,1,0,1,0,0,0,0,0,0,0,1,1,1,1,0,1,1,0,1,1,1,0
1,0,0,0,1,0,0,1,0,0,1,0,0,0,0,1,1,0,0,0,1,0,1,1,0,0,1,1,1,1,1,1,0,0,1,0,0,0,1,0,1,0,0,1,0,1,0,1,0,1,1,0,1,1,0,1,1,0,0,1,0,0,1,0,1,0,0,0,1,1,0,1,1,0,0
1,0,0,0,1,1,0,1,0,0,0,1,0,0,0,0,1,0,0,1,0,1,1,1,0,0,1,0,1,1,1,1,1,0,1,0,0,0,1,0,1,1,0,1,0,1,0,1,0,1,1,0,1,0,0,0,1,1,1,1,0,0,1,0,1,0,0,0,0,0,0,1,1,1,0
0,0,0,0,1,0,0,1,0,0,0,0,0,0,0,0,1,0,0,0,1,1,0,1,0,1,0,0,1,0,0,0,1,1,1,0,0,1,0,0,1,1,0,1,1,1,0,0,0,1,1,0,1,1,1,0,1,1,1,1,0,0,0,1,1,0,1,0,0,0,1,1,0,0,1
1,0,1,1,1,0,0,1,0,1,0,1,1,0,1,0,0,1,1,1,1,0,0,0,1,0,1,1,1,1,0,1,1,0,0,0,0,1,1,0,0,1,1,1,1,0,1,0,0,0,1,1,1,0,1,1,0,0,0,0,1,0,0,0,1,1,0,0,1,1,1,1,0,1,0
1,0,1,1,0,0,0,0,0,0,0,1,1,0,0,1,0,0,0,0,1,1,0,1,1,1,1,1,1,0,1,1,1,0,1,0,0,0,0,0,1,1,1,1,0,1,1,0,0,0,1,1,1,0,1,1,0,0,1,0,1,0,1,1,1,1,1,0,0,1,1,0,0,1,0
1,0,0,1,0,1,0,1,1,0,0,0,1,0,0,1,0,0,0,1,1,1,0,0,0,1,1,0,1,0,1,1,1,0,1,0,0,0,0,1,0,0,0,1,0,1,0,0,0,1,0,1,1,0,1,1,0,0,0,0,0,1,1,0,1,0,0,0,1,1,0,0,1,1,1
1,0,1,0,1,1,0,1,0,0,1,1,0,0,0,1,1,1,0,0,0,0,1,1,0,1,0,1,0,1,1,0,1,0,0,1,0,1,0,1,1,1,0,1,0,0,1,1,0,0,0,1,1,1,0,1,1,0,1,0,1,1,1,0,1,0,0,0,0,0,0,0,0,1,1
1,0,0,0,1,1,0,1,0,1,0,0,0,0,0,0,1,1,0,1,0,0,0,1,1,1,1,0,1,1,0,0,1,0,0,0,0,0,0,0,1,1,0,1,1,0,0,0,1,1,0,1,1,0,1,1,0,1,1,0,0,1,1,0,0,0,0,0,0,0,0,0,0,1,0
1,0,0,0,1,1,0,1,0,0,0,1,1,0,0,0,1,0,0,0,1,1,1,1,0,1,1,0,1,0,1,0,1,0,0,0,1,1,1,0,1,0,1,1,0,1,0,1,0,0,1,0,1,0,1,1,0,0,1,1,1,1,1,0,1,0,0,0,1,1,1,1,1,1,0
1,1,1,1,0,1,0,1,0,1,1,1,0,0,0,1,0,1,0,0,1,1,0,1,0,0,1,0,0,0,0,0,0,0,0,1,1,1,0,1,0,1,1,1,1,0,1,1,0,0,1,1,1,1,0,1,1,0,0,1,1,1,1,0,0,0,0,1,0,1,1,1,1,1,0
0,0,1,0,0,1,0,1,0,0,0,1,1,0,0,0,1,0,1,0,1,1,0,1,1,1,1,1,0,1,0,0,0,1,0,0,1,1,0,0,1,1,0,1,0,1,0,0,1,0,1,1,0,0,0,1,0,0,1,0,0,0,1,0,1,1,1,0,0,0,0,1,1,1,0
1,0,0,0,1,0,0,1,0,1,1,0,1,1,0,1,1,1,0,1,0,1,0,0,1,0,1,1,1,1,1,1,1,0,1,1,0,1,1,0,1,1,1,1,0,1,0,1,1,0,1,1,1,1,0,1,1,0,1,1,0,0,1,1,0,0,1,0,0,1,1,1,0,1,1
1,0,0,1,1,1,1,1,0,1,1,1,1,0,1,0,1,1,0,0,0,1,1,1,0,1,1,1,0,1,1,0,0,0,1,1,1,0,1,0,1,1,0,1,0,1,1,0,0,0,0,0,1,0,0,1,0,0,1,1,0,1,1,0,1,0,1,1,1,1,0,1,0,0,0
1,1,1,1,0,0,0,1,1,0,0,1,0,0,0,1,0,0,1,0,1,1,0,1,1,1,1,0,1,0,0,0,1,1,0,0,1,0,1,0,0,0,0,1,1,0,1,0,0,1,1,1,1,1,0,0,0,1,1,1,0,1,1,0,0,1,0,0,1,1,0,1,1,0,0
1,0,0,0,1,0,0,1,0,0,0,0,1,0,0,1,0,1,0,0,1,0,0,1,0,1,1,0,0,1,0,1,1,0,0,0,1,0,0,0,1,0,1,1,0,1,1,1,0,0,1,1,1,0,1,0,1,0,1,0,0,1,0,0,1,1,1,1,1,1,1,1,1,1,0
1,0,1,1,1,0,0,1,1,1,1,1,1,0,1,1,1,0,0,1,0,1,0,0,0,1,0,1,0,0,1,1,0,0,0,1,1,1,0,1,1,0,1,1,0,1,1,0,1,1,1,1,0,1,0,0,0,0,0,0,1,1,0,0,1,0,1,1,1,1,1,1,1,1,0
1,1,0,1,1,1,0,1,1,1,0,1,0,0,1,1,1,0,0,0,0,1,0,0,0,0,1,0,0,1,1,1,1,1,0,0,1,0,0,0,1,0,0,1,0,1,1,1,1,1,1,1,1,0,1,1,1,1,0,0,1,0,0,0,1,0,1,0,1,1,0,0,0,1,1
1,0,0,1,1,1,0,1,0,0,0,1,0,0,0,1,1,1,0,0,0,1,1,1,0,1,1,1,1,0,1,1,1,0,1,0,1,0,1,0,1,0,0,1,0,1,1,0,1,1,0,0,1,0,1,0,0,0,0,1,0,0,1,1,0,0,0,1,1,1,1,0,0,0,1
1,0,0,1,0,0,0,1,1,1,0,1,1,0,1,0,1,1,1,1,1,1,1,1,1,0,1,1,0,1,0,1,0,0,0,0,0,0,1,0,1,1,0,1,0,1,1,1,1,0,1,0,1,0,1,0,1,1,0,0,1,1,0,0,0,0,1,0,0,1,0,0,0,1,0
1,1,1,1,1,0,1,1,0,0,0,1,1,0,0,0,0,0,1,0,1,1,1,1,0,1,0,0,0,1,0,1,0,1,0,1,1,1,1,0,1,1,1,1,1,0,1,0,0,1,1,0,1,1,0,0,1,0,0,1,1,1,0,0,1,0,0,0,0,1,1,1,0,1,1
1,0,0,1,1,1,1,1,1,1,1,1,0,1,0,1,1,1,0,0,0,1,1,1,0,0,0,0,1,0,0,1,1,0,1,1,0,0,0,1,1,1,0,1,1,1,0,0,0,0,1,0,0,0,1,1,0,1,1,1,1,0,1,0,0,1,1,1,0,1,0,0,0,1,0
0,0,0,0,0,1,0,1,0,0,1,1,0,0,1,1,0,1,0,0,0,1,1,1,0,0,1,1,1,0,0,1,1,1,1,0,1,0,0,1,1,0,1,1,1,1,1,0,0,1,0,0,1,0,1,0,0,0,0,1,0,0,1,1,1,0,0,0,1,1,1,1,0,1,1
1,0,0,1,0,0,1,1,1,1,0,1,0,0,0,0,1,0,1,1,1,1,1,1,1,1,1,1,1,0,0,0,1,0,1,0,0,0,1,0,1,1,1,1,1,1,0,1,0,1,1,1,0,0,0,1,1,1,0,0,1,0,1,0,0,1,1,1,0,1,1,1,0,1,0
0,0,0,0,1,0,0,0,0,0,0,0,0,0,0,0,1,1,0,0,1,1,0,1,0,0,0,1,1,1,1,0,1,0,0,0,1,1,1,0,1,1,0,1,0,1,0,0,0,1,0,1,0,1,0,1,0,1,1,1,1,1,1,1,0,1,0,0,0,0,0,0,0,1,0
0,0,0,0,0,0,0,1,1,0,1,1,0,0,0,1,0,1,1,0,1,1,0,0,0,0,1,1,0,1,0,0,1,0,0,1,1,1,0,1,0,0,0,1,1,0,1,0,1,1,1,0,1,0,1,0,0,0,1,1,0,0,1,0,0,1,0,1,1,0,1,0,0,1,1
1,0,0,0,1,0,0,0,0,0,0,0,0,0,0,0,1,0,1,0,1,1,0,1,0,1,1,0,0,0,0,1,0,0,1,0,0,1,0,1,1,0,1,1,1,1,0,1,0,0,1,1,1,1,0,0,1,1,1,0,0,1,1,0,0,0,1,1,0,1,1,0,0,1,0
0,0,1,1,1,1,0,1,0,1,0,0,0,0,1,1,1,0,1,0,1,1,0,1,0,0,1,1,1,0,1,1,0,1,0,0,1,0,0,1,1,0,0,1,1,1,0,0,0,1,1,0,1,1,0,0,0,0,1,0,1,0,0,1,1,0,0,0,1,1,0,0,1,1,0
1,0,0,1,0,0,0,1,0,1,0,0,0,0,0,1,0,0,1,0,0,1,0,1,1,0,1,1,0,1,1,1,1,0,1,0,1,0,1,0,1,1,1,1,0,0,0,0,1,1,1,0,0,1,0,1,1,0,0,0,0,0,0,1,0,0,1,0,0,1,1,1,1,1,0
1,1,1,1,0,0,0,1,0,1,0,0,0,1,0,1,0,0,0,0,0,1,1,1,0,1,1,0,1,0,0,0,0,0,1,1,1,1,1,1,1,0,0,1,1,1,1,0,0,1,0,0,1,1,0,1,0,0,1,1,0,0,1,0,0,0,1,0,1,1,1,1,0,1,0
1,0,1,1,1,0,0,1,0,1,0,1,1,0,1,1,1,1,1,0,0,1,0,1,1,0,1,0,1,1,0,0,0,0,0,1,0,0,0,1,1,0,1,1,0,0,0,1,1,0,1,0,1,0,1,1,1,1,0,0,1,0,1,1,0,0,1,1,1,1,0,1,0,1,0
1,0,1,1,0,0,0,0,0,0,0,0,0,0,0,1,1,0,0,0,0,1,0,0,0,1,0,1,1,0,0,0,1,0,1,0,1,1,1,0,1,0,0,1,0,1,0,1,1,1,1,1,1,0,1,1,1,1,0,0,0,0,1,0,0,1,0,0,1,1,0,1,0,1,0
0,1,0,1,0,1,0,0,0,0,0,0,1,0,0,0,0,1,1,1,1,1,0,0,1,1,0,1,1,1,0,0,1,1,0,0,1,0,1,0,1,0,0,1,1,1,0,1,1,0,1,1,1,0,0,1,1,1,0,0,1,0,0,0,1,1,1,0,0,0,1,0,0,1,0
1,0,1,1,0,0,1,0,0,0,0,1,1,1,0,1,1,0,0,0,1,1,0,1,0,0,1,0,0,1,0,1,1,1,0,0,1,1,1,0,1,0,0,1,1,1,0,0,1,0,1,0,1,1,0,1,0,1,1,0,1,1,1,0,0,1,0,1,0,1,0,1,0,1,0
1,0,0,1,1,1,1,1,1,0,1,1,0,0,0,1,0,0,1,0,1,1,1,1,0,0,0,1,1,1,1,1,1,1,1,1,0,1,0,1,0,1,0,1,0,0,0,0,1,1,0,1,1,0,1,1,0,1,0,0,1,1,1,0,1,0,0,0,0,1,0,1,0,1,0
1,0,0,0,0,1,1,1,1,1,0,1,0,0,1,0,1,0,0,0,0,0,0,1,0,0,0,1,0,0,0,0,0,0,1,0,0,1,1,1,1,0,1,1,0,0,0,1,0,1,1,1,1,1,1,1,0,1,0,0,0,1,1,0,0,0,1,0,0,1,0,1,0,1,0
1,0,0,1,0,0,0,1,0,1,0,1,1,0,1,0,0,1,1,0,0,1,0,1,0,1,1,1,1,1,1,0,1,0,0,1,1,1,0,0,1,1,0,1,0,1,1,0,1,1,0,1,1,0,1,0,0,0,0,1,1,0,0,0,0,1,1,0,1,1,1,0,0,1,1
0,1,1,1,0,0,1,1,0,1,0,1,1,0,0,1,1,1,0,0,1,1,1,1,0,1,1,1,1,0,1,0,1,0,1,0,1,1,1,0,1,0,0,1,1,0,1,0,1,0,0,0,1,1,0,1,0,1,0,1,1,1,1,0,0,1,1,0,1,1,0,0,0,1,0
1,0,0,1,1,0,0,0,0,1,0,1,0,1,0,0,0,0,1,0,1,1,0,1,0,0,1,0,1,1,1,1,1,0,1,0,0,1,1,0,1,1,1,1,1,0,1,0,0,1,1,1,1,0,1,1,0,0,0,1,0,0,1,0,1,1,0,0,0,1,1,1,1,1,0
0,0,1,1,0,0,0,1,1,0,0,0,1,0,0,1,1,0,1,0,1,0,1,1,0,0,0,1,0,1,1,1,1,1,0,0,1,0,1,0,1,1,1,1,1,0,0,0,1,0,1,0,1,0,1,1,0,1,0,0,0,1,0,0,1,0,0,0,1,1,1,1,0,1,0
1,0,0,1,1,0,0,0,1,0,0,1,0,0,0,1,0,0,0,1,1,1,1,1,0,0,1,0,1,1,1,1,1,0,0,0,1,0,0,0,1,1,0,1,0,1,1,0,0,1,0,1,1,0,1,1,0,0,0,1,0,1,0,1,1,1,1,1,0,1,0,1,1,1,0
1,0,0,0,1,1,1,1,0,0,0,1,0,0,0,0,1,1,0,1,1,1,1,1,1,1,0,1,0,1,1,1,1,1,0,0,1,0,0,1,1,0,1,1,0,1,0,0,1,0,1,0,1,0,1,1,0,0,1,1,0,1,1,1,1,0,0,0,0,1,1,1,0,1,0
0,1,0,1,1,0,0,1,0,1,1,1,0,0,0,0,0,0,1,0,1,1,1,1,0,1,0,0,1,1,1,0,1,1,1,0,0,1,0,1,1,1,0,1,1,0,0,0,0,1,1,1,1,0,0,0,1,1,0,1,0,0,1,1,0,0,0,1,0,0,0,1,1,1,1
1,0,0,1,1,1,1,1,0,0,1,1,0,0,0,0,1,1,0,0,1,1,1,1,0,0,0,0,0,0,1,1,0,0,1,0,0,0,1,0,1,1,0,1,0,1,1,0,0,0,0,0,1,0,1,0,0,0,0,0,0,1,1,0,1,1,0,1,1,1,0,1,1,1,0
0,0,0,0,0,0,0,1,0,0,0,0,0,0,0,1,0,1,0,0,0,1,0,0,1,1,1,1,1,0,1,0,1,0,1,0,0,0,0,0,0,0,1,1,0,1,1,1,0,1,1,1,0,0,1,0,0,1,1,1,0,1,1,1,1,0,1,0,1,0,1,0,0,0,0
1,0,0,1,0,1,1,1,0,1,1,0,0,0,0,1,0,0,1,0,0,1,0,1,0,0,0,1,1,0,1,1,1,1,0,0,0,0,1,0,1,0,0,1,1,0,0,0,0,1,1,0,1,0,1,1,0,0,0,0,0,0,0,0,0,1,1,1,1,1,0,1,1,1,0
1,0,1,0,0,1,0,1,1,1,0,1,0,0,0,1,0,1,1,0,0,1,0,1,0,0,1,0,1,1,1,0,1,0,0,1,0,0,0,1,1,1,0,1,0,1,0,1,0,0,1,1,1,0,1,0,1,0,1,0,1,0,1,0,1,1,0,1,0,1,0,1,1,1,0
1,0,1,0,1,0,0,0,1,0,0,1,0,0,0,0,0,1,0,0,0,1,0,1,0,0,1,1,1,0,0,1,1,0,1,0,1,0,0,0,1,1,0,1,1,0,1,0,0,1,1,1,1,1,1,1,1,0,0,0,0,1,0,0,0,1,0,0,1,1,0,0,0,0,1
1,1,1,0,0,0,0,1,0,1,0,1,0,0,1,0,1,0,1,0,0,1,0,1,0,0,1,0,1,1,0,0,0,0,1,1,1,1,0,1,1,1,1,1,1,0,1,0,1,0,1,1,1,1,0,1,1,1,1,1,0,1,1,0,1,0,0,0,0,1,1,1,0,1,0
0,0,0,1,0,1,0,1,0,0,1,1,0,0,1,1,0,1,0,1,0,1,0,0,0,1,0,1,1,0,0,0,0,0,1,1,1,0,0,1,0,0,0,1,1,1,0,0,0,1,1,0,1,1,1,1,1,0,0,1,0,0,0,0,1,0,0,0,1,1,0,1,1,0,0
0,0,1,1,0,0,0,1,0,1,0,0,1,1,0,0,1,1,0,0,1,1,0,1,0,1,1,1,0,0,1,1,1,0,0,0,1,0,1,0,1,1,0,1,0,0,0,1,1,1,0,1,1,1,0,1,1,1,0,0,0,0,0,1,1,0,0,0,0,1,0,0,0,0,0
1,0,1,1,1,0,1,0,0,1,0,1,1,0,1,0,1,0,0,0,0,1,1,1,0,0,0,0,1,0,1,1,0,0,0,0,0,1,0,0,1,1,0,1,0,0,0,1,1,1,1,0,1,0,1,1,0,1,1,1,0,0,1,0,1,0,1,0,0,1,0,0,0,1,1
1,0,0,0,1,0,0,1,0,0,1,1,0,0,0,1,0,1,0,1,0,1,0,1,0,0,0,1,0,1,0,1,1,0,0,0,1,0,1,0,1,0,0,1,0,1,1,0,0,0,0,0,1,0,1,0,0,0,1,0,1,1,1,0,0,1,1,1,0,1,0,0,1,1,0
1,1,0,0,0,0,1,1,0,0,1,1,0,0,0,1,0,1,1,1,0,1,0,1,0,1,1,1,0,1,1,1,0,1,1,1,1,1,1,0,1,1,1,1,0,1,0,1,1,1,1,1,1,1,0,1,1,0,0,1,0,0,0,0,0,1,0,0,0,1,1,1,0,1,0
1,0,0,0,1,0,0,1,0,1,1,0,0,0,1,1,0,1,0,0,1,1,0,1,0,0,0,1,0,0,0,1,0,0,1,1,0,0,0,1,1,0,0,1,1,1,1,0,1,0,1,1,1,0,1,0,0,1,1,0,0,1,1,0,0,0,1,1,0,1,0,1,0,1,0
1,0,0,0,0,0,0,1,0,1,0,1,0,1,1,1,1,0,1,1,1,0,0,1,1,1,1,0,0,0,1,0,0,1,0,1,0,1,0,1,1,0,0,1,0,1,1,0,0,1,1,1,1,1,0,1,0,1,0,0,1,1,0,0,0,0,0,1,1,1,1,0,0,1,0
0,1,0,1,0,0,0,1,0,1,0,0,0,1,1,0,1,0,1,1,0,1,0,1,1,1,1,0,1,1,0,0,1,0,0,1,0,0,0,1,1,1,0,1,1,0,0,1,1,1,1,1,1,0,1,1,1,1,0,1,0,0,0,0,1,0,0,0,0,0,0,0,0,1,0
1,0,0,1,1,0,0,1,0,0,0,0,0,0,1,1,0,1,0,0,1,1,1,1,0,0,1,1,1,1,0,0,0,0,1,0,1,1,1,0,1,1,0,1,1,1,1,0,0,0,0,1,1,1,1,1,0,0,1,1,0,0,1,0,1,1,0,1,0,1,0,1,1,0,0
0,1,0,0,1,0,1,0,0,0,0,1,1,0,0,0,0,1,0,0,1,0,1,1,0,0,1,0,1,1,1,1,1,0,0,0,1,0,0,0,1,1,0,1,0,1,1,0,0,1,1,0,0,0,0,0,0,0,1,1,1,0,1,0,0,1,1,0,1,1,0,0,0,1,0
1,1,1,1,1,0,0,1,1,0,0,1,0,0,0,1,0,1,1,0,1,1,1,1,0,0,1,1,0,1,1,1,1,1,0,1,1,0,1,0,1,0,0,1,1,1,1,0,0,1,1,1,1,0,1,0,0,0,0,0,1,0,0,0,1,0,0,0,1,0,1,0,0,1,0
1,1,0,1,1,0,0,1,0,1,0,0,0,0,1,0,1,0,1,0,1,1,0,1,1,1,1,1,0,0,0,0,0,1,1,0,0,1,1,0,1,0,0,1,1,0,0,0,1,1,1,1,1,0,0,1,1,1,1,0,0,0,1,1,1,0,0,0,0,1,1,0,0,1,0
1,1,1,0,1,1,0,0,1,0,0,0,0,0,1,1,1,1,0,1,0,0,0,0,1,1,0,0,0,0,1,0,0,0,0,0,0,1,1,0,1,0,1,1,0,0,1,0,1,1,1,0,1,1,0,1,0,1,1,1,0,1,1,0,1,1,0,0,1,1,1,0,0,1,0
1,0,0,0,1,1,0,1,0,0,1,1,1,0,0,1,1,0,0,0,0,0,0,1,1,1,1,0,0,1,1,1,0,0,1,1,1,1,1,0,1,0,0,1,1,1,0,1,1,0,1,1,1,1,0,1,1,1,0,1,1,1,1,0,0,0,1,1,0,0,0,0,0,0,1
1,0,1,0,1,1,0,1,0,1,0,0,0,0,1,0,1,1,0,1,1,1,0,1,1,0,0,0,1,0,0,1,0,0,0,0,0,1,1,0,1,1,1,1,1,0,1,0,1,1,1,1,1,1,1,1,0,1,1,0,0,1,0,1,1,0,0,1,0,1,1,0,0,1,0
1,0,0,1,0,0,0,1,0,1,0,1,1,0,1,1,1,1,1,0,1,1,0,1,0,0,1,0,0,0,1,0,1,1,1,1,0,1,0,1,0,0,0,1,0,1,1,1,1,0,1,1,1,1,0,1,1,0,0,1,0,1,1,0,0,1,0,1,0,1,0,1,0,1,0
0,0,1,1,1,0,0,0,0,1,0,0,1,0,0,1,0,1,1,0,1,0,1,1,0,0,0,1,1,1,1,0,1,1,0,0,1,0,1,0,0,1,1,1,1,0,1,0,0,0,0,0,1,0,1,1,1,0,0,0,0,1,0,0,0,0,0,1,0,1,1,0,1,1,0
1,1,1,1,1,1,0,1,0,1,0,1,0,0,0,0,1,1,1,0,1,0,1,0,1,0,1,1,1,0,1,0,1,0,0,1,0,0,0,1,1,0,1,1,1,0,1,0,0,1,1,0,1,0,0,1,0,0,1,0,0,0,1,0,0,0,1,1,1,1,1,0,1,1,1
1,0,1,1,0,0,0,1,1,0,0,1,1,0,0,0,1,0,0,1,0,1,0,1,0,1,1,1,1,0,1,0,1,0,0,1,1,0,0,1,1,1,1,1,0,1,0,0,0,1,1,1,1,0,1,0,1,1,0,1,0,1,0,0,0,0,0,0,0,1,1,1,1,0,1
1,1,1,0,0,0,0,1,0,0,1,0,0,0,1,0,1,1,1,1,0,0,0,1,0,0,1,1,1,0,1,1,0,0,0,1,0,1,0,1,1,1,1,1,1,0,0,0,0,0,1,1,1,1,0,1,0,1,1,1,0,0,1,0,1,0,0,0,1,1,1,0,0,1,0
1,1,0,1,0,0,0,1,0,1,0,1,0,1,0,1,1,0,0,0,1,0,1,1,0,1,1,0,0,1,1,1,0,0,0,0,0,0,1,0,1,0,1,1,1,0,0,1,1,1,1,1,1,0,1,1,1,1,0,0,0,1,0,0,1,0,0,1,1,1,0,1,0,1,0
1,0,0,0,0,1,0,1,0,1,0,1,0,0,1,1,1,0,1,1,0,0,0,0,0,0,1,1,0,0,0,1,0,0,1,0,1,0,0,1,1,0,0,1,1,0,0,0,0,1,1,1,1,1,1,1,0,0,1,1,0,0,0,0,1,1,0,0,1,1,1,1,1,0,0
1,0,0,0,0,0,0,0,0,1,0,1,0,0,0,1,1,0,1,0,1,1,0,1,0,0,1,0,0,1,0,1,1,0,1,0,0,0,0,1,1,0,1,0,1,0,0,1,1,1,1,1,1,0,1,0,1,1,0,1,0,0,1,0,1,0,0,0,1,1,1,1,0,1,0
0,1,1,1,1,0,0,0,1,1,0,1,1,0,1,1,1,0,0,0,1,1,1,1,0,0,1,0,0,0,0,0,0,0,1,0,0,1,1,0,1,0,0,1,0,1,0,0,1,0,1,0,1,1,1,1,0,1,0,0,1,1,0,1,1,0,0,0,1,0,0,0,0,1,0
1,0,0,0,0,1,0,1,1,1,1,1,0,1,0,1,1,0,0,0,0,1,0,1,1,0,0,0,1,0,0,0,1,1,1,0,0,1,1,0,1,1,0,1,0,1,0,0,0,1,1,0,1,1,0,0,0,1,1,1,0,1,1,1,1,0,1,0,0,1,1,1,0,0,0
1,1,1,1,1,0,0,1,0,1,0,1,1,0,1,0,0,0,1,0,1,1,0,1,1,0,1,1,1,1,1,1,0,0,1,0,0,0,0,0,1,1,0,1,0,1,0,0,0,1,1,1,1,1,0,0,0,0,1,1,1,0,1,0,0,0,1,1,1,1,0,1,1,0,1
0,1,1,0,0,0,0,1,0,1,1,0,0,1,0,0,1,1,1,0,1,1,0,0,0,1,1,0,1,1,1,0,1,0,1,0,0,0,1,0,1,0,0,1,1,0,1,0,0,1,1,1,1,0,0,1,0,0,0,1,0,1,1,1,1,0,1,1,1,0,0,0,1,0,1
0,0,1,0,0,0,0,0,0,1,0,1,1,0,1,0,1,1,1,0,0,1,0,1,0,1,1,1,1,1,0,0,0,1,1,0,1,0,1,0,1,1,1,1,1,0,1,0,0,0,1,1,1,1,0,1,0,1,1,1,1,0,1,0,1,0,0,0,0,0,1,0,0,1,0
1,0,0,0,0,1,0,1,1,1,0,1,0,0,0,1,1,1,0,1,0,1,0,1,1,1,1,0,1,0,1,0,1,0,0,0,1,1,0,0,0,1,0,1,0,1,1,1,0,1,1,1,1,1,0,1,0,1,1,0,1,1,1,1,1,0,1,0,0,1,0,0,0,1,0
0,0,0,1,1,1,1,1,1,0,0,1,0,1,0,1,1,1,1,0,0,1,0,1,0,0,0,0,1,1,0,0,1,0,1,1,0,0,1,1,1,1,0,1,1,0,1,0,0,1,1,1,1,1,0,1,0,0,1,0,0,0,0,0,0,0,0,1,0,0,0,0,1,1,0
1,1,1,0,0,1,0,1,0,0,0,1,0,0,1,0,1,0,0,0,0,0,0,1,1,1,1,1,1,0,1,1,1,0,1,1,0,1,0,1,0,1,1,1,0,0,0,1,1,1,1,1,1,1,0,1,0,0,1,1,0,1,1,0,0,0,1,1,0,1,1,1,0,1,1
0,1,1,0,1,0,0,1,0,1,1,0,1,0,0,0,1,0,1,0,0,1,1,1,0,0,1,0,0,0,1,0,1,1,1,1,1,0,0,1,1,1,0,1,1,1,1,0,0,0,0,1,1,1,0,0,0,1,0,0,1,1,1,0,1,1,0,0,1,0,1,0,1,0,1
1,0,0,0,1,1,1,1,0,0,0,1,0,0,0,0,0,0,1,0,1,1,1,1,1,0,1,1,0,0,1,1,1,1,0,0,0,1,0,0,0,0,1,1,0,1,0,0,1,1,1,0,0,0,1,1,0,0,0,0,1,1,0,1,0,0,0,1,0,1,1,1,1,1,0
1,0,1,1,1,1,0,1,0,1,0,0,0,0,0,1,0,1,0,0,0,1,0,1,0,1,0,1,0,0,0,1,0,0,1,0,1,0,1,0,1,1,0,1,1,0,0,0,0,0,1,1,1,0,1,1,0,1,0,0,0,0,0,0,1,0,1,1,1,1,0,0,0,1,0
1,1,1,1,0,1,0,1,0,0,1,0,0,1,1,1,0,0,1,0,1,1,0,1,0,0,0,0,1,0,0,0,1,1,1,1,1,1,0,1,1,0,0,1,1,0,0,0,0,1,1,1,1,1,0,0,0,0,0,1,0,0,1,0,0,0,1,1,1,1,0,0,1,1,0
1,1,0,1,0,1,0,0,0,0,0,1,0,0,1,1,1,1,1,0,1,1,0,0,1,0,1,0,1,0,1,1,0,0,0,0,0,0,1,0,1,0,0,1,0,1,0,0,0,1,1,1,1,1,1,1,0,1,1,0,0,0,1,0,1,1,1,0,1,1,0,0,1,1,0
1,0,1,1,0,1,0,1,0,0,0,0,0,0,0,1,1,0,0,0,1,1,0,1,0,1,0,1,0,0,0,1,0,1,1,0,1,0,1,0,1,1,0,1,1,1,0,0,0,0,0,1,0,0,0,1,0,1,1,1,0,1,1,0,1,0,1,0,1,1,1,0,0,1,0
1,0,0,0,0,0,0,1,1,1,0,1,0,0,0,1,1,1,0,1,0,0,0,0,0,0,1,1,1,0,0,1,1,1,1,0,0,0,0,1,0,0,1,1,0,1,1,1,0,0,1,0,0,1,0,0,1,1,1,1,1,0,1,0,1,0,0,1,0,1,1,0,0,1,0
1,0,0,1,1,0,0,1,0,0,0,1,0,0,1,0,0,1,1,0,0,1,1,1,0,1,1,1,0,1,1,1,0,0,1,1,1,0,0,1,0,1,1,1,0,0,0,1,0,0,0,0,1,0,1,1,1,1,0,1,0,1,1,1,1,0,0,0,1,1,1,1,0,1,0
0,0,0,0,1,1,1,1,1,0,0,0,0,0,1,1,1,1,0,0,0,1,1,1,1,1,1,1,0,1,1,1,0,0,1,1,0,0,0,1,1,0,1,1,0,0,1,0,0,0,1,0,1,0,1,1,0,0,1,1,0,1,0,0,1,0,0,0,0,1,1,1,1,0,0
0,0,1,0,1,0,1,1,1,0,0,1,0,0,1,0,0,0,1,0,1,1,1,1,0,1,1,1,1,1,0,0,1,1,1,1,0,0,1,0,1,1,1,0,0,0,1,0,0,1,1,0,1,0,0,1,0,1,1,1,0,0,1,0,0,1,1,0,1,0,1,1,0,1,1
1,0,0,1,1,1,0,0,0,0,0,1,0,1,1,1,1,0,1,0,1,0,0,1,1,0,1,1,1,1,0,1,0,0,1,0,1,0,1,0,1,0,1,1,0,1,0,1,0,0,1,1,0,0,1,0,1,1,0,0,0,0,0,0,0,0,0,1,1,1,1,0,0,1,0
1,1,1,0,0,1,0,1,0,1,1,1,1,0,1,1,1,0,1,1,1,0,0,0,1,0,0,0,1,0,0,1,0,0,1,0,1,1,0,0,1,1,1,1,1,0,0,1,1,0,1,1,1,1,1,0,1,1,1,0,0,0,0,1,1,0,1,0,1,1,1,0,0,0,0
1,0,1,1,0,1,0,1,0,0,0,0,1,0,0,1,1,1,0,0,1,1,0,1,0,1,0,1,0,0,1,0,0,1,1,0,1,0,0,0,1,1,1,1,0,1,0,0,0,0,1,1,1,1,0,1,0,0,1,0,0,1,1,0,0,1,1,1,1,1,1,0,1,0,0
1,0,0,1,1,0,0,0,0,1,0,1,1,0,1,0,1,0,1,0,1,1,0,1,0,0,1,1,0,0,1,0,0,0,0,1,1,1,0,1,1,1,0,1,0,1,0,1,1,0,1,1,0,1,0,1,1,1,0,1,0,1,0,0,1,1,0,0,0,1,0,0,1,1,0
1,1,0,1,1,0,0,0,0,0,0,1,0,1,1,0,0,1,0,1,1,0,0,1,1,1,1,0,0,1,0,1,0,0,0,0,0,0,0,0,1,1,0,1,1,1,1,0,0,1,1,1,1,1,0,1,0,0,0,0,0,1,0,0,0,1,1,1,1,1,0,1,1,1,0
1,0,0,1,0,0,0,1,0,1,0,1,1,0,1,1,0,0,1,0,1,0,1,1,1,1,1,0,0,1,0,0,0,0,1,1,0,0,0,1,1,0,1,1,0,0,1,0,0,0,1,1,1,0,1,1,0,1,0,1,1,0,1,0,1,0,0,0,1,1,1,1,0,1,1
1,0,1,0,1,0,0,0,1,1,0,0,0,0,0,0,0,1,1,1,1,1,0,0,0,1,0,1,1,0,1,1,1,0,0,1,0,0,1,1,1,1,1,1,0,1,1,0,1,1,1,1,0,1,0,0,0,0,1,1,0,1,1,0,1,1,1,0,0,1,1,0,1,1,0
1,0,1,0,1,1,1,1,1,1,0,1,0,1,1,0,1,1,0,1,1,0,1,1,0,1,1,1,0,0,1,0,0,0,0,1,0,0,0,1,0,1,0,1,0,0,1,1,1,1,1,0,1,1,0,0,1,1,1,0,0,0,1,0,1,0,0,0,0,0,0,0,0,1,0
1,0,1,1,1,1,1,1,1,1,1,1,1,0,0,1,1,0,0,0,0,0,0,1,0,0,0,0,1,0,1,0,0,0,1,0,1,1,1,0,1,0,0,1,0,1,0,0,1,1,1,1,1,1,0,0,0,1,0,1,0,0,0,0,1,0,0,1,1,1,0,1,0,1,1
1,1,0,0,0,1,0,1,0,1,0,1,0,0,0,0,0,0,1,0,0,0,1,1,0,0,1,0,0,0,1,1,0,0,0,0,0,0,0,0,1,1,0,1,1,0,0,0,1,1,1,0,1,0,1,1,0,1,1,1,0,0,1,0,1,0,1,0,0,1,1,1,0,1,0
1,0,0,1,1,1,0,1,0,1,0,1,1,0,0,1,0,0,0,1,0,1,0,1,1,0,1,0,0,1,1,1,1,0,0,0,0,1,1,0,1,1,1,1,0,0,0,0,1,0,0,1,1,0,1,1,0,1,0,1,1,0,1,0,1,0,0,0,1,1,1,1,0,1,0
1,0,1,1,0,1,0,1,0,0,1,0,1,0,0,0,1,0,0,0,1,1,1,1,0,0,1,1,0,0,1,0,1,0,1,0,0,0,1,0,1,1,0,1,0,1,0,0,1,0,1,1,1,1,0,1,0,1,0,0,0,1,0,0,0,0,1,1,1,1,0,1,0,1,0
1,0,0,1,0,0,0,1,0,0,0,0,1,1,1,0,1,1,1,1,0,0,0,0,0,0,1,0,1,1,1,1,1,1,1,1,1,0,0,1,1,0,0,1,0,0,0,0,1,0,0,0,0,1,0,0,0,0,1,1,0,0,0,0,0,0,1,1,1,1,0,0,1,1,0
1,0,1,0,1,1,0,1,1,0,0,1,0,0,0,1,0,0,0,1,0,0,0,1,0,0,1,0,0,0,0,1,1,0,1,0,1,0,1,0,1,0,0,1,1,0,0,0,1,1,1,1,1,0,1,1,0,1,1,0,1,1,0,0,0,1,1,0,1,1,0,1,1,1,1
1,1,1,0,1,0,0,1,0,0,1,1,0,0,1,1,1,0,1,0,1,0,0,1,0,1,1,0,0,1,0,0,0,0,1,1,1,0,0,1,1,0,0,1,1,0,0,0,1,1,1,1,0,0,1,1,0,0,0,0,0,0,1,0,1,0,1,1,1,1,0,1,1,0,0
1,0,1,0,1,0,0,1,0,0,1,1,1,0,1,1,1,0,0,0,1,1,0,1,0,1,1,0,0,1,1,0,0,0,1,1,1,0,0,1,1,1,0,0,0,0,1,0,0,0,1,1,1,1,0,1,0,0,1,0,1,1,1,0,1,0,1,1,0,0,0,1,1,1,0
1,0,0,0,1,0,0,1,0,0,0,0,1,0,0,1,1,1,1,0,1,1,1,1,1,0,1,0,1,0,0,0,0,0,0,0,0,0,1,0,1,0,1,1,1,1,0,0,0,1,0,0,1,1,0,1,0,1,1,0,0,0,1,0,1,1,0,1,0,1,1,0,1,1,1
1,0,0,0,0,0,1,1,0,1,1,1,0,1,0,0,1,0,0,1,0,1,1,1,0,0,1,0,1,0,0,0,1,0,1,1,1,1,0,1,1,0,0,1,1,1,0,0,1,1,1,0,1,1,0,1,0,1,1,1,0,1,1,0,0,0,0,0,1,1,0,1,0,0,0
1,1,1,1,1,0,0,1,1,0,0,1,0,0,0,1,1,1,1,0,1,1,0,0,0,1,0,1,1,0,1,1,1,1,1,0,0,1,1,0,1,0,1,1,1,0,1,1,0,1,1,1,0,1,0,0,1,0,0,1,0,0,1,0,0,1,1,1,0,1,0,0,0,1,0
1,0,0,1,1,1,0,1,0,0,1,0,0,0,0,1,0,0,1,0,1,1,0,1,0,0,1,1,0,1,1,0,1,0,1,0,0,1,1,0,0,0,0,1,0,1,1,1,0,1,1,1,1,0,1,0,1,0,1,0,0,0,1,0,1,0,1,1,0,1,0,1,1,1,0
1,0,0,1,0,0,0,0,1,0,0,1,1,0,1,1,1,1,1,0,1,1,0,1,0,0,1,0,0,1,0,0,0,0,1,1,1,1,0,1,1,1,1,1,1,0,1,0,1,0,1,1,0,1,0,0,0,0,0,0,0,1,1,0,1,1,1,0,0,0,0,1,1,0,0
1,1,0,0,1,1,0,1,0,1,1,1,0,0,0,1,0,1,0,0,0,1,0,0,1,1,1,0,1,1,1,1,1,1,1,1,0,0,1,0,1,0,0,1,0,1,0,1,0,1,1,1,1,1,1,1,1,0,1,1,0,0,1,0,1,0,0,0,1,1,1,0,0,1,0
1,1,1,1,0,1,0,0,1,1,1,1,0,1,0,1,1,1,0,0,0,1,0,1,0,0,1,0,1,0,1,1,1,0,0,0,0,0,1,0,1,0,0,1,0,1,0,0,0,1,1,1,1,1,1,1,1,1,1,0,0,0,1,0,0,1,1,1,0,1,0,0,1,0,0
1,0,0,0,1,0,1,1,0,0,1,0,0,0,1,0,1,0,1,1,0,1,0,1,0,0,1,1,1,0,0,0,0,0,0,0,1,0,0,1,1,1,1,1,1,1,0,0,0,1,1,1,1,0,0,0,0,1,1,1,1,0,1,0,1,0,0,1,0,1,1,0,0,0,0
0,0,1,0,0,0,0,0,0,1,0,1,0,0,1,0,0,0,0,0,0,1,0,0,0,1,0,0,0,0,0,0,0,0,0,0,0,0,0,0,0,1,1,1,1,0,0,1,0,1,1,1,1,1,1,1,0,1,1,1,0,0,1,0,1,0,1,0,0,1,0,0,0,1,0
1,1,0,1,1,1,0,1,0,0,1,1,0,1,0,1,1,1,0,1,1,1,0,1,0,0,0,0,0,0,0,0,1,0,0,0,1,1,1,0,1,0,0,1,0,1,1,1,0,0,1,1,1,0,0,1,0,0,1,0,1,1,1,0,1,0,0,1,0,1,0,0,0,1,1
1,1,1,0,1,0,0,1,0,0,0,1,0,0,0,1,1,0,1,1,0,1,1,1,0,1,1,1,1,0,1,1,1,0,1,0,0,0,1,0,1,0,1,1,1,1,1,0,1,1,1,0,1,1,1,1,0,0,1,1,0,0,1,0,1,0,0,0,0,1,1,0,0,1,0
0,1,1,0,1,1,0,1,0,1,0,1,0,1,0,1,0,1,0,0,1,0,0,1,0,1,0,1,0,1,0,0,0,0,1,0,1,1,1,0,1,1,0,1,1,0,1,0,0,1,1,1,1,0,0,0,0,1,0,1,0,0,0,0,0,1,0,1,0,0,1,1,0,1,0
0,1,1,0,1,1,0,1,1,1,1,1,0,0,0,0,1,1,0,0,1,1,0,0,0,0,1,1,1,1,1,1,1,0,0,1,0,1,1,1,1,0,0,1,0,1,1,0,1,1,1,1,0,0,1,0,0,0,1,1,0,0,1,1,0,1,1,0,1,0,0,0,1,1,0
0,1,1,0,1,0,0,1,0,1,0,1,0,0,0,1,0,0,1,1,1,1,0,0,1,1,1,0,0,1,1,0,1,1,1,1,0,1,1,1,1,0,0,1,0,1,0,0,1,1,1,1,1,1,1,1,0,0,1,0,1,1,0,0,1,0,0,0,1,1,0,1,0,1,0
1,0,0,0,0,0,0,1,0,0,1,1,1,0,0,1,1,0,0,0,1,0,1,1,1,1,0,1,1,0,1,0,1,0,1,0,0,0,0,0,1,0,0,1,0,1,0,0,0,0,1,1,1,0,1,1,0,1,1,1,0,1,0,0,1,0,1,1,0,1,1,1,0,1,0
1,1,0,1,1,1,0,1,1,0,0,1,0,1,1,1,1,1,0,0,1,1,1,1,1,1,1,1,0,1,1,1,0,0,0,1,0,0,0,1,1,1,0,1,1,0,1,0,1,0,0,0,1,0,0,0,0,1,0,0,1,1,0,0,0,0,0,0,0,1,0,1,0,1,0
1,0,0,1,0,1,0,1,1,0,1,1,0,0,1,0,0,0,0,0,0,1,0,1,0,0,0,0,1,1,0,0,0,0,1,1,0,1,0,1,0,0,1,1,0,0,0,0,0,1,1,1,1,0,0,1,0,1,0,1,1,0,1,0,1,0,0,0,1,1,1,1,1,1,0
1,0,1,1,0,1,0,1,0,1,1,1,1,0,1,0,0,1,0,0,1,0,0,1,0,1,0,0,0,1,1,0,0,0,1,1,1,0,0,0,1,1,1,1,0,1,1,0,0,0,0,1,1,1,1,1,1,1,0,1,1,0,1,0,1,0,0,1,1,1,1,1,0,0,0
1,1,0,1,1,1,0,1,0,1,0,1,0,1,1,1,1,1,0,0,1,1,0,1,1,1,1,0,1,1,0,0,1,0,1,0,0,0,0,1,0,0,1,1,1,0,1,1,1,0,1,1,1,1,1,0,0,1,1,1,0,0,0,0,0,1,1,0,1,1,1,1,0,1,0
0,0,1,1,0,0,0,1,0,1,0,0,0,0,1,1,1,1,1,0,0,1,1,1,0,1,0,1,0,0,1,0,0,0,1,0,1,0,0,1,1,0,0,1,0,1,0,0,0,0,1,0,1,0,1,0,1,1,0,0,0,1,1,1,0,1,1,1,0,1,1,0,0,1,0
1,0,1,1,0,0,1,1,0,0,0,1,0,0,0,0,0,0,0,1,1,1,1,1,0,0,1,0,0,0,1,1,1,0,1,0,1,0,1,0,1,1,1,1,0,1,0,1,0,1,1,0,1,1,1,1,1,1,0,1,0,0,1,1,1,0,0,0,0,1,1,1,0,1,0
1,0,1,0,0,0,0,1,0,1,0,1,1,0,1,1,0,0,0,0,1,1,0,1,0,1,1,0,0,0,1,1,1,0,1,1,0,0,1,0,1,1,0,1,0,1,0,0,1,1,1,1,1,0,1,1,1,1,0,1,0,0,0,1,1,0,0,0,1,1,0,0,0,1,0
0,0,0,1,0,0,0,1,0,0,0,1,0,0,1,1,1,1,0,0,0,0,0,1,1,1,1,1,0,1,1,1,0,0,0,1,0,1,0,1,1,1,0,1,0,1,0,1,0,1,0,1,1,1,0,0,1,0,0,0,0,1,0,0,1,0,0,1,0,1,0,1,0,1,0
0,0,0,0,1,0,0,1,1,1,1,1,0,0,0,1,0,1,0,1,0,1,0,1,0,0,1,0,0,0,1,0,1,1,1,1,0,0,1,0,1,1,0,1,1,1,1,0,0,1,1,1,1,0,1,0,0,1,1,0,1,1,1,0,0,0,0,1,1,1,1,0,1,1,0
0,0,0,1,0,0,0,1,0,1,1,1,1,0,0,0,0,0,0,1,0,1,0,0,0,0,1,1,0,0,1,0,1,1,0,0,1,0,0,0,0,1,0,1,0,0,0,0,0,1,1,1,1,0,0,1,1,1,1,1,1,1,1,0,1,0,0,1,0,0,0,1,0,1,1
1,1,0,0,1,0,1,1,0,1,0,1,1,0,0,0,0,0,1,0,0,1,1,1,0,1,1,0,0,1,0,0,1,0,1,0,0,0,1,0,1,1,1,1,1,0,0,1,1,0,1,1,1,1,0,1,0,1,0,1,0,0,1,0,1,0,0,0,1,1,1,1,0,1,1
1,0,0,1,1,0,0,1,0,0,0,0,1,0,0,0,1,1,0,0,1,0,0,1,0,0,1,0,1,0,1,0,1,1,0,0,0,1,0,0,1,0,0,1,0,1,1,0,0,0,1,0,1,0,0,1,0,1,0,1,0,1,0,0,1,0,1,1,0,1,0,0,0,1,0
1,0,1,0,0,1,1,1,1,1,0,0,0,0,0,1,1,1,0,0,0,1,1,1,0,1,1,0,1,0,0,0,1,0,1,0,0,1,0,0,0,0,1,1,0,1,1,0,0,1,0,0,0,1,0,0,0,0,0,1,0,0,1,0,0,1,0,0,1,1,1,0,0,0,1
1,1,1,0,1,0,0,1,0,0,0,1,0,0,0,1,0,0,0,1,1,1,0,0,0,1,1,0,0,1,0,1,1,0,0,0,0,0,1,0,1,0,1,1,1,1,0,1,0,1,1,0,0,1,0,1,1,1,1,0,1,1,1,0,1,0,0,0,1,1,1,1,0,1,1
1,1,0,0,1,0,0,1,0,1,1,0,1,0,0,0,0,1,0,0,1,0,0,0,0,0,1,0,1,1,1,1,1,0,1,0,0,1,0,1,1,1,0,1,1,0,0,0,0,0,0,1,1,0,0,0,0,1,0,1,0,1,1,0,0,1,1,0,0,1,0,1,1,0,0
1,0,0,1,1,1,1,1,0,0,0,1,0,0,1,0,1,1,1,1,0,1,1,1,0,0,1,1,0,1,1,1,1,0,1,1,1,0,1,0,1,1,0,1,1,0,0,0,0,1,1,0,1,0,0,0,0,0,0,1,1,0,1,0,1,1,0,0,0,1,0,1,1,1,0
1,1,1,1,0,1,0,1,0,0,0,1,0,0,0,1,0,0,0,1,0,0,1,1,0,1,0,1,0,1,1,1,1,1,1,1,1,0,1,0,1,1,0,1,0,1,0,0,0,0,1,0,1,0,1,1,0,0,0,0,1,1,1,0,1,0,0,0,1,0,0,1,0,1,0
1,1,1,0,1,1,0,0,0,0,0,1,0,0,0,0,1,0,0,0,0,1,1,1,0,1,1,1,1,1,0,0,1,0,1,0,0,0,0,0,1,0,0,1,1,1,1,0,0,0,1,0,1,1,0,1,0,0,1,0,1,1,0,0,0,1,0,0,1,1,0,0,1,1,1
1,1,0,1,0,1,0,1,1,0,1,1,0,0,0,0,1,0,1,0,1,1,0,1,0,0,0,1,1,0,0,1,1,0,0,1,1,1,1,0,1,1,1,1,1,0,1,0,0,1,0,1,1,1,0,1,1,0,0,1,0,1,0,0,0,0,1,0,0,1,1,1,0,1,0
1,0,0,0,0,0,0,0,0,1,0,0,0,0,1,1,1,0,0,0,1,1,0,1,1,0,1,0,1,0,0,1,1,0,0,1,1,0,0,1,1,0,0,1,1,1,0,1,0,1,1,1,0,1,0,1,0,1,1,0,0,0,1,0,1,1,0,1,1,1,0,1,0,1,1
1,0,1,1,0,0,0,1,0,0,1,0,0,0,1,1,1,0,0,0,0,0,0,1,1,1,0,1,0,1,1,1,0,1,1,1,0,0,1,1,1,0,1,1,0,1,0,0,1,1,1,0,1,0,1,1,0,1,0,0,0,0,1,0,0,0,1,1,1,1,1,1,0,0,0
1,0,0,1,0,1,0,0,0,1,0,1,0,0,1,0,1,1,0,0,0,1,0,1,1,1,1,0,0,0,1,0,0,0,1,1,1,0,0,1,1,1,1,1,0,1,1,0,1,0,0,0,1,0,0,0,0,0,0,1,0,1,1,0,1,1,0,0,0,1,1,0,0,0,1
1,0,0,1,0,0,0,0,0,1,0,1,0,0,1,1,1,0,1,1,1,1,0,1,1,1,0,1,0,0,1,0,0,0,0,1,1,0,0,1,1,0,1,1,1,1,0,1,1,1,1,1,1,1,1,1,1,1,1,0,1,0,1,1,0,1,1,1,1,1,1,0,0,0,0
1,0,0,0,1,0,0,1,0,0,1,1,0,0,0,0,1,0,0,0,1,1,0,1,0,0,1,0,1,0,1,0,1,1,1,0,0,1,1,0,1,1,0,1,0,1,0,1,0,1,1,1,1,1,0,1,1,1,0,1,1,1,1,0,1,0,0,0,0,1,0,0,0,0,0
0,1,0,1,1,0,0,1,0,0,0,1,0,0,1,1,1,0,0,0,1,1,0,1,0,0,0,0,0,1,1,0,0,0,0,0,0,1,1,0,1,0,1,1,1,1,0,0,0,1,0,0,1,0,1,0,1,1,1,1,1,1,0,0,0,1,1,0,0,0,1,1,1,0,1
1,0,0,1,0,1,0,1,0,1,1,1,0,0,0,1,1,0,0,1,0,1,0,1,0,0,1,0,1,0,0,0,1,0,1,0,0,0,1,0,1,0,0,1,1,0,0,0,0,0,0,0,0,1,0,0,0,1,0,1,1,0,1,0,1,0,0,1,1,1,0,1,0,0,0
1,1,1,1,0,1,1,1,0,1,0,0,0,0,1,1,0,1,1,0,1,1,0,1,0,1,1,0,0,1,1,0,0,0,1,1,1,1,0,1,1,0,0,1,0,1,0,0,0,1,1,1,1,1,0,0,0,1,1,1,0,0,1,0,1,0,0,0,1,1,0,1,0,1,1
1,1,1,0,0,1,0,1,0,1,0,1,0,0,0,1,1,1,0,0,1,1,0,0,1,0,1,0,1,0,1,1,1,0,0,1,0,1,1,1,0,0,1,1,1,1,1,0,1,1,1,1,1,1,1,1,1,1,1,1,0,0,1,1,1,1,1,0,1,1,1,0,0,1,0
1,1,1,0,0,0,0,1,0,1,1,0,1,0,1,1,1,0,1,0,1,1,0,1,1,0,0,0,1,1,0,1,0,0,1,0,1,1,1,0,0,1,1,1,1,0,0,1,0,1,1,1,1,1,1,1,1,0,0,0,0,1,1,1,0,0,1,1,0,1,1,0,0,0,0
1,0,0,1,0,1,0,1,0,1,0,0,0,0,0,0,1,1,0,0,1,1,1,1,1,1,1,1,0,0,0,0,0,0,1,0,1,1,1,0,1,1,0,1,1,1,1,0,0,0,0,0,1,0,0,1,1,1,0,1,0,0,1,0,1,0,0,0,0,0,0,0,0,1,0
0,0,0,1,0,1,1,1,1,0,1,1,0,0,0,0,1,0,0,0,1,1,0,1,1,1,1,0,1,0,0,1,1,0,1,0,0,1,0,1,1,0,0,1,0,1,1,0,1,1,0,1,1,1,0,1,1,0,0,0,0,1,1,0,1,1,0,0,1,1,0,1,1,1,0
1,0,0,1,1,1,0,1,0,0,1,1,0,0,1,0,1,1,0,0,0,0,0,1,1,1,1,0,0,0,0,0,0,0,1,0,1,1,1,0,1,1,1,1,0,1,1,0,0,1,1,0,1,0,0,1,0,1,1,0,0,0,0,0,1,0,0,1,0,1,1,0,1,0,0
1,0,0,1,1,1,0,1,0,0,1,0,1,0,0,0,1,1,1,0,1,1,1,1,0,0,1,1,0,1,1,0,1,0,0,1,0,1,1,0,1,1,1,1,0,0,1,0,0,0,1,0,1,1,0,1,0,0,0,1,1,1,0,1,1,1,0,1,0,1,1,1,1,1,0
1,0,0,1,1,1,1,0,1,0,0,1,0,0,1,0,0,0,0,0,1,1,1,1,0,0,0,1,1,0,1,0,0,0,1,1,0,1,0,0,1,1,1,1,1,0,0,0,0,1,0,0,1,1,0,1,0,1,1,0,1,1,1,1,0,1,1,0,0,1,1,0,0,1,0
1,0,0,1,0,1,0,1,0,1,1,0,1,0,0,0,1,0,1,0,1,1,0,0,0,0,1,1,1,0,0,1,1,1,1,0,1,0,1,0,0,1,0,1,1,0,0,0,1,1,1,1,0,0,1,1,1,0,0,0,0,0,1,0,1,0,1,0,0,1,1,1,1,1,0
1,0,0,0,1,1,0,0,0,0,0,1,1,1,1,0,1,1,1,1,1,1,0,1,0,0,1,0,0,1,1,0,0,0,1,0,0,1,1,0,0,1,1,1,0,1,0,0,1,0,1,1,1,1,1,1,0,0,0,1,0,1,0,0,0,1,1,1,1,1,1,1,1,0,0
1,0,1,1,1,0,1,1,0,1,1,1,0,0,0,1,1,1,1,0,0,1,1,1,1,0,1,1,1,1,0,1,0,0,1,0,1,0,0,1,1,0,0,1,1,0,0,0,1,0,0,0,1,0,1,0,0,0,0,0,1,1,1,0,0,0,1,0,1,1,0,0,1,0,0
1,0,1,1,1,1,0,1,0,1,1,1,1,0,0,1,1,0,0,0,1,1,0,0,0,1,0,0,0,1,1,1,1,1,1,0,0,0,1,0,1,1,0,1,0,0,1,1,0,0,1,0,1,0,1,1,1,0,0,1,1,0,1,0,0,0,1,1,1,1,0,1,1,1,0
1,0,1,1,0,0,0,1,1,0,0,1,1,0,1,1,1,1,0,0,1,1,0,1,0,1,0,0,1,0,0,0,0,0,0,0,0,0,1,0,1,1,1,1,0,1,0,0,0,0,0,1,1,1,0,1,0,0,0,0,1,1,1,0,0,0,1,0,0,0,0,1,0,1,1
1,0,0,0,0,0,1,1,0,0,0,1,0,0,1,1,0,1,1,1,0,0,1,1,1,1,1,0,0,1,1,1,0,0,0,1,1,0,0,1,0,0,0,1,0,1,1,0,0,1,1,0,1,0,1,0,0,0,1,0,1,0,1,0,0,0,1,1,1,1,0,0,1,1,0
0,0,0,1,1,0,0,1,0,1,1,1,1,1,0,0,1,1,0,1,0,1,0,1,0,0,1,1,1,1,1,1,0,0,1,1,1,1,0,1,1,0,0,1,0,1,0,0,0,0,0,0,1,0,0,1,0,0,1,0,1,0,0,1,1,0,0,0,1,0,0,0,1,0,0
1,0,0,1,0,0,0,1,0,1,0,0,0,0,0,1,1,0,0,0,0,0,1,1,0,0,1,1,1,1,1,1,1,0,0,1,1,0,0,1,1,0,0,1,0,1,1,0,0,1,1,0,1,1,0,1,0,1,1,1,0,0,1,0,1,0,0,0,0,1,1,1,0,1,0
1,1,1,1,1,1,0,1,0,0,1,1,0,0,0,0,0,1,0,0,0,0,0,1,1,0,1,0,0,0,1,0,1,0,1,0,1,0,0,1,1,0,0,1,0,1,1,1,0,1,0,0,1,1,0,1,1,0,0,0,0,1,0,0,1,0,0,0,1,1,0,1,0,0,1
1,0,0,1,0,1,1,1,0,0,0,1,0,0,0,1,1,1,0,0,1,1,0,1,0,0,0,1,1,1,0,1,1,1,0,0,0,1,1,0,1,0,0,1,0,1,1,1,1,1,1,1,1,0,1,1,1,0,1,0,0,0,1,1,1,1,0,1,1,0,0,0,1,1,0
1,0,1,0,1,0,0,1,0,1,0,1,0,0,1,1,0,1,1,0,1,0,0,1,0,0,0,1,1,1,0,0,1,0,0,0,0,1,1,0,1,0,0,1,1,0,0,1,0,1,1,1,1,0,1,1,0,1,1,0,0,0,1,0,0,0,1,1,1,1,0,1,0,1,1
1,0,1,0,0,0,0,1,0,1,1,1,1,1,0,1,0,0,0,1,0,1,1,1,1,1,0,0,1,1,1,0,1,0,1,0,0,1,1,0,1,1,0,0,0,1,1,1,0,1,1,1,1,0,1,0,1,0,1,0,1,0,1,0,0,0,1,1,0,1,0,0,1,1,0
1,0,0,1,1,1,1,1,0,0,1,1,1,0,0,1,0,1,1,0,0,1,0,1,0,1,0,1,1,0,1,1,1,0,1,1,1,0,0,1,0,1,0,1,0,1,1,1,0,0,1,1,1,0,1,0,0,1,1,1,1,1,1,0,1,0,0,0,0,1,1,1,0,1,0
1,1,0,1,1,1,0,0,1,1,0,0,0,0,1,0,0,0,0,0,1,1,0,1,1,0,1,0,1,0,1,0,1,0,0,1,0,1,0,1,1,1,0,1,0,1,1,0,0,0,1,1,0,0,0,0,0,0,0,1,0,1,0,0,1,1,0,0,0,1,0,0,0,1,1
1,1,1,0,1,1,0,1,1,0,1,1,1,1,0,1,1,1,1,0,0,1,1,1,0,0,1,1,1,0,0,0,0,0,0,1,1,1,0,1,1,0,0,1,1,0,1,1,0,0,1,1,1,1,1,0,1,1,1,1,0,1,1,0,0,0,1,0,1,1,0,0,0,0,0
1,0,1,1,1,0,1,1,0,1,1,0,0,0,0,1,1,1,0,0,1,1,0,0,0,1,1,1,0,0,0,0,0,1,1,0,0,0,1,0,1,0,0,1,0,0,1,0,0,1,1,1,0,0,1,0,0,1,1,0,0,0,1,0,1,0,1,0,1,1,1,0,0,0,0
1,0,0,1,1,0,1,1,1,0,1,0,0,1,0,0,1,1,1,1,1,1,1,1,1,1,1,0,1,0,1,0,1,0,1,1,0,0,0,1,1,0,1,1,1,0,1,0,0,0,1,1,1,0,0,0,0,1,1,0,0,1,0,0,1,0,0,0,1,0,0,0,1,0,1
1,0,0,1,0,0,1,1,1,0,0,0,0,0,1,1,1,1,0,0,1,1,1,1,0,0,1,1,1,0,0,1,1,0,0,1,1,0,1,1,1,0,0,1,0,0,1,0,0,1,1,0,1,1,0,0,0,0,1,0,1,0,0,0,1,0,0,0,0,1,0,0,1,1,0
1,0,0,0,0,1,0,0,0,0,0,1,0,0,1,0,1,1,1,0,0,1,0,0,1,1,1,0,0,0,1,0,0,0,0,1,0,1,1,0,1,1,1,1,0,1,0,1,0,1,1,1,0,1,1,0,1,0,1,1,1,1,1,0,0,1,1,1,0,1,1,0,0,1,0
1,0,1,1,1,1,0,1,1,0,0,1,0,0,0,1,0,1,1,0,0,1,0,1,1,0,1,1,0,1,1,1,1,0,1,1,0,0,0,1,1,1,1,1,0,1,1,0,0,0,1,1,1,0,1,0,0,0,0,0,1,0,1,0,1,0,0,0,0,1,0,0,0,0,1
0,1,0,1,0,0,0,0,0,0,0,1,1,0,0,1,0,1,1,1,0,1,0,0,1,0,1,0,1,1,1,0,1,0,1,1,0,1,0,1,1,0,1,1,0,1,0,0,0,0,1,1,1,1,1,0,0,0,0,1,1,1,1,1,1,1,0,1,1,1,1,0,0,0,0
1,0,0,1,0,0,1,1,0,0,1,1,0,0,0,0,0,1,0,0,1,1,1,1,0,0,1,1,1,1,0,0,1,1,1,0,1,0,1,0,1,1,1,1,1,1,0,0,1,1,0,0,1,1,1,1,0,1,0,0,1,1,0,0,0,1,1,0,1,1,1,0,0,1,0
1,0,1,1,1,0,0,1,0,1,1,1,0,1,0,0,0,0,0,0,0,1,0,0,1,1,1,1,1,0,1,0,1,0,0,1,1,1,0,1,1,0,0,1,0,1,0,1,0,1,0,1,0,1,1,0,0,1,1,0,0,0,1,0,1,0,0,0,0,1,0,1,0,1,0
0,1,1,0,0,1,0,1,1,1,0,0,0,0,0,0,1,0,0,1,0,1,0,1,0,0,1,1,1,0,1,1,0,1,0,1,0,0,0,1,1,1,1,1,1,1,1,0,0,1,1,1,1,0,0,0,0,1,1,1,0,0,1,0,0,0,0,0,0,1,1,1,1,1,0
1,1,1,1,1,0,0,1,1,0,1,1,0,0,0,1,1,1,0,0,0,1,1,1,1,0,0,0,0,0,0,0,0,1,1,0,0,1,1,0,1,1,0,1,1,1,1,0,1,1,1,0,1,1,1,0,0,0,1,0,1,1,1,0,1,0,0,1,0,1,0,0,0,0,0
1,0,0,1,1,0,0,1,1,0,0,0,0,0,0,1,1,1,1,1,0,1,0,1,1,1,0,0,1,1,0,1,1,1,0,0,0,0,0,1,0,1,1,1,1,0,1,0,0,1,0,1,1,1,0,1,0,0,1,1,0,1,1,0,0,0,1,1,0,1,1,0,1,1,0
1,1,1,1,1,0,0,0,0,1,0,1,1,0,1,0,0,1,0,0,1,1,0,1,0,1,0,0,0,0,0,0,0,0,1,0,1,0,0,0,0,1,0,1,1,1,1,1,1,1,1,1,1,1,0,1,1,0,0,0,0,0,1,0,0,1,1,1,0,1,0,0,1,1,0
1,0,0,0,1,0,0,0,0,1,0,1,0,0,1,1,1,0,0,1,0,1,1,1,1,0,1,0,1,1,1,1,0,0,1,1,1,1,0,1,1,1,1,1,1,1,0,0,1,1,1,0,1,1,0,1,0,1,0,1,1,1,0,1,1,0,0,0,0,1,1,1,0,1,0
1,0,0,0,0,1,0,1,0,1,0,1,0,0,0,0,0,0,0,0,1,1,1,1,0,1,1,0,1,0,0,0,1,0,0,0,1,0,1,0,1,1,1,1,1,0,1,0,1,1,1,0,1,0,1,1,0,0,1,1,1,1,1,0,1,0,1,0,1,1,0,1,0,1,0
0,0,0,1,1,0,0,1,0,0,0,1,0,1,0,1,0,1,0,0,0,1,0,1,0,0,1,1,0,0,1,1,1,0,1,0,0,0,1,0,1,1,0,1,0,1,0,1,0,1,1,1,1,0,1,1,1,1,1,1,0,0,0,0,1,0,0,0,0,0,1,0,0,1,0
1,1,0,1,0,0,0,1,0,0,0,0,0,0,0,1,1,1,0,0,1,0,0,1,0,0,1,0,1,1,1,1,1,0,0,1,1,0,1,0,0,1,1,1,1,0,1,1,0,1,1,1,1,1,0,1,1,1,1,0,0,0,1,0,0,0,1,0,0,1,1,0,1,0,0
1,0,1,1,0,1,0,1,0,0,0,1,0,0,0,1,1,0,1,1,1,1,0,1,1,1,1,0,1,0,0,0,1,0,1,0,1,1,1,0,1,0,0,1,0,1,0,0,0,1,1,1,1,1,0,1,1,1,0,0,1,0,0,1,0,0,1,1,1,0,0,1,0,1,0
0,1,1,1,0,1,0,1,0,0,1,1,0,0,1,1,1,1,1,0,0,1,0,1,0,0,1,1,0,1,0,1,0,0,1,1,0,1,0,1,1,0,1,1,0,1,1,0,1,1,0,1,1,1,1,0,0,1,0,1,1,1,1,0,0,1,0,1,1,0,0,0,0,0,0
1,1,1,1,1,0,1,1,0,1,0,0,0,0,1,0,1,0,0,1,0,1,0,0,0,1,1,1,0,1,0,0,0,0,0,0,1,1,0,0,1,1,0,1,1,0,0,0,0,0,1,1,1,1,0,1,0,1,0,0,0,0,0,0,1,0,1,0,1,1,1,1,0,1,1
1,1,0,0,1,0,0,1,1,0,1,1,1,0,0,0,0,1,0,1,0,1,0,0,0,0,1,0,1,1,1,0,1,0,1,0,0,1,1,0,1,1,0,1,1,1,1,1,0,0,1,0,1,0,0,0,0,0,1,1,0,1,0,1,1,0,1,1,0,1,0,0,1,1,1
1,1,1,0,1,0,0,1,0,1,0,0,0,0,1,0,0,1,0,1,0,1,0,0,0,0,1,1,1,1,1,1,0,0,1,0,0,1,1,0,0,0,1,1,1,0,0,0,1,1,1,1,1,0,0,1,0,1,1,1,0,0,0,0,1,0,0,0,1,1,1,1,0,1,1
1,0,0,0,0,1,0,1,1,0,1,0,0,0,0,1,1,1,0,1,1,0,0,1,0,0,1,0,1,0,0,1,1,0,0,1,1,0,0,1,1,0,1,1,0,0,0,0,1,1,1,0,1,0,1,1,0,1,1,0,0,1,1,0,1,0,1,1,0,1,1,0,0,0,1
1,0,0,0,0,0,0,0,0,1,1,1,0,0,0,1,1,1,0,0,1,1,0,1,1,1,1,0,1,1,1,1,1,0,0,0,1,1,0,1,1,1,1,1,1,1,0,1,1,1,1,0,1,0,1,0,1,1,1,1,0,0,1,1,0,1,1,1,0,1,1,0,0,1,0
1,0,0,1,0,0,0,1,0,1,1,0,1,0,0,0,1,0,0,0,0,1,1,1,0,0,1,0,0,0,1,1,1,0,1,1,1,0,0,1,1,0,0,1,0,0,0,0,0,0,1,0,1,1,0,1,0,0,0,0,0,0,0,0,1,1,0,0,0,1,0,0,1,1,0
0,1,1,1,1,0,0,1,1,1,0,1,1,0,0,1,1,1,1,0,0,1,0,0,0,0,1,0,1,1,0,1,1,0,1,0,0,1,0,1,1,0,0,1,1,0,0,0,1,0,1,1,1,1,1,1,1,1,1,1,1,1,1,0,0,0,0,1,1,1,1,0,0,1,0
1,0,0,1,0,0,0,1,0,1,0,1,0,0,0,0,0,1,1,0,1,1,0,1,0,0,1,1,1,1,1,1,0,0,1,1,1,0,0,1,1,0,0,0,0,1,1,0,0,0,1,1,0,1,0,0,0,1,0,1,1,1,1,1,0,1,1,0,1,1,0,0,0,1,0
1,0,1,1,1,0,0,1,0,0,1,1,0,1,0,1,1,1,0,0,0,1,0,1,0,1,0,1,1,0,0,0,0,1,0,0,0,1,1,0,1,1,1,1,1,1,0,1,0,0,1,0,1,1,1,0,1,1,1,1,1,0,1,0,0,0,0,1,1,1,1,1,1,0,1
1,0,0,1,0,0,0,1,1,1,0,1,1,0,1,0,0,0,1,0,1,1,0,1,0,0,0,0,1,1,1,1,0,0,0,0,1,0,1,0,1,1,0,1,0,1,0,1,0,1,1,1,1,1,0,1,0,1,1,1,0,0,1,1,0,0,0,1,1,1,1,1,1,1,0
0,1,1,0,1,1,0,1,1,0,0,1,1,0,0,0,1,1,1,0,0,0,0,1,0,1,1,1,1,1,1,0,1,0,1,0,0,0,1,0,1,1,0,1,1,0,1,0,0,0,1,1,1,1,0,1,0,1,0,0,1,0,1,0,0,1,1,1,0,0,0,0,0,1,1
1,1,0,1,0,1,0,1,0,1,0,1,1,0,0,0,1,0,1,0,0,0,0,1,1,1,1,0,0,0,1,0,0,1,1,1,0,1,0,1,1,1,0,1,1,0,0,0,1,0,0,0,0,1,0,0,0,0,1,1,0,1,1,0,0,0,1,1,0,1,0,1,1,1,0
1,0,0,1,1,1,1,1,0,1,0,0,0,0,0,1,0,0,0,0,0,1,0,1,0,0,1,1,0,1,1,1,1,0,1,0,0,0,0,0,1,0,1,1,1,0,0,1,0,1,1,0,1,0,1,0,0,1,1,1,0,0,1,1,0,0,1,0,0,1,0,1,1,1,1
1,1,1,1,1,1,0,1,0,1,0,0,0,0,0,1,1,1,1,1,0,1,1,1,0,0,0,0,1,1,1,1,1,1,0,0,1,0,0,0,1,1,0,1,0,0,1,1,1,0,1,0,1,0,0,1,1,1,0,1,0,0,0,1,1,0,1,0,0,1,1,1,0,1,1
0,0,0,0,0,0,0,1,0,0,1,1,1,1,0,0,1,1,0,0,1,1,0,1,1,0,1,1,1,0,0,1,1,0,0,1,0,0,1,0,1,1,0,1,0,0,0,0,1,0,0,1,1,1,0,0,0,1,0,0,1,0,0,0,1,0,1,1,1,0,0,0,0,1,0
1,0,1,1,0,1,0,1,0,1,1,0,1,0,1,0,1,1,0,0,0,1,0,1,0,0,1,1,1,0,0,0,0,0,1,1,0,1,1,0,1,1,1,1,1,1,0,0,0,0,0,1,1,1,0,1,1,1,1,0,0,1,1,1,0,1,1,0,0,1,0,0,0,1,0
1,0,0,0,0,0,0,0,0,1,0,0,1,1,0,1,1,0,0,1,1,1,0,1,0,1,1,1,1,0,0,0,1,1,1,0,1,1,1,0,1,0,1,1,1,0,0,0,0,1,1,1,1,1,0,1,0,1,0,0,0,0,1,0,0,1,1,1,0,1,0,1,0,1,0
1,1,1,0,1,0,1,0,1,1,0,1,0,0,0,0,1,0,0,1,0,1,0,1,1,1,1,1,1,0,1,0,1,0,1,0,0,0,1,1,0,1,0,1,1,1,0,0,0,1,1,1,1,0,0,1,1,1,1,0,0,1,0,0,1,1,0,0,0,1,0,1,0,0,0
1,0,1,0,0,1,0,1,0,1,1,1,0,0,1,1,1,0,1,0,1,1,0,1,0,1,1,1,0,0,1,0,0,0,0,0,0,1,1,1,1,1,0,1,1,0,0,0,1,1,1,1,1,1,0,0,0,1,1,0,0,1,1,0,1,0,1,0,0,1,0,0,0,1,0
1,0,1,1,1,1,0,1,0,1,1,1,0,0,1,0,1,1,1,0,1,1,0,1,1,1,1,0,0,0,1,0,0,0,0,0,0,0,1,0,1,1,0,1,0,0,0,1,0,1,1,1,1,0,0,1,1,0,0,1,0,1,1,0,1,0,0,0,1,1,0,0,1,1,0
1,0,0,0,1,0,0,1,0,1,0,0,0,0,0,1,1,0,0,0,0,1,0,1,0,0,0,1,0,1,1,0,1,0,0,1,0,1,0,1,1,0,0,1,0,1,0,0,1,0,0,1,1,1,0,1,0,1,1,0,0,1,1,1,0,1,1,1,0,1,0,0,0,1,0
1,1,0,0,0,0,0,1,0,1,0,0,0,0,1,1,1,0,0,0,0,0,1,1,0,0,0,0,0,0,0,0,0,0,0,1,0,0,0,1,1,1,0,1,0,1,1,0,0,1,1,1,1,1,0,0,0,0,1,1,0,1,1,1,1,0,0,0,0,1,0,1,1,1,1
1,0,1,1,1,1,0,1,1,0,0,0,1,1,0,0,1,0,1,0,0,1,0,1,0,1,1,0,0,1,0,0,1,0,1,1,0,1,0,0,1,1,0,1,1,0,0,0,1,0,0,1,1,0,0,1,0,1,1,0,0,1,1,0,1,0,1,0,0,0,0,1,0,1,1
1,0,0,1,1,0,0,1,0,0,0,1,1,1,1,1,0,1,1,0,1,1,0,1,0,0,1,1,1,0,1,1,0,1,0,1,1,1,0,1,0,0,1,1,1,0,1,0,0,0,0,1,1,1,1,1,0,0,0,0,1,0,0,0,1,0,1,0,1,1,1,0,1,1,0
1,1,0,0,0,0,0,0,0,1,0,1,0,1,0,1,1,1,1,1,1,1,0,0,0,0,1,0,1,0,0,0,0,0,0,0,1,0,1,1,1,0,1,1,1,0,1,0,1,1,0,1,0,0,1,0,0,1,1,0,0,0,1,1,1,1,1,0,1,1,1,0,1,1,0
1,0,1,1,0,1,1,1,0,0,1,1,1,0,0,1,1,0,1,0,0,1,1,1,0,1,1,1,0,1,0,0,0,0,1,0,1,0,0,0,0,1,0,1,0,1,1,0,0,1,1,0,1,0,1,1,1,0,0,1,0,1,1,0,1,0,1,0,0,1,1,1,1,0,0
1,1,0,1,1,0,0,1,1,0,0,1,0,0,1,0,0,1,1,0,0,1,1,1,0,0,1,0,1,1,0,1,0,0,0,0,0,1,1,0,1,1,0,1,1,1,1,0,0,1,1,1,1,1,0,1,0,1,0,1,1,1,0,0,1,0,0,1,1,1,1,1,0,1,0
1,1,1,0,0,0,0,1,1,0,0,0,1,0,1,0,0,1,1,0,0,0,0,1,0,0,1,1,1,1,0,1,0,0,0,1,0,1,0,1,1,1,0,1,1,0,1,0,0,0,1,1,1,0,0,1,0,0,1,1,0,1,1,0,0,1,0,0,0,1,0,1,1,1,0
1,0,1,0,1,1,0,1,0,1,0,1,0,0,0,1,0,0,1,0,1,1,0,1,0,0,1,1,0,1,0,0,0,0,0,0,0,0,1,0,1,1,0,1,1,0,0,0,0,0,1,1,1,0,1,0,0,1,1,0,0,1,1,0,1,0,0,0,1,1,0,1,0,1,0
1,0,0,0,1,0,0,1,1,1,0,0,1,0,1,1,1,1,0,0,1,1,0,0,0,0,0,0,1,0,1,1,0,1,1,1,0,0,1,0,1,1,0,1,0,1,0,1,0,0,1,1,1,0,1,1,1,1,1,1,0,1,1,0,0,1,0,0,1,1,1,1,0,1,0
1,0,0,0,1,1,0,1,0,1,1,1,0,0,1,0,1,1,1,0,0,1,0,0,0,0,1,0,0,0,0,1,0,0,0,1,0,1,0,1,1,0,0,1,1,0,0,1,0,1,1,1,1,1,0,1,1,1,1,0,0,1,1,0,0,0,0,1,1,1,0,0,1,1,1
1,0,1,0,1,0,0,1,0,0,1,1,1,0,0,0,0,0,0,1,1,1,0,1,0,0,1,1,1,0,0,1,1,0,0,1,0,1,1,0,1,1,1,1,0,0,0,0,1,1,1,1,1,0,1,1,0,1,1,1,1,0,0,0,0,0,0,1,1,1,1,1,0,1,0
1,1,1,0,0,1,1,1,0,1,1,1,1,0,0,0,1,1,1,1,1,1,0,0,0,1,0,0,1,0,0,1,1,0,0,1,1,0,1,0,1,1,1,1,1,0,1,1,0,0,1,0,1,1,0,1,1,0,1,0,1,0,1,0,0,0,1,1,0,1,0,0,0,1,0
0,0,1,1,1,0,0,1,0,1,0,1,0,0,1,1,0,1,0,0,0,1,0,1,0,1,1,0,0,1,1,0,0,0,0,0,0,0,0,0,0,0,0,1,1,1,0,0,0,0,0,1,0,0,1,1,0,0,1,1,1,1,1,0,0,1,0,1,0,1,0,1,0,1,0
0,0,1,1,1,1,0,1,0,0,1,0,0,0,0,0,1,1,1,0,0,1,0,0,0,1,0,1,1,1,1,1,1,0,1,0,0,1,0,0,0,1,0,1,1,0,0,0,0,1,1,1,1,0,1,1,0,1,1,1,0,1,1,0,1,0,1,1,0,1,0,0,0,1,0
1,0,1,1,0,1,0,1,0,1,1,0,0,0,0,0,1,0,0,0,0,1,0,0,1,0,1,0,0,0,0,1,1,0,1,0,0,0,0,0,1,1,0,1,0,0,0,1,1,1,1,0,1,0,0,0,1,1,0,0,0,1,1,0,0,0,1,1,0,1,1,1,0,1,0
1,0,1,0,1,1,0,1,0,0,1,1,0,0,0,0,1,1,1,0,0,1,0,0,1,0,1,1,0,0,1,0,1,0,0,0,1,0,1,0,1,1,0,1,0,1,1,0,0,1,1,1,1,1,1,1,0,1,1,1,1,1,1,0,0,1,1,1,1,1,1,0,0,1,0
0,0,0,1,1,0,0,1,0,0,0,1,0,0,0,1,1,1,1,0,1,1,0,1,1,1,1,1,1,0,1,0,1,1,1,0,0,0,1,0,1,0,1,1,0,1,1,1,1,1,1,1,1,0,1,1,1,1,0,1,0,1,1,0,1,0,1,1,0,1,1,1,0,0,0
1,0,0,1,1,1,0,0,0,0,0,1,0,0,0,1,1,1,0,1,0,1,1,1,0,0,0,1,1,1,0,0,1,0,0,0,0,0,0,1,1,0,0,0,0,1,1,0,1,1,1,0,1,1,0,0,0,0,0,0,0,0,1,0,0,1,1,1,0,1,1,0,1,1,0
1,0,1,0,1,1,0,0,0,1,0,1,1,1,0,0,1,1,0,1,1,0,0,1,0,0,1,1,0,0,1,1,0,1,1,0,1,1,1,0,1,1,0,1,1,1,1,0,0,1,1,1,1,0,0,0,0,0,0,0,1,0,1,0,1,1,0,1,1,1,0,0,1,0,0
1,1,0,0,1,0,0,1,1,0,0,1,1,0,0,0,0,0,1,0,1,1,0,1,0,1,0,0,1,0,0,1,1,1,0,1,0,0,1,0,1,1,1,1,1,0,0,0,0,0,1,1,1,0,0,0,0,0,1,1,1,1,1,0,1,0,0,1,0,1,0,1,1,1,1
1,0,1,0,0,1,0,1,0,0,0,1,1,0,0,0,1,1,1,0,0,0,1,1,1,0,0,1,0,0,1,1,1,0,0,0,0,0,1,0,1,1,1,1,0,1,1,0,1,0,0,1,1,1,0,0,0,0,1,0,0,1,1,1,1,0,0,0,1,1,1,0,0,1,0
1,0,0,0,0,0,0,1,1,1,1,1,0,0,0,1,1,1,0,0,0,1,1,1,0,0,0,0,0,0,0,0,1,1,1,1,1,1,0,1,1,0,0,1,1,1,0,1,1,1,1,0,1,1,0,0,1,1,1,0,0,1,1,1,1,0,0,0,1,1,1,0,0,0,0
0,0,0,1,1,0,0,1,0,1,0,0,0,0,0,0,1,1,0,1,1,1,0,0,1,1,1,1,1,1,0,1,1,0,1,1,1,1,0,1,1,0,0,0,0,1,1,1,1,0,0,0,1,1,0,0,1,1,0,0,0,1,1,0,1,1,1,1,0,0,0,0,0,1,0
1,0,0,1,1,0,0,1,1,1,0,1,0,0,0,0,1,0,1,1,0,1,0,0,0,0,1,0,1,0,1,0,0,0,0,0,0,1,0,1,1,0,0,1,0,0,1,1,0,1,1,0,1,1,0,1,0,0,0,1,1,1,0,0,1,0,1,1,1,1,0,1,1,1,0
1,1,0,1,1,1,0,1,1,0,1,1,1,0,0,0,1,0,0,1,0,1,0,0,0,0,1,1,0,1,1,0,0,0,1,1,0,1,1,1,1,0,0,0,1,0,0,1,0,1,1,1,0,0,0,1,1,0,1,0,1,1,1,1,1,0,1,1,1,1,0,1,0,0,0
1,0,1,1,1,1,0,1,0,0,0,0,1,0,0,0,1,1,0,1,0,1,0,0,1,0,0,0,0,0,0,1,0,0,0,0,0,1,0,0,0,1,1,1,0,1,0,1,0,0,1,1,1,0,0,1,1,1,0,0,0,0,0,0,1,1,1,0,1,1,0,0,1,0,1
0,0,0,0,1,0,0,1,0,1,0,0,1,0,1,1,1,1,1,0,0,1,0,1,0,0,1,0,0,1,1,1,0,0,1,1,0,1,1,0,0,0,1,1,0,1,0,1,0,1,1,1,1,1,1,0,1,0,1,1,0,0,0,0,1,0,0,0,0,1,1,1,0,1,1
1,0,0,1,1,0,0,0,0,0,0,1,1,0,1,1,1,0,0,0,0,0,1,1,1,0,1,0,1,0,0,1,1,0,0,0,0,0,0,1,1,0,1,1,0,1,0,0,1,1,1,1,1,0,1,1,0,0,0,0,0,0,0,0,0,1,0,1,1,1,1,0,0,1,0
0,0,0,0,1,1,0,0,0,1,0,1,1,1,0,0,1,1,0,0,1,1,0,1,1,0,1,0,1,0,1,1,1,0,1,0,0,0,1,0,1,1,0,1,0,0,0,1,1,1,1,1,1,0,0,0,1,1,0,1,1,0,0,0,0,1,0,1,0,1,0,0,0,1,0
1,0,1,0,0,0,0,1,0,0,1,1,0,0,1,1,1,1,0,0,0,1,1,1,0,1,1,1,0,1,1,1,0,0,1,0,1,0,1,0,1,1,0,1,0,1,1,0,0,1,0,0,1,0,1,0,0,1,0,1,1,0,1,0,0,0,0,0,0,1,1,1,1,0,1
1,1,1,0,0,1,0,1,0,0,0,0,1,0,0,0,1,1,1,0,1,0,1,1,1,0,1,1,0,1,0,0,0,0,0,1,1,0,0,1,0,1,1,1,1,0,0,1,1,0,1,1,1,1,0,1,1,1,0,1,0,1,0,0,1,0,0,1,1,1,1,0,0,0,0
1,0,0,1,1,1,1,1,1,0,0,0,0,0,0,1,1,0,0,0,0,0,1,1,0,0,0,0,0,0,0,0,0,0,1,1,0,0,0,1,1,1,0,1,1,1,0,1,0,1,1,0,1,0,1,1,0,0,1,1,0,1,1,0,0,0,0,0,1,1,0,0,1,0,0
1,0,0,1,0,0,0,1,0,0,0,1,0,0,0,1,1,1,1,0,0,1,0,1,1,1,0,1,1,0,0,0,1,0,0,1,0,1,0,1,1,0,0,1,1,0,0,1,0,1,0,1,0,1,0,0,1,1,0,1,1,0,0,0,1,0,0,1,1,0,0,0,0,1,0
1,1,1,1,1,0,0,0,0,0,0,1,1,0,0,1,1,1,0,0,1,1,0,0,0,0,1,1,1,1,1,1,1,0,1,0,0,0,1,0,1,0,1,1,0,1,1,1,1,0,1,1,1,0,1,1,1,1,0,0,1,0,1,1,1,0,0,0,0,1,0,1,0,1,0
1,0,0,1,0,1,0,1,0,1,0,0,0,0,0,0,1,1,1,0,0,1,1,1,0,0,0,1,0,0,0,0,0,0,1,1,0,0,0,1,1,0,1,1,1,0,1,0,1,0,1,1,1,1,1,1,0,1,0,0,0,1,1,1,0,0,0,1,0,1,0,1,0,1,0
1,0,0,0,1,1,0,1,0,0,1,1,0,1,0,0,1,1,1,0,1,1,0,0,0,0,1,1,1,1,1,1,0,0,1,0,1,0,1,0,1,0,0,1,1,1,1,1,0,1,1,0,1,0,0,1,1,0,1,0,0,0,1,1,0,0,1,1,0,1,0,1,1,0,0
1,1,1,1,1,0,1,1,1,1,0,1,0,0,0,1,0,1,0,0,1,1,1,1,0,1,0,1,1,0,0,0,1,0,1,1,0,1,0,1,1,0,0,1,1,1,0,0,0,1,0,1,0,0,1,1,0,0,0,1,1,0,1,1,1,0,1,0,1,1,0,0,0,1,0
1,0,0,0,1,1,0,1,0,0,1,1,1,0,0,0,1,1,0,0,0,1,1,1,1,0,1,0,1,1,0,0,1,0,0,0,0,0,1,0,1,1,0,1,1,1,0,0,0,1,0,0,1,0,1,0,0,1,0,0,1,1,1,1,1,0,0,0,0,1,1,0,0,0,1
1,1,0,0,0,0,0,1,0,0,1,1,0,0,1,0,1,1,1,1,1,1,0,1,0,0,1,0,0,1,0,1,0,0,1,1,1,1,0,0,1,1,0,1,1,0,0,0,0,1,0,0,0,0,0,0,0,0,1,1,1,0,1,1,1,0,1,0,0,1,0,1,1,1,1
1,1,0,1,0,1,0,1,0,0,0,1,0,0,1,0,1,1,0,0,0,1,0,1,0,1,1,1,1,0,1,0,1,1,0,0,0,1,1,0,1,1,0,1,1,1,1,0,0,0,1,0,1,1,0,0,0,0,0,1,1,1,0,0,0,0,1,0,0,1,1,1,0,1,0
1,1,0,1,0,1,0,1,1,1,0,1,0,0,1,1,1,1,1,0,1,0,0,1,0,1,1,0,0,1,1,1,0,0,1,0,0,0,1,0,1,1,0,1,0,1,0,0,0,1,0,1,1,1,0,1,0,1,1,0,0,1,1,0,1,0,0,0,0,1,0,1,0,1,0
1,1,0,1,0,0,0,1,0,0,1,1,0,0,0,0,0,0,0,0,0,1,0,0,0,0,1,0,0,0,1,0,0,0,1,0,0,0,0,0,1,1,1,1,0,1,1,0,0,1,1,1,1,0,0,1,0,0,0,1,0,1,1,1,0,1,1,1,0,1,1,1,0,0,0
1,1,1,1,1,1,0,1,1,0,0,1,0,0,0,1,0,0,0,0,1,1,0,0,1,0,1,0,0,1,0,0,1,0,1,0,0,0,1,0,1,0,0,1,1,1,0,1,1,1,1,1,1,1,0,0,0,0,0,0,0,1,1,0,0,0,0,0,1,1,0,1,0,1,1
0,0,0,1,1,0,0,1,0,1,0,1,1,0,1,0,1,0,1,0,1,1,1,1,0,1,0,1,0,1,0,0,0,0,0,1,1,1,1,0,1,1,0,1,0,0,0,1,0,1,1,0,1,0,1,1,1,0,0,1,0,0,0,0,1,0,0,1,0,1,1,1,1,1,0
1,0,0,0,0,1,0,0,1,1,1,1,1,0,1,0,1,1,0,1,1,1,1,0,0,0,1,0,1,1,0,0,0,1,1,0,1,0,1,0,1,0,0,0,1,1,1,1,0,1,1,0,1,1,0,1,1,0,0,0,0,0,1,1,0,1,1,1,0,1,0,0,0,0,1
1,1,0,1,0,1,0,1,1,1,1,0,0,0,1,1,0,0,1,0,0,0,0,1,0,0,1,1,0,0,0,1,0,0,0,1,0,0,1,0,0,1,0,1,1,1,0,1,0,1,1,1,1,1,0,1,1,0,0,0,0,0,0,0,0,0,0,0,0,1,1,0,0,1,0
1,0,0,1,0,0,0,1,0,1,1,0,0,0,1,1,1,0,1,0,1,0,0,1,1,1,1,1,0,0,1,0,0,1,1,1,1,0,0,1,1,0,1,1,0,1,1,0,1,1,1,1,1,1,0,0,0,1,0,0,1,0,0,0,0,0,1,1,1,1,1,0,0,1,0
1,0,0,1,0,0,1,1,1,1,0,1,0,0,0,1,1,0,1,0,1,1,1,1,0,0,1,0,1,1,1,1,1,0,0,0,0,0,1,0,1,1,0,1,0,1,0,1,0,1,1,1,1,1,0,1,1,0,1,1,0,0,1,1,1,0,0,0,0,1,0,1,1,1,1
1,1,0,1,0,0,0,1,1,1,0,0,0,0,0,0,1,1,1,0,0,1,0,1,0,1,0,1,1,1,1,0,1,0,1,1,0,1,0,1,1,0,1,1,0,1,0,0,0,1,1,1,1,0,0,1,0,1,0,0,0,1,0,1,0,1,1,1,0,1,1,0,1,1,0
0,0,0,1,1,0,0,1,0,0,1,1,0,0,0,1,1,0,0,0,1,1,0,1,0,1,1,0,1,0,0,0,1,0,0,0,0,0,1,0,1,1,0,1,1,1,0,0,1,0,1,1,1,1,0,1,0,1,0,0,1,0,1,0,0,0,0,1,0,1,0,1,0,1,0
1,1,0,1,0,0,0,1,1,1,0,0,1,0,1,0,1,0,1,1,0,1,0,1,0,0,0,1,1,1,0,1,0,0,1,0,1,1,1,0,1,0,1,1,1,1,0,1,0,1,1,1,1,1,0,1,0,1,1,1,0,0,0,0,0,0,0,0,1,1,1,1,1,1,0
1,0,0,1,0,1,0,1,0,0,1,1,1,0,1,1,1,1,1,0,0,0,0,1,0,0,1,0,0,1,1,0,0,0,1,1,0,0,0,1,1,0,1,1,1,1,1,0,0,0,0,1,1,1,0,0,0,0,1,1,1,0,1,0,0,0,1,1,1,1,1,0,0,1,0
1,0,0,1,1,0,0,1,0,0,1,0,0,0,0,0,1,1,0,0,1,1,0,1,0,1,1,1,1,1,1,0,1,1,1,0,0,1,1,0,0,0,0,1,1,1,0,0,0,1,0,1,1,0,1,1,0,1,0,0,0,0,1,0,1,0,0,1,1,1,0,0,1,1,0
1,1,0,1,1,1,0,1,0,1,0,0,0,0,0,1,1,1,0,1,1,1,0,1,1,0,0,1,0,1,0,1,1,0,0,1,0,0,0,1,0,1,0,1,1,1,1,0,1,0,1,0,1,1,0,1,0,0,0,0,0,1,0,0,1,1,0,0,1,1,1,0,0,1,0
1,0,1,0,0,1,1,1,1,1,0,1,0,0,0,1,1,0,1,0,1,0,1,1,0,1,1,0,1,0,1,1,1,1,1,1,1,1,0,1,1,1,1,1,0,1,0,1,1,0,1,1,1,0,1,1,1,0,1,1,1,0,1,0,1,0,1,1,1,1,1,1,1,1,0
1,0,0,1,0,0,0,0,0,1,0,1,0,0,0,0,1,0,0,0,0,1,1,1,1,1,1,1,0,0,1,0,0,0,1,0,1,0,1,0,1,0,1,1,0,0,1,0,0,1,1,0,1,0,0,0,0,0,0,0,1,1,0,0,1,1,0,1,0,1,1,0,1,1,0
1,0,1,1,0,1,0,1,0,1,1,0,0,0,1,0,1,0,0,0,0,1,0,1,1,1,1,1,0,1,0,1,0,0,0,1,0,1,0,1,0,1,1,1,1,0,0,0,0,1,1,1,1,1,0,1,0,0,0,1,0,1,0,1,0,0,0,0,1,1,0,0,0,1,0
1,1,1,1,1,0,1,1,0,1,0,1,1,1,0,0,0,0,1,0,1,1,1,1,0,0,1,1,1,1,1,0,1,0,0,1,0,0,0,0,1,1,0,1,1,0,1,0,1,0,1,1,1,1,0,1,0,0,1,1,1,0,1,1,1,0,1,1,1,1,1,1,0,1,1
0,0,1,0,1,0,0,1,0,1,1,1,1,0,1,0,0,0,1,1,0,1,0,0,1,0,1,0,0,1,1,1,0,1,0,1,0,0,0,0,1,0,1,1,1,0,0,1,1,0,1,1,1,0,0,1,1,0,1,0,0,0,1,1,1,0,0,1,1,0,1,0,0,1,1
1,0,0,0,0,1,0,1,0,0,1,1,0,0,0,1,1,0,1,0,1,1,1,1,0,0,1,1,1,0,1,1,0,0,1,0,0,0,1,0,1,0,0,1,0,0,0,1,0,1,1,0,1,1,0,1,0,0,1,0,1,0,1,0,1,0,0,0,1,1,0,0,1,0,0
1,0,0,1,1,0,0,1,1,0,0,1,1,1,1,0,0,0,0,1,1,1,0,1,0,1,1,0,1,1,1,0,1,0,1,1,0,1,1,0,1,1,0,1,1,1,0,1,0,1,1,1,1,1,1,1,1,0,1,0,1,0,1,0,1,0,0,1,0,1,0,0,1,0,0
1,0,0,1,1,0,0,1,0,1,0,1,0,0,0,1,1,0,1,0,0,1,0,1,0,0,1,0,1,1,1,1,1,0,0,0,0,1,1,0,1,1,1,1,0,0,0,1,1,1,1,1,1,1,0,1,1,1,0,1,1,0,0,0,1,0,0,0,0,1,1,1,0,1,0
1,0,1,1,0,0,0,0,0,0,0,1,0,0,1,0,1,1,0,0,1,0,0,1,0,1,0,1,0,1,0,0,0,1,0,0,1,0,0,0,1,1,0,1,0,1,0,0,0,1,1,1,1,1,0,1,1,0,0,0,0,0,0,0,1,1,1,0,1,1,1,0,1,1,0
0,0,0,0,1,0,0,0,0,1,0,0,0,1,1,1,1,1,0,0,1,1,0,0,0,0,1,1,1,1,1,0,1,1,0,1,1,0,0,1,1,0,0,1,0,1,0,1,0,1,1,1,0,1,0,0,0,0,1,1,0,1,1,0,0,1,0,1,1,0,0,0,0,1,1
0,0,1,0,1,0,0,1,1,0,1,1,1,0,0,1,0,1,1,0,0,1,1,1,0,0,1,0,0,1,1,0,1,0,0,1,1,0,0,1,1,1,1,1,0,0,0,0,1,0,1,0,1,0,1,1,1,0,1,1,1,0,1,0,1,0,0,1,0,0,1,1,0,1,0
1,0,1,1,1,0,1,1,0,0,1,0,1,0,1,1,0,1,0,0,0,1,1,1,0,0,1,0,1,0,0,0,1,0,1,1,1,0,0,1,1,0,0,1,1,1,1,0,0,0,0,0,1,0,1,1,1,1,1,0,0,1,1,1,0,1,1,0,0,1,0,0,1,1,0
1,0,1,1,0,0,0,1,0,1,1,1,1,0,1,0,0,1,0,1,0,1,0,0,1,1,0,1,1,0,1,0,0,0,0,1,1,1,1,0,0,1,0,1,0,0,1,0,0,0,1,1,1,1,1,1,0,0,0,1,1,1,0,1,1,1,0,0,0,1,1,1,0,1,0
1,1,1,0,0,1,0,1,1,0,1,0,0,0,1,0,1,0,1,0,1,1,1,1,0,1,0,0,1,0,0,0,0,0,1,1,1,1,0,0,1,1,0,1,1,0,1,0,1,1,1,0,1,1,0,1,0,0,1,0,0,0,1,0,1,0,1,0,1,1,0,1,0,1,0
1,0,0,0,0,0,0,0,1,0,0,0,0,1,1,1,1,0,0,0,0,1,0,1,0,1,1,0,0,0,1,1,0,1,1,1,1,0,0,1,0,0,0,1,0,1,0,0,0,1,1,0,1,0,1,1,0,1,0,0,0,1,1,1,0,1,0,1,1,1,1,0,0,1,0
1,0,1,0,0,0,1,1,0,0,1,1,1,0,1,1,0,0,0,1,0,1,1,1,0,1,1,0,1,0,1,1,1,1,1,1,1,1,0,0,1,1,0,1,0,1,1,0,0,1,1,1,1,1,0,1,0,1,1,1,1,0,1,0,0,0,1,1,1,1,0,0,1,1,1
1,0,0,0,1,0,0,1,0,0,0,1,0,0,0,0,1,0,0,0,0,1,1,1,1,1,1,0,0,1,0,0,0,0,0,0,0,0,0,1,1,1,0,1,1,1,0,1,0,1,1,0,1,0,1,1,0,1,1,1,0,0,1,0,1,1,0,0,0,1,0,1,1,1,0
1,0,1,1,0,0,0,1,0,0,1,1,1,0,0,0,1,1,1,0,0,1,0,1,0,1,1,0,1,0,0,1,1,0,1,1,0,0,0,0,1,1,1,1,1,0,1,0,0,1,1,1,1,1,0,0,1,0,0,0,1,1,1,0,0,1,0,1,1,1,0,0,1,1,0
1,0,0,0,0,0,0,1,1,1,1,1,0,0,1,0,1,1,0,0,0,1,1,1,0,1,0,0,1,0,1,0,1,0,0,0,0,0,0,0,0,1,0,1,0,1,1,0,1,0,1,0,1,1,1,0,0,1,1,0,1,1,1,1,0,0,1,1,0,1,0,1,0,1,1
0,0,1,0,0,0,0,1,0,0,1,0,1,1,0,0,1,1,0,0,0,1,1,0,0,0,1,0,1,0,0,1,1,0,1,0,0,0,1,0,1,0,0,0,0,1,0,0,1,1,1,0,1,0,0,1,0,1,1,1,0,0,1,0,0,1,1,0,1,1,0,1,0,1,0
1,0,0,1,1,1,0,1,1,0,0,1,1,0,0,1,1,1,0,1,0,1,1,1,1,0,1,0,0,1,1,0,1,0,1,0,1,0,1,0,1,1,1,1,1,1,1,0,0,1,1,0,1,1,1,1,0,0,0,0,0,1,1,1,0,0,1,1,0,1,0,0,1,1,0
1,1,0,1,0,0,0,1,0,0,0,1,0,0,1,0,1,0,1,1,0,1,0,1,0,1,1,0,0,1,1,0,0,0,0,1,1,1,1,0,1,1,0,1,1,1,0,0,1,0,1,0,1,1,0,0,0,1,0,1,1,1,1,1,0,1,1,1,1,0,0,1,0,1,0
1,0,0,0,1,1,0,1,0,1,1,0,1,0,1,0,1,0,1,0,0,1,0,1,0,0,1,1,1,0,1,1,1,0,0,1,1,1,0,1,0,1,0,1,0,0,0,0,1,1,1,1,1,1,0,1,1,1,1,0,0,1,1,0,1,0,1,0,0,1,1,0,0,1,1
1,0,1,1,0,0,0,1,0,0,0,1,0,0,1,0,0,1,0,0,1,1,1,1,0,1,0,1,0,0,1,1,0,0,0,0,0,1,0,0,1,1,0,1,0,1,1,0,1,1,1,1,1,1,1,1,0,1,0,0,0,1,0,0,1,0,1,0,0,1,0,0,0,1,0
1,1,0,0,0,0,0,1,0,0,1,0,1,1,0,0,0,0,0,0,0,1,1,1,0,1,0,1,1,0,1,1,1,1,1,1,0,0,0,1,1,0,1,1,0,1,0,0,0,0,1,0,1,1,0,1,0,1,0,1,0,1,0,1,1,0,0,0,1,1,1,1,1,1,0
1,0,1,1,1,0,0,0,0,0,0,1,1,0,1,0,1,1,1,0,1,1,0,0,0,1,1,1,0,1,0,0,0,1,0,1,0,1,0,0,0,1,0,1,1,0,0,1,0,0,1,1,1,1,0,1,1,1,0,0,1,0,1,1,0,1,1,1,0,1,0,1,0,1,1
1,0,0,0,1,1,0,1,1,0,0,1,1,0,0,0,1,0,1,0,1,1,1,1,0,0,1,0,1,0,1,1,1,0,0,0,1,0,0,1,1,1,1,1,1,0,0,0,1,0,0,1,1,0,0,1,0,1,1,0,0,0,1,1,0,0,0,1,0,1,1,0,0,1,1
1,0,0,0,0,1,0,1,0,0,1,1,1,0,1,1,1,0,0,0,1,1,1,1,0,0,0,0,1,0,0,0,0,1,0,1,1,0,0,1,1,0,1,1,1,0,0,0,1,0,1,0,1,0,1,1,1,1,1,0,1,1,1,1,1,0,0,0,1,1,1,0,1,0,0
1,0,0,0,1,1,0,1,1,0,1,1,1,1,1,1,1,0,1,1,1,1,1,1,1,1,0,1,0,0,1,1,0,0,1,0,1,0,1,1,1,0,0,1,1,0,0,1,0,0,1,0,1,1,0,1,0,1,0,0,1,0,0,0,1,1,0,0,1,0,0,0,1,0,0
1,0,1,1,1,0,0,0,0,0,1,1,1,1,0,0,1,0,0,0,1,1,0,0,0,1,1,1,1,0,1,0,1,1,0,0,1,0,1,0,1,1,0,1,0,1,0,0,0,1,1,1,1,0,0,1,0,1,1,1,0,1,1,0,1,0,1,1,1,1,0,1,0,1,1
0,1,1,1,0,0,0,1,0,1,1,1,0,0,1,1,0,0,1,1,1,0,0,0,0,0,0,1,0,0,1,1,0,0,1,0,0,1,1,0,1,1,1,1,1,0,0,1,1,1,1,1,1,0,0,1,1,1,0,0,1,0,0,0,0,1,0,0,0,0,1,0,0,1,1
1,0,1,1,1,0,0,1,1,1,0,0,1,0,0,0,1,0,1,1,0,0,0,0,0,0,1,0,1,0,0,0,1,0,1,0,0,0,0,0,1,1,0,1,1,0,0,0,1,1,1,1,1,0,1,1,0,1,1,1,0,0,0,0,1,0,1,0,0,1,0,0,0,1,1
1,0,1,0,1,1,0,1,1,0,1,1,0,0,0,0,1,0,1,1,0,0,0,0,1,1,1,1,0,1,1,1,0,0,1,0,1,0,0,0,1,1,0,1,1,0,1,0,0,1,1,1,1,0,0,1,0,0,0,0,1,1,1,0,1,0,1,0,0,1,0,1,1,0,0
1,0,0,1,0,0,0,1,0,1,0,0,1,0,1,0,1,1,1,0,1,1,1,1,0,0,1,1,1,1,0,1,0,0,0,0,0,0,1,0,1,1,0,1,0,0,1,0,1,1,1,0,1,1,0,1,0,0,1,0,0,0,1,0,1,0,0,1,0,1,0,1,1,1,0
1,0,1,1,0,0,0,1,1,1,0,1,1,0,0,0,1,0,0,0,0,1,0,0,0,1,0,1,0,1,0,0,0,0,0,0,0,0,1,0,1,1,1,1,1,1,0,1,1,0,1,1,1,1,0,1,1,1,0,0,1,0,1,0,0,0,1,0,1,1,0,1,0,1,0
1,0,0,0,1,0,0,1,1,1,0,0,0,0,1,0,1,1,1,0,1,1,0,1,0,0,1,1,0,0,0,0,0,0,0,0,0,0,0,1,0,0,0,0,1,0,1,0,0,1,1,0,1,1,1,1,0,0,0,1,0,1,1,0,0,0,0,1,1,1,1,0,0,1,1
1,0,0,1,1,1,0,1,1,1,0,1,1,1,0,1,0,0,0,0,1,0,1,1,1,1,1,0,1,1,1,1,1,0,0,0,0,1,1,0,1,1,0,1,0,1,0,0,1,1,1,1,1,0,1,0,0,1,1,1,1,0,1,0,1,0,0,1,0,1,1,1,0,1,0
1,0,1,0,0,0,0,1,1,1,1,1,0,1,1,1,0,1,0,1,0,1,0,1,0,1,1,1,0,1,1,0,0,1,0,0,0,0,1,0,0,1,1,1,0,0,1,1,1,1,1,1,0,0,1,0,1,0,0,1,0,1,0,0,0,0,0,1,0,1,0,1,1,1,0
0,1,1,1,1,0,0,1,0,0,1,1,0,0,1,1,1,1,0,0,1,1,0,1,0,1,1,1,1,0,1,1,1,0,0,0,0,0,1,0,1,0,0,1,1,1,1,1,0,1,1,1,1,0,1,1,1,0,0,1,0,0,1,1,0,1,0,1,0,1,0,1,0,1,0
1,0,0,0,0,1,1,1,1,1,0,0,1,0,0,1,1,0,0,0,1,1,1,1,0,1,1,0,0,1,0,1,0,0,0,0,0,1,0,0,1,0,0,1,0,1,0,1,0,0,1,1,1,1,0,0,0,1,1,1,0,1,1,0,0,0,0,1,1,1,0,1,1,1,0
1,0,0,0,0,1,1,1,0,1,1,0,0,1,0,0,0,0,1,0,0,1,1,1,1,1,1,1,0,1,0,1,0,0,1,1,1,0,0,1,1,1,1,1,0,1,1,1,0,1,1,0,1,1,1,0,1,0,0,1,0,1,1,0,1,0,0,0,0,1,1,1,1,1,0
1,0,1,1,1,1,0,1,0,1,0,0,0,0,1,1,1,1,0,0,1,1,0,1,1,1,1,1,0,0,0,0,0,0,1,0,0,0,1,0,1,1,0,1,1,1,1,0,0,0,1,0,1,1,0,0,0,0,1,0,0,0,1,0,1,0,0,0,1,1,0,0,1,0,0
1,0,0,1,1,1,0,1,0,1,1,1,0,0,1,1,1,1,1,0,1,1,0,1,0,0,1,0,0,1,1,0,1,0,1,1,1,0,1,0,1,1,1,1,1,0,0,1,0,1,0,1,1,1,0,1,1,1,1,0,1,1,0,0,0,0,0,1,0,1,0,0,0,0,0
1,0,0,0,1,0,0,0,0,1,1,0,0,0,0,1,1,1,0,0,1,1,0,0,0,1,0,0,1,1,0,0,0,0,1,0,1,1,1,0,1,1,0,1,1,0,0,0,0,1,1,0,1,0,1,1,0,1,0,0,0,0,1,1,0,1,0,1,1,1,0,0,0,0,1
1,0,1,0,0,1,1,0,0,0,0,1,0,0,0,0,0,0,0,0,1,1,1,1,0,0,1,1,1,0,0,1,0,0,1,0,1,1,1,0,1,1,0,1,1,1,0,0,0,0,1,0,1,0,1,1,0,1,1,0,1,1,1,0,0,1,1,1,0,1,0,1,0,1,0
1,0,0,1,1,0,1,0,1,0,0,1,0,0,0,1,0,0,0,0,0,1,0,0,0,1,0,0,1,0,0,1,1,1,1,1,1,0,0,1,0,0,0,1,1,1,0,0,1,1,0,1,1,0,1,0,0,0,0,1,0,0,1,1,0,1,0,1,1,1,0,1,0,0,1
1,1,1,0,1,0,0,1,0,0,0,1,1,0,0,1,1,1,0,1,1,1,0,1,0,0,1,0,0,0,0,0,1,0,1,0,1,1,0,0,1,0,1,1,1,1,1,1,0,0,1,1,1,1,1,1,0,1,1,0,1,1,1,0,0,0,0,1,1,1,1,0,0,1,0
1,0,1,1,1,0,1,1,1,1,1,1,0,0,1,1,0,1,0,0,1,1,1,1,1,0,1,0,0,0,1,0,0,0,0,1,0,0,0,1,1,0,0,1,0,1,1,0,0,0,1,0,1,0,1,1,0,1,0,1,1,1,0,0,0,1,0,0,1,1,1,0,0,0,0
1,0,1,1,1,1,0,1,1,1,0,0,1,1,0,1,0,0,1,1,1,1,0,1,1,0,1,0,0,1,1,0,1,0,1,1,1,1,1,0,1,1,1,1,0,1,0,1,0,1,1,0,1,0,1,1,1,1,0,1,1,1,0,0,0,0,1,1,1,1,1,1,0,1,1
0,1,1,0,0,0,0,1,0,1,0,0,0,1,1,1,0,1,1,0,0,1,0,1,0,1,0,1,1,1,1,1,0,1,1,1,1,0,0,1,1,0,1,1,0,1,0,0,0,0,1,1,1,0,1,0,0,0,1,1,0,0,0,1,1,0,0,0,1,0,1,1,1,1,0
1,0,0,1,1,1,0,0,0,1,0,1,0,0,1,0,1,0,1,0,1,1,0,1,0,0,1,1,0,0,1,1,0,0,1,0,1,0,1,0,1,1,0,1,0,1,0,0,0,1,0,0,1,1,0,1,0,1,0,0,1,0,1,1,0,1,1,1,0,1,0,0,0,1,0
1,0,0,0,0,0,0,1,0,1,0,1,0,1,1,1,1,1,0,0,1,1,1,1,1,1,1,0,0,1,1,0,0,0,1,1,1,1,0,0,1,1,1,1,0,1,1,1,0,1,1,0,1,1,0,0,1,1,1,1,1,1,1,1,1,0,1,0,0,1,1,1,0,1,0
1,0,0,1,0,1,0,1,1,1,1,0,0,0,0,1,1,1,0,0,1,1,0,1,0,0,0,1,1,1,1,0,1,0,0,0,1,1,1,0,1,0,0,1,0,1,1,1,1,1,1,0,1,1,0,1,1,1,1,0,0,1,1,1,1,0,0,1,1,1,0,1,0,0,0
1,0,1,0,1,1,0,1,1,1,0,1,0,0,0,0,0,1,0,0,0,1,1,1,1,0,1,1,1,1,1,1,1,1,1,1,0,0,0,1,1,1,0,1,0,1,0,0,0,1,0,0,0,1,1,1,0,1,1,1,1,0,1,0,1,0,1,0,0,1,0,0,0,1,1
1,0,1,0,0,1,1,1,1,1,1,1,0,0,0,0,1,1,0,0,1,1,1,1,0,1,1,0,1,0,1,1,1,0,1,1,0,0,1,0,1,1,0,1,0,1,1,0,0,1,1,0,1,0,0,1,1,0,0,0,1,1,1,0,1,0,0,1,0,1,0,0,1,0,0
0,1,0,1,1,0,0,1,0,0,0,0,0,0,1,0,0,0,0,0,0,1,1,1,0,1,1,1,0,1,1,1,0,1,1,0,0,0,0,0,0,1,1,1,1,1,0,0,0,1,1,1,1,1,0,1,0,1,1,1,0,1,0,0,1,0,1,1,1,0,1,1,0,1,0
1,0,0,1,1,0,1,1,0,1,0,1,1,0,0,1,0,1,1,0,0,1,1,1,0,0,1,0,1,1,1,0,0,1,1,0,1,0,0,0,0,0,1,1,1,0,1,1,0,0,1,0,1,0,1,1,1,0,0,1,0,1,1,1,1,0,0,1,0,1,1,1,1,0,1
1,1,1,1,0,0,0,1,0,0,1,1,1,0,0,1,1,1,1,0,0,1,1,1,0,0,0,0,1,0,1,0,1,0,1,0,0,1,1,0,1,1,0,1,0,1,0,1,0,0,1,1,1,1,0,0,0,1,0,0,1,0,1,0,0,0,0,1,1,1,0,0,0,1,0
1,0,0,0,0,0,0,0,0,1,0,1,0,0,1,0,0,1,0,0,0,1,0,0,0,0,0,0,1,0,1,1,0,1,1,1,0,1,1,0,1,1,1,1,0,1,1,1,1,1,1,1,1,1,1,1,1,0,0,0,1,0,1,1,1,1,0,0,1,1,1,0,0,0,1
1,0,0,0,0,0,0,1,0,1,1,1,0,0,1,1,1,1,1,0,1,1,0,1,1,0,1,0,1,1,1,1,0,0,1,1,1,0,1,1,1,0,0,1,1,1,0,0,1,1,1,1,1,1,0,1,0,1,1,1,1,0,1,1,1,0,0,0,1,0,1,1,0,1,0
1,0,0,0,0,1,0,0,1,1,0,1,0,0,0,0,0,0,0,0,0,1,0,1,0,0,0,0,1,1,1,0,0,0,1,1,1,0,0,1,1,0,0,1,0,0,0,0,1,1,1,1,1,1,0,1,0,1,0,1,0,1,0,0,0,1,0,1,0,1,0,1,0,0,1
1,1,0,1,1,1,0,1,0,0,0,1,1,0,1,0,1,1,1,0,0,0,0,0,1,0,1,1,0,1,0,0,0,0,1,0,0,1,1,0,1,0,0,1,1,1,1,1,0,0,0,1,1,1,0,1,1,0,0,0,1,1,0,0,0,0,0,1,1,1,0,0,0,1,0
0,1,0,1,1,0,0,1,0,1,0,1,1,0,0,0,1,0,1,1,1,1,0,0,1,0,1,0,1,1,0,1,1,0,0,0,1,1,1,0,1,1,1,1,0,0,0,0,1,1,1,0,1,1,0,0,0,0,0,0,0,0,0,0,1,0,0,0,0,1,0,1,0,1,1
1,0,1,1,1,0,1,0,0,0,0,1,1,0,1,0,0,0,1,0,1,1,0,1,1,0,1,1,1,1,1,0,0,0,1,0,1,1,1,0,1,1,0,1,0,1,1,1,0,1,1,1,1,1,0,1,1,1,0,1,0,0,1,0,0,1,1,1,0,1,1,1,0,1,1
1,0,1,1,0,1,0,1,0,0,0,1,0,0,0,0,1,0,1,0,1,1,0,1,0,1,1,0,0,1,1,1,1,0,1,0,0,0,1,0,1,1,1,1,0,1,0,0,1,0,1,1,1,1,0,1,0,1,0,1,1,0,1,0,1,0,0,0,1,1,1,1,0,1,0
0,0,1,1,1,1,0,1,0,1,1,0,0,0,0,0,1,0,1,0,1,1,0,1,0,1,1,0,1,1,0,0,1,0,0,0,0,1,1,0,1,1,1,1,1,0,0,0,0,1,1,1,1,1,0,1,1,1,1,0,0,0,1,1,1,0,0,0,0,1,0,1,1,0,1
0,0,1,0,0,0,0,1,0,0,1,1,0,0,0,1,0,0,0,0,0,1,1,1,1,0,1,0,0,0,0,1,0,0,0,1,0,0,1,1,1,0,1,0,1,0,0,0,0,1,1,0,1,1,0,1,0,0,1,0,0,0,1,0,0,1,1,1,1,0,1,0,1,1,0
1,0,0,1,1,0,0,1,1,0,1,1,0,0,0,1,0,0,0,0,0,1,0,1,1,1,1,0,0,1,1,0,0,0,0,0,0,0,1,0,1,0,0,1,0,1,1,1,0,0,1,0,1,0,1,1,1,1,0,1,1,1,1,1,1,1,0,1,0,1,0,1,1,0,0
0,1,1,0,0,0,0,1,1,0,1,1,0,0,0,0,0,0,0,0,0,1,1,1,0,0,1,0,0,0,1,1,1,0,1,0,0,0,1,0,0,1,0,1,0,1,0,0,1,1,1,0,1,1,0,0,0,0,0,1,0,0,1,0,1,0,0,0,0,0,1,1,0,1,0
1,0,0,0,1,0,0,1,0,0,0,1,0,0,0,1,0,0,0,1,1,0,0,0,0,0,1,0,0,1,1,1,1,0,1,0,1,1,1,0,1,0,0,1,0,1,0,1,1,1,1,1,1,0,1,1,0,1,1,1,0,0,1,0,1,0,0,0,1,1,0,1,0,1,0
1,0,0,0,1,1,0,0,0,0,0,0,0,0,0,1,1,1,0,0,0,1,0,1,1,1,1,0,0,1,1,0,0,0,0,0,1,0,0,0,1,0,0,1,0,1,0,0,1,1,1,1,1,0,0,1,1,1,1,1,0,0,0,1,0,0,0,0,1,1,1,1,0,1,0
1,1,1,1,0,0,0,1,0,1,1,1,0,0,1,0,1,0,1,0,0,0,0,1,0,0,1,1,1,0,1,0,0,0,1,1,0,1,0,1,1,0,1,1,0,1,0,0,0,1,1,1,1,1,0,1,0,1,0,1,1,0,1,0,1,0,1,1,1,1,1,0,0,0,0
0,1,1,0,0,0,0,1,0,0,0,0,0,0,0,0,1,1,0,0,0,0,0,1,0,0,1,0,0,1,1,1,0,0,1,0,0,1,1,0,1,1,0,1,0,1,1,0,0,1,1,1,1,0,0,0,0,1,0,1,0,0,0,0,1,0,0,0,0,1,0,0,0,0,0
1,0,0,0,0,0,1,1,0,1,0,1,1,0,1,1,1,1,0,0,1,0,1,1,0,1,0,0,0,1,0,0,0,0,1,1,0,0,0,1,1,0,0,1,0,1,0,0,1,0,0,1,1,1,0,1,0,1,1,0,1,0,1,0,0,0,0,1,1,1,0,1,0,1,0
1,1,1,1,0,0,0,0,1,0,0,0,0,0,1,1,1,1,1,0,0,1,0,1,0,1,0,0,0,0,1,0,0,0,1,1,0,0,0,1,0,0,0,1,1,0,1,0,1,1,1,0,0,0,1,0,0,0,0,1,0,1,0,0,0,1,0,1,0,1,0,1,1,1,0
0,1,0,1,0,1,0,1,0,1,0,1,0,0,1,1,1,1,1,1,1,1,1,1,0,1,0,1,0,1,0,0,0,0,1,0,0,1,1,0,1,1,0,1,1,0,0,1,1,1,1,1,1,0,1,1,1,1,0,0,1,1,0,1,1,0,0,0,0,1,0,1,0,1,0
0,0,0,1,1,1,1,1,1,1,1,1,1,1,0,1,1,0,0,0,0,1,1,1,0,0,1,1,0,1,0,0,1,0,1,0,0,1,1,0,1,1,1,1,0,1,0,0,0,1,1,0,1,0,1,0,0,1,1,0,0,1,0,1,1,0,0,0,0,1,1,1,0,0,0
0,0,0,0,0,1,0,1,0,1,0,1,1,1,0,1,0,1,0,0,0,1,0,0,1,1,1,0,1,1,1,0,1,0,0,1,1,1,0,0,0,1,0,1,0,1,1,1,0,0,1,1,1,1,0,0,1,1,1,0,1,0,1,0,0,1,0,1,1,1,0,0,1,1,1
0,0,1,1,0,1,0,1,1,0,1,1,1,0,1,0,1,1,0,0,0,1,0,0,1,1,1,0,1,0,0,1,1,0,1,1,1,1,0,0,0,1,0,1,0,1,1,1,0,0,1,1,1,1,0,1,1,0,0,0,0,1,1,0,1,0,1,0,0,1,0,1,1,0,0
1,0,0,1,1,1,1,1,1,1,1,0,0,0,0,1,1,0,1,0,1,1,1,1,0,0,0,0,1,1,0,0,1,1,1,0,1,0,0,1,1,0,1,1,1,1,0,1,0,1,1,1,1,0,1,0,0,0,0,1,0,1,1,0,1,0,1,1,1,1,1,1,1,0,0
1,0,1,1,0,0,0,1,0,1,0,1,0,0,1,1,0,1,0,1,0,1,0,0,1,0,0,1,0,0,1,0,0,0,1,1,1,1,0,1,0,1,1,1,0,1,0,1,0,1,1,1,1,0,1,1,1,1,0,1,1,1,0,0,1,0,0,0,0,1,1,1,0,1,0
1,0,1,0,0,0,1,1,1,0,0,1,0,0,1,1,1,0,1,0,1,1,0,1,1,1,1,0,0,0,1,0,0,0,0,0,1,0,0,1,1,1,1,1,0,1,1,0,1,0,0,0,1,1,0,0,0,0,1,1,0,0,1,0,0,0,0,0,1,1,0,0,0,1,1
0,0,0,0,1,0,0,1,1,0,1,1,0,0,0,0,0,0,1,0,0,1,1,1,0,0,1,1,1,1,0,0,1,0,1,1,0,0,0,1,0,1,1,1,0,1,0,0,1,1,1,1,1,0,1,1,1,1,1,1,1,0,1,0,0,1,1,1,0,1,0,1,0,1,0
0,1,1,0,0,0,0,1,0,1,0,0,1,1,1,1,0,1,1,0,0,0,0,1,0,0,1,1,0,1,0,1,0,1,1,1,0,1,0,1,1,0,1,1,0,0,0,0,0,0,0,1,1,1,0,1,0,1,0,1,0,0,1,0,1,0,0,0,1,1,1,0,0,0,0
0,0,0,1,1,0,0,1,0,0,0,0,0,0,0,0,1,1,0,1,1,1,0,1,0,1,1,1,1,0,1,1,1,0,0,0,1,1,0,1,1,0,0,1,0,1,1,0,0,1,1,1,1,1,0,1,1,0,0,1,1,1,1,0,1,0,1,1,0,0,1,1,1,1,1
1,0,0,1,1,1,0,1,0,1,1,1,1,0,0,1,1,0,0,0,0,1,0,1,1,1,0,1,1,0,1,1,1,1,0,0,0,0,0,1,0,0,1,1,0,1,1,0,1,0,1,1,1,0,1,1,0,1,0,1,1,1,0,0,1,1,1,0,1,1,1,1,0,1,0
0,1,1,1,1,1,0,1,0,1,0,1,0,0,0,1,0,0,1,0,1,1,1,1,0,1,1,1,1,1,0,0,1,0,1,0,1,0,1,0,0,0,0,1,1,0,0,0,0,1,1,1,1,1,0,0,0,0,1,0,1,1,1,0,0,0,1,0,1,0,1,0,0,0,1
0,0,1,0,1,0,0,1,0,1,0,1,1,0,1,0,1,1,1,0,1,1,0,1,0,0,0,0,1,1,0,0,0,0,1,1,1,1,1,0,1,1,0,1,1,1,1,0,0,0,1,1,1,0,0,1,0,0,1,0,1,0,1,1,1,1,0,0,1,0,0,1,1,1,0
0,1,0,1,0,1,0,1,1,0,0,0,0,0,0,0,1,0,1,0,0,1,1,1,0,1,1,1,1,0,0,0,1,1,0,1,0,0,0,1,1,1,0,1,1,0,0,1,0,1,1,1,1,0,0,0,0,1,1,1,1,0,1,0,1,0,0,0,0,0,0,1,0,1,0
0,0,0,0,1,0,0,1,0,1,0,1,1,0,1,1,1,1,0,0,0,1,0,0,0,0,0,0,1,1,1,1,1,0,0,1,0,1,0,1,1,0,0,1,1,1,1,1,0,0,1,0,1,1,0,0,1,0,1,1,0,0,1,0,1,0,0,0,1,0,0,1,1,1,0
1,0,0,1,0,0,0,1,0,1,1,1,1,1,0,1,1,1,0,0,0,1,0,0,1,1,0,1,1,1,1,1,0,0,1,1,0,0,0,1,1,0,1,1,0,1,1,1,0,1,1,1,1,1,0,0,0,0,0,0,0,0,1,0,1,0,0,0,1,1,1,0,0,1,0
1,0,0,0,0,1,0,1,0,0,1,1,0,0,0,0,1,0,1,1,1,1,0,1,1,1,1,0,1,0,1,1,1,0,0,0,1,0,1,0,1,1,0,1,0,1,0,0,1,1,0,1,1,0,0,1,1,1,1,1,1,1,1,0,1,1,0,0,1,1,1,1,0,1,0
1,1,1,1,1,0,0,1,1,1,1,0,0,0,1,1,1,1,0,1,1,1,0,1,1,0,1,0,0,0,1,0,1,0,1,1,0,0,0,1,0,1,0,1,1,1,1,0,0,1,0,1,1,0,0,0,0,0,0,0,0,1,0,1,0,1,1,1,1,1,0,1,1,0,1
1,0,0,0,1,0,0,1,0,0,1,1,0,1,0,1,1,1,0,0,0,0,0,1,1,1,1,1,1,0,1,1,1,0,1,1,1,0,1,1,0,1,0,1,0,0,0,0,0,1,1,0,1,1,0,1,0,1,0,0,1,0,1,0,1,1,0,1,0,1,0,1,1,1,1
1,0,0,0,0,1,0,1,0,0,1,0,0,0,0,1,1,1,0,0,0,0,1,1,0,1,1,0,1,0,0,0,1,1,0,0,1,0,1,0,1,0,0,1,0,1,0,0,1,0,1,0,1,1,0,1,1,0,1,1,0,0,1,0,0,1,1,0,1,1,0,0,0,1,1
0,0,0,1,0,1,0,1,0,1,0,1,0,0,1,1,1,1,0,0,0,1,0,0,0,0,1,0,0,1,1,0,0,0,1,1,0,0,0,1,1,0,1,1,1,1,1,1,0,0,1,0,1,1,0,1,1,0,1,1,1,0,1,0,1,0,1,1,1,1,1,0,1,0,0
1,1,1,1,1,0,1,0,0,0,0,1,1,0,0,0,1,1,1,0,1,1,1,1,1,0,1,0,1,0,1,0,1,0,1,0,0,1,1,0,1,1,0,1,1,1,1,1,1,0,1,0,1,0,1,1,1,0,0,1,0,1,1,1,0,1,1,0,0,1,1,0,0,1,0
1,0,0,1,1,0,0,1,1,0,1,1,1,0,0,0,0,0,1,0,1,0,0,1,1,0,0,0,1,1,0,1,1,0,0,0,0,0,1,0,0,1,0,1,1,1,0,1,0,1,1,1,1,0,1,1,1,1,1,0,1,0,1,0,1,0,0,0,1,1,0,1,0,1,0
1,0,0,1,0,0,0,1,1,0,0,0,0,0,1,1,0,0,1,0,1,1,0,1,0,0,1,0,0,0,1,1,0,0,0,1,1,0,0,1,0,1,1,1,0,0,1,1,0,1,1,0,1,0,1,1,1,0,1,0,0,1,1,1,1,0,1,0,1,1,0,0,1,1,0
1,0,1,0,0,1,0,1,0,0,1,1,0,1,0,1,0,1,1,0,1,1,0,1,0,1,1,1,1,0,1,0,1,1,1,0,1,1,1,0,1,0,1,1,1,1,0,0,0,1,1,1,1,1,0,0,0,0,0,1,0,1,1,0,1,1,1,1,0,1,1,1,1,0,0
1,0,0,0,1,0,0,1,0,1,1,1,0,0,0,1,1,1,0,0,0,1,0,1,0,1,1,0,1,0,1,1,1,0,1,1,0,1,1,1,0,1,1,1,0,1,0,1,0,0,1,1,1,1,0,0,0,0,1,1,1,0,1,0,0,0,1,1,1,1,1,1,1,1,0
1,0,1,1,0,1,1,1,1,0,0,1,0,0,0,1,1,0,1,1,1,0,1,1,1,0,0,1,1,1,0,1,1,0,1,0,0,1,1,0,1,1,0,1,0,0,0,0,0,1,1,0,1,1,0,1,0,1,0,1,0,1,1,0,1,0,0,0,1,1,1,1,0,1,0
1,1,1,0,0,0,0,0,1,1,1,1,0,0,0,1,1,1,0,0,0,1,1,1,1,0,0,1,1,0,0,0,1,0,0,0,0,1,1,1,1,0,0,1,0,1,1,1,0,1,1,1,1,1,0,0,1,1,1,1,0,1,1,1,1,0,1,0,1,1,1,1,1,0,0
1,0,1,1,1,1,0,0,0,1,0,1,1,0,0,1,0,1,0,0,0,1,1,1,1,1,1,1,0,0,0,0,1,0,1,1,1,0,1,0,1,1,1,1,1,1,1,0,0,1,1,0,1,0,1,0,0,0,0,0,1,1,1,1,0,1,1,0,1,1,1,0,1,0,1
0,0,0,0,0,1,0,1,1,0,1,1,0,0,0,1,1,1,1,0,0,1,0,0,0,1,0,1,1,0,0,1,1,0,1,0,0,1,0,1,0,0,1,1,1,0,0,1,0,1,1,1,0,0,1,0,1,1,1,1,0,1,1,1,1,0,1,1,1,1,0,1,0,1,0
1,0,1,1,1,0,0,1,0,0,0,1,0,0,1,0,1,1,1,1,0,1,1,1,1,0,1,0,1,0,0,1,0,0,0,0,0,1,0,1,1,0,1,1,0,1,0,0,1,0,1,0,1,1,0,1,0,1,0,1,1,0,0,1,1,0,0,0,1,1,0,1,0,1,1
1,1,1,1,0,0,0,1,1,1,1,0,0,0,0,1,1,1,0,0,0,1,1,1,0,1,1,0,1,0,0,1,1,0,1,0,1,1,0,0,1,1,0,1,1,0,1,1,0,0,1,0,1,0,1,0,1,0,0,1,0,1,1,0,0,1,0,1,0,1,0,0,0,0,0
1,0,0,1,1,0,0,1,0,1,1,1,1,0,1,0,1,1,1,0,0,1,0,1,0,0,0,0,1,1,1,0,0,1,1,1,0,0,0,1,0,0,1,1,0,1,0,0,1,0,1,0,1,0,0,1,0,1,0,1,1,0,1,0,0,1,1,1,0,1,1,1,0,0,0
1,0,1,1,1,0,0,1,0,0,1,1,0,1,0,0,1,1,0,0,1,1,1,1,0,0,0,1,1,0,1,0,1,0,0,0,1,1,1,1,0,1,1,1,0,1,0,0,0,1,0,1,1,1,0,1,0,1,1,1,0,0,0,0,0,1,1,1,0,1,1,0,0,1,0
1,1,1,1,1,0,0,1,1,1,1,0,0,0,1,1,0,1,0,0,0,1,0,0,1,0,1,1,1,0,1,0,0,0,1,1,1,0,0,1,1,1,0,1,1,0,0,1,1,1,1,0,1,0,0,1,1,1,0,0,0,1,1,0,0,0,0,0,0,1,1,0,0,1,1
0,0,1,1,0,0,1,1,1,1,0,1,0,0,0,1,0,1,1,0,1,1,1,1,0,1,0,0,0,1,1,0,1,0,0,0,1,1,0,0,1,1,0,1,0,0,1,0,1,1,1,0,1,0,1,1,0,1,1,0,1,1,1,0,1,0,0,1,0,1,0,0,0,1,0
1,1,0,1,0,0,0,0,0,1,0,0,0,0,0,0,0,1,1,1,0,1,0,1,0,0,1,0,0,1,1,0,1,0,1,0,0,0,0,0,1,1,1,1,0,0,1,1,0,1,1,0,1,1,0,1,1,1,1,1,0,1,1,1,1,0,0,1,0,1,1,1,1,1,0
1,1,0,1,1,0,1,0,1,1,0,1,1,0,0,1,0,0,1,1,1,1,1,0,0,1,0,1,0,1,1,1,0,0,0,0,0,1,1,0,0,1,1,0,1,0,0,1,0,0,1,0,1,1,0,1,1,0,1,0,1,1,1,0,1,1,0,1,1,1,1,0,1,1,1
1,1,0,0,0,0,0,1,1,0,0,1,1,0,0,1,0,0,1,0,0,1,0,1,0,1,0,1,1,0,1,1,1,0,1,1,0,1,0,0,1,0,1,1,0,1,1,0,0,1,1,1,1,1,0,1,0,0,1,1,0,1,1,1,0,0,0,0,1,1,1,1,1,1,0
1,1,1,1,1,0,0,1,1,1,1,1,1,0,0,0,1,1,1,0,1,1,0,1,1,1,1,0,1,0,0,0,1,0,1,0,0,1,1,0,0,0,1,1,1,0,1,1,1,0,1,1,1,1,0,1,1,0,1,1,0,1,1,0,0,0,0,1,0,1,1,1,0,0,1
1,0,0,1,1,0,0,1,0,1,1,0,1,0,0,0,1,1,1,0,1,1,1,1,1,1,0,0,1,0,1,0,1,0,1,0,0,0,0,0,1,0,1,1,0,0,1,0,1,0,1,0,1,0,0,1,0,1,0,1,0,1,1,0,1,1,0,1,0,1,1,1,0,0,0
1,1,0,1,1,0,0,1,0,1,0,1,1,0,1,0,1,0,1,0,1,1,1,1,0,0,1,1,1,0,0,0,0,1,1,0,1,0,1,0,1,1,0,1,1,0,0,0,0,1,1,0,1,0,0,1,0,1,0,0,1,1,1,0,1,0,1,0,0,1,0,0,1,1,0
1,0,1,0,1,0,0,1,0,1,1,0,0,0,1,0,1,1,0,0,0,1,1,0,1,0,0,1,0,0,1,0,0,0,1,0,0,1,1,0,1,1,0,1,1,0,1,1,0,1,1,1,1,0,0,0,1,1,0,1,1,0,0,0,0,0,1,1,0,1,0,0,0,0,0
1,0,1,1,1,1,0,1,0,1,0,0,0,0,0,1,0,1,1,0,1,0,0,1,0,0,1,0,0,0,0,1,1,0,1,1,1,0,0,1,0,0,0,1,1,1,1,0,0,1,1,1,1,0,1,0,0,1,1,0,0,1,1,0,1,0,0,1,0,1,0,0,0,1,0
1,0,1,1,1,0,0,1,1,0,0,1,0,0,1,1,0,1,0,0,1,1,0,1,0,0,0,0,1,1,1,1,1,0,1,1,1,1,0,1,0,1,0,1,1,1,1,0,0,1,1,1,1,1,0,1,0,0,0,1,1,0,1,1,1,0,0,0,0,1,0,1,1,0,0
1,0,1,1,0,1,1,1,0,1,0,0,1,1,1,0,1,1,1,1,1,1,1,1,0,1,0,0,0,1,1,1,0,0,1,1,0,1,0,0,0,1,1,1,0,1,0,0,0,1,1,1,1,1,0,1,1,1,0,1,0,0,0,0,1,0,1,0,0,1,1,1,0,1,0
1,0,0,1,1,1,0,1,0,0,0,0,1,0,1,0,1,1,0,0,1,1,0,1,0,0,0,1,1,1,1,0,1,0,1,0,0,1,1,0,1,1,0,1,0,1,1,1,1,1,1,1,1,0,0,1,1,1,0,0,1,0,0,0,1,0,0,1,0,1,0,1,0,1,0
1,0,0,0,1,0,0,0,0,1,0,1,0,1,0,1,0,1,1,1,0,1,0,0,0,0,0,1,0,0,0,1,1,0,1,1,1,0,0,1,1,0,1,1,0,1,1,0,1,1,1,0,1,1,1,1,0,0,0,1,1,0,1,0,0,1,1,1,1,1,0,0,0,0,0
1,1,1,0,1,0,0,1,0,0,1,0,0,0,0,0,1,0,0,0,0,1,0,1,0,1,1,1,1,0,1,1,1,0,1,0,1,1,1,0,1,0,0,1,0,1,1,0,1,1,1,1,1,0,0,1,1,0,1,1,0,0,1,0,1,0,0,0,1,1,1,1,0,1,1
1,0,1,1,0,0,0,1,1,0,1,1,0,0,0,1,1,0,1,1,0,1,0,0,1,1,1,1,0,0,1,1,0,0,1,0,1,1,1,1,1,1,1,1,0,1,0,1,1,0,0,0,1,0,0,0,1,1,1,1,1,1,0,0,1,0,0,0,0,1,1,0,0,0,0
1,0,0,0,1,0,1,1,1,0,1,1,0,0,0,0,1,1,0,0,0,0,1,1,0,0,1,1,1,1,0,1,0,0,1,1,1,1,1,1,1,1,1,1,1,0,0,1,0,0,1,0,1,1,0,0,0,1,1,1,1,1,1,0,1,0,0,1,0,1,1,1,0,1,1
0,1,1,0,0,1,1,1,0,1,1,1,1,0,1,1,1,1,1,0,1,0,1,1,1,1,0,1,0,1,0,0,0,1,1,0,0,0,1,0,1,1,1,1,1,0,1,0,0,0,1,0,1,1,1,0,1,0,1,1,1,0,1,0,1,0,0,0,0,0,1,1,0,1,0
1,0,1,1,0,0,0,1,0,1,0,0,0,0,1,0,1,0,0,1,0,1,1,1,1,1,0,1,1,1,1,0,1,1,1,0,0,0,1,0,1,0,1,1,1,0,1,0,0,1,1,0,1,0,0,1,0,0,0,0,0,0,1,0,1,0,0,1,1,1,1,1,0,0,0
1,0,0,0,1,1,0,1,0,0,1,1,0,0,1,1,1,1,0,0,0,0,0,1,0,0,1,1,1,0,0,1,0,0,1,0,1,0,1,0,1,1,0,1,1,1,0,0,0,0,1,1,1,1,0,1,0,0,1,0,0,0,1,0,1,0,0,0,1,1,0,1,1,1,0
1,0,1,0,0,0,1,1,1,0,0,1,0,0,1,1,0,1,0,1,1,0,1,1,1,0,1,0,1,0,0,1,1,0,1,0,1,0,1,0,1,1,1,1,0,1,0,0,1,1,0,1,1,1,0,1,1,1,1,0,0,1,1,0,0,0,0,1,1,0,1,0,0,1,0
0,0,1,0,0,1,0,1,0,1,1,1,0,0,0,0,1,1,0,0,1,1,1,1,0,1,1,0,0,1,1,1,0,1,0,0,0,1,1,1,1,1,1,1,0,1,1,1,1,0,1,1,1,1,0,1,1,0,1,0,1,1,0,1,1,0,0,1,0,0,0,0,0,1,1
1,0,1,1,0,0,1,1,0,1,0,0,0,1,0,0,1,0,0,1,0,1,0,0,1,1,1,1,1,1,0,1,0,0,1,1,1,1,0,1,0,1,1,1,0,1,0,1,0,1,1,1,1,1,1,0,1,0,0,1,1,1,0,1,1,1,1,1,0,1,1,1,1,0,0
1,0,0,1,1,1,0,1,0,0,1,1,1,0,1,0,1,1,0,0,0,1,1,1,1,1,0,1,1,0,1,0,1,0,0,0,0,0,1,0,1,0,0,1,0,1,1,0,0,0,1,1,0,0,1,0,0,1,0,1,1,1,1,0,0,0,0,0,1,1,1,0,0,0,0
1,0,1,1,1,0,1,1,0,0,0,0,1,0,1,1,1,1,0,0,0,1,1,1,0,1,1,0,0,0,1,0,0,0,1,0,0,1,0,1,1,1,0,1,0,1,1,0,1,1,1,0,1,1,0,1,1,1,0,0,0,0,1,0,0,1,1,0,0,1,0,0,0,1,1
1,0,1,0,1,1,0,0,1,0,0,1,1,0,0,0,1,1,0,0,0,1,0,1,1,0,1,0,0,0,1,0,1,0,1,0,1,1,0,0,0,1,0,1,0,0,1,0,0,0,1,1,1,1,0,1,0,0,0,0,1,0,0,0,0,1,1,1,1,1,0,0,1,0,1
0,0,0,1,0,0,1,1,0,0,1,0,0,0,1,1,1,1,0,0,1,1,1,1,0,0,1,0,1,0,1,1,1,0,1,0,0,1,1,0,1,0,0,1,0,1,1,0,0,0,0,1,1,1,0,1,1,1,0,0,0,0,0,0,0,0,0,0,1,0,0,0,0,1,0
1,0,0,1,0,0,0,1,0,0,1,1,0,0,1,1,0,0,0,0,0,0,0,0,0,0,1,0,0,0,1,1,0,0,0,0,1,1,1,0,1,0,1,1,1,1,0,1,0,1,1,1,1,0,1,1,1,0,0,0,0,1,1,0,1,0,0,1,1,1,0,1,1,1,0
1,0,1,1,0,0,0,1,1,0,1,0,1,0,0,1,0,1,0,0,0,1,0,1,0,1,1,1,1,0,0,0,1,0,0,0,0,0,0,0,1,0,0,1,0,1,1,0,0,0,0,1,1,0,1,0,0,0,1,0,0,0,1,0,1,0,1,0,1,1,0,0,1,1,0
0,0,0,0,1,1,1,1,1,0,0,1,0,1,1,0,1,0,1,0,1,1,1,1,1,0,1,1,0,0,1,1,1,1,1,1,0,1,0,1,1,0,0,1,0,0,0,1,0,1,1,0,1,1,0,1,1,0,0,0,1,0,1,0,1,1,0,0,0,0,0,0,1,0,0
0,0,0,1,1,1,0,0,0,1,0,1,0,0,0,0,1,1,0,0,1,1,0,1,1,1,1,0,0,0,1,1,1,0,1,1,0,0,0,1,0,0,0,1,1,1,1,0,1,1,1,1,1,1,0,0,0,1,1,1,1,1,1,0,1,1,0,0,1,1,0,0,0,1,0
1,0,0,0,0,0,0,1,0,0,0,1,1,0,0,0,1,0,0,1,1,1,1,1,1,0,1,0,1,1,1,1,1,0,0,0,0,1,1,0,1,0,0,1,0,1,0,0,0,1,1,1,1,0,0,1,0,0,1,1,0,0,1,0,1,0,0,0,0,1,0,1,1,1,0
0,1,1,1,0,0,0,0,0,0,0,1,1,0,0,0,1,1,0,0,0,0,0,1,0,0,1,1,0,0,1,0,1,0,1,0,1,0,0,1,0,0,0,1,0,1,1,0,0,1,1,1,1,0,0,0,0,1,0,1,0,0,1,0,0,1,0,1,1,1,0,0,0,1,1
1,0,1,1,1,1,0,1,0,1,1,1,0,0,0,0,1,1,0,0,0,1,0,1,0,0,0,1,1,1,1,0,1,0,1,0,1,1,1,0,1,1,0,1,0,0,0,0,0,0,1,1,1,0,0,1,0,0,1,1,1,0,0,1,1,0,0,1,0,1,0,1,1,0,0
1,0,0,0,1,0,0,1,0,1,0,0,0,1,0,1,1,0,0,0,0,1,1,1,1,1,1,1,1,0,1,1,1,0,1,1,1,0,1,1,1,0,0,1,0,1,0,0,0,1,1,0,1,1,0,1,0,1,1,1,1,1,1,0,1,0,0,1,1,1,1,1,0,1,1
1,1,0,1,0,0,0,0,1,0,0,0,1,1,0,1,1,1,1,1,0,1,1,1,0,1,1,0,1,0,0,0,1,0,0,0,0,1,1,0,1,0,0,1,1,0,0,1,1,0,1,0,1,1,0,1,1,1,1,1,0,1,1,0,0,1,0,0,1,1,0,1,0,0,0
1,0,1,0,1,0,0,1,1,0,0,1,1,0,1,0,0,0,0,0,0,1,1,1,1,0,1,0,1,1,0,0,0,0,1,1,0,0,1,0,1,0,0,1,1,1,0,1,1,1,1,0,1,0,1,1,1,1,1,0,0,1,1,1,1,0,0,0,1,1,0,1,0,1,0
1,0,0,1,0,1,1,1,1,0,1,1,0,0,0,1,1,1,0,1,1,1,0,1,0,1,1,1,0,1,1,1,0,0,1,1,1,0,1,1,1,0,1,1,0,0,0,0,0,1,0,1,1,1,0,0,1,1,0,0,0,1,1,0,1,1,1,0,1,1,1,0,1,1,1
1,0,0,0,1,1,0,1,0,0,0,1,0,0,0,0,0,0,0,0,0,1,0,1,0,0,1,1,1,0,0,1,1,0,1,0,0,1,1,0,1,1,0,1,1,1,1,1,1,1,1,1,1,1,0,1,1,0,1,0,1,0,1,0,0,0,0,1,0,1,0,0,0,1,1
1,1,1,0,1,0,0,1,1,1,1,0,0,1,0,1,0,1,1,1,1,0,0,0,0,1,1,0,0,0,0,1,0,0,0,1,0,0,0,1,0,0,0,1,1,1,1,0,1,0,1,1,0,0,1,0,0,0,0,1,0,1,0,0,1,0,0,1,1,0,1,0,1,1,1
1,0,0,1,1,1,1,0,1,1,0,1,0,0,1,1,0,1,1,0,0,1,1,1,0,0,1,1,1,1,1,0,1,0,1,1,0,1,0,1,1,0,0,1,0,1,1,1,0,0,1,0,1,1,1,0,0,1,0,0,1,1,0,0,0,1,1,1,1,1,0,1,1,1,1
1,1,1,1,1,0,1,1,0,1,0,1,0,0,1,1,0,1,0,0,1,1,1,1,1,0,1,1,1,0,1,0,0,0,0,1,1,0,0,1,1,0,0,1,1,1,1,1,1,0,1,0,1,0,1,0,1,0,1,0,1,1,1,0,1,0,1,1,1,1,0,1,0,1,0
1,0,0,1,0,0,0,1,0,1,1,0,0,0,0,0,1,0,1,0,0,1,0,1,1,1,0,1,1,1,1,0,1,0,1,1,1,0,0,1,1,1,1,1,0,0,0,0,1,0,0,1,1,1,1,1,0,1,0,0,0,0,1,1,1,0,0,0,0,1,0,1,0,0,0
1,0,1,1,0,0,0,1,1,1,0,1,1,0,0,0,1,0,1,0,1,1,1,1,0,0,1,1,1,1,1,1,1,0,0,0,1,0,1,0,1,1,0,1,0,1,0,0,0,0,1,0,0,1,0,1,0,1,0,0,1,0,1,0,1,0,1,0,0,1,1,1,0,1,0
1,0,1,1,0,0,0,0,0,0,0,1,1,0,1,0,0,1,0,1,1,1,0,1,0,1,1,0,0,0,0,0,0,0,0,1,1,0,0,1,1,1,0,1,0,1,1,0,1,1,0,0,1,1,0,1,0,1,0,0,0,0,0,0,1,0,0,0,1,1,0,0,0,1,1
1,0,1,1,1,1,0,1,0,1,0,1,0,0,1,1,1,1,0,1,0,1,0,1,0,1,1,0,0,1,1,0,0,0,0,0,0,1,1,0,1,0,0,0,0,1,1,0,0,1,1,1,1,0,1,1,0,0,0,0,1,0,1,0,1,0,0,0,1,1,0,0,0,1,1
1,0,0,0,1,0,0,1,0,0,0,1,0,1,1,1,0,1,1,0,0,1,0,1,0,1,1,1,1,0,0,0,1,0,1,0,0,0,0,1,1,0,1,1,1,1,1,1,1,1,1,0,1,0,1,1,1,0,0,0,1,0,0,0,1,0,0,0,0,1,0,1,1,0,0
1,0,1,1,0,0,0,1,0,0,0,1,0,0,1,1,1,1,0,0,0,1,0,1,1,1,1,1,0,0,0,0,0,0,1,1,1,0,1,1,1,0,0,1,0,1,0,0,0,1,1,1,1,1,0,0,0,1,0,0,0,0,1,0,1,0,1,0,1,0,0,0,0,1,0
1,0,1,1,1,1,0,1,0,1,1,0,1,0,1,0,1,0,0,0,0,1,0,0,0,0,1,0,1,0,1,0,0,1,1,1,1,1,0,1,1,1,0,1,0,1,0,0,0,1,1,1,1,0,0,1,0,1,0,1,0,1,1,1,1,0,0,1,0,0,1,1,0,1,0
1,0,0,1,1,1,1,1,1,0,1,1,1,0,0,1,1,1,1,0,0,1,0,1,0,0,1,1,0,0,1,0,1,0,1,1,1,1,0,1,0,0,0,1,0,1,0,0,0,0,1,1,1,1,0,1,0,0,1,0,1,1,0,1,1,0,1,1,0,1,0,0,0,1,0
1,1,1,1,0,1,0,1,1,1,1,0,1,0,0,1,0,1,0,1,0,1,1,1,0,0,1,0,1,1,0,1,1,0,0,0,1,0,1,0,1,0,0,1,0,1,1,1,0,1,1,0,1,0,0,1,0,1,0,1,0,0,0,0,0,0,0,0,1,1,0,1,1,1,0
1,1,0,1,0,0,0,1,1,0,0,1,0,0,0,0,0,0,0,0,0,1,0,1,1,1,1,1,1,0,0,0,1,0,1,0,0,0,1,0,1,0,1,1,1,0,0,1,1,1,1,1,1,1,0,0,1,1,0,0,1,1,1,1,1,1,0,0,0,1,0,1,0,1,0
1,0,0,0,0,0,1,0,1,1,0,1,0,1,1,1,1,1,1,1,0,0,1,1,0,1,1,0,1,0,1,0,1,0,0,0,0,0,0,0,1,1,0,1,0,1,0,0,1,0,1,0,1,1,0,1,0,1,1,1,1,1,1,0,1,0,1,0,1,1,0,1,0,1,0
1,0,0,0,1,1,0,1,1,1,0,1,0,1,0,0,1,0,1,1,0,1,0,1,1,1,1,1,1,0,0,0,1,1,1,0,1,0,0,0,1,1,0,1,0,1,0,1,0,1,1,1,1,0,0,1,1,1,1,0,1,0,0,0,1,0,1,0,0,1,0,1,0,1,0
1,1,0,0,1,0,0,1,0,1,1,1,0,0,0,0,0,0,0,0,0,1,0,1,0,0,0,1,0,0,1,1,0,0,0,0,1,0,0,1,1,1,1,1,1,0,1,1,0,0,1,1,1,0,0,1,0,1,1,1,1,0,0,0,1,0,0,0,0,1,1,0,0,0,1
1,0,1,0,1,1,1,1,0,0,0,1,0,1,0,0,1,1,0,0,1,1,1,1,1,0,1,1,1,0,1,0,1,1,1,1,1,0,0,1,1,0,0,1,1,1,0,0,1,1,1,0,1,0,0,1,0,0,1,0,1,1,0,0,0,0,1,0,0,1,0,0,0,1,1
1,1,1,1,0,0,0,1,1,0,1,1,0,1,1,1,1,0,1,0,0,0,0,0,1,0,0,1,0,0,1,0,0,0,1,1,0,1,1,1,1,0,0,1,1,0,0,1,1,1,1,1,1,0,1,1,1,0,0,0,0,1,1,0,1,1,0,0,1,1,0,0,0,1,0
1,0,0,1,1,1,0,0,0,1,0,0,1,1,0,0,1,0,1,1,0,1,0,0,1,1,1,1,1,0,1,0,1,0,1,0,0,0,0,0,1,1,0,1,0,0,0,1,0,1,1,1,1,0,1,1,1,0,0,1,0,0,1,1,1,1,1,1,1,1,1,1,1,1,0
1,1,1,1,1,0,0,1,0,1,1,1,0,1,1,0,0,0,0,0,0,1,0,0,0,0,1,1,1,0,1,1,1,0,1,1,1,1,0,0,1,1,0,1,1,1,1,0,1,1,1,1,0,1,0,0,0,0,0,1,0,0,1,0,0,0,1,0,1,1,1,0,1,1,0
1,0,0,0,0,0,0,1,0,1,0,1,0,0,1,0,1,1,0,1,0,0,0,1,1,0,1,0,1,1,1,0,0,1,0,1,1,0,1,0,1,1,0,1,0,1,0,0,0,1,0,1,1,1,1,1,0,1,1,1,0,0,1,0,1,0,0,1,0,1,0,1,0,1,0
1,1,1,0,0,0,1,1,1,0,0,1,0,1,0,1,1,0,1,1,1,1,1,1,0,0,1,0,0,1,0,0,1,0,0,0,1,0,1,0,1,0,0,1,1,1,1,0,1,1,1,0,1,1,0,0,0,0,0,1,0,0,0,0,0,0,1,1,0,1,0,1,0,1,0
1,0,1,1,0,1,0,1,0,1,1,1,0,0,0,0,1,1,1,0,0,0,0,1,1,1,1,0,1,0,1,0,1,0,0,1,1,1,1,0,1,1,1,1,0,1,0,0,0,0,1,1,1,1,0,1,0,1,1,0,1,0,1,0,0,0,0,1,1,1,0,0,1,1,1
1,1,0,1,1,1,0,1,0,0,0,1,0,1,0,1,1,0,0,0,1,1,0,1,1,1,1,1,1,1,1,1,1,0,0,0,1,0,0,1,1,0,0,1,0,1,1,0,1,1,1,1,0,0,1,0,0,1,1,1,0,0,1,0,1,1,1,1,0,1,0,1,1,1,0
1,0,0,0,0,1,0,1,0,1,1,1,1,1,0,1,1,1,1,0,1,0,0,1,0,0,1,1,0,1,1,0,1,0,1,0,1,0,1,0,1,0,0,1,0,0,1,0,0,0,1,0,1,0,1,0,0,0,1,0,1,1,1,0,0,0,0,1,1,1,1,0,1,0,0
0,1,1,0,1,0,0,1,0,1,0,0,1,0,0,0,0,0,0,0,1,1,0,1,0,0,1,0,0,0,0,1,1,0,0,0,0,1,0,0,1,1,0,1,1,0,0,1,0,0,1,1,1,1,0,1,1,0,1,0,0,1,1,0,1,0,0,1,0,0,0,1,1,1,0
1,0,0,0,1,0,0,1,0,1,0,1,1,0,0,0,0,1,0,1,0,1,0,0,0,0,1,0,0,1,1,1,1,0,1,0,1,0,1,0,1,1,1,1,0,1,1,1,1,1,1,1,1,1,1,1,1,1,1,1,0,0,0,0,1,0,1,1,1,1,1,0,0,1,0
1,0,0,0,0,0,1,1,0,0,1,0,0,0,0,1,1,1,1,1,1,1,0,1,0,1,1,1,0,0,0,0,0,0,0,1,1,1,0,1,1,0,1,1,1,1,1,0,0,1,0,1,1,1,0,1,0,1,1,0,0,0,1,0,0,0,0,0,0,1,1,0,0,1,0
0,1,0,0,0,1,0,1,0,0,0,1,1,0,0,0,0,0,0,0,0,1,1,1,1,1,1,1,0,1,0,0,1,0,1,0,1,0,1,0,0,1,0,1,1,1,0,1,1,0,1,1,1,1,0,1,0,1,1,0,0,0,1,1,1,0,0,0,0,0,0,1,0,1,0
1,0,0,1,0,1,0,1,0,1,0,1,0,0,1,1,1,1,0,1,0,1,0,0,1,1,1,1,0,0,1,1,0,1,1,0,0,0,0,1,1,0,0,1,1,0,0,1,0,1,1,1,1,0,1,1,1,1,1,0,0,0,0,0,0,0,1,0,0,1,0,0,0,0,0
1,0,0,1,0,0,0,0,0,1,0,0,0,0,1,1,0,0,0,0,0,1,0,0,0,1,0,0,0,1,0,0,1,0,0,1,0,0,1,0,1,1,1,1,0,1,0,0,1,1,1,1,1,1,0,1,0,1,1,1,0,0,1,0,0,1,1,1,0,1,1,1,0,1,0
1,0,1,1,1,0,0,1,1,1,0,1,1,1,1,0,1,1,1,0,0,1,0,1,0,1,0,1,1,0,1,1,1,1,1,0,1,0,0,0,0,0,1,1,0,1,0,0,1,0,0,0,1,0,0,1,0,1,0,1,0,1,1,0,0,0,1,1,1,1,1,1,1,1,0
1,0,1,1,1,1,0,1,0,1,0,1,0,0,0,1,0,0,1,0,1,1,0,0,1,0,1,0,0,0,0,0,0,0,0,0,1,0,0,1,1,0,0,1,1,0,0,1,0,1,1,0,1,0,1,1,1,1,1,0,0,0,1,1,0,0,1,1,1,1,0,0,1,1,1
1,0,0,1,1,0,0,1,0,1,0,0,0,0,1,0,1,1,1,1,0,1,1,0,0,0,1,1,1,1,1,1,1,1,1,0,0,1,0,0,0,1,0,0,1,1,1,1,0,1,1,0,1,0,1,0,1,0,1,1,1,0,0,1,1,0,1,0,0,0,0,0,1,1,0
0,0,1,0,1,0,0,1,0,0,1,1,0,0,0,1,1,1,0,0,1,0,0,1,0,1,0,0,1,0,1,1,1,0,0,0,0,0,0,0,0,1,0,1,0,1,1,0,1,1,1,1,1,0,1,0,0,1,1,1,0,1,1,0,1,0,1,0,0,1,0,0,0,1,0
1,1,1,1,0,0,0,1,0,0,0,0,0,0,0,0,1,1,1,0,0,1,1,1,0,1,1,0,1,1,0,0,1,0,1,1,1,1,0,1,1,1,0,1,1,1,0,1,0,1,1,0,1,1,0,0,1,0,1,1,1,0,1,1,1,0,1,0,1,1,1,0,1,0,0
0,1,0,0,0,0,0,1,0,0,0,1,0,0,0,1,0,1,0,0,0,1,0,0,0,0,1,0,0,0,0,1,1,0,1,0,0,1,1,0,1,1,0,1,0,1,1,0,0,0,1,1,0,1,0,1,0,1,1,1,0,0,1,1,0,0,1,1,0,1,0,0,0,1,0
1,0,0,0,0,0,0,1,1,1,1,1,0,0,0,0,1,0,1,0,0,1,0,1,0,1,0,0,1,0,1,0,1,0,0,0,0,0,0,1,1,0,1,1,0,1,0,0,0,0,1,1,1,1,0,1,0,0,0,0,1,0,0,0,1,1,0,1,1,1,1,0,1,1,0
0,0,0,0,0,0,0,1,0,1,1,1,1,0,0,1,1,1,0,0,0,1,1,1,0,0,0,0,1,0,0,1,1,0,0,0,1,1,1,0,1,0,0,1,1,0,1,0,0,0,1,1,1,1,0,1,0,0,1,0,1,1,1,1,0,1,0,0,1,1,0,1,1,1,0
0,1,1,1,0,0,0,1,0,0,1,1,1,1,1,0,0,1,0,0,0,1,1,1,1,0,0,1,1,1,0,1,0,0,1,0,1,0,0,1,1,0,0,1,1,0,0,0,0,0,1,0,1,1,0,1,0,0,1,1,1,1,0,0,1,0,0,1,1,1,0,1,1,1,0
1,0,0,1,1,1,0,0,0,0,0,0,0,0,0,1,1,1,0,1,0,1,0,1,1,0,1,0,1,0,1,1,1,1,0,0,1,0,0,1,1,0,0,1,0,1,0,1,0,1,1,1,1,0,1,1,1,0,1,1,0,0,1,0,1,1,0,0,1,1,1,0,0,1,0
0,1,0,0,0,1,1,1,0,1,0,1,0,0,1,0,0,1,0,0,0,1,0,0,1,1,0,0,0,1,0,0,0,0,0,0,1,1,0,0,1,1,1,1,1,0,0,0,0,1,0,0,1,1,0,1,0,1,0,1,0,0,1,1,1,0,1,0,1,1,1,1,0,0,0
1,0,1,0,1,1,0,1,0,1,0,0,1,1,1,1,0,1,0,0,0,1,1,1,0,1,1,1,1,1,0,1,1,0,1,1,1,1,1,1,1,1,0,1,1,0,0,0,0,0,0,0,1,1,1,1,0,0,1,1,1,1,1,0,1,0,0,1,1,1,1,0,0,0,1
1,1,1,1,0,1,0,1,0,0,1,1,1,0,0,1,0,1,0,1,0,1,1,1,0,0,1,0,0,1,1,1,0,0,1,0,1,1,1,0,1,0,0,1,0,1,1,1,1,0,1,0,1,0,0,0,0,0,1,0,0,0,1,0,1,0,0,0,1,1,0,0,0,0,1
1,1,1,0,1,1,0,1,0,1,1,1,1,0,0,1,1,1,0,0,1,1,0,1,1,0,0,1,0,0,0,0,1,0,1,0,1,0,1,0,1,1,1,1,1,0,0,0,1,0,1,0,1,0,1,1,0,1,1,1,1,1,1,0,1,0,0,0,1,1,1,0,0,1,0
1,0,1,0,0,0,0,0,0,0,0,1,0,1,1,1,0,1,1,1,1,0,0,0,0,1,0,0,0,1,1,1,1,0,1,0,1,1,1,0,1,1,0,1,0,1,0,0,1,0,0,1,1,1,0,1,1,1,0,0,0,1,1,1,0,1,1,1,0,1,0,1,0,1,0
1,0,0,0,1,0,0,1,1,0,0,1,0,0,0,0,1,1,0,0,0,1,0,0,0,0,0,1,1,1,1,0,1,1,1,1,1,1,1,0,1,1,0,1,0,0,0,1,0,1,1,0,1,1,0,1,1,0,1,0,1,1,1,0,1,0,1,1,0,1,0,0,1,1,0
0,1,1,0,0,1,1,1,1,1,1,1,0,0,0,0,1,0,1,0,1,1,1,1,1,0,0,1,1,0,1,1,1,1,1,0,1,1,0,0,0,1,0,1,1,0,1,0,0,1,1,0,1,1,0,0,0,1,0,0,1,0,1,1,0,0,1,1,0,1,1,0,0,0,0
1,0,0,0,0,0,0,1,0,0,0,1,0,0,0,1,1,1,1,1,1,1,0,0,0,1,1,1,1,1,1,0,1,0,1,0,0,1,1,0,1,0,0,1,0,1,0,0,0,0,1,1,1,1,0,0,0,1,1,0,1,1,0,0,0,0,0,0,1,1,0,0,0,1,0
1,1,1,0,1,0,1,1,1,0,1,0,0,0,0,0,0,0,1,0,1,1,1,1,0,0,1,1,1,0,1,0,1,0,0,1,0,0,0,0,1,0,0,1,1,0,1,0,0,1,1,0,1,1,0,1,0,0,1,0,0,1,1,0,1,0,1,1,0,1,0,1,0,1,1
1,0,0,0,0,1,0,1,0,1,0,0,1,0,0,0,1,1,1,0,0,1,1,1,1,1,1,0,0,0,0,1,0,0,1,1,1,0,0,1,0,0,1,1,0,1,1,0,0,0,1,0,1,1,0,1,0,1,1,0,0,1,1,1,0,1,1,1,0,1,1,0,0,1,0
1,0,0,0,1,1,1,1,0,1,1,1,0,0,0,0,1,0,0,0,0,1,0,0,0,0,1,0,1,0,1,0,0,0,1,0,1,0,1,0,1,0,1,1,1,0,1,0,0,1,1,1,1,1,0,1,1,0,0,1,1,1,1,0,1,0,1,1,1,1,1,1,0,0,1
0,1,1,0,0,1,1,1,1,0,1,0,0,1,1,1,0,1,0,0,0,1,1,1,0,1,0,0,1,0,0,0,0,1,1,1,0,1,1,0,1,0,1,1,1,0,0,0,0,1,1,0,0,1,1,1,0,1,0,0,0,0,1,1,0,1,1,0,1,0,1,1,0,0,0
1,0,0,0,1,1,0,1,0,0,1,1,0,1,0,0,1,1,1,1,1,1,0,1,1,1,0,1,1,0,1,0,1,0,1,1,1,0,1,0,0,1,0,1,0,0,1,0,0,0,1,1,0,1,0,0,0,1,1,1,0,1,0,1,1,0,0,0,1,1,0,0,0,1,0
1,1,1,0,1,1,0,1,0,1,0,1,0,0,1,0,1,1,0,0,0,1,0,1,0,0,1,1,0,0,0,1,0,1,1,1,1,1,1,1,1,1,0,1,1,1,1,0,1,0,0,1,1,1,0,1,0,0,1,0,1,0,1,0,1,0,0,0,0,1,0,1,0,1,0
1,0,0,1,0,0,0,1,1,0,0,0,0,1,1,0,1,0,0,1,0,1,0,0,1,0,1,1,1,0,1,0,0,0,1,0,0,0,1,0,1,1,0,1,0,1,0,0,1,1,1,1,1,1,0,0,0,1,0,0,0,1,1,0,1,0,0,0,1,1,0,0,0,1,0
1,0,0,0,0,1,1,1,0,1,1,0,0,1,0,0,1,1,0,0,0,1,1,1,0,0,0,0,1,1,0,1,1,0,1,0,1,0,0,1,0,1,0,1,1,0,1,0,0,1,1,0,0,0,0,0,0,1,1,1,0,1,0,0,1,0,0,1,0,1,0,0,0,0,0
1,1,0,1,0,1,0,1,1,1,0,1,0,0,0,1,1,0,0,0,0,0,0,0,0,0,1,1,1,1,1,0,1,1,1,1,0,1,0,1,0,0,0,1,0,1,1,0,0,0,1,1,1,1,0,0,0,0,0,1,1,1,1,0,1,0,0,0,1,1,1,0,0,1,1
1,0,1,0,0,0,1,1,0,1,0,1,0,1,1,1,0,1,0,0,0,1,0,0,0,0,1,1,1,1,1,1,0,0,1,1,0,1,0,1,0,1,1,1,0,1,0,1,0,0,1,0,1,1,0,1,0,0,0,1,1,1,1,0,0,1,0,0,0,1,1,1,1,0,0
1,1,1,0,0,1,1,1,0,1,0,1,0,0,0,1,0,1,0,0,1,1,1,1,1,0,0,0,0,0,0,0,1,1,0,0,1,1,1,0,1,0,1,1,1,0,0,0,1,1,0,0,1,1,1,0,0,1,1,1,1,1,0,0,1,0,0,0,1,1,1,0,0,1,0
1,0,0,0,0,1,0,1,0,0,0,1,1,1,0,0,1,0,1,0,1,0,0,1,0,0,1,1,0,1,1,1,1,0,1,0,1,0,0,0,1,1,1,1,0,1,0,0,0,1,1,1,1,1,1,1,0,0,0,0,1,0,1,0,1,0,1,0,0,1,1,1,1,1,0
1,0,1,0,1,0,0,1,0,1,1,1,0,0,1,0,1,0,1,0,1,1,0,1,0,0,1,0,1,0,0,0,1,1,1,1,0,0,1,0,1,1,0,1,1,1,1,0,1,1,1,1,1,1,1,0,0,1,1,0,0,0,1,0,1,0,1,1,0,1,1,0,0,0,0
1,0,0,1,0,0,0,1,0,0,0,1,0,1,1,0,1,0,0,1,0,1,0,1,0,0,1,1,0,0,1,0,0,0,1,1,0,0,0,1,0,1,0,1,0,1,1,0,1,1,1,1,1,0,0,0,0,0,0,0,1,1,1,0,0,0,0,0,1,1,0,0,1,1,0
1,0,0,1,0,0,0,1,0,1,1,0,0,0,1,0,1,0,1,0,0,1,0,1,1,1,1,1,0,0,1,0,0,0,1,1,1,0,0,1,1,1,1,1,1,0,0,1,1,1,1,0,1,1,0,1,1,0,0,0,0,0,1,0,0,1,1,1,0,1,1,0,1,0,0
1,0,0,1,1,1,0,1,1,1,0,0,0,1,0,0,1,0,1,0,0,1,0,1,1,1,1,1,0,1,0,1,1,0,0,1,0,1,0,1,1,1,0,1,0,1,0,1,0,1,1,1,1,1,1,1,1,0,1,0,0,1,1,0,1,1,1,1,0,1,0,1,0,1,0
1,0,0,0,0,0,0,1,0,0,0,0,0,0,1,1,1,0,0,0,0,0,0,1,1,0,1,0,1,1,1,1,0,1,1,0,0,1,0,0,0,1,0,1,0,1,0,0,0,0,1,1,1,1,0,1,0,0,0,1,0,0,1,0,0,0,1,0,0,1,0,0,1,0,0
0,0,1,0,0,1,0,0,1,0,0,1,1,1,1,1,1,1,1,0,0,1,0,1,1,0,1,1,0,0,0,0,0,0,0,1,1,1,0,1,1,0,0,1,0,1,1,0,1,0,1,0,0,0,1,0,0,1,0,1,1,0,0,0,1,0,1,0,1,1,0,0,0,1,0
1,0,0,0,0,0,1,0,0,0,0,1,1,0,0,0,1,0,1,0,0,0,1,1,1,1,0,0,1,0,1,1,0,0,0,1,0,0,1,0,1,1,0,1,0,1,0,0,1,1,1,0,1,1,1,1,0,1,1,1,0,0,1,0,0,1,1,1,0,0,0,1,0,1,0
1,0,0,0,1,1,1,0,0,1,0,0,1,0,0,0,1,1,1,1,1,0,1,1,1,1,1,0,1,1,1,0,1,0,0,0,0,0,1,0,1,1,0,1,0,0,0,0,0,0,0,0,1,1,1,1,0,1,1,0,0,0,1,0,1,1,0,0,1,1,1,0,1,1,0
1,0,0,0,0,1,1,0,0,0,0,0,1,0,1,0,1,0,1,0,0,1,1,1,0,0,1,0,0,0,1,0,1,1,0,0,1,0,1,0,1,1,1,1,1,1,1,1,0,1,1,0,1,1,1,0,1,1,1,0,0,1,1,1,1,0,0,1,0,1,1,1,1,1,0
1,1,1,0,1,0,0,0,0,1,1,1,0,0,1,1,1,0,0,1,0,1,0,1,0,1,0,0,1,0,0,1,1,1,0,1,0,0,1,0,1,1,0,1,1,1,1,1,1,1,1,1,1,0,0,1,1,1,1,1,1,1,1,1,0,1,0,0,0,1,0,1,0,0,0
0,0,0,1,1,0,0,1,0,0,0,1,0,0,0,0,1,1,0,0,0,0,1,1,0,0,1,1,1,0,0,0,1,0,1,0,1,0,1,0,0,1,0,1,1,1,1,1,0,1,1,0,1,0,1,0,1,0,0,0,1,1,1,0,0,0,1,0,1,0,0,0,0,0,1
0,0,1,0,0,1,0,1,0,0,1,0,0,0,1,0,0,1,0,0,1,1,0,1,0,1,1,1,1,0,0,0,0,0,1,1,0,0,0,1,0,1,0,1,0,1,0,0,0,1,0,0,1,1,0,1,0,0,1,1,0,0,1,0,1,0,0,0,0,1,0,1,1,1,0
1,0,0,1,0,1,0,0,0,0,0,1,1,0,0,0,1,0,1,0,0,1,1,1,0,1,0,1,0,1,1,0,0,0,1,0,0,0,1,0,1,0,1,1,1,1,0,0,1,0,1,0,1,0,1,0,0,0,0,1,1,0,0,0,0,1,1,1,0,1,1,1,0,1,0
1,1,1,1,1,0,0,1,0,1,0,1,0,0,1,1,1,0,0,1,0,0,0,1,0,1,1,0,1,0,0,0,0,0,0,1,0,1,0,1,1,0,0,1,1,0,0,1,0,1,1,1,1,1,1,1,0,1,0,0,1,0,0,0,0,0,0,1,1,1,0,1,1,1,0
1,0,1,0,1,0,0,1,0,1,1,0,0,1,1,1,1,0,1,0,0,1,0,0,0,1,1,0,0,0,1,1,0,0,0,0,1,0,0,1,1,0,0,1,0,0,1,1,1,1,1,1,0,0,1,0,1,0,1,1,1,1,1,1,0,1,0,1,1,1,1,0,1,1,0
1,1,1,0,0,1,0,1,1,1,0,1,1,0,1,0,1,1,1,0,0,1,1,1,0,0,1,1,0,0,1,1,0,0,0,0,0,0,0,1,1,0,0,1,0,1,1,0,0,0,1,0,1,1,0,0,1,0,1,0,0,1,1,1,1,0,0,0,0,1,0,0,1,1,0
1,1,0,0,0,0,0,1,0,1,0,0,0,0,1,1,1,0,1,0,1,1,0,1,0,1,1,1,1,1,1,1,0,0,1,1,0,0,1,1,1,0,1,1,0,1,0,0,0,1,1,1,1,1,1,1,0,1,1,1,1,0,1,0,0,0,0,1,1,1,1,1,0,1,0
0,1,0,0,1,1,0,1,1,0,0,1,0,1,1,0,1,0,0,0,0,1,0,1,1,1,1,1,1,0,1,0,0,1,1,1,1,0,0,1,0,0,0,1,1,0,0,1,0,1,1,0,1,0,0,1,1,1,1,0,0,1,0,0,0,0,0,1,0,0,0,1,0,1,0
1,0,0,1,0,1,0,1,1,0,0,0,0,0,0,0,1,1,1,1,1,1,1,1,1,1,1,1,1,1,0,1,1,1,1,0,1,0,1,0,1,0,0,0,1,0,0,0,0,1,1,0,1,0,0,0,0,0,0,0,0,1,1,0,0,0,1,1,1,1,0,0,0,0,0
1,0,0,1,0,0,0,0,1,0,0,0,1,0,0,0,1,0,0,0,1,1,1,1,0,0,1,0,0,0,0,0,1,0,1,1,0,0,1,0,1,0,1,1,1,0,0,0,0,0,1,0,1,1,0,1,0,1,0,0,0,1,1,0,0,0,0,0,1,1,0,0,1,1,0
1,0,0,1,0,1,0,0,1,0,0,0,0,0,0,1,1,1,0,0,1,1,0,0,1,1,1,0,0,1,1,0,0,0,0,0,1,0,1,0,1,0,0,1,1,0,0,1,0,1,1,0,1,1,0,1,1,1,1,1,0,1,1,0,0,1,0,0,1,1,1,0,0,1,0
1,0,0,0,1,0,0,1,0,1,1,1,0,0,0,1,1,1,0,0,1,1,0,1,0,0,0,1,0,0,0,1,0,0,1,1,1,1,0,1,1,1,0,1,1,1,0,0,1,1,1,1,1,1,0,1,0,0,1,1,1,1,1,1,1,0,0,1,1,1,1,0,0,1,1
1,1,1,0,0,1,0,0,1,0,0,1,1,1,0,1,1,0,1,0,0,1,0,1,1,1,1,0,0,1,1,0,1,0,1,0,1,0,1,0,1,0,0,1,1,1,0,0,1,1,1,1,1,1,1,1,0,1,0,0,0,1,1,0,1,1,1,1,1,1,0,1,0,0,0
1,0,1,1,1,0,1,1,0,0,0,1,0,0,1,0,1,1,0,0,0,1,1,1,0,0,1,1,1,1,1,1,0,1,0,0,1,0,1,0,1,1,0,1,0,1,0,0,0,1,0,0,1,0,1,1,0,1,1,0,0,0,1,0,0,0,1,1,0,1,0,0,1,1,1
0,0,1,0,1,0,0,1,0,1,0,0,1,0,1,1,0,1,0,0,0,1,0,1,0,0,1,0,1,1,1,1,0,0,1,0,0,1,0,1,1,0,0,0,0,1,0,0,1,0,1,1,1,0,1,1,1,0,1,0,0,0,1,0,1,0,0,0,1,0,0,0,0,1,1
1,1,1,0,0,1,0,1,0,1,1,1,0,0,0,0,1,1,1,0,1,1,1,1,0,1,1,1,0,1,1,0,0,0,1,0,0,1,1,0,1,1,0,1,1,0,0,0,1,1,0,0,1,1,0,1,0,1,0,0,1,1,0,0,1,1,0,1,0,1,0,0,0,0,0
1,0,1,1,1,0,0,1,1,1,0,0,1,0,0,1,1,1,0,0,1,1,0,1,0,1,0,0,0,1,1,1,1,0,0,0,1,1,1,0,0,1,0,1,1,1,1,1,1,0,1,0,1,0,1,0,0,1,0,1,0,0,0,1,1,0,0,0,1,1,1,1,0,1,0
1,0,0,0,1,1,1,1,1,0,0,0,1,0,1,1,1,0,0,0,0,1,1,1,1,0,1,0,1,0,0,1,0,1,0,1,1,0,1,0,0,1,1,1,1,1,0,0,1,1,1,1,1,0,1,1,0,1,1,0,0,1,1,1,0,0,0,0,0,1,1,0,0,1,0
0,1,0,1,0,1,0,1,0,0,0,1,1,1,0,0,1,0,1,0,0,1,0,0,1,1,1,1,1,1,0,1,1,1,1,1,1,0,0,1,1,1,0,1,1,0,0,0,1,1,1,1,1,0,0,1,0,0,0,0,1,1,1,0,1,0,1,1,0,1,0,1,0,1,1
1,0,1,0,1,1,0,1,0,0,1,1,0,0,1,0,0,0,0,1,1,1,1,1,1,0,1,0,1,0,0,1,0,1,1,0,0,0,0,1,1,0,0,1,1,1,0,1,0,1,1,0,0,0,1,0,1,1,1,1,0,0,1,0,1,0,1,1,1,1,0,0,0,1,0
1,0,1,0,1,1,0,0,0,1,0,1,1,1,0,1,1,0,1,0,1,0,0,1,0,1,0,1,0,1,1,1,0,1,0,0,0,1,1,0,1,1,0,1,0,0,0,0,0,0,1,0,1,1,0,0,1,1,0,0,0,1,0,0,1,1,0,0,1,1,0,1,1,0,1
1,1,1,0,1,1,0,1,0,0,1,1,0,0,0,1,1,0,0,0,0,1,0,1,0,0,1,0,0,1,0,1,0,0,1,0,0,1,1,0,1,0,1,1,1,1,0,1,0,1,1,1,1,1,0,1,1,1,0,1,0,1,1,0,1,0,0,0,1,1,0,1,1,1,0
1,1,1,1,1,1,0,1,0,0,1,1,0,0,0,1,0,0,1,1,1,1,1,1,0,0,1,1,1,1,1,1,1,0,1,0,0,0,0,0,1,1,0,1,1,0,0,0,0,1,1,0,1,1,0,1,0,1,0,1,0,0,1,0,0,1,1,0,1,1,0,0,0,0,0
0,0,0,0,1,0,1,1,0,0,0,1,1,0,1,1,1,1,0,1,1,0,1,1,1,1,1,1,1,0,1,1,0,0,1,0,0,0,1,0,1,0,0,1,0,1,1,0,0,0,0,0,1,0,1,0,0,1,0,1,0,1,1,0,1,0,0,0,0,1,0,1,0,1,0
1,1,0,1,1,1,0,1,1,1,1,1,0,0,0,0,0,0,1,0,1,0,1,1,0,1,0,1,1,0,0,0,1,0,0,1,1,1,0,1,0,1,0,1,1,1,0,0,1,1,1,1,1,1,0,1,0,1,0,1,1,0,0,0,1,0,0,0,0,1,0,1,0,1,1
1,0,1,1,1,1,0,1,0,1,0,1,1,0,0,0,1,0,1,0,1,1,1,1,0,0,1,1,0,0,1,0,1,0,1,1,1,1,0,1,1,0,1,1,0,1,0,0,0,0,1,1,1,1,0,1,1,1,0,0,1,1,1,0,1,0,1,1,0,1,1,1,0,1,1
1,0,0,1,0,1,0,1,0,0,0,1,0,0,0,0,1,0,0,0,0,1,0,0,0,0,0,1,1,1,0,1,1,0,0,1,1,0,0,0,0,1,0,1,1,0,1,1,0,1,1,1,1,1,0,1,1,0,0,0,0,1,0,0,1,1,1,1,0,1,0,0,1,1,0
1,1,0,0,0,0,0,0,0,0,0,0,0,0,0,1,0,0,1,0,1,0,0,1,1,1,1,1,0,1,0,0,0,1,1,0,0,0,1,0,1,1,0,1,1,1,0,0,0,1,1,0,1,1,1,1,0,1,0,0,0,0,0,0,1,1,0,0,0,1,0,1,0,1,1
1,1,1,0,1,1,0,1,0,1,0,0,0,0,1,0,1,0,1,0,1,0,0,1,1,0,1,1,1,0,0,0,0,1,0,0,1,1,1,0,0,1,1,1,1,0,0,0,1,1,1,1,1,1,0,1,0,0,1,0,0,0,1,0,1,0,0,0,1,1,0,0,0,1,1
1,0,0,1,1,0,0,0,1,1,0,0,1,0,0,0,1,1,0,1,0,1,0,0,0,0,0,1,1,0,0,0,1,0,0,0,0,1,1,0,1,1,1,1,0,1,1,0,1,0,1,0,1,1,1,0,0,1,0,1,0,1,1,0,0,1,0,0,0,1,1,0,0,1,0
1,0,0,0,1,1,0,0,0,0,0,0,0,0,1,1,1,0,1,0,0,1,0,1,0,1,0,0,0,1,1,1,0,1,1,1,1,1,0,1,1,1,0,1,0,0,1,0,0,0,1,1,1,1,1,1,1,1,1,0,0,0,1,0,0,1,0,1,1,1,0,0,0,1,0
1,1,0,0,0,0,0,1,0,1,0,0,1,1,0,1,1,0,0,0,0,1,0,1,1,1,1,0,1,0,0,0,1,0,1,1,1,0,1,1,1,0,1,1,1,1,0,0,0,0,1,1,1,1,0,1,0,1,0,1,0,0,1,1,0,0,0,0,1,1,1,0,0,1,0
1,1,0,1,1,0,1,1,0,0,0,1,1,0,1,0,1,0,0,0,1,1,1,1,0,1,0,1,1,1,1,0,0,0,1,0,1,0,0,0,1,1,0,1,0,1,0,0,0,1,0,1,0,0,0,0,0,0,0,0,0,0,1,1,1,0,1,0,0,1,1,1,0,1,0
1,0,0,0,0,0,1,1,0,0,1,0,1,0,1,1,1,0,0,0,0,1,1,1,0,0,1,0,0,0,0,1,1,0,1,1,0,0,1,0,1,1,0,1,1,0,0,0,0,0,1,0,1,1,0,1,0,1,1,1,0,1,1,0,0,0,0,1,0,1,0,0,1,1,1
1,0,0,0,1,0,1,1,0,1,0,1,0,0,1,1,1,1,0,0,1,1,1,1,1,1,1,1,0,1,0,0,0,0,1,1,1,0,1,0,1,0,1,1,0,1,1,1,1,1,1,0,1,0,1,0,0,1,1,0,0,0,0,0,1,0,0,0,1,1,0,1,0,1,0
1,0,0,0,0,0,1,0,0,1,0,1,0,0,1,0,1,1,1,1,1,1,1,1,0,1,0,0,1,0,1,0,1,1,1,0,1,0,1,0,1,1,0,1,0,0,1,0,1,0,1,1,1,0,0,0,0,0,1,0,0,1,1,0,1,0,0,0,1,0,0,0,1,1,0
1,0,0,1,0,0,0,1,0,1,0,0,0,1,1,1,1,1,0,0,1,0,1,1,0,0,0,0,0,1,0,1,0,1,1,1,0,0,0,1,0,0,0,1,0,1,0,0,0,0,1,0,0,1,0,1,0,1,1,0,0,0,1,0,1,0,0,0,1,1,0,1,0,0,1
1,0,0,1,0,0,0,1,0,1,0,1,0,0,0,0,0,1,1,0,1,1,0,1,1,1,0,1,1,1,0,1,1,0,1,1,1,1,1,1,1,0,0,1,1,0,1,0,1,1,1,0,1,1,1,0,1,0,1,0,0,1,0,0,1,0,0,1,0,1,1,0,1,1,0
0,0,1,1,1,1,1,0,0,0,0,1,1,0,0,1,1,1,0,0,1,1,0,1,0,1,1,0,0,1,1,0,1,0,0,0,0,0,1,0,0,1,1,1,0,1,0,1,0,0,1,1,1,0,1,1,0,1,0,1,1,0,0,0,1,0,0,1,0,0,1,1,0,0,0
1,0,0,1,1,1,1,1,1,0,1,1,0,0,1,1,1,1,0,0,1,0,1,1,1,1,0,0,1,1,1,1,1,0,0,0,0,1,1,1,1,0,0,1,0,1,1,0,0,1,1,0,1,1,0,1,0,1,1,1,0,1,1,0,0,1,1,1,1,1,1,1,1,0,1
1,0,0,0,1,0,0,1,0,1,0,1,1,0,0,1,0,1,1,0,1,1,0,1,0,0,1,0,0,0,0,1,1,1,1,0,1,0,1,0,1,0,0,1,1,0,1,0,0,1,0,0,1,1,1,1,0,0,1,1,1,0,1,0,0,1,1,0,0,1,0,0,0,1,1
1,0,1,1,1,1,0,1,1,0,0,0,1,0,1,0,1,1,0,1,1,1,0,1,1,1,0,1,0,1,1,1,0,0,1,0,0,0,1,0,0,1,0,1,0,1,0,0,1,0,1,1,1,1,1,0,0,0,1,0,0,1,1,1,1,0,0,1,0,1,1,1,0,1,1
1,0,1,1,1,0,0,0,0,1,0,1,0,0,1,1,1,0,1,0,0,1,0,1,1,0,1,0,0,0,1,1,0,0,1,0,1,1,0,0,1,1,1,1,0,0,1,0,0,1,1,0,1,1,0,1,0,0,0,1,1,0,1,0,1,1,1,0,1,1,1,1,1,1,1
0,0,0,0,0,1,0,1,1,0,0,0,0,0,1,0,1,1,0,0,0,1,1,1,1,1,1,0,0,0,0,1,0,0,0,1,1,1,0,1,1,1,0,1,0,1,1,0,0,0,1,1,1,1,0,0,1,0,1,1,0,1,1,0,1,0,0,1,0,0,0,0,1,1,0
1,0,0,0,1,0,0,1,0,0,0,1,0,0,1,0,1,1,1,0,0,1,1,1,0,0,0,0,1,1,0,1,0,1,1,0,1,1,0,1,1,1,0,1,0,1,1,1,0,1,1,0,1,0,0,0,0,1,1,1,1,0,1,0,1,1,0,0,0,1,0,1,1,1,1
0,0,1,1,1,0,0,1,1,0,1,0,1,0,0,0,1,0,0,0,1,1,1,0,0,1,1,0,1,0,1,0,1,0,1,0,0,1,1,0,0,1,1,0,0,1,0,0,1,1,1,0,1,1,0,1,0,1,0,1,0,1,1,0,1,0,0,0,0,1,1,1,0,1,0
1,0,0,0,1,1,0,1,1,1,1,1,1,1,1,0,1,0,1,0,0,0,0,1,0,1,1,1,1,1,0,1,1,0,1,0,0,0,0,1,1,1,0,1,0,1,0,0,0,0,1,0,1,0,0,1,1,1,0,1,1,1,1,0,1,0,0,0,0,1,0,0,0,0,0
1,1,1,0,0,0,0,0,0,1,0,1,1,0,0,1,1,0,1,1,1,0,0,0,0,0,0,1,0,0,0,1,1,0,1,0,0,1,1,0,1,0,0,1,1,0,0,1,1,1,1,1,1,0,1,0,1,0,0,1,0,0,0,0,0,1,1,0,1,1,0,0,0,1,0
1,0,0,1,0,1,0,1,0,0,1,1,1,0,0,1,1,0,1,0,0,1,0,1,0,0,1,0,0,1,1,0,1,0,1,0,0,0,0,1,1,0,0,0,0,1,1,0,1,0,1,0,1,1,0,0,0,0,1,1,1,1,1,1,1,0,0,0,1,1,0,0,0,0,0
0,1,0,1,0,1,0,1,0,0,0,0,1,0,1,0,1,1,0,0,1,1,0,0,0,0,1,0,1,0,1,1,0,0,0,0,1,0,0,0,0,1,0,1,0,1,1,0,0,1,0,0,1,0,0,1,0,1,1,0,0,0,1,0,1,0,1,0,0,0,0,0,0,1,0
1,1,0,1,1,1,0,1,0,1,1,0,0,1,0,1,0,0,0,1,1,1,0,0,0,0,1,0,1,1,0,0,1,1,1,0,0,0,1,0,1,0,0,0,1,0,0,1,1,1,1,1,1,0,0,1,1,0,0,0,0,0,0,0,1,0,0,0,1,1,0,1,0,1,0
0,0,0,1,0,0,0,1,0,0,0,1,1,0,0,1,0,0,1,1,0,1,1,1,0,0,1,0,1,1,1,1,1,0,0,0,1,0,0,0,1,1,0,1,0,1,0,0,0,0,1,1,1,1,0,1,0,1,0,0,1,0,0,0,0,0,0,0,0,1,0,1,1,1,0
0,1,1,1,0,1,1,0,0,1,0,0,1,0,1,0,1,1,0,1,0,1,1,1,1,0,1,1,1,0,0,1,0,0,1,0,0,1,1,0,1,1,0,1,1,0,0,0,1,0,0,0,1,1,0,1,0,0,0,1,0,0,1,0,0,1,1,0,1,1,0,0,0,0,0
1,0,0,0,0,1,0,1,0,0,0,1,0,1,0,0,1,0,0,0,1,1,1,1,1,1,1,1,0,1,1,0,0,0,1,1,0,1,1,0,1,1,1,1,0,0,0,1,1,1,1,1,1,0,0,1,0,1,1,1,0,1,1,1,0,0,1,0,0,1,1,1,0,1,1
1,0,1,0,1,0,0,1,0,0,0,0,0,0,1,0,0,0,0,1,0,0,0,1,0,1,1,0,0,0,1,0,0,1,1,1,1,1,1,1,1,1,0,1,0,1,0,0,0,1,1,0,1,1,0,1,0,1,1,0,0,0,1,0,0,0,1,0,0,1,0,0,1,1,0
1,1,1,1,1,1,0,1,1,1,0,1,0,0,0,0,1,1,0,1,1,1,0,1,0,1,0,0,1,1,0,0,1,0,0,1,0,1,1,1,0,1,0,1,1,1,0,0,1,1,1,1,1,1,0,1,0,0,0,0,0,1,0,0,1,0,1,0,0,1,0,0,0,1,1
1,0,1,1,0,0,0,0,0,1,0,0,0,0,1,1,1,0,0,0,1,1,1,1,0,1,1,0,1,1,1,1,1,0,1,0,0,1,0,1,1,0,1,0,0,0,0,0,1,1,1,0,0,1,0,1,0,1,0,1,0,0,1,0,1,0,0,0,1,1,1,0,0,1,0
1,0,0,0,0,0,0,1,1,0,0,1,1,1,1,0,1,0,0,1,1,1,0,0,0,0,1,1,0,0,1,1,0,0,1,0,1,0,1,0,1,0,1,1,0,1,0,0,0,1,1,1,1,0,0,0,0,0,0,1,0,0,1,0,1,0,0,0,1,1,1,1,0,0,0
1,0,0,1,1,0,0,1,0,1,0,1,0,1,0,1,0,0,1,0,1,1,1,0,1,0,1,1,0,0,0,0,1,0,1,0,1,0,1,0,1,1,0,1,0,0,0,0,0,0,1,0,1,0,1,1,1,1,1,0,0,1,1,0,1,0,1,0,0,1,1,0,0,1,1
1,1,1,1,1,0,0,1,0,0,1,1,0,0,0,1,0,1,1,1,0,1,0,0,0,0,1,1,0,0,0,1,1,0,1,0,1,1,0,1,1,0,0,1,1,0,1,0,0,1,1,0,1,1,0,0,0,0,0,0,0,0,1,1,0,0,1,1,1,1,0,0,1,0,1
1,0,0,1,1,0,0,1,1,1,0,1,0,0,1,1,0,1,1,0,1,0,0,1,0,0,1,0,1,0,1,0,0,0,1,1,1,1,1,0,1,1,0,1,0,1,0,1,0,0,0,1,1,0,1,1,1,1,0,0,1,1,1,0,1,1,0,1,1,1,0,1,1,1,1
1,0,1,0,0,0,0,1,0,1,0,0,0,1,1,0,0,1,0,1,0,1,0,0,0,0,1,0,0,0,1,1,0,1,0,1,1,0,1,0,1,1,1,1,0,1,0,0,0,1,1,1,1,0,1,1,0,0,1,1,1,0,1,0,0,0,1,0,1,1,0,1,1,1,0
0,0,0,1,1,0,0,1,0,1,0,1,0,0,1,1,0,0,1,0,1,0,0,1,0,0,1,0,1,1,1,1,0,0,1,0,0,0,0,1,1,0,0,1,0,0,0,0,0,1,1,1,1,0,1,1,0,1,0,0,1,1,1,0,0,0,1,0,0,1,0,1,1,1,1
0,0,1,1,0,0,0,1,0,0,1,1,1,0,0,1,1,0,0,0,1,0,0,0,1,0,1,1,1,1,0,0,1,0,1,1,1,1,0,1,0,1,0,1,1,0,0,1,1,0,1,1,0,1,0,0,1,1,1,1,1,1,1,0,1,0,0,0,1,1,0,0,1,0,1
1,0,0,0,1,0,0,1,0,1,0,0,1,0,0,1,1,0,0,0,1,1,0,0,1,0,0,0,1,0,0,0,1,0,1,0,1,0,0,0,1,0,0,1,0,1,0,0,0,0,1,1,1,0,1,0,0,1,1,0,0,1,1,1,1,1,1,0,0,1,0,1,1,1,0
1,0,0,0,0,1,0,1,0,0,1,1,0,0,0,0,0,0,0,0,1,1,1,0,1,0,1,1,1,1,1,1,1,0,1,0,1,0,0,1,1,0,1,1,0,1,1,0,0,1,0,0,1,0,1,1,0,0,0,1,0,0,0,1,1,0,0,0,1,1,1,1,1,0,0
1,0,1,0,0,0,0,1,1,0,1,1,0,0,1,1,0,1,0,0,1,1,0,1,0,1,1,1,0,0,1,0,0,0,0,0,0,1,0,0,1,1,1,1,1,0,0,1,1,1,1,1,1,1,0,1,1,1,1,1,1,1,1,0,1,0,1,0,0,1,1,0,0,1,0
1,0,1,0,1,0,0,1,0,1,0,1,0,0,0,1,0,0,0,1,1,1,1,1,1,1,1,0,0,0,0,0,1,0,1,0,1,0,0,1,1,0,0,1,1,1,0,1,0,1,1,1,1,0,1,1,1,0,1,0,1,0,1,0,0,0,1,1,1,1,0,1,1,1,0
1,0,0,1,1,1,0,1,0,1,0,0,1,0,1,1,1,1,0,0,0,1,0,1,1,1,0,1,1,1,1,1,0,0,0,1,1,0,1,1,0,0,0,1,0,1,1,0,1,1,1,0,1,1,0,1,0,0,0,0,0,0,0,0,0,0,1,1,1,1,1,0,1,1,0
1,0,0,1,0,0,0,1,0,1,0,1,1,0,0,1,1,1,0,0,0,1,0,1,0,0,0,1,1,1,0,1,1,0,0,0,0,1,1,0,0,0,1,1,1,0,1,1,0,1,1,1,1,1,0,1,0,0,0,0,0,1,0,0,0,0,0,1,1,1,0,0,1,1,0
1,1,1,1,0,1,0,1,0,0,1,0,0,0,1,1,1,0,0,0,0,1,0,0,0,0,0,0,1,1,0,1,1,0,0,1,0,1,1,1,0,0,0,1,1,0,0,0,1,1,1,1,0,1,1,1,0,0,0,0,0,0,1,0,1,0,1,0,1,1,0,0,0,1,0
1,1,1,0,1,1,0,1,1,0,0,0,0,0,1,0,1,0,0,0,0,1,1,1,1,0,0,0,0,1,1,0,0,0,0,1,1,1,0,1,1,1,1,1,0,0,0,0,1,0,1,0,1,1,0,1,0,1,1,1,0,1,0,1,1,0,1,1,1,1,0,1,0,1,0
1,1,1,0,0,1,1,1,0,1,0,1,0,0,0,0,1,1,0,0,1,1,1,1,1,0,1,0,1,0,1,0,0,0,1,0,0,1,1,0,1,1,1,1,1,0,0,0,0,0,1,0,1,1,0,1,0,0,1,0,0,1,0,1,1,0,0,1,0,1,0,0,0,1,0
1,0,1,1,1,0,0,1,1,0,1,0,1,0,0,1,1,0,0,0,1,1,1,1,1,0,1,1,0,1,1,1,1,0,1,0,1,0,1,0,1,0,0,0,0,0,0,1,1,0,1,1,1,0,0,1,1,0,1,0,0,1,0,1,1,0,0,1,1,1,0,0,0,0,1
0,0,0,1,1,0,0,1,1,0,0,1,1,0,1,0,0,0,0,0,0,1,0,1,0,0,0,0,1,0,1,0,0,0,1,1,1,0,0,1,1,1,1,1,0,1,0,1,1,0,1,0,1,0,1,0,1,0,0,1,1,1,0,1,0,0,1,1,0,1,1,1,0,1,0
1,0,0,1,0,1,0,1,0,1,1,1,1,1,1,0,1,0,1,0,0,1,0,1,0,0,1,0,0,1,0,1,0,0,0,1,0,1,0,1,1,0,1,1,1,1,1,1,1,1,1,1,1,1,1,1,0,0,0,1,1,0,0,1,1,0,0,0,1,1,1,1,1,1,1
1,0,0,0,1,0,0,1,1,0,0,1,1,0,0,0,1,1,1,0,0,0,0,1,0,0,0,1,1,0,1,0,1,0,1,0,0,1,1,0,1,0,1,0,1,1,1,0,1,0,0,1,1,1,0,1,0,1,0,1,0,1,1,0,0,1,0,0,1,1,1,0,0,1,0
0,1,1,1,1,1,0,1,0,0,0,1,0,0,0,1,0,1,0,0,0,0,1,1,1,0,1,0,0,1,1,0,1,1,0,1,1,0,0,1,1,0,0,1,1,0,1,0,1,0,1,0,1,1,0,0,0,0,1,1,1,1,1,0,0,0,0,1,1,1,1,1,0,1,0
1,0,0,0,1,0,0,1,1,0,0,1,0,0,0,1,1,0,0,0,1,1,0,1,0,0,1,1,1,1,1,1,1,0,0,0,1,0,1,0,1,1,0,1,0,0,0,0,0,1,1,1,1,1,0,1,0,1,0,1,1,0,0,0,0,0,1,1,1,1,1,1,0,1,0
1,1,0,1,1,0,0,1,1,0,0,0,1,0,0,1,0,1,1,0,1,1,1,1,0,0,1,0,1,1,1,1,1,0,1,0,1,1,1,0,1,1,0,1,1,0,1,0,0,0,1,1,1,1,0,0,1,1,0,1,1,0,1,0,0,1,1,0,0,1,0,0,0,1,0
1,0,0,1,1,0,1,1,1,0,0,0,0,0,0,1,0,1,1,0,1,0,1,1,1,0,1,1,1,0,1,0,1,0,1,0,1,0,0,1,1,0,0,1,1,1,1,1,0,1,1,1,1,0,1,1,1,0,1,0,0,0,1,0,0,0,0,1,1,1,0,0,1,1,0
1,0,0,1,1,1,0,0,1,0,0,1,0,0,1,1,0,0,1,0,1,1,1,1,0,0,1,1,0,1,0,0,0,1,1,1,1,0,0,1,1,0,0,1,1,0,1,1,0,1,1,1,1,1,0,0,1,1,0,0,0,1,0,1,1,1,0,0,1,1,0,1,1,1,1
1,0,0,0,0,0,0,1,0,1,0,1,1,1,1,1,1,0,1,0,1,0,1,1,0,0,1,0,1,0,1,0,0,0,0,1,1,0,0,1,0,0,0,1,1,1,1,1,1,0,1,0,1,1,0,1,1,1,0,0,1,1,0,0,0,1,0,1,1,1,1,0,0,1,0
1,0,1,0,1,0,0,1,0,1,0,0,0,0,1,0,0,1,0,0,0,0,0,0,1,1,1,0,0,1,0,0,0,0,0,1,0,1,0,0,0,1,1,1,1,1,0,0,1,1,0,0,1,1,0,0,0,1,1,1,0,0,1,0,1,1,1,0,0,1,1,0,0,0,0
0,0,1,1,1,0,0,1,0,1,0,1,1,0,0,1,0,1,0,1,0,0,0,1,0,1,0,1,0,1,0,0,1,0,0,1,0,0,1,1,1,0,0,1,0,1,1,0,0,1,1,1,1,0,1,1,0,1,0,0,0,0,0,0,0,0,1,1,0,1,0,0,0,1,0
1,0,0,1,1,1,0,1,0,0,0,1,1,0,0,1,1,0,0,0,1,1,1,1,0,0,1,0,0,0,1,0,1,1,0,0,0,1,0,0,1,0,0,1,0,1,0,0,1,1,1,0,1,0,1,1,1,0,0,1,0,1,0,1,1,0,1,0,0,0,1,1,0,1,0
1,0,0,1,1,1,0,1,0,0,0,0,1,0,0,1,1,1,0,0,0,0,1,1,1,1,1,0,1,1,1,1,1,0,0,0,0,0,1,0,1,1,0,1,0,1,1,0,0,1,0,0,1,0,1,0,0,0,0,0,0,0,1,0,1,0,1,1,0,1,0,0,0,1,1
1,0,0,1,1,0,0,1,0,1,0,0,1,0,0,0,0,0,1,0,1,1,0,1,0,1,0,1,0,0,1,0,0,1,1,0,1,0,0,0,1,1,0,1,1,0,0,0,0,1,1,1,1,1,1,1,0,1,1,0,0,0,1,0,1,0,1,0,0,1,0,0,0,1,0
1,0,0,0,1,1,0,0,1,0,0,0,0,0,0,1,1,1,1,0,1,0,1,1,0,0,1,1,0,0,0,1,0,0,0,0,1,1,1,1,1,0,1,1,1,0,1,1,1,1,1,0,1,0,1,0,0,0,1,1,0,1,1,0,1,1,0,1,1,1,1,0,1,1,0
1,0,0,0,1,0,0,1,0,1,0,1,1,0,1,1,1,0,0,1,0,1,0,0,0,0,1,1,0,0,0,1,0,1,0,1,0,0,0,1,1,0,0,1,1,0,0,0,0,1,1,0,1,0,1,1,0,1,1,0,0,1,1,0,1,0,1,1,1,1,0,0,0,1,0
0,0,0,0,0,1,0,1,0,0,1,0,0,0,0,0,1,0,1,0,1,1,0,1,1,1,0,1,0,1,1,1,0,0,0,0,0,1,1,0,1,0,1,1,1,1,1,0,1,1,1,0,1,0,1,1,0,0,0,1,0,0,0,0,1,0,0,0,1,1,1,1,1,1,0
1,1,1,1,1,1,0,1,0,0,0,1,1,0,0,1,1,1,0,0,0,1,0,1,0,0,0,1,0,0,0,0,1,0,1,0,1,1,1,0,1,1,1,1,1,1,0,0,0,0,1,1,1,1,0,1,0,1,1,1,1,0,1,0,0,0,1,1,0,0,0,0,0,1,0
1,1,1,1,1,0,0,1,0,1,0,1,1,0,0,1,1,1,0,0,0,1,0,1,1,0,0,0,1,1,1,1,0,0,0,1,1,1,0,1,1,0,0,1,0,1,1,0,0,1,0,1,1,1,1,0,0,0,0,0,0,0,0,1,0,0,0,1,0,1,0,0,0,1,0
1,1,1,1,1,0,0,0,0,1,0,0,0,0,1,0,0,0,0,0,0,1,1,1,0,0,1,0,1,0,0,0,0,0,1,0,1,1,0,1,1,0,1,1,0,1,1,0,0,0,1,0,1,0,0,1,0,0,0,0,0,1,1,1,0,1,0,0,1,1,0,0,0,1,1
1,1,1,0,0,1,1,1,1,0,0,1,0,1,1,0,1,0,1,1,0,1,0,1,1,0,1,0,0,1,1,0,1,1,0,1,0,1,0,1,0,1,0,1,0,0,0,0,0,1,1,1,1,1,0,1,0,1,0,1,1,1,1,1,0,0,1,1,0,1,1,1,1,0,0
1,0,0,0,0,1,1,1,0,1,1,1,1,1,0,1,1,1,0,0,1,1,0,1,0,1,1,0,1,1,0,1,1,0,1,0,0,0,1,0,1,1,0,1,1,1,0,0,1,0,1,1,1,0,1,1,0,1,1,0,1,1,1,0,0,1,1,1,0,1,0,0,0,1,0
1,1,1,0,0,0,0,1,1,0,0,1,0,0,0,0,1,1,1,0,1,1,0,1,0,0,1,0,1,0,1,0,1,0,1,0,1,0,0,0,1,1,1,1,1,0,0,1,0,0,1,1,1,1,0,1,1,1,1,1,1,0,1,0,1,0,0,1,1,1,1,0,1,1,0
0,1,0,0,1,1,0,1,1,0,0,1,1,0,0,1,1,1,0,1,0,1,0,1,1,1,0,0,1,1,0,1,1,0,1,0,1,0,0,0,1,0,1,1,1,0,0,0,0,0,0,1,1,0,0,0,0,0,0,0,0,1,1,0,0,0,0,1,1,0,1,0,0,0,0
1,0,0,1,1,1,0,1,0,1,1,0,1,0,0,1,1,0,0,0,0,1,0,0,0,0,1,0,1,1,0,0,1,0,0,0,1,0,1,0,0,1,1,1,1,0,0,0,0,1,1,1,1,0,1,0,0,1,0,1,0,0,0,0,0,0,0,0,1,1,1,1,1,0,1
1,0,0,0,0,0,0,1,1,1,0,1,0,1,0,1,1,1,0,0,0,1,0,0,1,0,0,1,0,0,1,0,1,0,0,0,0,0,1,0,1,1,0,1,0,1,0,1,0,0,1,1,1,0,1,0,1,1,0,0,1,1,0,0,0,1,1,1,1,1,0,0,0,0,1
1,0,1,1,0,1,0,0,0,1,0,0,0,0,1,1,1,0,1,0,0,1,0,1,1,1,1,1,0,0,0,1,0,1,1,1,0,0,0,1,1,1,1,1,1,1,0,0,1,1,1,0,1,1,0,1,0,0,0,0,1,1,1,0,0,1,0,1,1,1,1,0,0,0,1
1,0,1,1,0,0,0,0,1,1,0,0,1,1,0,0,0,0,0,0,1,1,1,1,0,0,1,1,1,0,0,1,1,0,0,1,1,1,1,0,0,1,0,1,1,0,1,1,1,0,1,0,1,1,0,1,1,0,0,1,0,1,1,0,1,1,0,1,1,1,0,1,1,1,0
1,0,1,0,0,1,0,1,0,1,0,0,0,1,0,1,0,1,1,0,1,1,0,1,1,0,1,0,0,0,1,0,1,0,1,0,0,0,0,1,1,0,0,1,1,0,0,1,0,1,0,1,1,0,1,1,1,1,1,1,0,0,1,0,1,0,1,1,1,1,0,0,0,1,0
1,0,0,0,0,0,0,0,0,1,0,0,0,0,0,1,1,0,0,0,0,1,1,1,0,0,1,0,1,1,1,0,1,0,1,1,1,1,0,1,1,0,1,1,0,1,0,0,1,1,1,1,1,1,0,0,0,0,1,1,0,1,1,1,1,1,1,1,1,1,1,1,1,1,0
1,1,1,1,1,1,0,1,0,0,1,1,1,0,1,1,1,0,0,0,0,1,0,1,0,0,0,1,0,0,1,1,0,0,0,0,1,1,0,1,0,0,1,1,1,1,0,1,1,0,1,1,1,1,1,1,1,1,0,0,1,1,0,0,1,0,0,0,0,1,1,0,0,1,0
1,1,1,1,0,1,0,1,0,1,0,0,1,0,0,1,1,1,1,0,1,1,1,1,0,1,0,1,0,0,0,0,0,0,1,0,1,1,1,0,1,1,1,1,1,0,1,0,1,1,1,0,1,1,1,1,0,0,0,1,1,0,1,1,1,0,0,1,0,1,1,0,0,1,0
1,0,0,0,0,0,0,1,0,1,1,1,0,0,1,0,1,1,1,0,1,1,1,1,1,1,1,1,0,0,0,1,0,0,0,1,0,0,0,1,0,0,1,1,1,0,0,0,1,1,1,0,1,1,0,1,0,1,0,1,1,1,0,1,0,0,1,1,0,0,1,0,0,0,0
0,0,1,1,1,0,0,1,0,1,0,1,1,0,0,0,1,0,1,0,1,1,0,1,1,1,0,1,0,1,0,0,0,0,1,0,1,0,1,0,0,1,0,1,1,0,0,1,0,0,1,1,1,1,0,1,1,1,0,0,1,0,0,0,0,0,1,1,0,1,0,0,0,1,0
1,1,1,1,0,1,0,1,0,0,0,0,0,0,0,1,1,0,1,0,0,1,0,1,1,0,0,1,1,0,0,1,1,1,1,1,0,1,1,1,1,0,0,1,1,1,0,1,1,1,1,1,1,1,0,1,0,1,1,1,1,1,1,0,0,0,1,1,0,1,1,1,0,1,0
0,1,1,0,1,0,0,1,1,0,0,0,1,0,0,0,1,1,0,0,1,0,0,1,0,0,1,0,1,1,0,0,1,0,0,0,0,1,1,0,1,1,0,1,0,1,1,0,0,0,1,1,0,1,0,0,0,0,1,1,0,1,1,0,0,0,0,0,0,1,0,0,0,1,0
1,0,0,1,1,0,0,0,0,1,0,1,1,1,1,0,1,1,1,0,1,1,0,1,0,0,0,0,0,1,0,1,1,0,0,0,0,0,1,0,1,0,1,1,1,0,1,0,1,0,0,1,1,0,0,1,0,1,1,1,0,1,1,1,0,1,0,1,0,1,1,0,1,0,0
1,0,0,1,1,0,0,1,0,1,1,0,0,0,0,1,1,1,0,1,1,0,0,1,1,1,0,1,1,0,1,1,1,0,0,0,1,1,1,0,1,0,1,1,0,0,1,0,0,0,0,1,1,0,0,0,0,1,1,0,0,0,1,0,0,1,1,0,1,1,1,0,0,0,0
0,1,0,1,0,0,0,1,0,1,1,1,1,0,0,0,0,1,1,1,1,0,0,0,0,0,0,0,0,0,1,1,1,0,0,0,1,0,1,0,1,1,1,1,1,0,1,1,0,0,1,1,1,1,0,1,0,0,0,1,1,0,0,0,1,1,0,1,0,1,1,1,1,1,1
1,0,1,1,1,0,1,1,0,1,1,1,0,0,0,1,1,1,1,1,0,1,1,1,0,1,0,1,0,0,1,1,1,0,1,0,0,0,1,0,1,1,1,1,0,0,0,0,1,1,1,0,1,1,0,1,0,1,0,0,0,0,0,0,1,0,1,1,0,1,1,0,0,1,0
1,1,1,1,0,0,0,1,1,1,1,1,0,0,1,0,1,1,0,1,0,1,1,1,1,1,1,1,1,0,1,0,1,0,1,0,0,1,0,1,0,1,0,1,1,0,1,1,0,1,1,0,1,1,0,1,1,1,0,0,0,1,1,0,0,0,0,0,0,1,1,1,1,1,1
1,1,0,0,0,0,0,1,1,0,1,1,0,0,0,0,0,0,0,1,0,1,0,1,0,1,1,1,0,1,1,1,0,0,0,0,1,0,1,0,1,1,0,1,1,0,0,0,1,1,1,1,1,1,0,1,0,0,1,0,0,1,1,0,1,0,0,0,1,0,1,1,0,1,1
1,0,0,0,1,1,0,0,0,1,0,1,0,1,0,0,0,0,0,0,0,1,0,1,1,0,1,0,0,0,0,1,1,0,1,1,1,1,1,0,1,1,1,1,1,1,0,1,1,1,1,1,1,1,0,1,0,0,0,0,0,0,1,0,0,1,1,1,1,1,1,1,0,0,1
1,0,0,1,0,0,0,0,1,0,0,1,0,0,0,1,1,1,1,0,1,1,0,1,0,0,0,1,0,1,0,1,1,0,1,1,0,0,0,1,0,0,1,1,1,0,0,0,1,0,0,1,0,0,1,0,0,1,0,1,1,1,0,0,0,1,0,1,0,1,1,0,0,1,0
0,1,0,1,1,0,0,1,0,1,1,1,0,0,0,1,1,1,0,0,0,1,0,1,1,1,1,0,0,0,0,0,0,0,1,0,1,0,0,0,1,1,0,1,1,0,0,1,0,1,1,0,1,0,1,1,1,1,1,1,0,0,0,0,0,0,1,0,0,0,0,0,0,1,0
1,0,1,1,0,1,0,1,1,0,1,0,0,0,0,0,1,0,0,0,1,0,0,1,0,0,0,0,1,1,0,1,1,0,0,1,0,1,1,0,1,1,0,1,1,0,0,0,0,1,1,1,1,1,0,1,0,1,1,1,0,1,1,0,1,0,0,0,1,0,1,1,0,1,0
1,1,0,0,0,0,0,1,0,1,1,1,0,0,0,0,0,0,0,0,1,0,0,0,0,0,0,0,0,0,1,1,1,1,0,0,0,0,1,0,1,1,0,1,1,0,0,1,1,1,1,1,1,1,0,1,1,1,1,0,0,0,1,0,0,1,1,0,0,1,0,1,0,1,0
1,0,0,0,1,1,1,0,0,1,0,1,0,0,0,0,1,0,1,0,1,1,1,1,0,0,0,1,1,0,0,0,1,0,1,0,1,1,1,0,1,1,1,1,1,0,0,0,1,1,1,1,1,1,0,1,0,1,1,1,1,1,1,1,1,0,0,0,0,1,1,1,0,1,1
0,1,1,1,1,0,0,0,1,0,0,1,0,0,1,0,0,0,1,0,1,1,1,1,1,1,1,0,0,1,0,0,0,1,1,0,0,1,0,1,1,0,0,1,1,1,1,1,0,1,1,1,1,1,0,0,1,1,0,0,1,1,1,0,1,1,0,0,0,1,0,0,0,1,1
1,0,0,0,0,1,0,1,1,0,1,1,1,0,0,0,1,1,1,0,1,1,1,1,1,1,0,1,1,0,1,1,1,1,1,0,1,0,1,0,1,1,0,1,0,1,0,1,1,1,1,0,1,0,0,1,0,1,0,0,0,0,0,0,1,0,0,1,0,0,0,0,0,0,0
1,0,1,0,1,1,0,0,0,0,0,0,1,0,0,0,1,1,0,1,1,1,1,1,0,0,1,1,0,0,0,1,1,0,1,0,1,0,1,0,1,1,0,1,1,1,1,1,1,1,1,1,1,1,0,1,0,1,1,1,0,0,0,0,1,0,0,1,0,1,0,1,0,1,0
0,1,0,1,0,0,0,0,0,1,0,0,0,0,1,1,1,0,0,1,1,1,0,1,0,0,1,0,0,0,1,1,1,0,1,1,1,0,1,0,1,1,0,1,1,0,1,0,0,1,1,0,1,1,0,1,0,0,0,1,0,0,1,0,0,1,1,0,1,0,0,0,0,1,1
1,0,0,0,1,1,0,0,0,1,0,1,1,0,0,1,0,0,0,1,0,0,1,1,1,0,0,1,0,0,1,1,0,0,1,1,0,1,1,0,1,1,1,1,0,1,0,0,0,0,1,1,1,1,0,1,0,0,1,1,1,1,0,0,0,1,1,0,1,1,1,1,0,1,1
1,0,0,1,0,0,0,1,1,1,0,0,0,0,1,1,0,0,1,0,0,1,0,1,1,1,1,1,0,0,1,0,0,0,1,1,1,0,0,1,1,0,1,1,0,0,0,0,1,1,1,1,1,0,1,1,1,1,0,1,0,1,1,1,1,0,1,1,1,1,1,0,0,0,0
1,1,0,1,0,0,0,1,0,0,1,1,0,0,0,1,1,1,1,0,1,1,0,1,1,1,1,0,1,1,0,0,1,0,1,0,1,1,0,1,1,1,0,1,1,1,0,0,0,1,1,1,0,0,0,0,0,1,0,1,0,0,0,0,1,0,1,0,0,1,0,0,0,0,0
1,0,0,1,1,0,0,1,0,1,1,1,0,0,0,1,1,1,1,0,1,0,1,1,1,1,0,1,0,0,0,0,0,0,1,0,1,1,0,0,1,0,1,1,0,0,1,1,0,1,1,0,1,0,0,0,1,0,0,1,1,0,1,0,1,0,1,0,1,1,0,0,0,1,1
0,0,1,1,0,1,1,1,0,1,1,1,0,0,0,1,1,0,0,0,0,1,1,1,0,0,0,1,0,0,0,1,1,0,1,0,1,1,1,0,1,1,0,1,0,1,0,0,1,1,1,0,1,1,0,0,0,1,0,0,0,0,1,0,1,0,0,0,0,1,0,1,0,1,1
1,0,1,1,0,0,1,0,0,0,0,1,0,0,0,1,0,1,0,1,1,1,1,1,1,0,0,1,1,0,1,1,1,0,1,1,0,1,0,1,1,0,0,1,1,0,1,0,0,1,0,1,1,1,0,1,0,0,0,0,0,0,1,0,1,1,0,0,1,0,1,0,1,1,0
1,0,0,0,1,0,0,1,1,1,0,1,1,0,1,1,1,1,1,0,1,0,1,1,0,1,1,1,1,1,0,0,1,0,0,0,0,0,0,1,0,0,1,1,1,1,1,0,0,0,1,1,1,0,1,1,0,0,1,0,1,0,1,0,1,0,0,1,1,1,1,0,1,1,0
1,0,0,1,1,1,0,1,0,1,0,0,0,0,1,1,0,0,0,0,1,1,1,1,1,1,1,0,0,1,0,1,0,0,0,1,0,0,0,1,0,0,1,1,1,1,0,1,1,1,1,1,1,0,1,0,1,1,1,0,0,1,1,0,0,0,0,1,1,1,1,0,0,1,0
1,1,1,1,1,1,0,1,0,0,0,1,0,0,1,1,0,0,0,0,0,1,0,0,0,0,0,1,0,0,0,1,0,0,1,1,0,0,0,1,1,0,1,1,0,0,0,1,1,0,1,1,1,1,1,0,1,0,0,0,0,0,1,1,0,1,1,0,0,1,0,0,0,0,0
1,0,0,1,0,0,0,1,0,1,0,0,1,0,1,0,1,1,1,1,0,1,0,1,0,1,1,1,1,0,1,1,0,0,0,0,1,1,1,0,1,1,0,1,1,0,0,1,0,0,1,1,1,0,0,1,1,1,1,0,0,0,1,0,1,0,0,0,1,1,0,1,1,0,1
1,0,1,0,1,0,1,1,0,0,0,0,0,0,0,1,0,0,0,0,1,1,0,1,0,0,1,0,0,1,1,0,1,1,0,0,0,0,0,1,0,0,0,1,0,1,0,1,0,1,1,1,1,0,1,0,0,1,0,1,0,1,0,1,1,0,1,1,0,1,0,1,0,0,1
1,0,0,0,0,0,0,1,1,1,0,0,0,0,0,1,1,1,1,0,0,1,0,1,0,0,0,0,1,0,0,1,0,0,0,1,0,1,0,1,0,0,0,1,1,1,1,0,1,1,1,1,1,1,0,0,1,0,1,0,0,1,1,1,1,0,1,1,1,1,0,0,0,1,0
0,0,1,0,1,1,0,1,1,1,1,1,0,0,1,1,0,0,0,0,1,1,0,1,0,0,1,1,1,1,1,1,0,0,0,1,0,0,0,1,0,0,0,0,0,1,0,0,0,1,1,1,0,1,1,1,0,1,1,1,0,0,1,0,0,0,0,1,1,0,0,0,0,1,0
0,0,0,1,1,1,0,1,1,0,1,0,1,0,1,0,1,1,0,0,1,1,0,1,0,0,0,0,1,0,0,1,1,0,1,1,0,0,0,1,1,0,1,1,1,0,0,0,1,0,1,0,1,0,1,0,0,1,0,1,1,1,1,0,1,0,1,1,1,1,1,1,0,1,0
1,0,0,0,1,0,1,0,1,0,0,0,1,0,1,1,1,0,1,0,1,1,1,1,0,1,0,0,0,0,0,1,1,0,1,1,0,0,0,1,1,0,0,1,0,1,0,1,0,0,1,1,1,1,0,1,1,0,1,0,0,1,1,0,1,1,0,1,0,1,0,0,1,1,0
1,1,0,0,1,0,0,0,1,1,0,1,0,0,1,1,0,0,0,1,0,1,0,0,0,1,0,0,1,0,1,0,1,0,0,1,0,1,1,0,1,0,0,1,0,1,0,1,0,1,1,1,1,0,1,0,1,0,1,0,1,1,0,0,0,1,1,1,0,1,0,1,1,1,0
1,1,0,0,0,1,0,1,0,0,1,1,0,0,0,0,0,0,0,0,1,0,1,1,1,1,1,1,1,0,0,1,1,0,1,1,0,1,1,0,0,1,1,1,1,0,0,1,0,1,1,0,1,1,0,1,0,1,1,1,1,1,1,0,0,0,1,1,0,1,1,1,0,0,0
1,0,1,1,0,0,1,1,0,1,1,1,0,0,1,1,1,0,0,1,0,1,1,1,1,1,0,1,0,0,1,0,0,0,0,1,1,1,0,1,1,0,0,1,0,1,0,0,0,1,1,0,1,1,0,1,0,1,0,0,1,0,1,0,1,0,1,1,1,1,0,0,0,1,0
1,1,0,1,1,0,0,1,0,1,1,1,0,0,1,0,1,0,1,0,0,1,0,0,0,1,1,0,0,1,0,1,0,0,1,0,0,0,0,1,1,0,0,1,1,0,1,0,0,1,1,1,1,0,1,0,0,0,0,1,1,1,1,0,1,0,1,1,0,1,1,1,1,1,1
1,0,1,1,0,1,0,1,0,0,1,0,0,0,0,1,1,1,0,0,0,1,0,1,0,1,1,0,1,0,1,1,0,0,1,0,1,0,0,1,1,1,0,1,0,1,1,0,1,1,1,1,1,1,0,0,0,1,0,1,0,0,0,1,0,0,0,0,0,1,1,1,0,1,1
0,0,0,0,0,0,0,1,0,1,1,1,1,0,1,0,1,1,0,0,1,1,0,1,0,0,1,0,1,0,1,1,1,0,1,1,0,0,1,0,0,1,0,1,1,1,0,0,0,0,1,1,1,0,1,1,0,1,0,1,1,1,1,0,1,0,0,0,1,1,1,1,0,0,0
1,0,1,0,0,0,0,1,0,1,0,1,1,0,0,0,1,0,0,1,1,1,1,1,0,0,1,1,1,1,1,0,1,0,1,1,1,0,1,0,1,1,0,1,0,1,0,0,0,0,1,0,0,0,1,1,0,1,0,1,1,0,1,0,1,0,0,1,0,1,1,0,0,0,0
1,0,1,1,1,0,0,1,1,1,0,1,1,0,0,0,0,0,1,0,0,1,0,1,0,1,1,1,1,0,0,1,1,0,1,0,1,0,0,0,1,1,1,1,0,1,1,0,0,1,1,1,0,0,1,0,0,0,0,0,1,1,1,1,0,1,1,1,0,1,1,1,0,0,0
1,0,1,0,0,0,0,1,1,1,1,1,0,0,1,1,1,0,0,1,0,1,1,1,0,0,1,0,0,0,1,1,0,0,0,0,1,1,0,1,1,0,1,1,0,1,0,1,1,1,1,0,0,1,0,0,1,1,1,0,0,0,1,1,0,0,0,0,1,1,1,1,0,1,0
0,0,0,0,0,1,0,1,0,1,0,1,1,0,0,0,0,1,0,1,0,1,0,0,1,1,1,0,1,1,0,1,1,0,1,1,1,0,0,0,1,1,0,1,0,1,1,1,0,0,1,1,1,1,1,1,0,0,1,0,0,1,0,1,1,0,0,1,1,1,0,0,1,0,0
0,0,0,0,1,1,0,1,0,0,1,1,1,0,0,1,1,1,1,0,1,1,0,1,0,0,1,1,1,0,1,0,0,0,0,0,0,1,1,0,1,0,1,1,1,0,0,1,1,1,1,1,1,1,0,1,1,1,1,1,1,1,1,0,1,0,0,1,1,1,1,0,0,1,1
1,0,0,0,1,0,1,1,1,0,1,1,0,0,0,0,1,0,0,1,1,1,1,1,0,1,1,0,0,1,1,0,0,0,1,1,0,1,1,0,1,1,1,0,0,1,0,0,0,1,1,0,1,0,0,1,1,1,1,1,1,0,1,0,1,0,0,0,0,1,1,1,1,1,0
1,0,0,1,0,0,1,0,1,0,0,0,1,0,1,0,1,0,1,0,1,0,0,1,0,0,1,1,0,1,1,0,0,0,1,0,1,1,1,0,1,1,0,1,0,0,0,0,1,0,1,1,0,1,0,1,1,0,0,1,0,1,1,0,0,1,1,1,0,1,0,0,1,0,0
1,1,0,1,1,0,1,0,1,0,0,1,0,0,0,0,0,0,0,1,0,1,0,0,0,0,0,0,1,1,0,1,1,0,1,0,1,0,0,0,0,1,1,1,1,1,1,1,1,1,1,1,1,0,0,1,1,1,0,1,0,1,0,0,0,1,0,1,1,1,1,1,0,1,0
0,0,1,0,1,0,0,0,0,0,0,1,0,0,0,0,1,0,0,1,1,1,0,1,1,0,1,0,1,1,1,1,1,0,0,0,1,0,1,0,1,1,0,1,0,1,1,1,1,1,1,1,1,0,0,1,1,1,1,1,0,0,1,0,1,1,0,0,0,1,0,1,0,1,0
1,0,0,0,0,0,0,1,0,0,1,1,0,1,1,1,1,0,1,1,1,1,1,1,0,0,1,0,0,0,0,1,0,1,1,0,1,1,1,0,1,0,1,1,0,1,0,0,0,0,1,1,1,1,0,1,0,0,1,0,1,0,1,0,1,1,0,0,1,1,1,0,1,0,0
1,0,1,1,1,0,0,1,0,1,0,1,1,0,1,0,0,1,0,0,0,1,0,1,0,1,1,1,0,0,1,1,0,0,0,1,0,0,1,0,1,1,0,1,1,1,0,0,0,0,1,0,1,1,0,1,0,0,0,1,1,1,1,1,1,1,0,0,1,1,0,0,1,1,1
1,0,1,1,0,1,1,0,0,0,0,1,0,0,0,0,1,0,0,0,0,0,1,1,1,1,1,1,0,1,0,0,1,0,1,0,0,0,1,0,1,1,1,1,1,1,0,0,1,1,1,0,1,0,0,1,0,1,0,1,0,0,1,0,1,1,0,0,0,1,1,1,1,0,1
1,1,0,1,0,1,1,1,0,0,1,1,0,0,1,1,0,1,0,1,0,1,1,1,0,1,1,1,0,1,0,1,0,0,1,1,0,1,0,1,0,0,1,1,1,1,0,0,0,1,0,1,1,1,0,1,0,1,0,0,0,0,1,0,0,1,1,1,1,0,1,0,0,1,0
1,1,0,1,0,0,0,1,0,1,0,0,1,0,1,1,1,0,1,0,1,1,0,1,0,1,1,1,0,0,1,1,0,1,1,0,1,0,1,0,1,1,0,1,1,0,0,0,0,1,1,1,1,0,0,0,0,0,0,1,0,1,1,0,0,1,0,0,0,1,0,0,0,1,0
1,0,1,1,0,0,1,1,0,0,0,1,1,0,0,1,1,0,0,0,0,0,1,1,0,0,1,1,0,0,1,0,1,0,0,0,1,1,1,0,1,0,0,1,0,1,0,1,1,1,1,0,1,1,0,1,1,1,0,0,1,0,0,0,0,0,0,1,0,1,0,1,0,1,0
1,0,0,1,1,1,0,1,0,0,0,1,1,0,0,1,1,1,1,1,0,1,0,0,0,0,0,1,0,0,1,0,0,0,0,0,1,1,1,0,1,1,1,1,0,1,1,0,0,1,1,1,1,1,0,1,1,0,0,0,1,1,0,0,1,0,0,1,0,1,1,0,1,1,0
1,0,0,0,0,0,0,1,1,1,0,1,0,0,0,1,1,1,1,0,0,0,0,1,1,0,1,0,0,0,0,1,0,0,0,0,1,0,0,0,1,0,0,1,1,1,1,0,0,1,0,1,1,1,0,0,0,0,1,0,1,0,0,0,1,0,1,0,1,1,0,0,1,1,0
1,1,0,1,1,1,0,1,0,1,1,0,0,0,0,0,1,1,1,1,1,0,0,0,0,0,1,0,1,0,0,0,0,1,1,0,0,1,1,0,1,1,1,1,1,0,0,1,1,0,1,1,0,1,0,1,1,1,0,1,0,1,1,0,1,0,0,0,1,1,1,0,1,1,0
1,0,0,1,1,1,0,1,0,0,0,1,1,0,0,1,0,0,0,0,1,1,1,1,0,1,1,0,0,1,1,0,0,0,0,0,0,1,1,0,1,0,1,1,1,1,0,1,0,0,1,0,1,0,1,1,1,0,0,1,0,1,0,1,0,0,0,0,0,1,1,1,1,1,0
0,0,0,1,0,0,0,0,1,1,0,1,0,1,0,1,1,0,1,0,1,1,0,0,1,1,0,0,1,1,0,0,1,0,0,0,1,1,1,1,1,0,0,1,1,1,0,1,1,0,1,1,0,1,0,1,1,1,1,1,1,0,1,1,1,1,0,1,1,1,0,1,0,1,0
1,0,0,0,1,1,0,0,0,0,0,1,0,0,0,1,0,1,0,0,0,1,0,1,1,0,1,0,1,1,1,0,0,0,1,0,1,1,1,0,1,0,1,1,0,1,0,1,1,1,1,1,0,0,1,0,0,0,1,1,0,0,1,0,0,1,0,1,1,1,1,0,1,0,0
1,1,0,1,0,0,0,0,0,1,0,1,0,0,1,1,1,0,0,0,1,1,0,1,0,1,0,0,0,0,1,0,0,0,0,0,1,0,0,1,1,0,0,1,0,1,0,0,0,0,1,1,1,1,0,1,1,0,0,0,1,1,1,0,1,1,0,0,1,1,0,0,1,1,0
1,0,0,1,0,1,0,1,1,1,0,1,0,0,1,1,1,0,0,0,1,1,0,0,0,0,1,0,1,1,0,1,1,0,1,0,0,0,1,0,1,0,0,1,1,1,0,0,1,1,0,1,1,1,0,1,0,1,0,1,1,1,1,0,1,0,0,1,1,1,1,1,0,1,0
1,0,0,0,1,0,0,0,1,1,0,1,1,1,0,0,1,1,0,0,0,1,1,1,0,1,1,1,1,0,0,0,1,0,0,0,1,1,1,0,1,1,1,0,0,1,0,1,0,0,1,0,1,1,0,1,0,0,1,1,0,1,1,0,1,1,0,0,0,1,1,1,1,1,0
0,0,1,1,0,0,0,0,0,1,0,1,0,0,1,0,1,1,1,0,0,1,1,1,1,1,1,0,1,0,0,0,1,0,0,1,1,1,1,1,1,1,0,1,0,0,1,0,0,1,1,0,1,1,1,0,0,1,1,1,0,1,1,1,1,1,1,0,1,1,1,1,0,1,1
0,1,1,1,0,1,0,1,0,0,1,0,0,0,1,1,1,1,0,0,1,1,1,1,0,1,0,0,1,1,0,0,0,0,0,0,0,0,1,0,1,1,0,1,1,1,1,0,1,0,1,0,1,0,1,0,1,1,0,1,0,0,0,0,1,0,1,1,1,0,0,1,0,1,0
1,0,0,1,0,0,0,1,1,0,0,1,1,0,0,0,1,0,0,0,0,1,0,1,1,0,0,0,1,0,1,0,0,0,0,0,1,0,1,0,1,0,0,1,0,1,0,0,1,0,1,1,1,1,1,1,0,1,1,1,1,1,1,0,0,0,1,0,1,1,1,1,0,0,0
0,1,1,0,0,1,0,1,1,0,1,1,1,0,0,0,1,1,0,0,0,1,0,1,0,1,1,1,0,0,0,0,0,0,0,0,1,0,1,0,1,1,0,1,1,0,0,1,0,1,1,0,1,1,0,1,1,1,1,1,0,0,0,0,1,0,0,0,1,0,0,0,1,1,0
1,0,1,0,1,1,0,0,1,1,0,0,0,0,1,1,0,1,1,0,1,1,0,0,0,1,0,0,0,1,1,1,0,0,0,0,1,0,1,0,1,1,1,1,0,0,0,0,0,1,1,0,1,0,1,1,0,1,1,0,1,1,1,0,1,1,0,1,0,1,1,1,0,0,0
0,0,0,0,0,1,1,1,0,0,0,1,1,0,1,1,1,1,0,0,0,1,1,1,0,0,1,1,1,0,1,1,1,0,0,1,0,0,0,0,1,1,0,1,0,1,1,1,1,0,1,0,1,1,0,1,1,1,0,0,1,0,0,0,1,0,1,0,0,0,0,0,0,1,0
1,0,0,0,1,0,0,1,0,1,0,1,1,0,0,1,1,1,1,0,0,0,0,1,1,0,1,1,0,0,1,0,0,0,1,0,1,0,0,0,1,0,1,1,1,0,1,1,0,0,1,1,1,0,1,1,1,0,1,1,1,1,1,0,1,0,1,1,1,1,1,0,1,1,0
1,0,0,1,0,1,0,1,0,1,1,1,0,0,1,0,1,1,0,1,0,1,0,0,0,0,1,0,1,0,0,1,0,1,1,1,0,0,0,1,1,0,0,1,1,1,1,1,0,1,1,1,1,0,1,0,0,0,1,0,0,0,0,0,0,0,1,1,0,1,0,1,1,0,0
1,0,0,1,1,0,0,1,1,0,0,0,0,0,0,0,1,0,0,0,0,1,0,0,0,0,1,1,0,1,1,1,1,0,1,1,1,0,0,1,1,1,0,1,1,0,0,1,1,1,1,1,1,0,0,1,1,1,0,0,1,0,0,0,0,0,0,0,0,1,0,1,0,1,0
1,0,1,1,1,0,0,0,0,0,0,1,1,0,1,0,1,1,0,0,0,1,0,0,0,1,0,1,1,1,0,0,1,0,1,0,0,1,0,1,1,1,0,1,0,1,0,0,0,0,0,0,0,1,0,1,0,1,0,0,1,1,1,1,0,1,0,0,0,1,1,1,0,1,0
1,1,0,1,0,1,1,0,1,0,0,1,1,0,0,0,1,0,0,0,1,1,1,1,0,0,1,0,0,0,0,1,1,0,0,0,0,1,1,0,1,1,0,1,1,1,0,0,1,1,1,0,1,1,0,0,0,0,1,0,0,0,1,0,0,1,0,1,1,1,0,0,0,1,0
0,0,1,1,0,1,0,1,0,0,1,0,0,1,1,1,1,0,0,1,1,0,1,1,0,1,0,0,0,0,1,1,0,0,0,0,0,1,0,1,1,0,0,1,1,1,0,0,1,1,0,0,1,1,0,1,0,0,0,0,0,0,0,0,0,1,0,1,1,1,0,0,0,1,0
1,0,1,1,1,1,0,0,0,1,0,0,1,0,1,1,1,1,1,0,1,0,0,1,1,1,1,0,0,1,1,0,0,0,0,0,1,1,0,0,0,1,1,1,1,0,0,1,0,0,0,1,1,1,0,1,1,1,0,1,0,1,0,0,1,1,1,1,0,1,1,1,1,1,0
0,0,0,1,1,0,0,1,1,1,0,1,0,0,0,1,1,1,0,0,0,1,0,1,1,0,1,1,1,0,1,1,1,0,1,0,0,0,1,0,1,0,1,1,1,1,0,1,0,1,1,1,1,1,0,1,1,0,0,1,0,0,0,1,1,0,0,0,0,0,1,0,0,1,0
1,0,0,1,0,0,1,1,0,0,1,1,0,0,0,0,1,1,0,0,0,0,1,1,0,0,1,0,1,0,1,1,1,0,1,0,1,0,1,0,1,0,0,1,0,1,1,0,1,0,1,1,1,1,0,1,0,0,1,0,1,0,1,0,1,0,0,0,1,1,0,1,0,1,0
1,1,1,1,1,1,0,1,0,0,1,1,1,0,1,1,1,1,0,0,1,1,1,1,0,0,1,1,0,1,1,1,0,0,0,1,1,0,0,1,1,0,1,1,1,1,1,0,0,0,0,1,1,1,0,1,0,1,1,1,1,0,1,0,1,0,0,0,0,1,0,1,1,1,1
1,0,0,0,1,0,0,1,1,1,0,1,1,0,0,0,0,0,0,1,1,0,0,1,1,1,1,0,0,0,1,1,0,1,1,1,0,1,0,1,1,0,1,1,1,1,1,0,1,0,1,1,0,1,1,0,0,0,1,1,0,1,1,0,0,0,1,0,1,1,1,0,0,1,1
1,1,1,0,1,1,1,1,1,0,0,1,1,0,1,0,1,0,1,0,0,1,1,1,1,0,1,0,1,0,1,1,0,0,1,1,0,0,1,0,1,1,1,1,1,0,0,1,0,1,1,1,1,0,0,1,1,1,0,0,1,0,0,1,1,0,0,0,1,1,1,0,1,0,0
1,1,0,1,0,0,0,1,0,0,0,0,0,0,0,0,0,0,0,0,1,1,1,1,0,1,1,0,0,1,1,0,0,0,1,0,0,1,0,1,1,0,0,1,0,1,0,0,0,0,1,0,1,1,0,1,0,1,0,1,0,1,1,0,0,1,0,0,1,1,0,1,0,1,0
0,1,1,1,1,0,0,0,1,1,1,1,1,0,0,1,1,0,0,0,0,0,0,0,1,0,1,0,0,1,0,0,1,1,1,0,1,0,1,0,1,1,1,1,1,1,0,1,0,1,1,1,1,0,1,1,0,1,0,1,0,1,1,0,1,1,0,0,0,1,1,1,0,0,0
1,1,1,0,0,0,0,1,0,0,0,0,1,0,0,0,1,0,0,0,1,1,0,1,0,0,1,0,1,0,0,0,1,1,1,1,0,0,1,0,1,1,1,1,1,1,0,0,1,0,1,1,1,1,0,1,0,1,1,0,0,1,1,0,1,0,0,0,1,1,1,0,0,1,0
0,1,0,0,0,0,0,1,0,0,1,0,0,0,0,1,1,0,0,1,1,0,1,1,0,1,1,1,0,0,1,1,0,1,1,0,1,0,1,0,1,0,0,1,0,1,0,0,0,1,1,0,1,0,1,1,0,1,0,0,1,0,1,0,1,0,1,0,1,0,0,0,0,0,0
1,1,1,1,1,1,0,0,0,1,0,1,1,0,1,0,0,0,1,0,0,1,1,1,1,0,1,1,0,1,0,0,0,0,1,0,1,0,0,1,1,1,0,1,1,0,0,0,0,0,1,0,1,0,0,0,0,1,0,1,1,1,1,1,1,1,0,0,1,1,1,0,0,1,0
1,0,0,0,1,1,0,1,1,0,1,1,1,0,0,1,1,1,1,0,1,1,1,1,0,0,1,0,0,1,0,1,1,0,1,0,0,1,1,0,0,0,1,1,1,0,1,0,0,0,1,0,1,0,1,0,0,0,0,0,1,0,1,1,0,1,1,0,1,1,1,0,1,0,0
1,0,0,1,1,0,0,1,0,0,0,1,1,0,0,1,1,1,0,0,0,0,0,1,0,1,1,0,1,1,1,0,1,0,0,0,0,1,1,1,1,0,1,1,0,1,1,0,1,1,1,1,1,1,0,0,0,1,1,1,0,0,0,0,0,1,1,1,0,1,1,0,0,1,1
0,1,0,1,1,0,0,0,1,0,0,0,0,0,1,1,1,1,1,0,1,0,0,1,0,1,0,0,0,1,1,0,0,0,1,1,0,1,1,0,1,0,1,1,0,1,0,1,0,0,1,1,1,1,1,0,1,0,0,0,0,0,1,0,0,1,1,0,1,0,0,1,0,1,1
1,0,1,0,0,0,0,1,0,1,0,0,0,0,1,0,0,0,1,0,1,1,1,1,0,1,1,0,0,1,1,1,0,1,1,1,1,0,0,1,1,1,0,1,0,1,0,1,0,1,1,1,1,0,0,1,1,0,1,1,1,1,1,0,0,0,1,1,1,1,0,0,1,0,0
1,1,1,0,0,1,0,1,1,1,0,0,0,1,0,1,1,1,0,1,1,1,0,0,1,1,1,1,0,0,0,1,1,0,1,0,1,0,1,0,1,0,0,1,1,0,1,0,1,0,1,1,1,1,0,0,0,0,0,0,0,1,0,1,1,1,0,1,1,1,0,0,0,0,0
1,0,0,1,0,0,0,0,1,0,0,0,1,0,0,0,1,1,0,0,0,1,0,0,0,0,1,1,1,1,0,1,0,0,1,1,1,1,0,1,1,0,0,1,1,1,0,0,0,0,1,1,1,1,0,0,0,1,0,0,0,1,1,0,1,1,0,0,1,1,1,1,0,1,0
1,0,1,1,1,1,0,1,0,1,1,1,1,0,0,1,1,0,1,1,1,0,0,0,0,1,0,1,1,1,1,0,1,0,0,0,0,0,1,0,1,0,1,1,1,0,1,1,0,1,1,1,1,1,1,0,1,0,0,1,1,0,0,0,1,0,0,0,0,1,1,1,1,1,0
1,0,0,1,1,0,0,1,1,1,0,1,0,0,1,0,1,1,1,1,1,1,0,0,0,0,1,0,0,1,0,0,0,0,0,0,0,1,1,0,1,1,1,1,1,1,1,1,0,0,1,1,1,1,0,1,0,0,0,1,1,1,0,0,1,1,0,0,0,1,0,0,1,1,0
1,0,1,0,1,1,0,1,0,0,1,0,0,0,1,1,1,1,0,1,0,1,1,1,0,1,1,0,1,1,1,0,1,0,0,0,0,1,1,0,1,1,0,1,0,1,1,1,0,1,0,0,1,0,1,0,1,1,0,0,0,0,1,0,1,0,0,0,0,1,0,0,0,1,1
0,1,1,0,1,1,1,1,0,0,0,1,0,0,0,1,1,0,1,0,1,0,0,1,0,0,0,0,1,1,1,0,1,0,0,0,1,1,1,0,1,0,0,1,0,1,0,1,1,1,1,0,1,1,0,1,1,1,1,0,1,1,1,0,1,0,0,1,1,1,0,1,0,1,1
1,1,0,1,0,1,0,1,1,0,1,0,1,1,1,1,0,0,1,1,1,0,1,0,0,1,1,0,0,0,1,0,0,0,1,0,1,1,0,0,1,1,1,0,0,0,0,1,1,0,1,0,1,1,0,1,0,0,1,1,0,1,0,0,1,0,1,1,0,1,1,0,0,0,0
1,0,0,0,1,0,0,1,0,1,1,1,1,0,1,0,0,0,1,0,1,1,0,1,0,0,1,0,0,1,0,0,1,0,0,0,1,1,0,1,1,1,1,1,1,0,0,1,1,0,1,1,1,1,1,1,1,0,1,0,1,1,1,1,1,0,0,0,0,0,0,0,0,1,1
0,1,0,1,0,1,0,1,0,0,0,1,1,1,0,1,1,0,1,0,0,1,0,1,1,1,0,1,1,0,1,1,1,0,1,0,1,0,0,0,1,1,0,1,0,1,1,0,0,0,1,1,1,0,0,0,0,0,1,0,1,0,1,0,1,1,1,0,1,0,0,1,1,0,0
1,0,1,1,1,0,0,0,1,0,0,1,0,0,1,1,1,1,0,0,1,0,0,0,0,1,1,1,0,0,1,1,0,0,1,0,1,0,1,0,1,1,1,1,1,1,0,0,0,1,1,1,1,1,0,1,0,1,1,1,0,1,1,0,1,0,0,0,0,1,1,0,0,0,0
1,1,0,1,1,1,0,0,0,0,0,1,0,0,0,1,1,0,1,0,0,1,0,1,0,0,0,1,1,1,1,0,1,0,1,0,1,0,0,1,0,0,0,1,1,1,0,1,0,1,1,1,1,1,1,0,1,0,0,0,1,0,1,1,0,1,0,1,1,1,0,1,0,1,1
1,0,0,0,1,0,0,1,0,1,1,1,0,1,1,0,1,0,0,0,1,1,0,1,0,0,1,1,0,0,0,0,0,1,1,1,0,0,0,1,1,1,0,1,1,0,1,1,1,1,1,0,1,0,0,0,1,1,0,0,0,1,1,1,1,0,0,0,0,1,0,0,0,1,0
1,1,1,1,0,1,0,0,0,1,0,0,1,0,1,0,1,0,0,0,1,1,1,1,1,0,0,0,0,0,1,0,0,0,0,1,1,0,1,0,1,1,0,1,1,1,0,0,1,0,1,0,1,0,0,0,0,1,1,0,0,1,1,1,0,1,1,1,1,1,0,0,0,1,0
1,0,1,0,0,1,1,1,0,1,0,1,1,0,0,1,1,1,0,1,0,1,0,0,1,0,0,0,0,0,1,1,1,1,1,1,0,0,1,1,1,0,1,1,0,0,1,0,1,1,1,1,1,1,1,1,0,0,0,1,0,0,0,0,1,0,1,0,1,1,1,0,0,1,0
0,0,1,0,0,0,1,1,0,1,0,0,0,1,0,0,0,0,1,0,0,1,1,1,1,1,1,0,1,1,1,0,1,0,0,1,0,0,0,1,0,0,1,1,0,1,0,0,0,1,1,0,1,1,0,0,0,1,0,1,0,0,0,0,0,0,0,0,1,1,0,1,1,1,1
1,0,0,1,0,0,1,1,1,0,1,1,0,0,1,0,0,1,1,0,0,0,1,1,0,1,1,1,0,0,1,1,0,0,0,1,1,1,0,1,0,0,1,1,0,0,0,1,1,1,0,1,1,0,1,1,1,1,1,0,1,0,1,0,1,0,0,0,1,1,1,0,0,1,0
1,0,0,0,1,1,0,1,1,0,0,1,0,0,0,0,1,0,1,0,1,1,1,1,0,0,0,0,0,0,1,0,1,0,1,0,1,1,0,1,1,0,0,1,1,1,0,0,0,1,1,0,1,1,0,1,0,1,0,0,1,0,1,0,0,1,1,1,1,0,1,0,0,0,0
1,0,1,1,1,0,0,0,1,1,0,1,0,0,1,0,1,0,0,0,0,0,1,1,0,1,1,0,0,1,1,0,0,0,1,1,0,1,0,1,1,1,0,1,0,1,0,0,0,1,1,1,1,1,0,1,1,1,1,0,1,0,1,0,0,1,0,1,0,1,0,1,0,0,0
1,0,0,1,1,1,0,1,0,1,1,0,1,0,0,1,0,1,0,0,1,0,0,0,0,0,1,0,0,1,1,0,0,0,1,0,0,0,1,0,1,0,1,1,0,1,1,0,0,1,1,0,0,0,1,0,0,1,0,1,0,1,1,0,0,1,1,0,1,1,1,0,0,1,0
1,1,0,1,1,0,0,0,0,0,0,0,0,0,0,0,1,1,0,1,0,1,0,0,0,1,1,0,1,0,1,0,1,0,0,0,0,0,0,1,0,0,0,1,0,1,0,1,0,1,1,1,1,0,1,1,1,1,1,0,1,1,1,0,0,1,1,1,1,1,0,0,1,1,0
1,0,1,1,0,1,0,1,1,0,1,1,0,0,0,1,0,1,1,0,1,1,0,1,0,1,1,1,1,1,1,0,1,0,0,1,1,0,1,1,1,0,0,1,0,0,1,1,1,1,1,1,1,0,1,0,1,1,1,0,0,1,1,1,0,1,1,0,1,1,0,0,0,1,1
0,1,1,0,1,1,0,1,0,0,0,0,1,0,1,0,1,1,1,0,0,1,0,1,0,0,1,0,1,1,0,1,1,0,1,1,1,0,0,1,1,1,0,1,1,0,0,0,0,1,1,1,1,1,0,1,0,0,1,0,0,0,0,0,1,0,0,0,1,1,0,0,1,1,1
1,0,1,0,0,0,0,1,0,1,1,0,1,0,1,0,1,0,0,0,0,1,0,0,0,0,0,1,1,1,0,1,1,0,1,1,1,1,0,1,1,1,1,1,1,1,0,0,0,1,0,1,0,0,1,1,0,1,1,1,0,0,0,0,1,0,0,0,0,1,1,0,0,1,0
1,0,0,1,1,1,1,0,1,0,0,1,0,0,1,1,0,1,1,1,1,1,1,1,1,0,1,0,0,1,1,0,0,0,0,1,1,0,0,1,1,0,0,1,0,0,0,1,0,1,1,1,1,0,1,1,1,0,1,0,1,1,1,1,0,1,0,1,0,1,0,0,0,1,1
1,0,0,0,1,1,0,1,0,0,0,1,1,1,0,0,1,0,0,0,0,1,1,1,0,0,0,1,1,1,1,1,0,0,0,0,0,0,0,0,1,1,0,1,0,1,0,1,0,0,1,0,1,1,0,1,1,0,0,1,1,1,0,0,1,0,1,1,0,0,0,1,0,1,1
1,1,1,1,0,0,1,1,1,1,0,0,0,0,0,0,1,0,0,0,1,1,1,1,0,1,0,0,1,0,1,1,1,0,1,1,1,1,1,0,1,1,0,1,1,1,0,0,0,1,1,1,1,1,0,1,0,1,0,1,0,1,1,1,1,0,0,1,1,1,0,1,1,1,0
1,0,0,1,0,0,0,1,0,1,0,1,0,0,0,1,1,0,0,1,0,0,0,1,0,1,1,1,1,0,1,1,1,0,1,0,0,0,0,1,1,0,0,1,0,1,0,0,1,1,1,1,1,0,1,1,1,1,1,0,0,0,1,0,1,0,0,0,1,1,1,1,0,1,0
1,0,0,0,0,0,0,1,1,1,0,1,0,0,1,0,1,1,0,0,0,0,0,0,1,0,1,0,0,0,1,1,0,0,1,1,0,0,0,1,0,1,1,1,0,1,0,0,0,1,1,1,1,1,0,1,0,0,1,0,1,1,1,0,0,0,0,0,0,1,0,1,1,1,0
1,0,0,1,1,0,1,1,0,1,0,1,0,0,1,1,0,0,0,1,0,0,0,1,0,0,1,0,0,0,1,1,1,0,1,1,0,0,1,1,1,0,0,1,1,1,0,1,1,1,1,0,1,0,1,1,1,1,0,0,0,0,0,0,1,0,1,0,0,1,0,1,0,1,0
1,0,1,1,0,0,0,0,0,1,0,0,0,0,1,0,1,1,1,0,1,0,1,1,0,1,1,1,0,0,0,0,0,0,0,1,0,0,1,0,0,1,0,1,1,0,1,0,1,0,1,0,1,1,0,1,0,1,0,1,0,0,0,0,0,1,0,0,0,0,0,0,0,1,0
1,0,0,0,0,1,0,1,0,0,0,1,0,0,1,1,1,1,1,0,1,0,0,1,1,1,1,0,1,0,1,0,1,0,1,1,0,0,0,1,0,0,0,1,0,0,1,0,1,1,1,1,1,0,1,0,0,1,1,0,0,0,1,0,1,0,1,1,0,1,0,1,0,1,0
1,0,0,1,1,1,0,1,1,0,0,0,0,1,1,0,1,1,1,0,1,0,1,1,1,1,0,0,0,1,1,1,0,0,1,1,0,1,0,1,1,0,1,1,0,1,1,1,1,1,0,0,1,1,0,1,1,0,1,1,0,1,0,0,0,0,0,1,1,1,0,1,0,0,0
1,1,1,1,0,0,0,1,0,1,0,1,1,1,0,1,1,1,1,1,1,0,0,0,1,1,0,1,1,0,0,1,1,0,0,0,1,0,1,0,1,0,1,1,1,0,1,0,1,0,1,1,1,0,1,1,0,1,0,0,1,1,0,0,0,0,1,1,0,1,1,1,0,1,0
1,0,0,1,0,1,1,1,0,0,1,1,0,0,1,1,1,1,0,0,0,0,1,1,0,1,0,0,0,1,1,0,1,1,0,1,1,0,0,1,0,0,1,1,1,1,0,0,0,0,1,0,1,1,1,1,0,0,0,0,1,1,1,1,0,1,0,1,1,1,0,1,1,0,0
1,0,1,1,0,0,1,1,0,0,1,1,0,0,0,0,1,0,0,0,0,0,0,0,1,1,1,0,1,0,1,1,1,1,1,0,1,0,1,0,1,1,1,1,0,1,0,0,0,1,1,1,1,0,1,1,0,1,0,1,1,0,1,0,1,0,1,1,1,1,1,1,0,1,0
1,0,1,1,1,1,1,1,0,1,0,1,1,0,0,1,0,0,0,0,0,1,1,1,0,0,0,1,0,1,1,0,0,0,1,1,1,0,0,1,1,0,1,1,1,1,1,1,0,0,1,1,1,0,1,0,1,0,0,0,1,1,0,1,1,1,1,1,1,1,1,0,1,0,0
1,0,0,1,1,0,0,1,0,0,0,1,0,0,1,1,1,0,0,0,0,1,1,1,0,0,1,0,1,1,0,1,1,0,0,0,0,0,1,0,0,0,0,1,0,1,0,0,1,1,1,1,1,1,0,1,0,1,1,1,0,0,1,1,1,0,0,0,1,1,0,1,0,0,0
0,0,1,0,0,0,0,0,1,0,0,1,0,1,0,1,0,1,0,0,1,1,1,1,0,1,1,1,1,0,1,0,1,0,1,1,1,0,0,1,1,0,0,1,0,1,0,1,0,1,1,0,1,0,1,1,1,1,0,0,0,1,1,0,0,0,1,1,0,1,0,0,0,1,1
1,0,0,1,1,0,0,1,0,1,0,0,0,0,0,0,0,0,1,0,0,1,0,1,0,0,1,1,0,0,0,1,1,1,0,1,0,1,0,1,1,1,1,1,1,1,0,0,0,1,1,1,1,1,0,1,0,0,0,1,1,0,1,0,1,0,0,0,1,1,1,1,1,1,1
1,0,0,1,0,1,0,1,0,0,1,0,1,0,0,1,0,1,1,0,1,1,1,1,0,0,1,1,1,1,1,1,1,0,1,0,0,1,1,0,1,0,1,1,0,1,0,1,1,0,1,1,1,0,1,1,1,1,1,0,0,0,1,1,1,0,0,0,1,1,1,0,0,1,0
1,1,0,0,1,0,0,0,1,0,0,1,1,0,0,1,0,1,1,0,1,0,0,0,0,1,0,0,1,1,1,1,1,0,0,0,1,0,1,0,1,1,0,1,0,1,0,1,1,1,1,1,1,1,1,0,0,1,1,1,0,0,1,0,1,1,0,1,0,1,0,0,1,1,0
0,0,1,1,1,0,0,1,0,1,0,1,0,1,0,0,1,1,0,0,0,0,0,0,0,0,1,0,0,0,1,1,1,0,1,0,0,1,0,1,1,1,1,1,0,0,0,1,1,1,1,0,1,0,1,1,1,1,0,1,0,0,1,0,1,0,1,0,0,1,1,0,0,1,0
1,1,0,0,1,0,0,1,0,0,0,0,1,0,0,0,0,1,0,0,0,1,1,1,0,1,1,0,1,1,1,1,1,0,0,1,0,1,0,1,0,0,0,1,0,1,0,0,0,0,1,1,1,0,0,0,0,0,1,0,0,0,1,0,1,0,0,1,1,1,1,0,1,1,0
1,0,1,1,1,1,0,1,0,1,1,1,1,0,0,1,0,1,1,0,1,1,0,1,0,1,1,1,1,1,1,1,1,0,1,0,1,1,1,0,0,0,0,1,0,0,1,0,0,0,1,1,1,1,0,0,0,1,0,0,1,1,0,1,1,0,0,0,1,1,0,0,0,1,1
1,1,1,1,1,0,0,1,1,0,0,1,0,0,0,0,1,0,1,0,0,1,0,1,0,0,1,0,0,1,1,1,1,0,1,0,0,0,1,0,1,1,0,1,0,1,0,0,1,1,1,1,0,1,0,1,0,0,1,0,1,0,1,0,1,0,1,0,1,0,1,1,1,0,1
1,1,1,0,0,1,0,0,1,0,0,0,0,0,0,0,1,0,0,1,1,1,0,1,1,0,1,0,1,1,0,1,1,0,1,0,0,1,0,0,1,1,0,1,1,0,0,0,0,1,1,1,1,1,0,1,0,1,0,1,0,1,1,0,1,1,1,1,0,1,0,1,1,0,0
1,0,0,1,1,1,0,1,1,0,1,0,0,0,1,1,1,0,1,0,1,1,1,1,0,0,1,1,1,1,0,1,0,0,1,1,0,0,1,0,1,1,0,1,0,0,1,0,1,1,1,0,1,0,1,1,0,0,0,1,0,0,1,1,1,0,1,0,0,1,0,1,0,1,0
1,0,1,0,1,0,0,1,1,0,0,1,1,0,1,1,1,1,1,0,0,1,0,1,1,0,0,1,0,0,1,0,0,1,0,0,0,0,1,0,0,1,0,1,0,1,1,0,1,0,1,1,1,1,0,0,1,1,1,1,0,1,1,0,1,0,0,0,0,1,1,0,0,1,1
1,1,1,1,0,0,0,0,0,0,0,0,1,0,0,1,1,1,0,1,0,1,0,1,1,0,0,0,0,0,0,1,1,0,0,0,1,0,1,0,1,0,0,1,1,1,0,0,0,1,0,1,1,0,0,1,0,0,0,0,0,1,0,0,0,1,1,0,1,1,1,0,1,1,0
1,1,1,0,1,0,0,1,0,0,0,1,0,0,1,1,0,1,0,0,0,1,0,0,0,0,1,1,0,0,0,1,0,0,1,0,1,1,0,0,1,0,1,1,1,1,0,1,0,1,1,1,1,1,0,0,1,1,1,1,0,0,1,1,1,0,1,0,1,1,1,0,0,1,0
1,1,0,1,1,1,0,1,0,0,0,1,0,0,1,0,1,1,1,0,1,1,1,1,1,1,1,1,0,1,0,0,0,0,1,1,0,1,1,1,0,0,0,1,1,0,1,0,0,0,1,1,1,0,0,1,0,1,1,0,1,0,1,0,0,0,0,0,0,1,0,1,0,1,0
0,0,1,1,0,0,0,1,1,0,1,0,0,1,0,0,1,1,0,1,1,1,1,1,0,0,1,1,1,1,1,0,1,0,0,0,0,0,1,0,1,1,0,1,0,1,0,0,0,0,1,0,1,1,0,1,0,1,1,0,0,1,0,0,0,1,0,0,1,1,0,1,1,0,1
1,0,0,1,0,1,0,0,0,1,0,0,0,0,0,1,0,1,0,0,1,0,0,1,1,1,0,1,0,1,1,1,1,0,0,1,1,1,0,1,1,0,1,1,0,1,1,0,0,1,1,1,1,1,0,1,1,0,0,0,0,0,1,0,1,1,1,1,0,1,0,0,1,1,0
1,1,0,1,1,1,0,0,1,1,0,0,0,0,1,0,1,1,0,0,1,1,0,1,1,1,0,1,0,1,1,0,0,0,0,0,1,0,1,0,0,1,0,1,1,1,1,0,0,0,1,1,1,1,0,1,0,0,0,0,0,1,0,1,1,1,0,0,0,1,0,1,0,1,1
1,0,0,0,1,1,0,1,0,1,1,1,1,0,0,0,0,1,0,0,0,0,1,1,0,0,0,0,0,1,0,1,0,0,1,1,0,0,1,0,1,1,0,1,1,0,1,1,1,0,1,1,1,1,1,1,1,0,1,0,1,0,1,0,1,0,0,0,0,1,1,0,0,1,0
1,0,1,1,0,1,1,1,0,1,1,1,1,0,1,1,0,0,0,0,1,1,1,1,0,0,1,0,1,1,0,1,0,0,0,1,0,0,0,1,0,0,1,1,1,1,1,0,1,1,1,0,1,0,1,0,0,1,1,1,0,1,1,0,0,1,1,0,1,1,1,0,0,0,0
0,0,0,0,1,1,1,1,0,0,1,1,1,0,0,0,1,1,0,0,0,1,1,1,1,0,1,0,1,0,1,0,0,0,1,0,0,0,0,0,1,1,0,1,0,1,0,1,0,0,1,0,1,0,0,1,0,0,1,0,1,1,0,0,0,0,0,1,0,0,0,0,1,1,0
1,0,0,0,0,0,0,1,1,1,0,1,0,0,0,1,1,1,0,0,1,1,0,1,0,0,1,1,1,1,1,1,1,0,1,0,1,0,1,0,1,0,0,0,0,1,1,0,0,0,1,1,1,1,0,1,0,1,1,1,1,0,1,0,0,1,0,1,1,1,1,0,0,1,1
1,0,0,1,1,1,0,1,1,0,1,0,1,0,0,1,1,1,0,0,1,1,0,1,0,0,1,0,0,0,1,1,1,0,0,0,1,0,0,1,0,0,0,1,0,0,0,1,1,0,0,1,1,0,1,1,1,1,0,0,0,1,0,0,1,0,1,1,0,1,0,1,0,1,1
1,0,1,0,0,0,0,0,0,1,0,0,0,0,0,1,1,0,0,0,0,1,1,1,1,0,1,0,1,1,0,1,1,0,0,1,0,1,1,0,1,1,0,1,0,1,0,1,0,0,1,0,1,1,0,1,0,0,1,0,0,1,1,0,0,0,0,1,0,1,0,1,0,1,1
1,0,0,1,1,1,0,0,0,1,0,1,1,0,0,1,0,0,1,1,1,1,0,1,1,1,1,1,1,0,0,0,1,0,1,1,0,1,1,0,1,1,1,1,1,0,0,0,0,0,0,1,1,1,0,1,0,1,0,0,1,1,0,0,1,1,0,0,1,1,1,1,1,0,1
1,1,1,0,0,0,0,1,1,1,1,1,0,0,0,1,0,1,1,1,0,1,0,1,0,1,1,0,1,1,0,0,1,0,1,0,1,0,0,1,1,0,1,1,1,1,0,0,0,1,1,1,1,1,0,1,0,0,1,0,0,1,1,0,0,0,0,1,1,1,0,0,1,1,0
1,0,0,0,0,1,1,1,0,1,1,0,1,1,0,1,1,0,1,0,1,1,1,1,0,0,0,0,1,0,0,0,1,0,1,0,1,0,1,0,0,0,1,1,0,0,1,1,0,0,1,0,1,1,0,1,1,0,1,0,0,1,0,0,0,1,1,1,1,1,1,0,1,0,0
1,1,0,1,0,0,0,1,1,1,1,0,0,1,0,1,1,0,1,0,1,0,0,1,1,0,0,0,0,0,0,0,0,0,1,0,0,1,1,1,1,0,1,1,0,0,0,0,0,1,1,1,1,1,0,0,0,1,1,1,1,1,1,0,1,0,1,0,0,1,1,1,0,0,0
1,0,0,0,0,1,0,1,0,0,1,1,1,0,0,1,1,0,0,0,1,0,0,0,0,0,1,1,1,0,1,0,1,0,1,0,0,0,0,0,0,1,1,1,1,1,0,1,0,1,1,0,1,0,1,1,1,0,1,1,0,1,1,0,1,0,1,0,0,1,1,1,0,0,1
0,1,1,1,0,0,0,1,0,1,1,1,0,0,0,0,0,0,1,1,1,0,0,1,1,1,1,1,1,0,1,1,1,1,0,1,0,1,0,1,0,1,1,1,1,0,1,1,0,1,1,1,1,1,0,0,1,0,0,1,0,0,1,0,0,0,1,0,1,1,1,1,1,1,0
0,1,1,1,0,0,0,1,0,1,0,1,0,0,1,1,0,1,0,0,0,1,0,1,0,0,1,1,1,0,0,0,0,0,1,0,1,0,1,0,1,1,0,0,1,0,0,1,0,1,1,0,1,0,0,0,1,1,1,0,0,0,1,1,1,0,1,1,0,0,0,1,0,1,0
1,0,0,1,0,0,0,1,1,0,1,1,0,0,1,0,0,1,1,1,1,1,1,1,0,1,1,1,0,1,1,0,0,0,0,1,0,0,1,1,0,1,0,1,0,0,1,0,0,0,0,0,1,0,1,0,1,0,1,1,1,0,1,0,0,0,1,1,0,1,0,1,1,1,0
1,0,1,0,1,1,0,0,0,0,0,0,0,0,0,0,1,1,0,0,0,1,0,1,0,0,1,1,1,0,0,0,1,0,0,0,1,1,0,1,1,0,0,1,1,1,1,0,0,1,0,1,1,1,0,1,1,0,1,0,1,0,1,0,1,1,0,1,1,1,0,1,1,1,0
1,0,1,0,0,1,0,0,0,0,0,0,0,0,1,0,0,0,0,0,0,1,0,1,0,1,1,1,0,0,0,0,0,0,0,1,1,0,1,0,0,1,0,1,1,1,0,0,0,1,1,1,1,0,1,1,0,1,1,1,0,0,1,0,1,0,0,0,1,0,1,0,0,1,0
1,1,0,1,0,1,0,1,1,0,1,1,0,0,0,0,0,0,0,0,1,1,0,1,0,0,0,0,0,1,1,0,1,0,0,1,0,1,0,1,0,1,1,1,0,1,1,1,0,1,1,1,0,1,0,0,1,0,0,0,0,1,0,0,1,0,1,1,1,1,1,1,0,1,0
1,1,1,0,0,0,0,1,1,1,1,0,0,0,0,1,1,1,0,0,1,1,0,1,0,0,1,0,1,1,1,0,0,0,0,0,1,1,1,0,0,1,1,1,1,0,1,0,1,1,1,1,1,0,1,0,0,1,1,1,0,1,1,0,1,0,0,1,0,1,0,0,0,1,0
1,0,0,0,1,1,0,1,0,1,1,1,1,0,0,0,1,0,0,0,1,1,0,1,1,1,0,1,1,1,1,1,1,0,0,0,1,1,1,0,1,1,1,1,1,0,0,0,0,1,1,1,0,0,0,0,0,1,1,1,0,0,1,0,1,0,1,0,0,1,0,1,0,1,0
1,1,0,0,0,0,1,1,0,0,0,1,1,0,0,1,1,0,0,0,0,1,1,1,0,1,1,1,0,1,0,0,0,0,0,1,1,1,1,0,1,0,0,1,1,1,0,1,1,0,1,0,1,0,1,0,1,0,1,1,1,0,1,0,1,0,0,0,1,1,1,1,0,1,0
1,1,1,0,1,0,0,1,1,0,0,1,0,0,1,1,0,1,0,1,0,1,0,0,0,1,1,1,0,1,1,0,0,0,1,0,1,0,1,1,1,1,0,1,1,1,1,0,1,1,1,1,1,0,1,1,0,0,1,0,1,0,0,1,1,0,0,0,0,1,0,1,0,1,0
1,0,0,1,1,1,0,1,0,1,0,1,0,0,1,1,0,1,1,0,1,0,1,1,0,1,0,0,0,0,1,0,0,0,1,1,1,0,1,0,1,1,0,1,1,0,0,0,1,1,1,0,1,1,0,1,0,0,0,0,1,1,1,0,0,0,0,1,1,1,0,0,0,0,1
1,0,0,0,1,1,0,0,1,1,0,0,1,0,0,0,1,1,0,0,1,1,0,1,0,0,0,0,1,0,1,0,1,0,0,0,1,0,0,1,1,1,0,1,0,1,1,0,0,0,1,1,1,1,0,0,0,1,1,0,0,1,1,0,0,1,0,0,1,1,0,0,1,1,0
0,1,0,1,0,0,0,0,0,0,0,1,0,0,0,0,1,0,0,0,1,1,0,1,0,0,1,1,1,1,1,1,1,0,1,1,0,1,1,0,1,1,1,1,1,0,0,1,0,0,1,0,1,0,0,1,1,0,0,0,1,1,1,1,0,1,0,1,1,0,1,0,1,1,1
1,0,1,1,0,1,0,1,0,0,1,1,0,0,0,1,1,1,0,0,1,1,0,1,1,0,1,1,1,0,1,1,0,0,1,0,1,0,1,0,1,0,0,1,0,1,0,0,1,1,1,0,1,1,0,1,0,0,0,1,0,0,0,0,0,0,0,0,1,1,0,0,0,1,0
0,1,1,0,0,1,0,1,0,0,1,1,0,1,1,1,1,1,0,1,1,1,0,1,1,0,0,0,0,1,0,0,0,0,1,1,0,1,1,0,1,1,1,1,1,1,0,0,1,1,1,1,1,0,1,1,0,1,1,1,0,0,1,0,0,0,1,1,0,0,1,1,0,1,0
1,0,1,1,1,0,0,0,1,1,0,1,1,0,0,0,1,0,0,1,1,0,0,0,0,1,1,1,1,1,0,1,1,1,1,0,0,0,1,0,1,1,0,1,1,0,0,0,0,0,1,1,1,1,0,0,0,1,0,1,1,0,1,0,0,1,0,1,1,1,0,1,1,0,1
0,0,0,1,1,0,0,1,0,0,1,0,0,0,0,0,1,1,0,1,1,1,1,1,0,0,1,1,1,1,1,0,1,0,0,0,1,1,1,0,1,1,0,1,0,1,1,0,0,1,0,1,0,1,0,1,0,0,1,0,0,1,1,1,1,0,0,1,1,1,0,0,0,1,1
1,1,1,1,0,0,0,1,1,0,1,1,0,0,0,0,0,1,0,0,0,1,1,1,0,0,0,0,1,0,0,1,1,0,1,1,0,0,0,1,1,0,1,1,1,0,1,0,1,0,0,0,1,0,1,0,1,1,1,0,1,0,1,0,1,0,0,0,1,1,1,0,1,1,0
1,0,0,0,1,0,1,0,0,0,0,1,0,0,0,1,1,1,0,0,0,1,1,1,1,1,1,1,1,0,1,0,1,0,0,0,1,1,0,1,1,0,0,1,1,1,1,1,1,1,1,0,1,1,0,1,1,0,1,0,1,1,1,0,1,0,0,0,1,1,0,0,1,1,0
0,1,1,0,0,0,0,1,1,1,0,1,0,0,1,1,1,1,0,0,1,1,1,1,0,0,1,1,0,0,1,0,0,0,1,0,0,0,1,1,0,0,0,1,1,0,0,1,0,1,1,0,1,1,1,1,0,1,1,0,1,0,1,1,0,0,1,1,0,0,0,1,0,1,0
1,1,1,0,1,1,0,1,0,1,1,1,1,0,0,1,1,1,1,0,0,1,0,1,1,1,1,0,1,1,1,1,1,0,0,1,1,0,0,1,0,0,1,1,1,0,1,1,0,0,1,1,1,0,1,0,0,0,1,0,1,1,0,0,0,1,0,1,1,1,1,0,0,1,1
0,1,0,1,0,0,1,1,1,1,1,1,1,0,0,0,1,0,1,0,0,1,0,1,0,1,0,0,0,1,1,1,1,0,1,0,0,1,0,1,0,0,1,1,1,0,0,0,1,0,1,1,1,0,0,1,0,1,0,0,1,0,1,0,1,0,0,0,1,1,1,1,0,1,0
1,0,0,1,1,0,0,1,1,0,0,0,0,0,0,0,1,1,0,0,0,1,0,1,1,0,0,0,1,0,1,1,1,0,0,1,1,0,1,1,1,1,0,1,0,0,0,1,0,1,1,0,1,0,1,0,0,0,0,1,0,1,0,1,1,1,1,0,0,1,0,0,0,1,1
1,1,1,0,1,0,0,1,0,1,0,1,0,0,0,1,0,1,1,1,0,0,1,1,0,0,1,1,1,0,1,0,1,0,0,0,0,0,0,0,0,1,1,0,0,0,0,1,1,0,1,1,1,1,0,1,0,1,1,0,1,1,1,0,1,0,1,1,0,1,1,0,0,1,0
0,0,1,1,1,0,1,1,0,1,0,1,1,0,0,0,0,1,0,0,0,0,1,1,0,0,1,1,0,1,0,1,1,1,0,0,0,1,1,0,0,1,0,1,1,1,1,0,0,0,1,1,1,1,0,1,0,1,1,1,1,0,1,0,1,0,0,1,1,1,1,0,0,1,0
1,0,1,1,1,0,0,1,1,1,1,0,0,0,0,0,1,1,0,0,1,1,0,1,0,1,1,0,0,0,1,1,1,0,1,1,0,0,0,1,1,1,1,1,0,1,1,0,1,1,1,1,1,0,0,1,0,1,0,1,0,1,1,0,1,0,1,1,1,0,1,0,0,0,0
1,1,0,1,1,1,0,1,1,0,0,1,0,0,0,1,0,0,0,1,1,1,0,1,0,0,1,0,1,1,1,1,1,0,0,0,1,1,0,1,0,0,0,1,1,1,1,0,1,1,1,0,1,0,0,0,0,0,0,1,0,0,0,0,1,0,0,0,1,1,1,1,0,1,0
1,0,1,1,0,1,0,1,1,1,1,1,0,0,1,1,1,1,0,0,1,1,0,1,0,1,0,1,1,0,1,1,0,0,1,0,1,1,1,0,1,1,1,1,0,0,0,0,0,1,1,1,1,1,0,1,1,1,1,1,1,0,1,1,0,0,1,1,0,1,0,0,0,0,0
1,0,1,1,0,1,0,0,0,0,0,1,0,0,1,1,0,0,0,0,0,1,1,1,0,0,1,0,0,0,1,0,0,0,1,1,0,0,1,0,1,1,0,1,0,1,0,1,1,1,1,1,1,0,1,1,0,1,0,0,0,1,1,0,0,1,0,1,0,1,0,0,0,1,0
1,1,1,1,0,1,0,1,1,0,0,1,0,0,1,1,1,1,0,0,0,1,0,1,0,0,0,1,1,1,1,1,0,0,1,1,0,1,1,0,0,1,0,1,0,1,1,0,1,1,1,1,1,1,1,0,0,0,1,0,0,0,1,0,1,0,0,0,0,1,0,1,1,0,0
1,0,0,1,0,0,0,1,1,1,1,0,1,0,1,1,1,1,0,0,0,1,0,1,1,1,1,1,0,1,1,0,0,0,0,1,1,0,0,1,1,0,1,1,0,1,1,0,0,0,1,1,1,1,0,0,0,1,0,1,0,1,0,0,1,0,0,0,0,0,1,1,0,1,0
1,0,0,0,0,0,1,1,1,1,1,1,0,1,0,0,1,1,1,0,0,1,0,0,0,1,1,0,1,0,1,0,1,0,1,1,0,0,0,1,0,0,1,1,0,1,0,1,1,1,1,1,1,1,0,1,1,0,0,0,1,1,1,1,0,1,1,0,1,1,1,0,0,1,1
0,1,1,1,0,1,0,0,0,1,0,1,0,0,0,1,1,0,1,0,0,0,0,1,0,1,1,1,0,1,1,0,0,0,0,1,0,1,0,1,1,0,0,1,0,1,0,0,1,0,1,1,0,1,0,0,0,0,0,0,1,1,1,0,1,1,0,0,0,0,1,1,1,1,0
1,0,1,1,0,0,0,1,0,0,1,1,0,0,1,0,0,1,0,0,0,0,0,0,0,1,1,1,0,1,0,0,0,0,1,1,0,0,0,0,1,1,0,1,1,0,0,0,0,1,1,1,1,0,1,1,0,1,0,0,1,1,1,0,1,0,1,0,1,1,0,0,0,1,0
0,0,1,1,1,1,0,1,0,0,1,1,0,0,0,1,1,1,0,0,0,1,0,1,1,1,0,1,0,0,0,0,1,0,1,1,1,1,1,1,1,0,0,1,1,0,0,1,1,1,1,1,1,1,0,1,1,1,0,0,0,0,0,0,1,1,1,0,1,0,0,0,0,1,0
1,1,1,0,1,1,0,1,0,1,0,1,0,1,0,0,0,1,1,1,1,1,1,1,0,1,1,0,1,0,1,1,1,0,1,0,0,1,1,0,1,1,1,1,1,0,1,1,0,0,1,0,0,1,0,0,1,0,1,0,1,1,0,0,1,0,1,0,1,1,1,1,0,1,0
1,0,0,1,1,1,0,1,0,0,1,1,0,1,0,1,1,0,0,0,1,1,1,1,1,1,1,1,1,0,1,1,1,0,0,0,1,1,1,0,1,1,0,1,0,1,0,0,0,1,1,1,1,1,0,1,0,0,1,0,0,1,1,0,1,0,1,0,0,1,0,1,1,1,0
1,0,0,0,1,0,0,1,0,0,0,1,0,1,1,1,1,1,0,0,0,0,0,1,0,0,1,1,0,0,1,0,0,0,1,0,0,1,1,0,1,0,1,1,0,1,0,0,1,0,1,1,1,1,0,1,0,1,0,1,0,1,0,0,1,0,1,0,1,1,1,0,0,1,0
0,0,0,1,0,0,0,1,0,1,0,1,0,0,1,0,1,1,1,0,0,1,0,1,0,0,0,0,0,0,1,0,0,0,1,1,0,1,1,1,1,0,0,1,0,0,1,0,0,1,0,1,1,1,1,1,1,1,0,0,1,1,1,0,1,0,0,0,1,1,0,1,1,1,1
0,0,0,1,0,1,0,0,1,0,1,0,0,0,0,0,0,0,0,0,0,1,1,1,0,0,1,1,0,0,1,0,0,0,0,0,0,1,1,0,1,0,1,1,0,1,1,0,0,0,1,1,1,1,0,0,0,0,0,1,0,1,0,0,0,1,0,1,0,0,1,1,1,1,0
0,0,1,0,1,1,0,0,0,1,0,1,1,0,1,0,0,0,1,0,1,1,1,1,0,1,1,1,0,1,0,0,0,0,0,1,0,0,1,0,1,0,0,1,1,1,0,0,0,1,1,0,1,0,0,1,0,0,1,1,1,0,1,1,1,1,0,0,1,1,1,1,1,1,0
1,0,1,1,1,0,1,1,0,0,1,0,1,0,1,0,1,0,0,1,0,1,1,1,1,1,1,1,0,1,0,0,0,1,0,0,1,0,1,0,1,1,1,1,0,1,0,0,1,1,1,0,1,1,0,1,1,0,0,0,0,0,1,0,0,0,1,1,0,1,1,1,0,1,1
1,0,0,1,1,1,0,1,0,0,0,1,1,0,0,1,1,1,1,0,1,1,0,1,0,0,1,1,0,1,0,0,1,1,1,0,0,0,1,0,1,1,0,1,0,1,1,1,0,1,0,0,1,1,0,0,0,0,0,0,1,0,1,0,1,0,0,1,1,1,1,0,1,1,0
1,1,1,0,1,0,0,0,1,1,0,1,1,0,0,0,0,0,1,1,1,1,0,0,0,0,1,0,1,0,0,1,0,1,1,0,0,1,1,0,1,1,0,1,1,0,1,1,1,0,1,1,1,1,0,0,1,0,1,0,1,1,0,1,1,0,1,1,1,1,0,0,0,1,0
1,0,1,0,0,0,0,1,1,1,1,0,1,0,1,0,0,1,1,0,0,0,0,1,0,0,1,0,1,1,1,1,0,0,1,0,0,1,1,0,1,1,0,1,0,1,0,0,1,0,1,1,1,1,0,1,0,0,1,0,0,1,0,0,0,0,1,0,0,1,0,1,1,1,0
1,0,0,0,1,1,0,0,1,1,0,1,0,1,0,0,1,1,0,0,0,1,0,1,1,0,1,1,1,1,1,0,0,1,1,0,1,1,1,0,1,1,0,1,1,0,1,1,0,1,1,1,1,0,1,1,1,0,0,0,0,0,1,0,1,1,0,1,1,1,0,0,1,0,0
1,1,1,1,1,1,0,1,1,0,0,0,1,1,1,1,1,0,1,1,1,1,0,0,0,0,1,0,1,0,0,1,0,0,1,1,0,1,0,1,0,1,1,1,1,0,1,0,0,0,1,1,0,1,1,0,0,0,0,1,0,1,0,1,0,0,0,1,0,1,1,0,0,1,1
1,0,1,1,1,0,0,1,0,0,1,1,1,0,0,1,1,0,0,0,0,1,1,1,0,1,0,1,0,0,1,0,1,0,1,0,1,0,0,0,0,0,0,1,1,0,0,0,1,0,0,0,1,1,0,1,0,1,0,0,1,1,1,0,0,0,0,0,1,1,0,0,1,0,1
1,0,0,0,0,1,0,1,1,1,0,1,0,0,0,1,1,0,0,0,0,1,1,1,1,1,1,0,1,0,1,0,1,0,0,0,1,1,1,0,1,1,0,1,1,1,0,0,0,0,1,0,1,0,1,0,1,1,1,0,1,0,1,0,1,0,0,0,0,1,0,1,0,1,0
0,0,1,0,1,1,0,1,1,1,0,0,1,0,1,1,0,1,1,0,1,1,0,0,1,1,0,0,0,0,1,0,1,0,1,1,1,0,1,1,1,0,1,1,0,1,0,0,0,0,1,1,1,0,1,1,0,0,1,0,0,1,1,0,1,0,1,0,1,1,1,0,1,1,1
0,1,1,0,1,0,0,1,0,0,1,0,1,0,0,1,1,1,0,0,0,1,0,1,0,1,0,1,1,1,1,1,1,0,1,1,1,0,0,1,1,0,0,1,1,1,1,1,0,0,1,0,1,0,0,0,1,1,0,0,0,1,0,0,1,1,1,1,1,0,0,1,1,1,0
1,1,1,0,0,1,0,1,0,0,1,0,0,1,0,1,1,1,0,0,0,1,0,1,0,1,1,0,1,0,1,1,1,0,1,0,1,0,1,0,1,0,0,1,1,1,1,0,0,1,1,0,1,1,1,1,0,1,1,1,0,0,0,0,1,0,0,0,1,1,1,0,0,0,0
1,0,1,1,1,0,0,1,0,1,1,0,0,0,0,0,1,0,0,1,0,1,0,0,0,0,1,0,1,1,1,0,1,1,0,0,0,0,0,1,1,0,0,0,0,1,0,0,1,1,1,1,0,1,0,0,0,0,0,1,0,1,0,0,1,0,1,1,1,1,0,1,1,1,0
1,0,1,0,0,0,0,1,0,0,0,0,0,0,0,1,1,0,0,0,0,1,0,1,1,0,1,0,1,0,0,1,1,0,1,0,0,0,0,0,0,1,0,1,1,1,0,0,1,1,1,1,1,0,1,1,0,1,1,1,0,0,1,0,1,0,1,0,1,1,0,1,0,1,0
1,0,0,1,1,1,0,1,0,1,1,0,1,0,1,1,0,1,0,0,1,1,1,1,0,0,1,0,0,0,0,1,0,0,1,1,0,1,1,0,1,0,1,1,0,1,1,0,1,0,1,1,1,1,0,1,0,1,0,0,0,1,1,0,1,0,0,0,0,1,0,0,0,1,0
1,1,1,1,1,1,0,1,1,0,1,0,0,0,0,1,1,0,0,1,0,0,1,1,0,0,0,1,1,0,1,1,1,0,0,0,1,0,0,1,1,1,0,1,0,1,1,0,1,1,1,1,1,1,0,1,0,0,0,1,0,0,0,0,0,0,0,0,1,1,1,1,1,1,0
1,0,0,0,1,0,0,1,1,1,1,0,1,0,1,0,1,1,1,0,1,1,1,1,1,1,1,1,0,1,1,1,0,0,1,1,0,0,1,0,1,1,1,1,0,1,1,0,1,0,1,0,1,0,0,1,0,0,1,1,0,1,1,0,0,0,1,1,0,1,1,1,0,0,1
0,0,1,1,0,1,0,1,0,0,1,1,0,0,0,0,1,0,0,0,0,1,1,1,0,1,0,0,0,1,0,1,0,0,1,0,1,0,1,0,0,1,0,1,1,1,0,1,1,0,1,0,1,0,0,0,1,1,1,0,1,1,0,0,0,0,0,1,0,1,0,1,0,0,0
0,0,1,0,1,0,0,1,0,1,1,1,1,0,1,1,0,1,0,0,1,1,0,1,0,1,1,1,0,1,0,0,0,0,1,1,0,0,0,1,0,0,0,1,1,1,0,0,0,0,1,1,1,1,0,1,1,1,1,0,0,0,0,0,1,0,0,0,1,1,0,1,0,1,1
1,0,0,1,1,1,0,0,0,1,0,1,0,0,1,1,1,0,0,0,0,0,1,1,1,0,0,0,1,0,0,1,0,1,0,1,1,1,0,1,0,0,0,1,0,1,0,0,0,1,0,0,1,0,1,0,0,1,1,0,0,0,1,0,1,1,0,0,1,1,0,0,1,0,1
1,1,1,1,0,1,0,1,0,0,1,0,0,0,1,0,1,1,0,0,1,1,1,1,1,0,0,1,0,1,1,1,0,0,0,1,1,0,0,1,0,1,1,1,1,0,1,1,1,1,1,0,1,1,0,0,1,1,1,0,0,1,1,1,1,0,0,0,0,1,0,0,1,0,0
1,0,0,0,0,1,0,1,1,1,0,0,0,0,0,0,1,1,0,0,1,1,1,1,0,0,1,0,1,0,0,1,0,0,0,1,1,0,0,1,1,1,1,1,0,1,1,0,1,1,0,0,1,0,0,0,1,0,1,0,1,1,1,0,0,1,1,0,0,1,1,0,0,1,0
1,0,0,0,1,1,0,0,1,0,0,1,0,0,1,0,1,0,1,0,0,1,1,1,1,1,1,1,0,0,1,1,0,0,0,1,1,0,0,1,1,0,1,1,0,0,0,0,1,1,1,0,1,0,0,0,0,1,1,1,1,0,1,0,1,1,0,0,1,1,1,0,0,1,1
0,1,1,0,1,0,0,1,1,0,0,0,1,0,1,1,1,1,1,1,1,1,1,1,0,0,1,0,1,1,1,0,1,0,0,1,0,1,0,1,1,0,0,1,1,1,1,0,0,0,1,0,1,0,0,0,0,1,0,0,0,1,0,0,1,0,0,0,1,1,0,1,0,1,0
1,0,0,1,0,0,0,1,0,1,0,1,0,0,1,0,1,1,0,0,0,1,0,1,0,0,1,0,0,1,1,1,0,0,1,0,1,0,1,0,1,0,1,1,0,0,1,1,0,1,1,1,1,1,0,1,1,0,0,1,0,0,1,0,1,1,0,0,0,0,1,1,1,1,0
0,0,0,1,0,1,0,1,0,1,0,1,1,0,0,0,1,0,0,1,0,1,0,1,0,1,1,0,1,1,1,1,1,0,0,1,0,1,1,0,1,1,0,1,0,1,0,0,1,1,0,0,1,1,0,1,0,0,0,0,0,0,1,0,0,1,1,1,0,0,0,0,1,1,0
1,0,0,1,0,0,0,1,0,1,0,1,0,0,0,1,1,0,1,0,1,0,1,1,0,0,1,0,1,0,0,1,1,1,1,0,1,0,1,0,1,0,0,1,0,0,0,0,1,1,1,0,1,0,1,1,0,1,0,1,1,1,0,0,0,1,1,1,1,1,0,0,0,1,0
1,0,0,0,1,1,0,1,0,1,0,1,0,0,1,0,1,1,0,1,0,1,0,1,0,0,1,0,1,0,1,1,0,0,1,1,0,1,0,1,0,1,0,1,0,1,0,0,1,0,1,1,1,1,0,1,0,1,0,0,1,0,1,0,1,0,0,0,1,1,0,0,0,1,0
1,1,0,0,1,1,0,1,0,0,1,1,0,0,0,0,0,0,0,0,0,0,0,1,0,1,0,0,1,0,0,1,1,0,1,0,0,1,1,0,1,1,0,1,1,1,1,0,0,1,1,1,1,0,0,0,0,0,0,1,0,0,1,0,1,0,0,1,1,1,0,1,0,0,0
1,0,0,0,0,0,0,1,1,1,1,1,0,0,1,1,1,0,1,1,1,1,0,0,1,1,1,0,0,1,1,1,0,1,0,1,1,0,0,1,0,0,1,1,0,1,1,0,0,1,1,0,1,1,0,0,0,1,1,1,1,1,1,0,1,0,0,0,1,1,1,0,0,1,0
0,0,1,0,0,0,1,1,1,0,0,1,1,0,0,1,0,0,0,0,1,1,1,1,0,1,1,0,1,0,0,0,1,0,0,1,1,1,0,1,0,1,0,1,0,1,1,0,1,0,1,1,0,1,0,0,0,0,1,1,1,0,1,0,0,1,0,1,0,0,0,1,1,1,0
1,1,1,1,0,1,0,1,1,1,1,0,0,0,1,1,1,1,0,0,0,1,1,1,0,0,1,0,1,1,0,1,1,0,1,1,0,0,0,1,1,0,0,1,0,1,1,1,1,1,1,0,1,0,0,0,0,0,1,0,0,1,0,0,0,0,1,1,1,1,0,1,0,0,1
1,0,0,0,1,1,0,1,0,1,0,0,0,1,0,0,1,0,1,0,1,1,0,1,1,0,1,0,0,0,0,1,1,0,0,0,0,0,0,0,1,1,0,1,0,1,0,0,1,0,1,0,1,0,0,1,1,1,1,0,0,1,1,0,1,0,1,0,1,1,1,0,0,1,1
1,0,0,1,1,1,0,0,0,0,0,1,0,0,1,0,0,0,1,1,1,1,0,0,0,0,1,0,0,1,1,0,0,1,1,1,0,1,0,1,1,0,1,1,0,1,0,0,0,1,0,0,1,0,0,1,0,0,0,1,1,0,1,1,0,1,1,1,1,1,1,1,0,1,1
1,1,0,0,0,1,0,0,0,0,0,0,0,0,0,1,0,0,1,0,1,1,0,1,1,1,1,0,1,1,0,0,1,0,1,1,0,1,0,1,0,0,1,1,1,0,1,0,1,0,1,0,1,1,1,0,0,0,0,1,0,1,1,1,1,1,0,0,0,1,0,0,0,0,1
1,0,1,1,1,1,0,1,0,0,0,1,0,0,0,1,1,1,0,1,1,1,0,0,1,0,1,1,1,1,1,0,1,1,0,0,0,1,0,1,1,0,1,1,0,1,0,1,0,1,1,0,1,1,0,1,1,1,1,0,0,0,1,0,0,0,1,1,1,1,0,1,1,0,1
0,0,0,1,0,1,1,1,0,1,1,1,0,0,1,1,1,1,1,1,1,1,1,1,0,1,1,0,0,1,1,1,0,1,1,1,0,1,0,1,0,0,0,1,1,0,0,1,0,1,1,1,1,0,1,1,1,0,0,0,1,0,1,1,1,1,1,1,1,1,0,0,1,1,0
1,0,0,0,0,1,0,1,0,0,0,0,0,0,0,1,1,1,0,0,0,1,1,1,0,1,1,0,0,0,1,1,1,0,1,1,0,1,1,1,0,0,1,1,0,0,1,0,0,1,0,0,1,1,0,1,0,0,1,0,0,0,0,0,1,0,1,0,1,1,1,0,0,1,0
1,0,1,1,1,1,0,1,0,0,0,1,0,0,0,1,1,1,0,0,1,1,0,1,0,0,0,1,1,0,0,1,1,0,1,0,0,1,1,0,1,0,1,1,0,1,0,1,0,1,1,0,1,1,0,0,1,0,0,1,0,1,1,0,0,0,1,0,1,1,1,0,1,0,0
1,1,1,1,1,1,0,1,0,0,0,1,0,1,1,1,1,0,0,0,1,1,0,1,0,1,1,0,0,0,1,1,0,1,1,0,0,1,1,0,1,1,1,1,1,1,0,0,1,1,1,1,1,1,0,1,0,1,1,0,1,0,0,1,1,0,1,1,0,1,1,0,1,1,0
1,0,0,0,0,0,0,1,0,1,0,0,0,0,0,1,1,1,1,0,1,1,0,1,1,0,1,1,1,1,1,1,0,0,1,1,0,0,1,0,1,0,0,1,0,1,0,0,1,1,1,0,1,1,0,1,0,1,1,1,0,0,1,1,0,0,0,0,1,1,1,0,0,1,0
1,0,0,0,0,0,0,1,0,1,1,1,0,0,0,1,1,0,1,1,0,1,0,1,1,1,1,1,1,1,0,1,1,0,0,1,0,0,0,1,0,0,0,1,0,1,1,0,0,1,1,1,1,1,0,1,0,0,0,1,1,0,0,0,1,0,0,0,0,1,1,0,1,1,0
1,0,0,0,1,0,0,1,0,1,1,1,1,0,0,0,1,1,1,0,1,1,0,1,0,1,1,0,1,1,1,1,1,0,0,0,1,0,1,0,0,1,0,1,1,0,0,0,0,1,0,0,1,0,0,1,0,1,1,0,1,0,1,1,0,0,0,1,0,1,0,0,0,0,0
1,0,0,1,0,1,1,1,0,1,1,1,0,0,0,1,1,0,0,0,0,1,1,1,0,1,1,1,1,1,0,1,1,0,1,0,0,1,1,0,1,0,0,1,1,0,0,0,0,1,1,0,1,1,0,0,0,0,0,0,0,0,1,0,1,0,0,0,1,1,1,0,1,1,0
1,1,0,1,1,0,0,1,0,0,0,1,1,0,0,1,1,1,0,1,0,1,0,0,0,1,0,1,1,1,0,1,1,0,0,0,1,1,1,0,1,1,1,1,1,1,0,1,1,1,1,1,1,1,1,1,1,0,0,0,1,1,0,0,1,0,0,0,0,1,1,0,0,1,1
1,1,1,0,1,0,0,1,0,0,1,0,1,1,1,1,0,0,0,0,0,0,0,0,0,0,0,0,0,1,0,1,0,1,0,1,1,0,0,0,1,0,0,1,1,0,0,0,0,0,0,1,1,0,0,1,0,1,1,0,0,0,1,0,1,0,1,0,1,0,0,0,1,1,0
1,0,0,0,0,0,0,1,0,1,1,1,1,1,1,0,1,1,0,0,0,1,0,0,0,1,1,0,1,1,0,1,1,0,0,0,0,0,0,0,1,0,0,1,0,1,0,0,0,1,0,1,0,0,1,1,1,1,1,0,1,1,1,0,1,0,0,1,0,1,0,1,0,1,0
1,0,0,0,1,1,0,0,0,0,0,1,1,0,0,0,1,0,0,0,0,1,0,1,0,0,1,0,1,1,1,1,1,1,0,0,0,0,0,0,1,1,0,1,0,1,0,1,0,0,1,1,1,0,0,1,1,1,1,1,1,0,1,0,0,1,0,0,1,1,1,1,0,1,0
1,1,1,0,1,0,0,1,1,0,0,0,0,0,1,1,1,1,1,1,1,1,0,1,0,1,0,0,0,0,0,0,0,0,0,0,0,0,0,1,0,0,0,1,1,0,0,0,0,0,0,1,0,0,1,0,1,0,0,1,0,1,0,0,1,0,0,0,1,1,0,0,0,1,1
1,0,0,0,1,1,1,1,1,0,1,0,0,1,0,0,1,0,1,0,1,1,1,1,1,0,1,0,0,0,1,1,1,0,1,0,0,0,1,0,1,1,0,1,1,0,0,1,1,1,1,0,1,0,1,1,0,1,1,1,1,0,1,0,0,0,1,0,1,1,0,1,0,1,0
1,0,1,0,1,1,0,1,0,1,1,1,0,0,0,0,0,0,0,0,0,0,0,1,1,1,1,0,1,0,0,0,1,0,1,1,0,0,0,1,1,1,1,1,1,1,0,0,0,0,1,0,1,0,0,1,0,0,0,0,1,1,1,0,1,1,0,0,0,1,0,1,1,0,0
1,1,0,1,0,0,1,1,1,0,0,1,0,0,1,1,1,1,0,0,1,1,1,1,1,1,1,0,1,1,1,1,1,0,1,0,1,1,0,0,1,0,0,1,1,0,0,0,0,1,1,0,1,1,0,1,0,1,0,1,0,0,1,0,0,0,1,1,1,1,0,1,1,1,1
1,1,1,0,1,1,1,1,0,0,0,1,1,0,0,0,1,1,0,0,0,1,0,1,0,0,0,0,0,0,1,1,0,0,1,0,1,0,1,0,1,1,0,1,1,1,1,0,1,0,1,1,1,0,1,0,0,0,1,0,1,0,0,1,0,1,1,0,1,1,0,0,0,1,0
1,1,1,1,1,0,1,1,0,1,1,1,1,0,0,1,1,0,1,0,1,0,1,1,1,0,1,1,1,1,0,0,1,0,1,1,1,1,1,0,0,1,1,1,1,1,0,0,0,0,1,1,1,1,1,1,0,0,1,1,1,1,1,0,1,0,0,0,0,1,1,1,0,0,1
1,1,0,1,0,1,0,1,0,0,1,1,0,0,0,1,1,1,0,0,1,1,0,1,0,0,1,1,0,1,0,1,1,1,1,0,1,1,0,0,1,0,1,1,1,1,0,1,0,1,1,0,1,0,0,1,1,1,1,0,1,0,0,0,1,0,1,0,1,1,1,0,1,0,0
1,0,1,0,0,0,0,1,0,0,0,0,1,1,0,0,1,1,1,0,1,1,1,1,1,1,0,0,1,1,0,0,1,0,1,0,1,0,0,0,0,1,0,1,1,1,1,1,1,0,1,0,1,0,0,1,1,1,0,0,0,0,1,1,0,0,1,0,0,1,0,0,0,1,0
0,0,0,0,1,1,0,1,1,1,0,1,0,1,0,0,1,0,0,0,1,1,0,1,0,0,1,0,1,1,0,1,1,0,0,0,1,0,1,0,1,0,1,1,0,1,1,1,1,1,1,1,1,0,0,0,1,1,1,1,0,1,1,1,1,0,1,0,1,1,1,1,0,0,0
1,0,1,1,1,0,1,1,0,1,1,0,0,0,0,0,1,1,1,1,0,1,1,1,0,1,0,1,0,0,1,0,1,0,1,0,1,0,0,1,0,1,1,1,0,0,1,0,1,1,1,0,1,1,0,1,1,1,0,0,0,1,1,0,1,0,1,1,0,1,1,0,0,1,0
0,0,1,0,1,1,0,1,0,1,0,1,1,0,0,0,0,1,0,0,0,0,0,0,0,1,0,0,1,1,0,0,1,0,1,0,0,1,1,0,1,1,1,1,1,1,0,1,1,1,1,1,1,1,0,0,1,1,1,0,0,0,1,0,0,0,0,1,0,1,1,0,0,1,0
0,1,0,1,1,0,0,0,0,0,0,0,0,0,0,1,0,1,0,0,0,1,0,1,0,0,1,1,1,1,0,1,1,0,0,1,1,1,0,1,1,0,1,1,1,0,1,0,0,1,0,1,1,1,1,1,1,0,0,0,1,0,0,1,1,1,0,0,1,0,1,0,1,1,0
1,1,1,0,0,0,0,1,0,1,0,1,1,0,0,1,1,1,0,0,0,0,0,1,0,1,1,0,1,1,0,1,1,0,0,0,1,1,1,0,1,1,1,0,1,0,1,1,0,0,1,1,1,1,0,0,1,0,1,0,0,1,1,0,1,1,0,1,0,1,0,1,1,1,0
0,0,0,0,0,1,0,1,1,0,0,1,0,0,0,0,1,1,0,0,1,1,0,1,0,0,1,1,1,1,1,1,1,1,0,1,1,0,0,1,0,0,1,1,0,1,1,0,0,0,1,1,1,0,0,1,0,1,1,1,1,1,1,1,0,1,0,0,0,0,1,1,0,1,1
1,0,1,1,1,0,1,1,0,1,0,1,1,0,0,1,1,0,0,0,1,1,1,1,0,1,1,0,1,0,1,0,1,0,1,1,0,0,0,1,1,1,1,1,1,1,0,1,1,0,1,1,1,1,0,0,1,1,0,1,1,1,0,0,1,0,1,1,0,1,1,1,0,1,0
1,0,1,1,1,0,0,0,1,0,0,1,0,0,1,1,1,1,1,0,0,1,0,0,0,1,0,1,0,0,1,1,0,0,1,1,1,1,0,1,1,1,1,1,0,0,1,0,0,1,0,1,1,0,1,0,0,1,0,1,0,0,1,0,0,1,0,1,0,1,1,0,1,1,1
1,0,1,1,1,1,0,1,1,0,0,1,1,1,0,1,1,1,0,0,1,1,0,0,1,1,1,0,1,0,1,1,1,1,1,0,1,1,1,0,1,0,1,1,1,0,0,0,0,0,0,0,1,1,0,1,0,0,1,1,1,0,1,1,0,0,0,1,1,1,1,1,0,0,0
1,1,0,0,1,1,0,1,0,1,0,1,0,0,1,1,1,0,0,0,0,1,0,0,1,1,1,0,0,0,0,0,0,0,1,0,0,0,1,0,1,0,0,1,1,0,0,1,1,0,1,1,1,1,0,0,1,1,1,0,0,1,1,0,0,1,0,0,0,1,0,0,0,1,1
0,0,1,1,1,0,1,1,1,0,1,1,1,0,0,1,1,1,1,0,1,1,0,0,1,0,1,0,1,0,1,1,1,0,1,0,0,0,1,0,1,0,0,1,0,1,0,0,0,0,0,0,0,0,1,0,0,1,0,1,1,1,1,0,1,0,0,0,1,1,1,0,0,1,0
1,0,0,0,1,1,0,1,0,1,0,0,0,0,1,1,1,1,0,0,0,1,0,0,0,0,0,0,1,0,0,0,1,0,0,0,1,0,0,1,1,0,0,1,1,0,1,0,0,1,1,1,1,0,1,0,0,1,1,0,1,0,1,0,1,0,0,0,1,1,0,1,0,0,0
0,1,1,0,0,1,0,0,1,0,0,1,0,0,1,1,1,0,0,0,0,0,0,1,1,0,1,0,1,0,1,1,1,0,0,1,0,1,0,1,1,1,0,1,1,0,0,1,1,1,1,1,1,1,1,0,1,0,1,1,0,1,1,0,1,1,0,0,0,0,0,1,1,1,0
0,0,0,0,1,0,0,1,0,1,1,1,0,0,0,0,0,0,1,0,1,1,1,1,0,1,1,0,0,1,0,0,0,0,1,1,1,1,0,1,0,0,0,1,0,0,0,1,1,0,1,0,1,1,1,1,1,1,1,1,1,0,1,0,1,0,1,0,1,1,0,1,0,0,0
1,0,1,1,1,0,0,1,0,0,0,1,0,0,0,1,1,0,0,0,0,1,0,1,0,1,1,0,1,0,1,1,1,1,1,0,0,0,0,0,0,1,1,1,0,1,0,0,1,1,0,1,1,1,0,1,0,1,0,1,0,0,1,1,1,0,1,0,1,1,1,1,0,1,0
1,0,0,1,1,1,0,1,1,1,0,1,0,0,1,0,1,1,0,0,0,1,0,1,0,0,1,0,0,0,0,1,0,0,0,0,0,0,0,1,1,1,1,1,1,0,1,1,0,1,1,1,1,1,0,0,1,1,1,0,0,0,1,0,1,0,0,1,0,1,0,0,1,0,1
0,0,0,0,0,0,0,1,1,1,0,1,0,1,0,0,1,0,0,0,1,1,0,1,0,0,0,0,1,1,1,0,1,1,1,0,1,0,1,0,1,1,1,1,0,0,0,0,0,0,1,1,1,1,0,1,0,1,1,0,1,1,1,1,1,1,0,1,1,0,0,1,1,0,1
0,0,0,0,0,0,0,1,1,0,1,1,0,0,1,0,1,0,0,1,1,1,1,1,0,0,1,1,0,0,0,0,0,0,0,1,1,1,0,1,0,1,0,1,1,0,0,0,1,1,1,1,1,1,0,1,0,0,0,1,0,0,0,1,0,0,0,1,0,1,0,0,1,1,0
0,0,0,0,1,1,0,1,0,0,0,1,1,0,1,1,0,1,1,0,1,1,0,1,0,0,1,1,0,0,1,1,0,0,1,0,1,0,0,0,1,0,1,0,0,1,1,0,0,0,1,1,1,0,1,0,0,0,1,1,1,0,0,0,1,0,1,0,1,0,1,0,1,1,0
1,0,0,1,0,0,1,1,0,0,0,0,0,0,0,0,1,0,0,0,1,1,1,1,0,0,1,1,1,0,0,0,1,0,1,0,1,1,1,0,1,0,0,1,1,1,0,0,0,1,1,0,0,1,0,1,0,1,1,0,1,1,1,0,1,0,0,0,1,1,0,1,0,1,0
1,0,0,0,0,0,1,1,0,0,1,0,0,1,0,0,1,1,0,0,1,1,0,1,0,0,1,0,1,0,0,0,1,0,0,1,1,0,0,1,1,1,0,1,1,1,0,0,0,1,1,1,1,0,0,1,0,0,1,0,0,0,1,0,1,0,0,0,1,1,0,0,1,1,0
1,0,0,1,0,0,0,1,1,0,0,0,0,0,0,1,1,0,0,1,1,1,1,1,0,0,1,1,1,1,1,0,0,0,0,0,1,1,0,1,1,0,0,1,1,1,1,0,1,1,1,0,1,1,0,1,0,1,1,0,0,1,0,0,1,0,0,0,1,0,0,1,0,1,0
0,0,0,0,0,0,0,1,0,1,1,1,0,0,1,1,1,0,0,0,1,0,0,1,0,1,1,1,1,0,1,1,1,0,0,1,0,0,0,1,0,0,0,0,0,1,0,0,0,1,1,1,1,1,0,1,0,1,1,1,0,0,1,0,1,0,0,0,1,1,1,0,0,1,1
1,0,0,0,1,1,1,1,0,0,0,1,1,0,0,0,1,1,1,0,1,0,0,1,1,0,1,0,0,0,0,0,0,0,1,0,1,1,1,0,1,1,1,1,1,1,0,0,1,0,1,1,1,1,1,1,0,1,1,1,1,1,1,0,1,0,0,1,1,1,1,1,0,1,0
0,1,1,0,0,0,0,1,0,1,0,0,0,1,0,0,0,0,1,0,1,1,0,0,0,0,0,0,1,0,1,1,0,1,0,1,0,1,1,1,1,1,0,1,0,1,0,0,1,1,1,1,1,1,0,1,0,0,0,1,0,0,0,0,1,0,1,0,0,0,0,1,0,1,0
1,0,0,1,1,0,1,1,0,0,0,1,1,0,0,0,1,1,0,0,1,1,0,1,1,1,0,0,1,0,1,1,1,0,1,0,1,1,0,0,1,1,1,1,0,1,1,1,1,1,1,1,0,0,0,0,1,0,0,1,0,1,1,0,1,0,1,1,1,1,1,0,1,1,0
1,0,0,1,1,0,0,0,1,1,0,0,0,0,1,1,0,0,0,0,1,1,0,1,0,0,1,0,1,1,1,0,0,0,0,1,0,0,0,1,1,0,1,1,0,1,0,1,0,1,1,0,1,1,1,1,1,1,0,0,0,1,0,0,0,0,0,1,1,1,0,1,0,1,0
1,0,0,0,1,0,0,1,1,0,0,1,0,1,0,1,1,0,0,1,1,1,0,1,0,0,0,1,1,1,1,0,1,1,0,0,0,0,0,0,1,1,0,1,1,0,0,0,1,1,1,0,1,0,0,0,0,0,1,0,0,0,1,0,1,0,0,1,0,1,1,1,0,1,1
1,1,1,0,1,0,0,1,0,0,0,0,0,0,1,1,1,1,1,0,1,1,0,1,0,0,1,1,1,1,1,0,0,1,0,0,1,1,0,1,0,0,1,1,0,1,0,0,1,0,0,1,1,1,1,1,0,0,1,1,0,1,1,0,1,0,1,1,1,1,1,1,0,1,0
1,1,1,1,1,0,0,0,0,0,1,1,1,0,1,0,0,1,0,0,1,0,1,1,0,0,0,1,1,1,1,0,0,0,1,1,1,1,0,1,0,1,0,1,0,0,1,0,0,0,1,0,1,1,0,1,1,0,0,0,1,1,1,0,0,1,1,0,0,1,1,0,0,0,0
0,1,0,0,0,1,1,1,0,0,1,0,1,0,1,1,0,1,1,0,1,1,0,0,1,1,1,0,0,1,1,1,0,0,1,0,0,0,1,0,1,1,0,1,0,1,1,1,0,0,0,1,1,1,0,1,1,0,1,0,0,0,1,0,1,0,0,0,0,0,1,1,0,0,1
0,0,0,1,1,0,0,0,0,1,0,1,0,0,1,0,0,1,0,0,1,1,0,1,1,0,0,0,0,0,1,1,0,1,0,1,1,0,1,1,1,1,1,1,0,1,0,0,1,0,0,1,1,0,1,1,0,1,0,1,1,0,1,0,0,1,1,1,0,0,1,1,0,0,0
1,0,0,1,1,0,1,1,0,0,1,1,1,0,1,1,0,0,0,0,0,1,1,1,1,0,1,1,0,1,1,0,1,0,0,0,0,0,1,0,1,0,0,1,0,1,0,0,0,1,1,1,1,0,1,1,0,0,0,0,1,1,0,0,1,0,0,0,1,1,1,0,0,1,0
1,0,0,0,1,1,1,0,1,1,0,0,1,0,0,0,1,0,0,0,0,1,1,1,0,1,0,0,0,1,1,0,0,0,0,1,1,0,0,1,0,0,0,1,0,1,0,0,1,0,1,0,1,0,0,1,0,1,1,1,0,1,0,0,0,1,1,1,1,1,1,1,0,1,1
1,0,0,1,0,0,0,1,0,1,0,0,1,0,1,0,1,0,0,0,1,1,0,0,1,1,1,1,1,1,1,1,0,0,1,1,0,0,0,1,1,0,1,1,0,1,0,0,0,1,1,1,1,0,1,1,1,1,0,1,0,0,1,0,1,0,0,0,0,1,1,1,0,1,0
1,0,1,0,0,0,0,1,1,0,0,1,0,0,0,0,1,0,0,0,0,1,1,1,1,1,0,1,1,0,1,0,1,0,1,0,1,1,1,0,1,1,1,1,0,0,1,1,1,0,1,0,1,1,0,0,1,1,1,1,1,0,1,0,0,0,0,0,0,1,1,1,0,1,0
1,1,1,0,1,1,0,0,0,0,0,0,1,0,1,1,1,1,0,0,1,1,0,0,1,0,1,1,0,1,1,0,0,1,1,0,0,0,1,0,1,0,1,1,0,1,1,1,1,0,0,1,1,0,1,1,1,1,1,1,0,1,1,0,1,1,0,1,1,1,1,1,0,0,0
1,0,0,1,0,1,1,1,1,1,1,1,0,0,1,0,1,1,0,0,1,0,0,1,1,0,1,1,0,0,1,1,1,0,1,1,0,0,0,1,0,1,0,1,0,1,0,0,1,1,1,1,1,0,1,0,0,1,1,0,0,0,0,0,1,0,0,0,0,1,0,1,0,1,0
1,0,0,1,1,1,0,1,1,1,1,1,0,0,1,1,1,1,0,0,0,1,0,0,0,0,0,1,0,0,1,0,0,0,0,0,1,1,0,0,1,0,0,1,0,1,1,1,1,1,1,1,1,1,0,1,0,0,0,0,1,1,0,0,1,0,0,1,1,1,0,1,0,1,1
1,0,1,0,1,0,0,1,0,0,0,1,0,0,0,1,0,0,1,0,1,1,0,1,0,1,0,1,1,0,1,0,1,0,1,0,1,0,1,0,1,1,0,1,0,1,0,1,1,0,1,1,1,0,1,1,1,1,0,0,1,0,0,0,0,1,0,0,0,1,0,0,0,0,0
1,0,0,1,1,0,0,1,0,0,0,0,1,0,0,1,1,1,0,0,1,1,1,1,0,0,0,1,1,0,1,1,1,0,0,0,0,1,0,0,1,0,1,1,0,1,1,0,0,1,1,1,1,1,0,0,0,1,0,0,0,1,0,1,1,0,1,0,1,1,1,0,1,1,1
0,1,1,1,1,1,1,1,0,0,1,1,0,0,1,1,0,0,0,1,0,1,1,1,0,0,0,0,0,1,0,1,0,0,1,1,0,0,0,1,1,0,0,1,1,1,0,0,0,1,1,0,1,0,1,1,0,1,0,0,1,0,0,0,1,1,1,1,0,1,0,1,1,0,0
1,1,0,0,0,1,0,1,0,1,1,0,0,0,0,0,0,1,1,1,0,1,1,1,0,0,1,0,1,0,1,1,1,0,0,0,0,0,0,0,1,1,0,1,1,1,1,0,0,0,1,1,1,1,0,1,0,0,1,0,0,0,0,0,1,0,1,1,0,1,0,0,1,1,1
1,0,1,1,1,0,0,1,0,0,0,0,0,1,0,1,1,1,0,0,0,1,1,1,1,1,1,1,1,0,1,1,1,1,1,1,1,1,1,0,1,1,0,1,0,1,1,0,0,0,1,1,1,1,0,0,0,0,1,0,0,0,0,0,1,0,0,0,0,1,1,0,0,1,0
0,0,0,1,0,1,0,1,0,1,1,1,1,0,0,0,0,1,0,1,0,1,0,0,0,0,1,1,1,0,0,1,1,0,1,0,0,0,0,1,1,1,0,1,1,0,0,1,1,0,1,1,1,1,1,1,1,1,1,0,1,1,0,0,0,0,0,1,1,1,0,0,0,1,0
1,0,0,0,1,0,0,1,0,0,0,1,0,0,0,1,1,0,0,0,0,1,0,1,0,1,0,1,1,0,1,1,1,0,0,0,1,1,0,1,0,0,0,1,0,1,0,0,0,1,1,0,1,1,1,1,0,1,1,1,1,0,1,0,0,0,1,1,0,1,1,1,0,1,0
1,0,1,1,1,0,0,1,0,1,0,1,0,0,0,0,1,1,0,0,0,1,0,1,0,0,1,1,1,1,0,0,1,0,0,0,1,0,1,0,1,1,0,1,1,0,1,1,0,1,1,1,1,1,0,1,1,0,1,0,0,1,1,0,1,0,0,1,0,1,1,0,1,1,0
0,0,1,1,1,0,0,0,0,1,0,0,0,0,0,0,1,1,1,0,0,1,1,1,0,0,0,0,0,1,1,1,1,0,1,0,1,1,1,0,1,0,0,1,0,0,0,1,0,1,1,0,1,1,0,1,1,1,0,0,0,0,1,1,1,1,0,1,1,0,1,0,1,1,0
1,1,1,0,1,0,0,1,1,0,0,1,1,1,0,1,1,1,0,1,0,1,0,1,0,0,1,0,1,0,1,1,1,0,0,0,1,1,0,1,1,1,0,1,1,0,0,1,1,0,1,0,1,1,1,1,1,0,1,0,0,0,1,0,1,0,0,0,1,1,0,0,0,1,0
1,1,1,1,0,0,0,1,0,0,0,1,0,0,0,0,0,0,1,1,1,1,0,0,0,1,1,0,1,0,1,1,1,0,1,0,0,1,1,0,1,1,0,1,1,1,1,0,1,0,1,0,1,0,0,1,1,0,1,1,1,1,1,0,0,0,0,0,0,1,0,1,0,0,0
1,0,0,1,1,0,0,1,1,0,0,1,0,0,0,0,0,0,0,0,0,1,0,0,0,0,1,0,1,1,1,0,0,0,0,1,1,0,1,0,1,1,1,0,1,1,1,1,0,1,1,1,1,0,1,1,0,0,0,1,0,1,1,0,1,0,0,1,1,1,1,1,1,1,0
1,1,1,1,1,1,0,0,0,1,1,1,1,0,1,0,1,0,0,0,1,1,1,1,0,0,1,0,1,0,0,0,0,0,1,1,0,1,1,1,1,0,0,1,1,0,0,0,0,0,1,1,1,1,0,1,0,0,0,0,1,1,0,0,0,1,0,1,0,1,0,0,1,1,0
1,0,1,0,0,1,0,1,0,0,0,0,0,0,1,0,1,1,0,0,1,1,0,1,0,1,0,1,1,0,1,0,1,0,1,1,1,0,1,1,1,1,0,1,1,1,1,1,0,0,1,1,1,1,1,1,1,1,0,0,0,0,1,0,1,0,0,0,0,1,0,0,0,0,1
1,0,0,0,1,1,0,1,0,1,1,1,0,1,0,0,1,1,1,0,0,1,0,1,1,1,0,1,1,0,1,1,1,0,1,1,1,1,1,1,1,1,0,1,0,1,0,1,0,1,1,1,1,1,0,1,1,0,1,0,0,0,1,0,1,0,1,0,0,1,0,1,1,0,0
0,0,0,0,0,0,0,1,0,1,1,0,1,0,1,1,1,1,0,1,1,1,1,1,1,0,1,0,0,1,1,1,1,0,0,0,0,1,1,0,1,0,1,1,1,0,1,1,1,0,1,1,0,1,0,0,1,0,1,1,0,0,0,1,1,1,0,1,0,0,1,0,1,1,0
1,0,0,0,0,1,0,1,0,0,0,0,0,0,0,0,1,1,0,1,1,1,0,1,0,0,1,0,1,1,1,0,1,0,1,0,0,0,0,0,1,1,1,1,0,1,0,1,0,1,1,1,1,1,0,1,1,1,1,1,1,1,0,0,0,0,1,1,1,1,1,0,1,1,1
1,1,1,0,0,0,0,0,0,1,0,1,0,0,0,1,1,1,0,1,0,1,0,1,0,1,1,1,0,0,1,1,0,0,1,1,1,1,0,1,1,0,1,1,1,1,1,0,0,0,0,1,1,1,1,1,0,1,1,1,1,1,0,0,0,1,0,0,0,0,1,0,1,1,0
1,0,1,1,1,0,0,1,0,1,0,0,1,0,0,0,1,0,1,0,1,1,0,1,0,1,1,1,1,0,1,0,1,0,0,0,0,0,0,0,1,1,1,1,0,0,0,0,1,0,0,0,1,0,1,1,1,1,0,1,0,1,0,0,1,0,1,1,0,0,1,0,0,1,0
1,0,1,0,1,1,1,1,0,0,1,1,1,1,0,1,0,0,1,0,0,1,1,1,1,1,0,0,1,0,1,1,1,0,1,1,1,1,0,0,1,1,1,1,0,0,0,1,0,1,1,0,1,1,0,1,0,0,1,0,0,0,1,0,0,0,0,1,1,1,0,1,1,1,0
1,0,1,1,1,1,0,1,0,0,1,1,1,0,0,0,1,1,0,0,0,1,0,0,1,0,1,0,1,0,1,0,1,0,1,0,0,0,0,1,0,1,1,1,0,1,1,1,0,0,1,1,1,0,0,1,1,1,0,1,1,0,1,0,0,0,0,1,0,1,1,0,0,1,0
1,1,0,0,0,0,0,1,0,0,1,0,1,0,1,0,0,0,1,0,0,1,1,1,0,0,0,0,0,0,1,0,0,0,1,1,0,1,1,0,1,1,0,1,1,0,1,1,1,1,1,1,1,0,0,0,1,0,1,0,0,0,0,0,0,0,0,1,1,1,0,1,0,1,1
1,0,1,1,1,0,0,0,1,0,0,1,1,0,0,1,1,1,0,0,1,0,0,1,0,1,1,1,1,0,1,1,1,0,1,0,0,0,1,0,1,0,1,1,1,0,0,1,0,0,1,1,1,1,0,0,1,1,1,0,1,0,0,0,1,1,0,0,0,1,1,0,1,1,0
1,1,0,0,0,1,0,1,0,0,1,1,1,0,0,1,1,0,0,0,0,0,1,1,0,1,0,1,1,1,1,1,1,0,0,1,1,0,0,1,1,0,0,1,0,1,0,0,0,0,1,1,1,0,0,1,0,1,1,0,1,0,1,0,1,0,0,0,1,1,0,1,1,0,0
1,1,0,1,1,0,0,1,0,1,0,1,0,0,0,1,1,0,1,0,0,1,0,1,0,1,1,0,0,1,1,0,0,1,1,0,0,0,0,1,1,0,0,1,1,0,0,1,0,1,1,0,1,0,1,1,1,1,1,0,1,1,1,0,0,1,0,1,1,1,0,1,0,0,0
1,0,0,0,0,1,0,1,1,0,0,1,0,0,0,0,1,0,1,0,0,1,0,0,1,1,1,0,0,0,0,1,1,0,0,0,0,1,0,0,1,1,0,1,0,0,1,1,0,0,1,1,1,1,0,0,1,0,1,1,1,1,1,0,1,1,0,1,1,1,0,0,1,1,0
1,1,1,0,0,1,0,0,0,1,1,1,0,0,0,0,0,0,1,0,1,1,0,1,0,0,1,1,1,1,1,0,1,0,0,0,0,0,0,1,1,0,0,1,1,0,0,0,0,1,1,1,0,0,0,0,0,0,1,1,0,0,1,0,0,1,1,1,1,1,0,0,0,1,0
1,0,0,0,1,0,0,1,0,1,0,0,0,0,1,1,1,1,0,0,0,1,0,1,1,0,0,0,1,0,0,0,0,0,0,1,0,0,1,1,1,0,0,1,0,1,1,0,1,0,1,0,1,0,1,0,0,1,1,1,0,0,1,0,1,1,0,0,1,0,0,1,0,0,0
1,0,1,1,1,1,0,0,0,0,0,1,0,0,1,1,1,1,1,0,0,1,0,1,1,0,1,1,1,1,1,0,1,0,1,1,0,1,0,1,1,0,1,1,0,1,1,0,0,1,1,0,1,1,0,0,0,1,0,0,1,1,0,0,1,1,1,1,1,1,1,0,0,1,1
1,1,1,0,1,0,0,1,0,0,0,0,0,0,1,1,1,1,0,1,0,1,0,0,1,0,1,1,0,0,1,1,0,0,1,0,0,0,1,0,1,0,0,1,0,1,1,1,0,1,1,1,1,0,1,1,0,1,1,1,0,0,1,0,1,0,0,0,1,1,1,0,1,1,0
1,1,1,1,1,0,1,1,0,1,0,1,0,0,1,0,1,1,0,0,0,1,1,1,0,0,1,0,1,1,0,0,0,0,0,1,1,0,1,1,1,0,0,1,1,1,1,0,0,1,1,1,1,0,1,1,1,1,1,1,0,0,1,1,1,0,0,0,0,1,0,1,0,0,0
1,0,1,0,0,0,0,1,1,0,1,1,0,1,0,1,0,1,0,0,1,1,1,1,0,0,1,1,0,1,0,1,1,0,0,1,0,1,1,0,1,1,0,1,0,0,0,0,0,0,1,0,1,0,1,0,0,1,0,0,0,1,0,0,0,0,0,1,1,1,0,1,0,0,0
1,0,1,1,1,1,0,0,0,0,0,1,0,0,1,1,1,1,0,0,1,1,0,1,0,1,1,0,0,1,1,1,0,0,1,0,0,0,1,0,0,1,0,1,1,1,0,0,0,0,0,1,1,0,0,0,0,1,1,0,1,0,1,0,1,0,0,1,0,1,0,1,0,1,0
1,0,1,1,1,1,0,1,0,0,1,0,1,1,0,0,1,0,0,1,1,1,0,1,1,0,1,0,1,0,1,0,1,1,1,0,1,0,0,0,1,1,0,1,0,1,0,0,1,0,1,1,1,0,0,0,0,0,0,0,0,1,0,0,0,1,0,1,1,1,0,0,0,1,1
1,1,1,1,1,1,0,1,0,0,0,0,0,0,1,1,1,0,1,0,0,1,0,1,1,0,0,1,1,0,1,0,0,1,1,0,0,1,0,0,1,0,1,1,1,1,0,1,1,1,1,1,0,0,1,1,1,0,1,1,1,0,1,0,0,1,0,1,1,1,1,0,1,1,1
1,0,0,0,0,0,0,1,0,0,1,0,1,1,0,1,1,1,1,0,1,1,0,1,0,0,0,1,0,1,0,1,1,0,1,0,1,1,1,0,1,0,0,1,0,1,0,0,1,1,1,1,0,0,1,1,0,0,0,0,0,0,1,0,0,1,0,0,1,1,0,0,0,0,1
1,0,0,1,1,1,0,1,1,1,0,0,1,0,0,1,1,1,0,1,1,1,0,0,1,1,1,0,0,1,1,0,0,0,1,0,1,1,1,0,1,0,1,1,0,0,1,0,0,0,0,1,1,0,1,1,0,0,1,1,0,0,0,1,1,0,1,1,1,1,1,1,1,0,0
1,0,0,1,0,1,0,1,1,1,0,1,0,0,1,0,1,1,1,0,0,1,0,0,0,0,0,1,0,1,0,1,0,0,1,1,0,1,0,1,1,1,0,1,1,1,1,1,1,1,1,1,0,1,0,0,0,1,1,1,1,1,1,0,1,1,0,1,1,1,0,1,1,1,1
1,0,0,0,1,0,0,1,0,1,0,0,0,0,0,1,1,0,1,0,1,1,0,1,0,1,1,0,1,0,1,1,1,1,0,0,1,1,1,1,1,0,0,1,0,1,1,0,1,1,1,1,1,1,0,0,0,1,1,1,0,0,1,1,1,0,0,1,1,1,0,1,0,1,1
0,1,0,1,0,0,0,1,0,1,1,1,1,0,0,1,1,0,0,0,0,1,0,1,0,0,1,0,0,1,1,0,0,1,1,0,1,0,1,0,1,0,1,1,1,0,1,0,0,1,1,1,1,1,1,0,0,0,0,1,1,1,1,0,1,1,0,1,1,1,1,1,1,1,0
1,0,0,0,1,0,0,1,0,1,1,0,1,0,1,0,1,1,1,0,1,1,0,1,0,0,0,0,0,0,1,1,1,0,0,1,1,1,1,0,1,1,1,1,0,1,1,1,1,1,1,0,1,0,0,1,1,1,1,1,0,0,1,0,1,0,1,0,0,1,0,1,0,1,0
1,0,0,1,0,1,0,1,0,1,1,1,0,0,0,0,0,1,1,0,1,0,0,1,1,1,0,1,0,1,1,1,0,1,1,1,0,1,0,1,1,1,0,1,0,1,0,0,0,1,1,1,1,1,0,1,0,0,0,0,0,0,1,0,1,0,0,0,0,1,0,0,1,0,0
1,0,0,1,0,1,0,0,0,1,0,1,1,0,0,1,1,0,1,0,0,0,0,1,0,0,1,0,1,1,0,1,1,0,1,0,0,1,1,0,1,0,0,1,0,1,0,0,0,0,1,1,1,1,0,1,0,0,0,1,1,1,1,0,1,0,1,1,1,1,1,0,0,0,1
1,1,1,0,1,1,0,1,0,0,0,1,1,0,0,0,1,0,1,0,0,1,1,1,1,0,1,1,0,1,1,0,1,0,0,0,0,1,1,0,1,0,0,1,0,1,1,0,1,1,1,0,1,0,0,1,0,1,1,1,1,1,1,0,0,0,1,1,1,1,0,1,0,1,0
0,0,0,1,1,1,0,0,0,0,0,1,0,0,1,1,1,0,0,0,0,1,1,1,0,0,1,1,0,0,0,1,0,0,1,1,1,1,0,1,0,1,0,1,1,0,0,1,1,1,1,0,1,0,1,0,1,1,0,0,0,1,1,0,1,0,1,1,0,1,0,1,0,0,0
0,0,0,0,0,0,0,1,0,0,0,1,1,0,0,0,1,1,0,0,0,0,1,1,1,0,1,0,1,0,1,1,1,0,1,0,1,0,1,0,1,1,1,1,0,1,0,0,0,0,0,0,1,0,0,1,0,1,1,0,1,1,1,0,1,0,1,1,0,1,1,0,0,1,0
1,1,1,0,0,1,0,1,1,1,0,1,0,0,0,0,1,1,0,0,0,0,0,1,0,0,1,1,0,0,0,0,0,0,1,0,0,0,1,0,1,1,0,1,1,0,0,1,1,1,1,1,1,0,1,0,0,1,1,0,0,1,1,0,1,0,0,1,0,1,0,0,0,1,0
1,1,0,1,1,0,1,1,0,0,0,1,1,1,0,1,1,1,0,0,1,1,1,1,0,1,0,1,1,1,1,1,1,0,1,0,0,0,0,1,1,0,1,1,1,1,1,0,0,0,1,0,1,0,1,1,0,0,1,0,1,0,1,1,1,0,0,0,0,1,1,0,1,0,1
1,0,0,0,0,0,0,1,1,0,1,1,1,1,0,1,1,0,1,1,1,0,0,1,0,1,1,0,0,1,1,0,1,0,0,1,1,0,1,0,1,1,1,1,1,0,0,1,0,1,1,1,1,1,0,0,1,1,1,1,1,0,1,0,1,0,0,1,1,1,1,1,0,1,0
1,1,0,1,1,0,0,1,1,0,1,1,0,0,0,1,1,0,1,0,0,1,1,1,1,0,1,1,1,0,1,0,1,0,1,1,0,1,0,0,1,0,0,1,0,1,1,0,1,1,1,1,0,1,1,0,0,0,0,1,1,1,1,0,0,0,0,0,0,1,0,1,1,1,0
1,0,1,1,1,0,0,1,1,0,1,1,0,0,1,1,1,1,0,0,0,1,0,1,1,0,1,0,0,1,0,1,0,0,0,1,0,0,1,0,1,1,0,1,0,1,0,0,0,1,1,1,1,0,1,1,0,0,0,0,1,0,1,0,1,0,1,0,1,1,0,1,1,1,0
1,1,0,1,1,1,0,1,1,0,1,1,0,0,0,0,1,0,1,0,0,1,1,1,0,0,1,0,1,0,0,0,1,0,1,0,0,1,1,0,1,1,0,1,1,0,0,0,1,1,0,0,0,1,0,0,0,0,0,1,0,1,1,0,1,0,1,0,1,1,0,1,1,0,1
1,0,1,1,1,1,0,1,0,1,1,1,0,0,1,1,1,0,0,0,0,1,1,1,0,0,1,0,1,0,1,0,1,0,1,0,1,0,1,0,1,0,0,1,0,0,0,1,0,1,1,0,1,0,1,0,1,1,0,0,1,1,1,1,1,1,1,0,1,1,0,0,1,1,1
1,1,0,0,0,1,0,0,0,0,0,0,0,0,1,1,1,0,0,0,0,0,0,1,1,1,0,0,0,0,1,0,0,0,0,0,0,1,1,0,1,0,1,1,1,1,0,1,0,1,1,1,1,1,0,1,0,0,1,1,1,1,1,0,0,1,1,1,1,1,1,0,1,1,0
1,0,1,1,1,0,1,1,0,1,0,1,0,0,1,0,1,1,1,1,1,1,1,1,0,1,0,0,0,1,1,1,0,1,1,1,1,0,1,1,1,1,0,1,1,1,0,0,0,0,1,1,1,0,1,1,0,1,1,1,1,0,1,1,0,0,0,1,0,1,1,1,1,1,1
1,0,1,1,0,1,1,1,1,1,1,1,1,0,0,0,0,1,1,0,1,1,1,1,1,0,0,0,1,1,0,0,1,0,1,0,0,0,0,0,1,0,1,1,0,1,1,1,1,0,1,0,1,0,1,1,0,1,0,1,1,0,1,0,1,0,1,1,1,1,1,0,0,0,0
1,1,0,1,0,0,0,1,0,1,0,1,1,0,1,0,1,0,0,0,0,1,0,1,0,1,0,1,0,0,1,1,0,0,0,1,0,0,0,1,1,0,0,1,1,0,0,0,0,1,1,1,1,1,0,1,0,1,0,0,0,0,1,0,1,0,1,0,0,1,1,0,0,1,0
1,0,0,0,0,0,0,1,1,1,0,1,0,0,0,1,1,0,1,0,1,1,1,1,0,1,0,0,1,0,1,0,1,0,1,1,0,1,1,0,1,1,1,1,0,1,0,0,1,1,1,0,1,1,1,1,0,1,1,0,1,1,1,1,1,0,1,0,0,1,1,0,0,1,1
0,1,1,0,0,0,0,1,0,0,1,1,1,1,0,1,1,0,1,0,0,1,0,1,0,0,1,1,0,0,0,1,1,0,1,0,0,0,0,0,1,1,0,1,1,1,0,1,1,1,1,1,1,1,1,1,1,1,1,0,0,0,1,0,1,0,1,0,0,1,0,1,0,1,0
1,0,0,1,0,1,1,1,1,1,1,1,1,0,1,0,1,1,1,0,1,0,0,0,1,0,1,1,0,1,0,0,0,0,0,0,0,1,1,0,0,1,1,1,1,1,0,1,1,0,0,1,0,0,0,0,1,1,1,0,1,1,1,0,0,0,1,1,0,1,1,1,0,1,1
1,1,0,0,0,1,1,1,0,1,0,1,0,0,1,1,0,0,1,0,0,0,0,1,1,1,1,0,0,0,0,0,0,0,1,1,0,1,0,1,0,0,0,1,1,0,0,1,0,0,0,1,1,0,1,1,1,0,1,0,1,0,1,0,0,0,0,0,1,0,0,0,0,1,0
1,0,0,1,1,0,0,1,0,0,0,0,0,0,1,1,0,0,0,1,0,0,1,1,0,1,1,0,0,1,1,1,0,0,1,0,1,0,1,0,1,0,0,1,0,1,0,0,0,1,1,0,1,1,1,1,0,0,0,1,0,1,0,0,1,0,0,0,0,1,1,1,0,1,0
1,0,0,0,0,1,0,1,1,0,1,1,0,0,0,1,1,1,0,1,0,1,0,1,0,0,1,0,1,1,1,1,1,0,1,1,0,1,0,1,1,1,1,1,0,0,1,0,0,0,1,1,1,1,0,1,0,1,1,0,0,1,0,0,1,0,0,0,0,1,0,1,0,1,0
1,0,1,0,0,0,0,0,0,0,0,1,1,0,1,0,1,0,0,0,0,1,0,1,0,1,1,0,0,1,1,0,0,0,0,0,0,1,0,0,0,1,0,1,0,1,0,0,0,0,1,0,1,0,0,1,0,1,1,1,1,1,1,1,1,1,1,1,0,1,1,1,0,1,0
1,0,1,1,1,0,0,0,1,1,0,0,1,0,1,1,1,1,1,0,1,1,0,1,0,1,1,1,1,0,1,1,1,0,1,0,1,1,1,0,0,0,1,1,0,1,0,1,1,0,1,1,0,1,0,0,1,1,1,0,0,1,1,1,0,1,0,1,1,1,1,1,0,0,0
1,0,0,0,0,0,0,1,0,1,0,0,0,1,1,1,0,1,0,0,1,1,1,1,0,0,1,0,0,1,0,1,1,0,1,1,0,0,0,1,1,0,1,1,0,1,1,1,0,1,1,0,1,0,1,1,1,0,1,0,0,0,0,0,1,1,0,0,0,0,1,1,1,1,0
1,1,0,0,1,1,0,1,1,0,0,0,1,0,0,1,1,0,1,0,0,1,0,1,0,1,1,0,1,1,0,1,1,0,1,1,0,0,0,1,0,0,0,1,1,0,0,0,0,0,1,1,1,0,0,1,0,0,0,0,0,1,0,0,0,0,0,1,1,1,0,1,1,1,0
1,0,1,1,0,1,0,0,0,1,0,1,1,0,0,1,0,0,1,0,0,1,0,1,0,1,1,1,1,1,1,0,1,0,1,0,1,1,0,0,1,1,1,1,0,0,0,0,1,0,1,1,1,1,0,1,0,1,0,0,1,1,1,0,0,1,0,1,1,1,1,1,0,1,0
1,0,1,1,0,0,1,1,1,0,0,1,1,0,0,1,0,1,0,1,0,1,1,1,1,0,0,1,1,1,0,1,1,0,1,0,1,0,1,0,1,1,1,0,1,0,0,1,0,0,1,1,1,0,1,1,0,1,1,0,1,0,1,0,0,0,1,0,0,1,1,0,0,1,0
1,0,0,1,0,0,1,1,1,0,1,1,1,0,1,0,1,1,1,0,1,1,1,1,1,1,1,1,1,1,1,0,0,0,1,0,1,0,1,0,1,1,1,1,0,0,1,0,0,0,1,0,1,1,0,1,0,0,0,1,1,0,1,0,0,0,0,1,0,1,1,0,1,0,0
1,0,1,0,1,0,0,1,1,1,0,0,0,1,0,0,1,1,0,1,0,1,0,1,0,1,0,1,1,1,1,1,1,0,1,1,1,0,1,0,1,1,1,1,0,1,1,0,0,1,0,1,1,0,0,0,1,0,1,1,0,1,0,0,1,0,1,1,0,1,1,0,1,1,0
1,0,0,0,0,1,0,0,0,0,0,1,0,0,1,1,1,0,1,0,0,1,0,1,0,1,0,0,0,0,1,0,0,0,0,1,0,0,1,0,1,1,1,1,0,1,0,0,0,1,1,1,1,1,0,1,0,1,1,0,1,0,1,0,0,1,1,1,0,1,1,0,0,1,0
1,0,0,1,0,0,0,1,1,1,1,0,0,0,1,1,0,0,0,0,0,0,1,1,1,0,1,0,0,0,1,0,0,0,0,0,1,0,0,1,1,0,1,1,0,1,0,0,1,1,1,0,1,0,1,1,0,0,0,1,0,1,1,0,0,0,0,0,1,1,1,0,0,1,0
1,0,0,1,1,1,0,1,1,1,1,1,0,0,0,1,1,1,1,0,1,1,0,1,1,1,0,0,1,1,1,0,1,0,1,0,1,0,1,0,1,0,0,1,1,0,0,0,0,1,1,1,1,0,1,1,0,0,0,1,1,0,1,0,0,0,1,1,1,1,0,0,1,1,0
1,0,0,1,1,1,0,1,1,1,1,1,0,0,1,1,1,1,1,1,1,1,0,0,0,0,1,0,1,1,1,1,1,0,1,0,0,1,1,0,1,0,0,1,0,0,0,1,1,0,1,1,1,1,0,1,0,0,1,1,1,0,1,0,0,0,0,1,0,1,0,0,1,0,0
1,0,0,1,1,0,0,1,0,0,1,1,0,0,1,1,0,0,1,0,0,0,1,1,1,0,1,0,0,1,1,1,1,0,0,0,1,1,1,0,1,1,1,1,0,1,0,0,1,1,1,0,1,0,1,1,0,1,1,1,1,0,0,0,1,1,0,0,0,1,1,1,0,1,0
1,0,1,1,0,0,0,1,0,0,1,1,0,0,1,0,1,0,1,0,0,1,0,1,0,0,0,0,1,1,1,1,1,0,0,1,1,1,0,0,1,1,1,1,0,1,0,0,0,0,1,1,1,1,0,1,0,1,0,1,1,0,0,0,0,1,1,1,1,1,1,1,0,1,0
0,0,0,0,0,0,0,1,1,0,1,1,1,0,1,1,1,0,0,0,1,1,1,1,0,1,0,0,0,0,0,0,0,1,1,1,1,1,0,1,1,1,0,1,1,1,0,0,1,0,1,1,1,1,0,1,1,1,1,0,1,0,1,0,1,0,0,0,1,0,1,0,0,1,0
1,0,0,1,0,1,0,1,1,1,0,0,0,0,0,0,0,0,0,0,0,1,0,0,0,0,1,0,0,1,1,1,1,0,1,1,0,1,1,0,1,1,1,1,0,1,0,0,0,1,0,0,1,1,1,1,0,0,0,1,0,1,1,0,1,1,0,0,1,1,1,1,1,0,0
0,1,0,1,0,1,0,1,0,0,1,0,0,0,1,1,1,0,0,1,0,0,0,1,0,1,1,0,0,1,0,0,0,0,0,0,1,0,1,0,0,0,1,0,0,1,0,0,0,1,1,1,1,1,1,1,0,1,1,1,1,0,0,0,1,0,0,1,1,1,1,0,0,1,0
1,1,0,1,1,1,0,0,0,1,0,1,0,0,0,0,0,1,0,0,0,1,1,1,0,0,1,1,1,0,0,0,1,0,1,0,1,1,1,0,1,1,1,0,1,0,1,1,0,1,1,0,1,1,0,0,1,1,0,0,0,1,1,1,1,1,0,0,0,0,1,0,1,1,1
1,0,0,0,1,1,1,1,0,0,0,0,1,1,1,0,1,0,1,1,0,0,1,1,1,1,0,1,0,0,1,0,0,0,0,1,1,1,1,0,1,1,0,1,0,1,0,1,0,1,1,0,1,1,0,1,1,1,1,0,0,0,1,0,0,0,0,0,0,1,0,0,1,1,1
0,0,0,1,0,0,1,0,0,0,0,1,0,0,1,0,0,1,0,0,0,1,1,1,0,1,1,1,0,0,1,0,1,0,1,1,1,1,0,1,1,0,1,1,0,0,0,0,1,0,1,0,1,1,1,1,1,0,0,0,1,1,1,0,0,1,0,1,1,0,1,0,1,1,0
1,0,1,1,0,1,0,1,0,0,0,0,1,0,0,1,1,0,0,0,0,1,1,1,1,1,0,0,1,1,1,0,1,0,0,0,0,1,0,0,0,0,0,1,0,1,0,1,0,0,1,0,1,1,0,0,1,1,0,0,0,1,0,1,1,0,1,1,1,1,0,1,0,0,1
1,0,0,1,1,1,0,0,0,1,0,0,0,0,0,1,0,1,0,1,1,1,0,1,1,0,1,1,1,0,1,1,1,0,1,1,1,1,0,1,1,1,1,1,0,1,0,1,0,1,1,1,1,1,0,1,1,0,0,0,1,0,1,1,1,1,1,1,0,1,0,0,1,0,0
1,0,0,1,0,0,1,1,0,1,0,1,1,1,1,1,1,0,1,0,0,1,1,1,0,0,1,1,0,0,1,0,0,0,1,1,1,0,0,1,1,0,0,1,0,1,1,1,0,0,1,0,1,1,0,0,1,0,1,1,1,1,1,1,1,0,0,1,1,1,0,0,1,1,0
1,0,0,1,0,0,0,1,1,1,0,1,0,1,0,0,1,1,1,0,0,1,0,1,0,1,1,0,1,1,1,1,1,0,1,0,0,0,0,1,1,0,1,1,0,1,0,0,0,0,1,1,1,1,0,1,0,0,1,1,1,1,1,0,0,1,1,1,0,0,1,0,1,0,0
1,1,0,1,1,1,0,1,0,0,0,0,1,1,0,1,1,1,0,0,0,1,0,1,0,1,1,1,1,0,0,0,1,0,1,0,1,1,0,1,0,1,1,1,1,1,0,0,0,0,0,0,1,0,1,0,0,1,0,1,0,0,0,0,1,0,1,0,1,1,1,0,0,1,0
0,1,0,1,1,0,0,1,1,0,1,1,0,0,1,0,1,1,1,0,1,1,0,1,0,1,1,1,0,0,1,1,0,0,0,0,0,0,1,0,1,0,1,1,1,0,0,0,1,1,1,1,1,1,0,1,1,0,1,0,1,0,1,0,1,0,0,0,1,1,0,0,0,1,1
1,0,0,0,0,0,0,1,0,1,0,1,1,0,1,1,1,1,0,0,1,1,0,1,0,0,1,0,0,0,1,0,0,0,1,1,1,1,1,0,0,0,1,1,0,0,1,1,0,0,1,1,1,1,0,1,1,0,0,1,1,1,1,0,1,1,0,0,1,1,1,1,1,1,0
1,0,0,0,1,0,0,1,1,0,1,1,1,0,0,0,1,0,1,0,1,1,0,1,0,1,1,1,0,1,1,0,0,0,1,0,1,0,1,0,1,1,0,1,0,0,0,0,1,1,1,1,1,0,0,1,0,1,0,0,1,1,1,1,1,0,1,1,0,1,0,1,0,1,0
1,1,1,0,0,0,0,1,0,1,1,1,0,0,1,0,1,0,0,1,0,0,0,0,0,0,1,0,0,0,0,0,1,0,0,1,1,0,1,1,1,1,0,1,1,1,0,1,1,1,1,1,1,1,0,0,1,0,1,0,1,0,1,0,0,1,0,1,1,1,0,1,0,1,0
1,0,1,1,0,1,1,1,1,1,1,1,1,0,0,1,1,0,0,0,0,1,1,1,0,1,0,1,1,0,1,1,1,0,1,1,1,0,0,1,0,0,1,1,1,1,0,0,1,0,1,0,0,1,0,1,0,1,0,0,1,1,1,0,1,0,1,0,1,1,1,1,0,1,0
0,0,0,1,1,0,0,1,0,0,0,0,0,0,0,0,1,1,1,1,1,0,0,1,0,0,0,1,0,0,0,1,1,0,1,0,0,1,0,0,0,1,0,1,1,1,1,0,0,1,1,1,1,1,1,0,0,0,1,1,0,0,1,0,0,0,1,0,0,1,0,0,0,0,1
1,0,0,0,1,0,1,1,0,0,0,0,1,0,0,0,1,0,0,0,0,1,1,1,0,1,1,0,0,1,0,0,0,0,0,0,1,1,0,1,1,0,1,1,0,1,0,0,1,0,1,0,1,1,1,1,0,1,1,1,0,0,1,0,1,0,0,0,1,1,1,1,0,1,0
1,1,0,0,1,0,0,1,1,1,0,1,0,0,0,1,0,0,0,0,1,1,0,1,0,1,0,0,0,0,1,0,0,0,1,1,1,1,0,1,1,1,0,1,0,1,0,1,0,1,1,1,1,1,1,0,1,1,1,0,0,1,1,0,1,0,1,1,1,1,0,0,0,1,0
1,0,1,1,0,1,0,1,0,0,1,1,1,0,0,1,0,1,0,1,0,1,0,1,0,1,0,1,1,0,1,0,1,0,1,0,0,1,1,0,1,1,0,1,0,1,1,0,0,1,1,0,0,0,1,0,1,1,1,1,0,0,1,0,1,0,1,1,0,1,0,0,0,0,0
0,1,0,0,1,0,0,1,0,1,1,0,0,0,1,1,0,1,1,1,0,0,0,0,1,0,0,1,1,1,0,1,1,0,1,1,0,1,0,1,1,0,0,1,1,1,1,0,1,1,1,0,1,1,0,1,1,0,1,1,0,1,1,0,0,0,0,1,1,0,1,1,0,0,0
0,0,1,1,0,1,0,1,0,1,1,0,1,0,0,0,1,1,1,0,1,1,1,1,0,1,0,1,1,1,1,1,1,0,0,0,0,0,1,0,1,1,0,1,0,0,1,0,1,1,1,0,1,0,1,1,0,1,1,0,0,0,0,0,0,0,0,0,1,1,0,0,0,0,0
0,0,0,0,0,0,0,1,1,0,0,1,0,0,1,1,1,0,0,0,0,1,0,1,0,0,1,0,1,0,1,1,0,0,0,0,1,0,1,1,0,0,0,1,0,1,0,0,1,1,1,0,1,1,0,1,0,1,1,0,1,0,1,0,1,0,0,0,0,0,1,0,0,1,1
1,0,0,1,0,1,0,1,1,0,1,0,0,0,1,1,1,0,0,0,1,1,0,1,0,1,0,1,0,0,1,1,0,0,0,1,1,1,0,1,1,0,0,1,0,1,0,0,1,1,1,1,1,1,0,1,0,1,1,0,0,1,1,1,1,0,0,0,0,1,0,0,0,0,0
0,0,1,0,0,1,0,1,1,1,0,0,1,0,1,0,1,1,1,0,1,0,0,1,1,1,1,0,0,1,1,1,0,0,0,0,0,1,1,0,1,1,0,1,0,1,1,0,0,0,1,0,1,1,0,0,0,0,1,0,0,0,0,0,1,0,0,0,0,1,0,1,1,1,0
1,0,1,1,1,0,1,1,1,0,0,1,0,0,0,0,0,1,1,1,1,1,0,1,1,0,1,0,1,1,1,1,0,0,1,1,0,0,0,1,1,0,0,1,1,1,1,1,1,0,1,1,1,0,0,0,0,1,0,1,1,0,1,0,0,0,1,1,1,1,0,1,0,0,0
0,1,1,1,0,0,0,1,1,1,0,1,1,0,1,1,0,1,0,0,0,1,0,1,0,0,1,1,1,1,1,1,1,1,1,0,0,1,1,0,1,1,1,1,1,1,1,0,0,1,0,1,1,1,0,0,0,0,1,1,0,1,1,0,1,0,0,0,0,1,1,1,0,0,0
1,1,1,0,1,1,0,1,0,0,0,0,0,1,0,0,1,0,0,1,1,1,0,1,0,1,1,1,1,1,1,1,1,0,0,1,1,0,0,1,1,1,0,1,1,0,0,1,0,1,1,0,1,1,1,1,1,1,1,0,0,1,0,0,0,0,0,0,0,1,0,1,0,1,0
1,1,0,1,0,0,0,0,0,0,0,1,1,0,0,0,1,0,0,0,1,1,0,1,1,1,1,0,1,1,1,0,1,0,1,0,1,1,1,0,1,1,0,1,1,1,0,0,0,1,0,1,0,1,0,1,0,1,0,0,0,0,0,0,1,1,1,0,0,1,0,1,0,1,1
0,1,1,1,0,1,1,1,0,0,0,0,0,1,1,0,1,0,0,0,0,1,1,1,0,0,1,1,0,1,0,1,1,0,1,0,0,0,1,0,1,1,0,1,1,1,0,1,0,1,1,0,1,0,0,0,1,1,0,1,0,1,1,1,1,1,0,1,1,0,0,1,1,1,0
0,0,0,1,0,0,1,1,0,0,0,0,1,0,0,0,1,0,0,0,0,1,0,0,0,1,1,0,1,1,1,1,0,0,0,0,0,1,1,0,1,0,0,1,0,1,0,0,1,1,1,1,1,1,1,1,0,1,0,0,0,0,1,0,1,0,1,0,1,1,0,1,0,1,0
0,0,0,1,1,0,0,0,1,0,0,1,1,1,1,0,0,0,1,0,1,1,0,1,0,0,1,1,0,1,1,1,1,0,1,1,1,0,0,1,0,0,0,1,0,1,0,1,0,1,1,0,1,0,1,1,0,1,0,0,0,0,1,0,0,1,0,0,1,1,0,1,0,1,0
1,0,0,0,1,0,0,1,0,1,1,1,0,0,0,1,1,1,1,1,0,1,0,0,1,1,0,0,1,0,0,1,1,0,1,1,1,0,0,1,0,1,1,1,0,0,1,0,0,0,0,1,1,1,0,1,0,0,1,1,1,1,0,0,0,0,1,1,0,1,1,1,1,1,0
1,0,1,1,1,0,0,1,0,0,0,1,1,0,1,1,0,1,0,1,1,1,0,0,0,1,0,0,0,1,1,1,0,0,0,0,0,0,0,0,1,1,1,1,1,1,0,1,1,0,1,1,1,0,1,1,1,1,0,1,1,0,1,1,1,0,1,0,0,1,1,1,0,1,1
0,0,0,1,1,0,0,1,1,1,1,0,1,1,1,0,1,1,1,0,1,1,0,1,0,0,0,1,0,0,1,0,0,0,1,0,1,1,1,0,1,1,1,1,0,0,1,1,0,1,1,1,1,0,0,1,1,0,0,0,1,1,1,0,0,1,1,1,0,1,1,0,1,1,0
1,1,0,1,0,0,1,1,0,1,0,1,0,0,1,1,1,0,1,0,0,1,1,1,0,0,1,1,1,0,0,1,1,0,0,1,0,1,0,1,1,0,0,1,1,0,1,1,1,1,1,0,1,1,0,0,1,0,1,0,0,0,1,0,0,1,1,1,1,1,0,0,1,1,1
1,1,1,1,0,1,0,1,1,1,1,0,0,0,0,1,1,1,1,0,1,1,1,1,0,0,1,1,1,1,0,1,1,0,1,0,1,0,1,0,1,0,0,1,1,0,0,0,0,1,0,1,1,1,1,1,0,0,1,1,0,0,1,0,1,0,0,1,0,1,0,0,1,0,0
0,1,1,1,1,0,0,0,0,0,0,1,0,0,0,0,1,1,0,1,0,1,0,1,0,0,1,1,1,0,0,1,1,0,0,1,1,1,0,1,0,1,1,1,1,0,0,1,0,1,1,1,1,1,0,1,1,1,0,0,0,0,0,1,1,1,0,0,0,1,1,0,1,1,0
1,1,1,1,1,0,0,1,0,0,0,1,1,0,0,1,1,0,1,0,1,1,0,0,0,0,1,0,1,0,0,0,0,0,1,0,1,0,1,0,1,1,0,1,1,1,0,1,1,0,1,1,1,0,0,1,1,1,0,1,1,0,1,0,0,1,1,1,0,1,0,1,0,1,1
1,0,1,0,0,0,0,1,0,1,0,0,1,0,0,1,0,0,1,1,1,1,0,1,0,1,0,1,1,0,1,1,1,0,1,1,1,0,1,0,1,1,0,1,1,1,0,0,1,0,0,1,1,1,0,0,0,0,1,0,0,1,0,0,1,0,0,0,1,1,0,1,1,1,0
1,1,1,1,0,0,0,0,1,1,0,1,0,0,1,0,1,0,0,0,1,1,0,1,0,0,1,0,1,1,0,1,1,0,1,0,0,1,0,1,1,1,1,1,1,0,0,0,0,1,0,1,1,1,0,1,0,1,0,1,1,1,1,0,1,1,0,0,0,1,1,1,1,1,0
0,0,0,0,0,0,0,0,1,0,0,0,1,0,0,1,0,0,0,0,0,1,0,1,0,0,0,0,0,1,0,1,1,0,1,1,0,0,0,1,1,0,0,1,1,0,1,0,0,0,1,0,1,0,1,0,0,0,0,0,0,1,1,0,1,1,0,1,1,1,0,1,1,1,0
0,0,1,1,1,1,1,1,1,1,0,0,0,0,0,1,0,0,1,0,0,0,1,1,1,1,1,0,0,1,0,1,0,0,1,0,0,1,0,1,0,0,1,0,1,0,1,0,0,0,1,0,1,1,0,0,0,0,1,0,0,1,1,0,0,0,0,0,0,1,1,1,1,0,0
1,1,1,1,0,0,1,1,0,1,0,1,0,0,0,1,0,1,0,0,0,1,1,1,1,0,1,0,0,0,1,1,1,1,1,1,0,1,0,1,1,0,0,1,1,0,0,0,0,0,1,0,1,1,0,1,0,0,1,0,1,0,0,0,1,0,0,0,0,1,0,0,0,1,1
1,1,0,0,1,0,0,1,1,0,1,1,0,0,1,1,0,0,1,0,1,1,0,0,0,1,0,0,0,0,0,1,0,0,1,1,1,0,1,1,0,0,1,1,1,0,0,1,0,0,1,1,0,0,0,0,1,1,1,0,1,1,1,0,1,0,1,0,1,1,1,1,0,1,0
1,1,0,0,0,0,0,1,0,1,1,0,0,0,0,0,0,0,1,0,1,1,0,1,0,0,0,1,0,1,1,1,1,0,0,0,0,1,0,0,1,0,1,1,0,1,1,0,1,1,1,0,1,1,0,1,0,1,1,0,0,0,1,1,1,0,1,0,0,1,0,1,0,1,0
1,1,0,0,0,0,1,1,0,0,1,1,0,0,0,0,0,0,1,0,0,0,1,1,1,0,1,1,1,0,1,0,1,0,0,1,0,0,1,1,1,0,0,1,1,0,0,1,0,1,1,1,1,1,0,1,0,0,1,0,1,0,1,0,0,0,0,1,1,1,0,0,1,1,1
1,0,0,0,1,0,0,1,0,1,0,1,0,1,1,1,1,1,1,0,1,1,0,1,0,1,1,1,0,1,1,1,0,0,1,0,1,0,1,0,1,0,0,1,0,0,0,1,1,1,1,1,1,0,0,1,1,0,0,0,1,0,1,0,1,0,0,1,1,1,0,1,0,0,1
1,0,0,0,0,1,0,1,0,1,0,0,0,0,0,0,1,0,1,1,1,1,0,1,1,1,1,0,1,0,0,0,1,0,1,0,1,0,0,0,1,0,0,1,1,0,0,1,0,1,1,1,1,0,0,1,1,0,0,0,1,0,1,1,1,1,0,1,0,1,0,1,1,1,0
1,0,1,1,0,0,0,1,1,0,0,1,0,1,1,0,0,1,1,0,0,1,0,1,1,0,1,1,0,0,1,1,0,1,0,1,1,0,0,1,1,0,1,1,0,0,1,1,0,1,1,0,1,1,0,1,0,0,0,1,0,0,0,0,1,0,0,0,1,1,1,0,1,1,0
0,0,0,0,1,1,0,1,1,1,1,1,1,0,1,1,1,1,0,0,0,1,1,1,0,0,1,0,0,0,0,0,0,1,1,0,0,1,0,1,1,0,0,1,1,0,0,0,0,0,0,0,1,1,0,0,0,1,1,1,1,1,0,0,1,0,0,0,1,1,0,1,1,0,1
0,0,0,1,0,0,0,1,0,0,1,0,0,0,1,1,1,0,0,0,0,0,1,1,1,1,0,1,0,1,0,1,0,0,1,0,1,0,1,0,1,1,0,1,1,1,0,0,1,1,1,0,1,1,0,1,0,1,0,0,0,1,0,0,0,0,0,1,0,0,0,1,0,1,0
1,0,0,0,1,1,0,1,1,0,1,1,1,0,1,0,0,1,0,0,0,1,0,0,1,1,1,0,0,1,1,0,0,0,0,0,0,0,1,0,0,0,0,1,0,0,1,1,0,0,1,1,1,1,0,1,1,0,1,1,0,1,1,0,0,0,0,1,0,1,0,0,1,1,0
0,0,0,0,1,1,0,1,0,1,0,0,1,1,1,0,0,1,1,0,1,1,1,1,1,1,1,1,0,1,1,0,0,0,0,0,1,0,1,0,1,1,0,1,0,0,1,0,1,0,0,1,1,0,1,1,0,1,0,1,0,0,0,0,1,0,0,0,0,0,1,1,0,1,0
1,0,0,1,1,1,0,1,1,0,0,1,0,0,1,1,0,1,0,0,0,1,1,1,1,1,1,0,0,1,0,1,0,0,1,1,0,0,1,0,1,1,1,1,0,1,1,0,1,1,0,0,1,0,1,1,0,1,1,1,0,1,1,0,1,0,0,1,0,1,1,1,0,1,0
0,0,1,1,1,1,0,1,1,1,0,0,1,0,0,1,1,1,0,0,0,1,0,1,1,0,1,0,0,0,1,1,1,1,1,0,0,0,1,0,0,1,0,1,0,1,0,1,1,0,1,1,1,1,0,1,1,1,0,0,0,1,1,1,1,0,0,0,1,1,0,0,0,1,0
0,1,1,1,0,0,0,1,0,0,1,1,1,0,1,0,0,0,0,0,0,1,0,1,0,1,1,0,1,1,1,0,0,0,0,1,0,0,0,0,1,0,0,1,1,1,0,1,1,0,1,1,1,1,0,0,1,0,0,0,0,1,0,1,1,0,0,1,1,1,0,0,0,1,0
1,0,1,0,1,1,0,1,0,1,1,1,1,0,0,0,0,0,0,0,1,1,0,0,1,1,0,1,0,1,1,1,1,0,1,1,1,1,0,1,1,1,0,1,0,1,0,0,0,0,1,1,0,1,0,1,0,0,1,0,1,1,0,1,1,0,0,1,0,1,0,1,0,1,1
1,1,1,0,1,0,1,1,0,0,1,1,1,0,0,1,1,0,1,0,1,1,0,1,0,1,0,0,0,1,1,1,1,0,1,0,0,0,1,0,1,0,0,1,1,1,1,1,0,1,1,1,1,0,1,1,1,0,1,0,1,1,0,0,0,0,1,0,0,1,0,1,1,1,1
1,1,1,1,0,0,1,1,0,1,0,1,0,0,1,1,0,1,0,0,1,1,0,1,0,0,1,1,1,1,0,1,0,0,1,1,1,0,0,1,1,0,0,1,1,1,1,0,1,1,1,1,1,0,1,1,0,1,0,0,1,0,1,0,1,0,0,0,1,1,1,0,0,1,1
1,0,0,1,1,1,0,1,0,0,1,1,1,1,0,0,1,1,1,1,1,1,0,1,1,0,1,0,0,0,1,1,1,0,1,0,1,0,1,0,1,1,0,1,0,1,0,0,0,1,1,1,0,0,1,1,0,1,1,1,1,0,1,1,1,0,0,0,1,0,1,0,0,1,0
1,1,1,1,0,1,0,1,1,0,0,1,1,1,1,0,0,0,1,1,1,1,0,1,0,0,0,1,0,1,0,1,0,0,0,0,1,0,1,0,1,0,1,1,1,1,1,1,0,0,1,1,1,0,0,0,1,0,1,0,1,1,1,0,0,0,0,1,1,1,1,0,1,1,0
1,1,0,1,0,0,0,1,0,1,0,1,0,0,1,1,0,1,1,0,1,0,0,1,1,1,1,0,0,1,1,0,0,0,1,1,0,1,0,1,1,0,0,1,1,1,0,1,1,0,1,1,1,1,0,1,0,0,0,1,0,0,1,0,1,0,0,0,1,0,0,0,0,1,0
0,1,1,1,1,0,0,1,0,0,0,1,0,0,0,1,1,0,0,0,0,0,0,1,0,0,1,0,1,1,1,0,1,0,1,0,1,0,1,0,1,1,0,1,0,1,1,0,1,1,1,1,1,0,1,1,1,0,0,1,0,1,0,0,0,0,1,1,0,1,1,1,1,0,1
0,0,0,0,1,0,0,1,0,1,0,1,0,0,1,1,1,1,0,0,1,0,1,1,0,0,0,0,0,1,1,1,0,0,1,1,1,1,0,1,1,0,0,1,1,1,1,1,1,1,1,0,1,1,0,0,1,1,1,1,0,0,0,0,1,0,0,0,1,0,1,1,0,1,0
1,0,0,1,1,1,1,1,0,0,1,1,0,0,1,1,0,0,0,0,0,1,0,1,0,1,0,1,0,1,1,0,0,0,1,1,1,1,0,1,0,0,1,1,0,1,0,0,0,1,1,1,1,1,0,1,0,1,0,1,1,0,0,0,0,1,1,1,0,1,0,0,1,1,1
0,0,1,1,0,0,0,1,0,1,1,0,0,0,0,0,1,0,0,0,0,1,0,0,1,1,0,0,1,0,0,0,1,0,1,1,1,1,0,0,1,1,1,1,1,0,1,0,0,0,1,1,1,1,0,1,0,1,1,0,0,0,1,1,0,0,0,0,0,1,1,1,0,0,1
1,0,1,1,1,0,1,1,1,0,0,1,1,0,0,1,1,0,1,1,0,1,0,0,0,0,0,0,1,1,1,1,1,0,1,0,1,0,1,0,1,0,1,1,0,0,0,0,1,0,1,1,1,0,1,1,0,0,1,1,1,0,0,0,1,0,1,0,1,1,1,1,0,1,1
1,0,0,0,1,0,0,1,1,1,1,0,0,1,0,1,1,1,0,0,1,0,0,1,1,1,1,1,1,0,1,1,1,0,1,0,0,0,1,1,1,1,0,1,0,1,0,0,1,1,1,0,1,0,1,0,0,1,0,0,1,0,1,0,0,1,1,0,1,1,0,0,0,0,0
1,1,0,0,1,0,1,1,1,0,0,1,0,0,0,1,0,1,0,1,0,1,0,0,0,1,1,0,1,0,0,0,1,1,1,0,1,0,0,1,1,0,1,1,1,0,0,0,1,1,1,1,1,0,0,0,0,1,0,0,1,0,1,0,0,1,0,1,1,1,1,0,0,0,0
1,1,0,1,1,0,1,1,0,0,0,0,0,1,0,0,0,0,1,0,1,1,0,0,0,0,1,0,1,1,0,1,1,1,0,0,0,0,1,0,1,1,0,1,1,1,1,1,1,1,1,1,1,0,0,0,1,1,0,1,0,0,1,0,1,0,0,0,0,1,0,1,0,1,0
1,1,0,0,1,0,0,0,1,1,1,1,0,0,1,1,0,1,1,0,0,1,1,1,0,0,1,1,1,1,0,1,1,0,0,0,0,0,0,1,1,0,0,1,1,1,1,0,0,1,0,0,1,1,1,0,0,1,1,0,1,0,1,0,0,1,0,1,1,1,0,1,0,0,0
1,0,1,0,1,1,0,0,0,0,0,1,0,0,1,1,1,0,0,0,0,0,0,1,1,1,1,0,1,0,0,0,1,0,1,1,1,0,1,0,1,1,1,1,0,0,0,0,0,1,0,1,0,0,1,0,0,1,0,1,0,0,0,0,1,0,1,0,0,1,1,0,0,1,0
1,0,0,1,0,1,0,1,0,1,1,1,1,0,0,0,0,1,1,0,1,1,1,1,0,0,1,1,1,0,1,1,1,0,0,0,1,0,1,0,0,1,1,1,1,0,0,0,1,1,0,1,1,0,1,0,0,1,0,0,1,1,1,1,1,0,0,0,0,1,1,0,0,0,0
1,0,1,0,1,1,0,1,0,1,0,1,1,0,0,0,1,1,1,0,1,1,0,1,1,0,1,1,0,0,0,1,0,0,0,0,0,0,1,0,1,1,0,1,1,0,1,0,0,1,1,1,1,0,0,0,0,1,1,1,0,0,1,0,0,1,0,1,1,1,0,0,0,1,0
1,0,0,0,1,1,0,1,1,0,1,1,1,1,0,0,1,0,1,0,1,1,1,1,0,1,1,1,1,1,0,1,1,0,1,1,0,1,0,1,1,1,0,1,1,0,0,0,0,0,1,1,1,1,0,1,0,0,0,1,0,1,1,0,1,1,0,0,1,1,1,1,1,0,0
1,0,0,0,0,0,0,1,1,1,0,0,0,0,0,0,1,1,0,0,0,1,0,1,0,0,1,0,1,0,0,0,1,0,0,0,1,0,1,0,1,0,0,1,0,0,1,0,1,1,1,1,1,1,0,1,0,1,1,0,0,1,1,0,0,0,1,1,1,1,1,0,0,1,1
1,0,1,1,0,0,0,0,1,1,0,0,0,0,1,1,0,0,0,0,0,1,1,1,0,1,1,0,0,1,1,1,1,0,1,1,1,1,0,1,1,0,0,1,0,1,1,0,0,1,1,0,1,1,0,1,1,0,0,0,0,0,1,0,1,1,0,0,0,1,0,1,1,1,0
0,1,1,0,1,1,0,1,0,0,1,1,0,0,1,1,0,1,0,1,0,1,0,1,1,0,1,1,1,0,0,1,0,1,0,1,0,0,0,1,0,0,0,1,1,1,0,1,0,0,1,1,1,1,1,1,1,0,1,1,0,1,1,0,1,0,1,1,1,1,1,1,0,1,1
0,1,1,0,0,0,0,1,0,1,0,1,0,0,1,1,1,1,1,1,1,1,1,1,0,0,1,1,0,1,1,0,1,0,1,1,0,0,0,1,1,1,0,1,0,1,1,0,0,1,1,0,0,1,0,1,0,0,1,1,1,0,1,1,1,0,0,1,1,1,0,1,0,1,0
1,1,1,0,0,1,0,1,1,0,1,1,1,0,1,1,1,1,0,0,0,1,0,0,0,0,1,0,1,0,0,1,0,0,1,1,1,1,1,0,1,1,0,1,1,0,0,0,0,0,1,0,1,0,0,0,0,1,1,0,1,0,1,0,1,0,0,1,1,1,0,1,0,1,0
1,0,0,1,1,0,0,1,0,1,0,1,0,0,0,0,0,1,0,0,1,1,1,1,1,0,1,0,0,0,1,0,1,0,0,1,1,1,0,1,1,0,0,1,0,1,0,1,1,1,1,0,1,0,1,1,1,0,0,1,0,0,0,0,0,1,1,1,1,1,0,0,0,1,1
1,1,1,0,0,0,0,1,0,1,0,0,0,1,1,1,1,0,0,0,1,1,0,1,1,0,0,0,0,0,1,1,0,0,1,1,0,1,1,0,1,1,1,1,0,1,0,1,1,1,1,0,1,1,0,1,1,1,0,1,0,0,1,0,1,0,0,0,0,0,1,0,0,1,0
1,1,1,0,1,1,0,1,0,0,0,0,0,0,0,1,1,1,0,1,0,0,0,0,1,1,1,0,0,1,1,0,1,0,1,1,1,0,0,1,1,0,0,1,1,0,1,1,0,1,0,1,1,1,1,1,1,0,1,1,0,0,1,0,0,0,0,1,0,1,0,1,1,0,0
1,1,1,0,1,0,0,1,0,1,1,0,0,1,0,1,1,0,1,0,1,1,1,1,1,0,1,0,1,0,1,1,1,0,1,1,0,1,0,1,0,0,0,1,0,1,1,1,0,0,1,1,1,1,1,1,1,0,0,0,0,0,1,0,1,0,0,0,0,1,1,0,1,0,1
1,1,0,1,1,1,0,0,1,1,0,0,0,0,0,0,1,1,0,1,1,1,0,1,0,0,1,0,0,0,1,0,1,0,1,0,1,0,1,0,1,1,0,1,1,1,1,0,0,1,0,1,1,0,0,1,0,0,1,1,1,0,1,1,0,1,0,1,0,1,0,0,1,0,0
1,0,0,0,0,0,0,1,0,1,1,1,0,0,1,0,1,1,0,1,0,1,0,1,0,0,1,1,0,1,0,0,1,1,0,1,1,1,0,1,1,1,0,1,0,1,0,0,1,1,1,1,1,1,0,1,0,1,0,0,0,1,0,1,1,0,0,0,0,1,0,1,0,1,0
1,0,0,1,1,0,0,1,0,1,0,1,1,0,0,0,1,1,1,0,0,1,0,0,1,0,1,1,1,1,1,1,1,1,1,1,0,1,0,1,0,1,1,1,0,1,0,1,0,0,1,1,1,1,1,1,1,0,0,1,1,0,1,1,1,1,0,0,0,1,1,1,1,1,0
1,0,1,1,1,1,0,1,1,0,0,1,0,0,1,1,1,1,0,0,0,1,0,1,0,0,1,1,1,0,1,0,0,0,0,0,0,0,1,0,1,0,0,1,0,1,0,0,0,0,0,1,1,0,1,0,0,0,0,0,1,1,0,0,0,1,0,1,1,1,0,0,0,1,1
1,0,1,0,1,1,0,1,0,1,1,1,0,0,0,1,1,1,1,0,1,1,1,1,0,1,1,0,1,1,0,0,1,0,0,0,0,1,1,0,1,1,0,1,0,0,1,0,1,1,1,0,1,0,1,1,0,1,0,0,1,1,0,0,0,0,0,0,0,1,0,0,0,0,0
1,0,0,1,0,0,0,0,1,0,0,1,0,0,0,1,1,1,0,0,0,0,1,1,1,1,1,0,1,1,1,0,1,0,1,0,1,0,1,0,0,0,0,1,0,1,1,1,1,1,1,0,1,0,0,1,0,1,0,0,1,1,1,0,0,1,1,0,1,0,0,0,0,1,0
0,0,0,1,0,0,0,1,0,0,1,0,0,0,0,0,1,0,0,1,0,1,0,1,1,0,1,0,1,1,1,0,1,0,0,0,1,0,0,0,1,0,0,1,0,1,0,1,1,1,1,0,1,0,0,1,1,1,1,1,1,0,1,1,0,0,1,1,1,1,1,1,0,0,0
0,0,0,1,1,0,0,1,0,0,0,1,0,0,1,1,1,1,0,0,0,1,1,1,1,1,0,1,1,0,0,0,1,0,0,0,1,1,0,0,1,1,0,1,1,1,1,0,1,1,1,0,1,1,0,0,0,0,0,0,0,0,0,0,1,0,1,1,0,0,0,0,0,1,0
1,0,1,1,0,1,1,1,0,0,1,0,0,0,0,1,1,0,0,0,0,1,1,1,0,1,1,1,0,1,0,1,0,0,1,0,1,1,1,0,0,0,0,1,0,1,0,1,1,1,1,0,1,0,1,1,1,1,0,1,0,0,1,0,1,0,0,0,0,1,0,1,0,1,0
1,0,0,0,0,0,0,1,1,0,1,0,1,0,0,0,1,0,1,1,0,1,0,0,0,1,0,0,0,0,0,0,1,0,1,1,1,1,0,1,1,0,0,1,0,1,0,1,0,0,1,0,0,1,0,0,1,1,1,1,0,1,1,0,1,0,0,0,1,1,0,0,0,1,0
1,0,1,0,1,0,0,1,1,0,0,1,0,1,1,0,0,0,1,0,0,1,0,1,1,0,1,1,1,0,0,0,1,0,1,1,0,0,0,1,1,0,1,1,1,1,0,1,0,1,1,1,1,0,1,0,1,1,1,1,1,1,1,0,0,0,0,0,0,1,0,1,0,1,0
1,0,0,0,0,0,0,1,0,0,0,1,1,0,0,1,1,1,0,0,0,1,0,1,1,0,1,1,1,0,1,1,1,0,0,1,1,0,1,0,1,1,1,1,0,1,0,1,0,1,1,1,1,1,0,1,1,1,1,1,0,1,1,0,0,0,1,1,1,1,1,0,1,1,0
1,0,1,0,1,1,0,1,1,0,0,1,1,0,1,1,1,0,1,0,1,1,1,1,0,1,0,0,0,1,0,1,0,1,1,0,0,0,0,1,1,0,0,1,0,0,1,1,0,0,1,0,1,0,1,0,1,0,1,1,1,0,1,0,0,0,1,1,1,1,0,1,1,1,1
1,0,0,0,0,1,0,1,0,1,0,1,1,1,0,0,1,0,1,1,0,1,0,1,0,0,1,1,1,0,1,0,0,0,0,0,1,0,1,0,1,0,0,1,0,0,1,1,1,0,1,1,1,0,0,1,1,0,0,0,0,1,0,0,0,0,1,1,1,1,0,0,1,1,1
1,1,1,1,0,1,0,0,1,0,0,1,0,0,1,1,0,0,0,0,0,0,0,1,0,0,1,0,1,1,0,0,0,0,1,1,1,0,0,0,1,1,0,1,1,0,1,0,0,1,0,0,1,0,1,0,0,0,0,1,0,0,0,0,0,1,0,1,1,1,1,1,1,0,0
1,0,0,0,0,1,0,0,0,1,0,1,1,0,1,0,1,1,0,1,0,1,0,1,1,1,1,0,1,1,1,0,0,1,0,0,0,0,1,0,1,1,1,1,0,0,1,1,0,0,1,1,1,1,0,1,1,0,0,0,1,0,0,0,1,1,0,0,0,0,0,1,1,1,0
0,0,0,0,0,1,0,1,0,0,1,1,1,0,0,0,0,1,0,0,1,0,0,1,1,1,1,1,0,0,0,1,0,1,1,0,1,1,1,0,1,1,0,1,1,1,1,0,0,0,1,1,1,0,1,1,0,0,0,0,1,1,0,0,1,1,0,1,0,0,0,0,1,0,0
1,1,0,1,0,0,0,1,0,0,0,1,0,0,1,1,1,0,0,1,0,1,0,1,0,0,0,1,0,0,0,1,0,0,1,0,1,1,1,1,0,0,0,1,1,1,1,0,0,1,1,1,1,0,0,1,0,0,1,1,1,0,0,1,1,0,0,0,1,1,0,1,1,0,0
1,0,0,0,1,0,0,1,0,0,0,0,0,0,0,1,1,1,1,0,1,1,0,1,0,0,1,0,1,0,0,1,1,0,1,1,1,0,1,1,1,1,0,1,1,0,0,0,0,1,1,1,1,0,1,0,0,1,1,0,0,0,1,0,0,0,1,0,0,1,0,0,0,1,0
0,0,1,0,0,0,1,1,0,0,0,1,1,0,0,1,0,1,0,1,1,0,1,1,1,1,1,0,1,1,1,1,1,0,1,0,1,0,1,0,1,0,0,0,0,1,0,0,1,1,1,0,1,1,0,1,0,1,0,1,0,0,0,0,0,0,1,1,0,1,0,0,0,1,0
1,1,1,0,1,0,0,1,0,1,1,1,1,0,0,1,1,0,0,0,0,0,0,1,0,0,1,1,1,1,1,1,0,1,1,0,0,1,1,0,1,1,0,1,0,0,0,0,0,0,1,1,1,1,1,1,0,0,1,0,1,1,1,0,1,0,0,0,1,1,1,1,1,1,1
1,0,0,0,0,0,0,1,1,1,1,0,0,0,1,1,1,1,0,1,0,1,0,1,0,1,0,0,1,1,0,0,1,0,0,0,0,1,1,0,1,1,1,1,0,1,1,1,0,1,1,1,1,1,0,0,1,1,1,0,1,0,1,0,0,0,1,0,0,1,1,0,0,1,1
1,0,0,1,0,0,0,0,0,1,0,1,1,0,0,0,0,0,0,0,1,1,0,1,0,1,0,1,0,1,1,1,0,0,1,1,1,1,0,0,0,1,1,1,0,1,0,0,1,0,1,0,1,1,1,1,0,1,0,0,0,0,0,1,0,1,1,0,1,1,1,0,0,1,0
1,0,0,1,0,0,0,1,0,0,1,1,0,0,1,1,1,1,0,0,0,0,0,1,0,0,1,1,0,1,1,0,1,0,0,1,0,0,0,1,0,1,1,1,1,0,1,0,1,1,1,1,0,1,0,0,0,0,0,0,1,1,0,0,1,0,1,1,1,0,1,1,1,1,0
1,0,1,1,1,0,0,0,0,1,0,1,0,0,0,1,1,0,1,0,1,1,0,1,0,1,1,1,0,1,1,1,0,0,0,0,1,0,1,1,1,1,0,0,0,0,0,0,0,1,1,0,1,0,1,1,0,1,0,0,0,1,0,0,1,0,0,1,0,1,0,1,0,1,0
1,0,1,0,1,1,0,1,0,1,1,1,1,0,1,0,1,1,0,0,1,0,0,1,1,1,1,0,1,1,1,0,1,0,1,1,0,0,1,0,1,1,1,1,0,1,0,0,0,1,1,1,1,0,0,0,0,1,1,1,1,1,1,0,1,1,0,0,0,1,1,0,0,1,0
1,0,0,1,1,0,0,1,0,1,1,1,0,0,1,1,1,1,0,1,0,1,0,1,0,0,0,1,1,0,1,1,1,0,0,1,0,1,1,1,1,0,0,1,0,1,1,0,0,0,1,1,1,1,0,1,0,1,1,1,1,1,1,1,1,0,0,0,1,1,1,1,1,1,1
0,0,0,1,1,1,0,1,0,0,1,1,0,0,0,0,1,1,0,1,0,1,0,1,0,0,1,1,1,1,0,1,1,0,1,0,0,0,0,1,1,0,1,1,1,1,1,1,0,0,1,0,1,0,1,1,1,0,1,0,1,1,1,1,1,0,1,0,0,1,1,0,1,0,0
1,0,1,0,0,1,0,1,1,0,1,1,1,0,0,0,0,0,1,0,0,1,1,1,0,1,0,0,1,0,0,1,1,0,0,0,1,1,0,1,1,0,1,1,0,1,0,0,0,0,1,0,1,1,1,1,0,1,1,1,1,1,1,0,0,0,1,0,1,0,1,1,0,1,0
1,0,1,0,0,1,0,1,1,1,0,0,1,0,0,0,1,1,0,0,1,1,0,1,0,1,1,1,1,0,1,1,1,1,1,0,0,1,1,0,1,1,0,1,0,1,1,0,0,0,0,0,1,1,0,1,0,1,1,0,0,1,1,1,0,0,0,1,0,1,0,0,0,1,0
1,0,0,0,0,0,0,1,1,0,1,1,1,1,0,0,1,0,1,0,1,1,0,1,0,0,1,1,1,0,1,0,1,0,1,1,0,1,1,0,1,1,0,1,0,1,0,0,0,1,1,1,1,1,0,1,0,0,0,0,0,1,1,0,0,0,1,0,0,1,0,1,1,0,0
1,1,1,1,1,1,0,0,1,0,0,0,1,0,0,0,1,0,0,0,0,1,0,1,1,0,0,0,0,0,0,0,1,0,0,1,1,0,0,1,1,1,0,1,1,1,0,0,1,0,1,0,1,0,0,1,0,0,0,1,0,1,0,1,1,1,0,0,0,1,1,1,0,1,1
0,0,0,1,0,0,0,1,1,0,0,1,0,0,1,1,0,0,1,0,0,1,0,1,1,1,1,1,1,0,0,1,1,0,1,1,1,0,0,1,0,0,0,1,0,1,0,1,1,1,1,1,1,0,1,1,1,1,1,0,1,1,1,1,0,0,1,1,1,1,0,0,0,1,1
0,1,0,1,1,1,0,1,0,0,1,0,1,0,1,1,0,0,0,1,0,0,0,1,1,0,1,1,1,0,0,1,0,0,0,0,0,0,1,0,1,0,0,1,1,1,1,1,1,1,1,0,1,0,1,1,0,0,0,0,1,0,0,0,1,0,0,0,1,0,0,0,0,1,0
1,0,1,1,0,0,0,1,0,1,1,0,0,0,1,1,0,1,0,0,1,1,1,1,1,0,1,1,0,1,0,0,0,0,0,1,0,0,0,1,1,0,0,1,1,1,1,0,0,1,0,0,0,0,1,0,0,1,0,0,0,1,1,0,0,0,0,0,0,1,0,1,0,1,0
1,0,0,0,0,0,0,1,1,0,0,1,0,0,1,1,1,0,1,0,1,1,1,1,1,0,1,0,0,1,1,1,0,1,0,0,1,1,1,0,1,0,0,1,0,1,0,0,0,0,1,0,1,0,0,1,0,0,0,0,1,0,0,0,1,1,0,0,1,1,1,0,0,1,1
1,0,0,1,0,1,0,1,1,1,1,1,0,0,0,1,0,1,0,1,0,1,1,1,0,0,1,0,0,1,1,0,1,0,1,1,0,0,0,1,1,0,0,1,0,1,1,1,1,1,1,1,0,0,1,0,0,1,0,1,1,1,0,0,1,0,1,1,1,1,0,0,0,1,0
1,0,0,1,0,0,0,1,1,1,1,1,0,0,0,1,1,1,1,1,0,1,0,0,1,0,0,1,1,0,0,1,1,0,1,0,0,1,0,0,1,0,0,1,1,0,0,0,0,1,0,1,1,1,0,1,0,1,0,0,1,1,0,0,1,0,1,0,0,0,0,0,0,1,0
1,0,0,1,1,1,1,0,1,1,0,1,1,0,0,1,1,1,0,0,1,1,1,1,0,0,0,0,1,1,0,0,1,0,1,1,0,1,1,0,1,1,0,1,0,1,1,0,0,1,1,1,1,1,0,1,0,0,0,1,0,0,1,1,0,0,0,1,1,1,0,0,1,1,0
1,0,0,0,1,1,1,1,0,0,1,1,1,1,0,1,1,0,0,0,0,1,0,1,1,1,0,0,0,1,1,1,0,0,1,0,1,1,0,1,0,0,0,1,0,1,1,0,0,1,1,1,1,0,1,0,0,0,1,1,0,0,1,0,1,0,1,1,1,1,0,1,1,0,0
1,0,1,0,0,1,0,1,1,0,0,1,1,0,0,0,1,0,1,0,1,1,0,0,1,0,1,0,1,0,0,1,1,0,1,0,1,0,1,0,1,1,0,1,0,0,1,1,1,1,1,1,0,0,0,0,1,0,0,0,1,0,1,0,0,0,0,1,1,1,1,1,0,0,0
1,0,1,1,0,0,0,1,0,1,0,1,1,0,1,0,1,1,1,0,1,1,1,1,0,1,1,0,0,1,1,0,0,0,1,0,0,1,1,0,1,0,0,1,0,1,1,1,0,0,1,0,0,1,0,1,0,1,0,1,1,1,1,0,1,1,1,1,1,1,1,0,0,1,0
1,1,0,1,1,1,1,1,0,0,0,1,0,0,0,1,0,0,0,0,1,0,1,1,0,1,1,0,0,1,1,1,0,0,1,0,0,0,1,0,1,0,0,1,1,1,0,0,0,1,1,0,1,0,0,0,0,0,0,1,0,0,0,0,0,0,0,1,0,1,0,1,1,0,1
1,0,0,1,0,0,1,1,1,1,0,1,1,0,0,0,1,0,0,0,1,1,1,1,0,1,1,1,0,1,1,1,0,0,1,0,1,0,1,0,1,1,0,1,0,1,0,0,0,1,1,0,1,1,0,1,0,0,0,1,0,1,1,0,0,1,1,1,1,1,1,1,1,1,0
0,0,1,1,0,1,0,1,1,0,0,0,0,0,1,1,1,1,1,0,1,1,1,1,0,0,1,0,1,1,0,1,0,0,0,0,1,0,0,0,1,1,0,0,0,1,0,0,0,0,1,0,1,1,0,1,0,1,0,0,1,0,1,0,1,0,1,0,0,0,0,1,0,1,1
0,1,1,0,0,0,0,1,0,0,1,0,1,0,0,0,1,0,0,0,0,1,0,0,0,1,0,0,0,0,1,1,1,1,1,0,0,0,1,0,0,1,1,1,0,1,0,1,1,0,1,1,1,1,0,1,1,0,1,0,0,1,1,1,1,0,0,0,0,1,1,0,0,1,1
1,0,0,1,1,0,0,1,0,0,0,0,1,0,0,0,0,0,1,1,1,1,0,0,1,0,0,0,1,1,1,0,1,0,0,0,1,0,1,0,1,1,1,1,0,1,0,0,0,0,1,1,1,0,1,0,0,1,1,1,0,1,1,0,1,0,0,0,0,1,1,1,0,1,0
1,0,0,1,1,1,0,1,0,0,0,0,1,0,1,1,1,1,0,0,0,1,0,0,0,0,1,1,0,1,1,1,0,0,1,0,0,0,0,1,1,0,0,1,0,1,1,1,0,0,0,1,1,1,0,1,1,1,0,1,0,1,1,1,1,0,0,0,0,1,0,1,0,1,1
0,0,1,1,1,1,1,1,1,1,0,1,1,0,1,1,1,0,0,0,1,1,1,1,0,0,1,1,1,0,1,1,1,0,1,0,0,1,1,0,1,0,0,1,0,1,0,0,1,0,1,0,1,1,0,1,0,0,1,0,1,0,1,1,1,0,0,0,0,1,0,0,0,1,1
1,1,1,0,1,1,0,1,1,1,0,1,0,0,0,0,0,0,0,0,1,1,0,1,1,1,0,1,0,1,1,1,0,0,0,0,0,1,0,0,1,0,1,1,0,1,0,1,1,1,1,0,1,0,0,0,1,1,0,1,0,0,0,0,0,0,1,0,1,0,1,1,0,1,0
1,1,1,0,1,1,0,1,1,0,0,0,1,0,1,0,1,1,1,0,1,1,0,1,1,1,1,1,0,0,1,0,0,0,0,1,1,0,1,1,1,1,0,1,1,0,1,1,0,0,1,1,1,1,0,0,1,0,1,0,0,0,1,0,0,0,0,0,1,1,0,0,1,1,0
1,0,0,1,1,0,1,1,0,0,0,0,0,0,0,1,1,1,0,0,1,1,1,1,0,1,1,1,1,1,0,0,1,0,1,0,0,1,0,1,1,0,0,1,1,1,0,1,0,1,1,0,1,0,1,0,1,1,1,0,0,0,0,0,0,0,1,0,1,1,0,0,0,1,0
0,0,1,1,1,0,0,1,0,1,1,0,1,0,0,0,0,1,0,1,0,1,0,1,0,1,1,0,0,0,0,1,1,1,0,1,1,1,1,0,0,1,0,0,1,0,1,0,1,0,1,1,1,1,0,0,0,0,1,0,0,1,1,0,1,0,1,1,1,0,0,0,0,1,1
1,1,1,1,1,0,0,1,0,1,0,1,0,0,0,1,1,0,0,0,0,1,0,0,1,0,0,1,1,1,0,1,1,1,1,0,1,1,0,1,1,0,0,1,1,0,0,0,0,0,1,1,1,0,1,1,1,1,0,0,1,0,1,0,1,0,1,1,1,1,0,0,0,1,0
1,1,0,1,0,1,0,1,1,1,1,1,0,1,1,1,1,0,0,0,0,0,0,1,0,1,1,1,1,0,1,1,0,0,0,0,0,0,0,1,1,0,1,1,0,1,0,0,1,1,1,1,1,1,0,0,0,0,0,1,0,0,1,1,1,0,0,1,1,1,1,0,0,1,0
1,1,1,1,1,0,0,0,0,0,0,0,0,0,0,0,1,1,0,0,1,0,1,1,1,0,1,1,0,1,1,1,0,1,1,1,0,1,1,0,1,1,0,1,1,1,0,0,0,1,1,1,1,1,0,1,0,0,0,1,0,0,1,0,0,1,0,0,0,1,1,0,0,1,1
1,1,0,1,1,1,0,0,0,0,0,1,1,0,0,1,1,1,0,0,0,0,0,1,0,0,0,1,0,1,1,1,1,0,1,0,1,1,1,0,1,0,0,1,1,1,0,1,0,1,1,1,1,0,1,0,1,0,0,0,0,0,1,0,0,1,1,1,1,1,0,0,0,1,0
0,0,1,1,1,0,0,1,0,1,1,0,1,0,1,1,1,1,0,0,0,1,1,1,0,1,1,1,0,1,1,1,1,0,1,1,0,0,0,1,0,0,0,1,1,1,1,0,1,1,1,0,1,1,0,1,0,1,0,1,0,0,1,0,0,1,0,1,1,1,0,1,0,0,1
0,0,0,1,0,0,0,1,1,1,1,0,1,0,1,1,1,1,0,0,0,1,0,1,0,0,1,1,0,1,0,0,0,0,0,0,0,0,1,0,1,0,0,1,0,1,1,0,0,1,1,0,0,1,0,0,0,1,1,1,0,1,1,1,0,1,0,1,1,1,0,1,0,0,0
1,0,0,0,0,0,0,1,0,1,1,1,0,0,1,0,1,1,1,0,1,1,0,0,0,0,1,0,1,1,1,1,0,1,0,1,1,0,0,1,1,1,1,1,0,0,0,0,0,0,0,1,1,1,0,1,0,1,1,1,1,0,1,0,0,0,0,1,0,1,1,1,0,1,0
0,0,0,1,0,0,1,1,0,1,0,1,0,0,0,0,0,1,0,0,1,1,1,1,1,1,1,1,1,0,1,1,1,0,0,1,0,0,1,1,1,1,1,1,0,1,1,1,0,1,1,0,1,1,1,1,1,0,1,0,0,1,0,0,1,1,0,0,1,0,1,0,1,1,0
1,0,0,1,1,0,0,1,1,1,1,1,1,0,1,0,1,1,0,0,0,1,1,1,1,1,1,1,0,0,1,0,0,0,1,1,0,1,0,0,0,1,1,1,0,1,1,0,0,1,0,0,1,0,0,1,0,1,0,0,0,1,1,0,1,0,1,0,0,1,1,0,0,0,0
1,0,1,0,0,1,1,1,0,0,0,0,0,0,1,1,0,1,0,0,0,1,1,1,0,1,1,1,0,1,0,1,0,1,1,1,1,1,0,1,1,0,0,1,0,1,1,0,0,0,1,0,1,1,0,1,0,1,1,0,0,1,1,0,1,0,0,1,1,1,0,1,0,1,0
1,0,0,0,1,1,0,1,0,0,0,1,0,0,0,0,0,0,1,0,1,0,0,1,0,1,1,0,1,0,1,0,1,0,1,0,0,1,1,0,1,1,0,1,0,1,0,0,1,1,1,1,1,0,1,1,0,1,0,1,0,0,1,0,1,0,0,0,0,1,0,1,0,0,0
1,0,0,1,0,1,0,1,0,1,1,1,1,0,0,1,1,0,1,0,1,1,0,1,1,1,1,0,1,1,1,1,1,0,0,0,1,0,1,0,1,1,1,1,0,0,0,0,1,1,1,1,1,0,1,1,0,1,0,1,1,0,0,1,1,0,0,0,0,1,1,1,0,1,0
1,0,0,0,0,0,1,0,1,1,0,1,1,1,1,1,0,1,0,0,0,0,0,1,0,0,0,1,0,0,1,1,1,0,1,0,0,0,0,1,1,0,0,1,0,1,1,0,0,0,1,0,0,0,1,0,1,0,0,1,1,0,1,0,0,1,1,1,0,1,1,0,0,1,1
1,0,1,1,0,0,0,1,0,1,0,0,0,0,1,1,0,1,1,0,1,0,0,1,0,0,0,1,0,0,1,1,0,0,1,0,0,1,0,0,1,1,1,1,0,1,1,1,0,1,0,1,1,1,0,1,0,0,0,0,1,0,0,0,0,0,1,0,0,1,1,0,0,1,0
1,0,1,1,0,1,0,1,0,1,0,1,1,0,0,1,1,1,0,0,0,1,1,1,0,0,1,0,0,0,0,1,0,0,0,0,0,0,1,0,1,0,1,1,1,0,1,1,0,1,1,0,0,1,0,0,1,1,0,1,0,0,0,0,1,0,1,0,1,1,1,0,0,1,0
0,1,0,1,0,0,0,1,1,1,0,1,1,0,0,1,1,1,1,0,1,0,0,1,0,0,1,1,1,0,1,0,1,1,0,1,0,1,0,1,1,0,0,1,0,1,1,0,0,1,1,0,1,1,0,0,0,0,0,0,1,1,0,0,1,0,0,0,0,1,1,0,0,1,0
1,0,0,0,1,1,0,1,0,0,0,0,0,0,1,0,1,0,1,0,0,1,0,1,1,1,1,0,1,0,1,1,1,0,0,0,0,0,1,0,1,0,0,1,0,1,1,1,0,1,1,1,1,0,1,0,1,1,0,0,0,0,0,0,1,0,0,0,0,1,0,1,0,1,0
1,1,1,0,1,0,0,1,1,1,0,1,0,0,0,0,1,1,0,1,0,0,1,1,0,0,1,0,1,0,1,0,1,0,0,0,1,0,1,0,1,1,0,1,1,1,0,0,0,1,1,1,1,0,0,1,0,1,1,1,1,1,1,0,1,0,0,1,0,1,1,0,1,1,0
1,0,0,1,1,1,1,1,1,0,0,1,0,1,0,1,1,0,0,0,0,1,1,1,0,0,0,0,0,0,1,1,1,0,1,0,0,0,1,0,1,1,1,1,1,0,1,0,0,0,1,1,1,0,1,0,1,1,1,0,0,1,1,1,0,0,0,0,0,0,1,0,0,0,0
1,0,1,1,1,0,0,0,0,0,0,0,1,0,1,1,0,1,1,1,0,1,0,0,0,0,1,0,1,1,1,0,0,0,1,0,0,0,0,0,1,1,0,1,0,1,0,0,0,0,1,1,1,0,1,1,0,0,0,1,0,1,0,1,1,1,1,0,1,1,1,1,1,1,0
1,0,0,1,1,0,0,1,0,1,1,1,1,0,1,1,0,0,0,0,0,1,0,1,1,0,0,1,0,0,0,1,0,0,0,1,1,0,0,1,1,0,0,1,0,1,0,0,1,0,1,1,1,1,0,1,1,0,0,1,0,1,1,0,0,1,0,0,1,1,0,0,0,1,0
1,0,1,1,0,1,0,1,1,0,1,0,1,0,0,1,1,0,1,1,1,1,0,0,0,1,1,1,1,0,1,1,1,0,0,1,0,1,1,0,1,1,1,1,0,0,1,1,0,0,1,1,1,1,0,0,0,0,0,0,0,1,0,0,1,0,0,0,0,1,0,0,1,1,0
1,0,0,1,1,1,0,1,1,0,1,0,1,0,0,1,1,0,0,0,0,0,0,0,0,0,1,1,1,1,0,1,0,0,1,1,1,1,0,1,1,0,0,1,1,1,1,1,0,0,1,1,1,0,1,0,1,0,0,0,0,1,1,0,0,1,0,1,1,1,1,0,0,0,1
0,0,1,0,0,1,0,1,0,1,0,1,1,0,0,0,1,1,0,0,0,1,0,0,1,1,1,0,1,1,0,1,1,0,0,1,1,1,1,0,1,1,0,1,1,1,1,1,0,0,1,1,1,0,0,1,1,0,1,1,1,1,1,0,0,0,0,1,0,0,1,0,0,1,1
1,0,1,1,0,0,0,1,0,0,0,0,0,0,1,1,1,1,1,0,1,1,0,1,0,1,1,1,0,0,1,1,0,0,1,0,1,1,1,1,1,0,0,1,0,1,1,1,1,1,1,0,1,1,0,1,1,1,0,0,1,1,1,1,1,0,1,1,1,1,0,0,0,1,0
0,1,1,0,0,1,0,1,0,0,0,0,0,1,1,1,1,1,0,1,0,1,1,1,1,0,1,0,0,1,0,1,0,0,1,1,0,1,1,0,1,1,0,1,1,0,0,1,1,0,1,0,1,1,1,1,1,1,1,0,0,0,0,1,0,0,0,0,0,1,0,1,0,1,0
1,0,0,1,1,0,0,1,1,1,1,0,1,1,0,1,1,0,0,1,1,1,0,1,1,0,1,0,0,0,0,0,1,0,1,0,0,1,1,0,1,0,0,1,1,0,1,0,0,0,1,1,1,0,1,1,1,0,1,1,1,0,0,0,0,0,1,1,1,1,1,1,1,0,0
1,0,0,0,1,0,0,1,0,0,1,1,1,0,0,0,1,0,1,0,1,1,1,1,0,0,1,0,0,0,1,0,1,1,1,0,1,0,1,0,1,0,1,1,1,1,0,1,1,1,1,0,1,0,1,1,0,0,1,1,0,0,0,0,1,0,0,1,0,1,1,0,0,0,1
1,0,0,1,1,1,0,1,0,1,1,1,1,0,0,1,0,1,0,0,0,0,0,1,0,0,0,1,1,0,1,1,1,1,1,0,0,0,1,1,1,0,1,1,0,0,0,0,0,0,1,1,1,0,1,0,0,1,0,0,1,0,0,0,0,0,0,0,1,1,1,0,1,1,0
1,1,1,0,1,1,0,1,0,0,0,1,0,0,1,0,1,1,1,0,0,1,0,0,0,0,1,1,1,0,1,1,0,0,0,0,1,1,1,0,1,1,0,1,0,1,0,0,1,1,1,1,1,1,0,1,0,1,1,1,0,1,1,0,1,0,0,1,0,1,1,0,0,1,0
1,0,0,1,0,1,0,1,0,1,1,1,0,0,0,0,1,1,0,0,1,1,0,1,0,0,1,1,1,0,1,1,1,0,0,0,0,0,0,0,1,0,0,1,1,0,1,1,0,0,1,1,1,0,0,1,1,0,1,0,0,1,1,1,1,0,1,0,1,1,1,0,0,1,1
1,1,0,1,0,0,1,1,0,0,0,0,0,0,1,0,0,0,1,0,0,1,1,1,1,1,1,0,0,1,1,0,0,0,1,1,0,0,0,0,1,1,0,1,1,0,1,0,1,1,1,0,1,1,0,1,0,1,1,0,0,0,0,0,1,0,1,0,0,1,0,1,0,1,0
1,1,0,1,1,0,0,0,0,0,0,1,0,0,1,1,1,0,0,0,1,1,0,1,1,0,1,1,0,0,1,0,0,0,1,0,1,1,0,1,0,0,1,1,0,1,0,0,0,1,1,1,1,0,1,1,1,1,0,1,1,0,0,0,0,0,1,1,1,1,1,1,1,1,0
1,0,1,0,1,1,0,1,1,0,0,0,0,0,1,0,0,1,0,0,0,1,1,1,1,0,1,0,1,1,1,0,0,1,0,1,1,0,1,1,0,1,0,1,0,1,0,0,1,1,1,1,1,0,1,1,0,1,1,1,0,1,1,0,1,0,0,1,1,0,0,1,0,1,0
1,1,0,1,1,1,0,1,0,1,0,1,1,0,0,0,0,0,0,1,1,1,0,1,1,0,1,1,1,0,0,0,1,0,0,1,0,0,0,1,0,1,1,1,0,0,1,0,0,1,1,1,1,1,0,1,0,0,1,0,0,0,1,1,0,0,1,1,1,1,1,1,0,1,1
1,1,0,1,1,0,0,1,1,1,1,1,0,0,1,1,1,0,1,0,1,1,1,1,1,1,0,0,0,1,0,0,0,0,0,0,0,1,1,0,1,1,0,1,1,0,1,0,0,1,1,1,1,1,1,1,0,0,0,1,1,0,0,1,1,0,0,0,0,1,0,1,1,1,1
1,0,1,1,0,1,0,1,0,0,0,0,0,0,1,0,1,1,0,1,1,1,1,1,0,1,0,1,0,1,1,1,0,1,0,0,1,1,0,1,1,0,1,1,0,1,0,0,0,1,1,0,1,1,0,1,1,0,0,1,0,0,0,1,0,0,0,0,0,1,1,1,1,1,0
1,0,0,1,0,0,1,0,0,1,0,1,0,0,1,1,0,0,1,0,1,1,1,1,0,0,0,1,1,1,0,0,1,0,1,0,0,0,1,0,1,0,0,1,1,0,0,0,0,1,1,0,1,0,1,1,0,1,0,0,1,0,0,0,0,1,0,0,1,1,0,0,0,1,1
1,1,0,1,0,0,0,0,1,0,0,1,1,1,0,0,1,0,0,1,1,1,0,1,0,1,1,0,1,1,0,0,1,0,1,0,1,1,1,0,1,0,1,0,1,1,0,1,1,0,1,1,1,1,0,1,1,1,0,1,1,1,0,0,1,0,0,0,1,1,1,1,0,1,0
1,1,0,1,1,0,0,1,0,1,1,1,0,0,1,1,1,0,0,0,1,1,1,1,1,1,1,1,0,1,0,0,0,1,0,1,0,1,0,1,0,0,0,1,1,0,0,0,1,1,1,0,1,1,1,1,0,1,1,0,0,0,1,1,1,0,0,0,1,0,0,1,0,0,1
1,1,1,1,1,1,1,1,0,1,0,0,1,0,0,0,0,1,1,0,1,1,1,1,0,0,0,1,0,0,0,1,0,0,1,0,1,0,1,0,1,1,0,1,1,0,0,0,0,0,1,0,1,0,0,1,0,1,0,0,0,1,1,0,1,0,0,1,0,1,0,1,1,1,0
1,1,1,0,0,0,0,1,0,1,0,0,0,0,0,0,0,0,0,0,1,1,0,1,1,0,0,0,0,1,0,0,1,1,0,1,0,1,0,1,1,1,1,1,0,1,1,0,0,1,1,1,1,1,0,1,0,1,1,1,0,1,1,1,1,1,1,1,0,1,1,1,0,1,0
1,0,0,1,1,1,0,0,0,0,0,1,1,1,1,0,0,1,1,1,1,1,0,0,0,0,0,0,0,1,1,0,1,0,0,1,0,0,0,1,1,0,1,1,0,1,0,0,1,0,1,1,1,0,1,1,0,1,1,1,1,0,1,0,0,1,0,1,1,1,1,0,0,1,0
0,0,1,1,1,0,0,0,0,0,0,1,0,0,0,0,1,0,0,0,1,1,0,1,0,1,1,1,1,0,1,1,1,0,0,0,1,0,1,0,1,1,1,1,0,1,0,0,1,0,1,1,1,0,0,1,0,1,1,1,1,0,1,0,0,0,0,1,1,0,1,1,0,1,1
1,0,0,0,1,1,1,1,1,0,0,1,0,0,1,1,1,0,1,0,0,1,1,1,1,1,1,0,1,0,0,0,1,1,0,1,1,1,1,1,1,0,0,1,0,0,1,0,1,0,1,0,1,0,1,0,0,0,1,1,0,0,0,0,1,1,0,0,0,1,0,1,1,1,0
1,0,0,1,0,0,1,0,0,1,1,1,0,0,0,1,1,0,0,1,0,1,0,0,1,0,1,0,1,1,1,1,0,1,1,1,1,0,0,1,1,0,1,1,0,1,0,0,0,1,1,1,1,1,0,1,0,1,0,1,0,0,0,0,1,1,0,1,0,1,1,1,1,1,0
1,1,1,1,1,1,0,1,1,0,1,1,0,0,1,0,0,0,1,0,0,1,0,1,0,0,0,1,1,1,0,1,0,0,0,0,1,0,0,1,1,0,1,1,1,0,0,1,0,0,1,1,1,0,0,0,1,1,0,0,0,1,0,0,1,0,1,1,1,1,1,0,0,1,0
1,0,0,1,0,1,0,1,1,0,0,1,1,0,0,0,1,0,1,0,1,1,0,0,1,1,0,1,0,1,0,0,0,0,1,0,1,0,1,0,1,1,0,1,0,1,0,0,1,0,1,1,1,1,0,1,0,1,1,0,1,0,1,1,0,0,0,1,1,1,0,1,0,0,0
1,1,1,0,1,0,1,1,0,1,1,0,0,1,1,1,1,0,0,1,1,1,1,1,0,1,1,1,0,1,1,0,0,0,0,1,1,1,0,1,1,1,0,1,0,1,0,1,0,1,1,1,1,0,0,1,1,1,1,1,1,0,1,0,0,0,1,0,1,1,1,1,1,1,0
1,0,1,1,1,0,0,1,0,0,0,1,1,0,0,0,1,0,0,0,0,1,0,0,0,0,0,0,1,0,1,1,1,0,0,0,0,1,0,0,0,1,1,1,0,1,0,0,1,1,1,1,1,0,0,1,0,1,0,1,1,0,1,0,1,0,1,0,1,1,1,1,0,1,0
1,1,0,1,1,0,1,1,0,1,1,0,1,0,1,1,1,1,0,0,1,1,1,1,1,1,0,0,0,1,0,1,0,0,1,0,0,0,0,1,0,0,0,1,1,0,1,0,0,0,1,0,0,0,0,0,0,0,1,0,0,1,0,0,0,0,1,0,1,1,0,1,0,1,0
1,1,0,0,1,1,0,1,1,1,0,1,1,0,0,1,1,1,1,1,1,0,1,0,0,1,1,1,0,0,0,1,1,1,1,0,1,1,1,0,1,1,1,0,1,0,0,0,0,0,1,0,0,0,1,0,0,0,0,1,1,0,1,0,0,1,0,1,0,1,1,0,0,1,0
0,0,1,1,0,1,1,0,0,0,0,0,0,0,0,1,1,0,0,0,0,1,1,1,0,1,1,1,0,1,1,1,0,0,1,0,0,0,0,1,1,0,1,1,0,1,0,0,1,0,1,0,1,0,1,1,0,1,0,1,1,1,1,0,0,1,1,0,1,1,1,1,0,0,1
1,0,0,1,1,0,1,1,0,1,0,1,0,0,1,1,0,0,1,0,0,1,1,1,0,1,1,1,1,1,1,1,0,0,1,1,0,1,1,1,1,0,0,1,0,0,0,0,1,1,1,1,1,1,1,1,0,1,0,0,1,1,1,0,1,0,0,0,1,1,1,0,0,1,1
1,1,1,0,0,1,0,1,1,0,1,1,0,0,0,0,1,0,0,0,0,1,0,0,1,1,1,1,1,1,1,0,1,0,1,1,0,1,0,0,0,1,1,1,1,0,0,1,0,1,1,1,1,1,0,0,1,1,1,1,1,1,1,0,0,0,1,0,0,1,1,1,1,1,0
0,0,0,0,1,1,0,0,0,1,0,1,0,1,1,0,1,1,0,1,1,0,0,0,0,0,1,1,0,0,1,1,0,0,0,1,0,0,0,1,1,0,0,1,1,1,0,1,1,1,1,1,1,1,1,1,1,0,1,0,0,0,1,0,0,1,1,1,1,1,0,0,0,1,0
1,0,0,1,0,0,0,1,1,1,0,1,0,0,0,0,1,0,1,0,1,1,0,1,0,1,0,0,0,1,1,0,0,0,1,1,0,0,1,0,0,1,0,1,1,1,0,0,1,1,1,1,1,0,0,1,1,1,1,0,1,1,1,0,0,0,0,1,1,1,0,1,0,0,0
1,0,0,0,1,1,0,0,0,0,0,0,0,0,1,1,1,1,1,1,1,1,1,1,1,1,1,1,0,1,1,0,0,1,0,0,0,1,1,0,1,0,0,1,1,1,0,0,1,1,1,0,1,0,1,1,0,1,1,0,0,0,1,0,1,1,0,0,1,1,0,1,0,1,0
1,0,1,1,1,0,0,1,0,0,0,1,1,0,1,1,1,1,0,0,1,1,0,0,1,1,1,1,0,1,1,0,0,0,1,0,0,0,1,0,0,1,0,1,0,1,1,0,0,0,0,1,1,0,1,0,0,1,0,0,0,1,1,0,1,0,1,1,0,1,0,1,0,1,0
0,1,0,1,0,1,0,0,0,0,0,1,1,0,1,1,1,1,0,0,0,1,0,1,0,0,1,0,1,0,1,1,0,0,0,0,0,0,1,0,1,1,1,1,0,1,1,0,0,0,0,1,1,0,0,1,0,0,0,0,1,1,0,0,1,1,1,1,0,0,1,0,1,1,1
1,1,0,1,0,1,1,1,0,0,0,1,0,1,0,0,1,1,0,0,0,1,1,1,0,1,1,1,1,1,1,1,1,0,1,0,0,0,1,0,1,1,0,1,0,1,0,0,1,1,1,0,1,1,0,1,0,0,1,0,0,0,0,0,0,1,0,1,0,1,0,0,0,0,0
1,1,1,0,1,1,0,1,0,1,1,1,1,0,0,1,1,0,0,0,0,1,0,1,1,0,1,1,1,1,0,1,1,0,1,0,1,0,1,0,1,1,1,1,1,0,0,0,0,1,1,0,1,1,1,1,1,1,0,1,0,0,1,1,1,0,0,0,0,1,1,1,0,1,0
1,0,0,0,0,1,0,1,0,1,0,1,0,0,0,1,1,0,0,0,1,1,0,0,1,0,1,0,0,0,0,1,1,0,1,0,0,0,1,0,1,1,1,1,1,1,0,0,1,1,1,1,1,0,1,1,0,1,1,0,0,0,1,0,1,0,0,0,0,1,1,1,0,1,0
0,1,0,1,1,1,0,1,1,0,1,1,0,0,0,0,1,1,1,1,0,1,0,0,0,0,1,0,1,0,0,1,0,0,0,1,1,1,0,1,1,1,0,1,1,0,1,0,1,1,0,1,1,1,0,1,0,0,0,1,0,1,0,1,1,0,0,1,0,0,1,0,0,1,1
0,0,1,1,1,1,0,0,0,1,0,1,1,0,1,1,1,1,0,0,0,1,0,0,1,1,1,0,0,1,1,1,0,0,1,0,1,0,1,0,1,0,0,1,0,1,1,1,0,0,1,1,1,0,1,1,1,0,0,0,1,1,0,0,0,1,0,1,1,1,0,1,1,1,0
1,1,1,1,1,1,1,1,0,0,1,0,0,0,0,0,1,0,0,1,0,1,0,0,0,0,1,0,0,1,0,1,1,0,1,0,1,1,1,0,1,1,1,1,1,1,0,1,0,1,1,1,1,1,0,1,1,0,0,1,0,0,1,0,1,0,0,0,0,1,1,1,0,1,1
1,0,0,0,0,1,0,1,0,1,0,1,0,0,1,0,1,1,0,0,0,1,0,1,0,0,0,0,0,0,1,1,0,0,0,1,0,0,1,0,1,1,1,1,0,1,1,0,0,1,1,1,1,0,0,0,1,0,1,0,1,0,1,0,1,0,1,1,0,1,1,1,1,1,0
1,0,0,1,0,0,0,1,1,1,0,0,0,0,0,1,0,0,0,1,0,1,1,1,0,1,1,0,1,0,0,0,1,1,1,0,0,0,0,1,1,0,0,1,0,1,0,1,0,1,1,0,1,0,1,1,1,0,0,0,1,0,1,0,1,1,0,0,0,1,0,1,1,1,1
1,0,0,1,0,0,0,0,0,0,0,1,0,0,0,1,0,0,1,1,1,0,0,0,0,0,0,0,1,1,0,1,1,0,1,0,0,0,1,0,1,0,1,1,1,1,1,1,0,1,1,0,1,1,0,0,1,1,0,1,0,0,1,1,1,1,1,0,0,1,1,1,0,1,0
0,1,1,1,1,1,0,1,1,1,1,1,0,0,0,1,1,1,0,0,1,0,0,0,0,0,1,1,1,0,1,1,1,0,1,1,1,0,1,1,1,1,1,1,1,0,1,0,0,1,1,1,1,0,1,0,0,0,0,0,1,0,1,0,1,0,0,0,1,1,1,0,1,1,0
1,0,0,0,1,1,1,1,1,1,1,1,1,0,0,1,1,0,1,1,1,1,1,1,1,1,1,1,0,1,1,0,0,0,1,0,1,1,1,0,0,1,0,1,0,0,1,1,0,1,1,0,1,0,1,0,1,0,1,1,1,0,1,0,0,0,0,0,1,1,1,1,1,0,0
1,0,0,0,0,1,1,1,0,1,1,1,1,0,0,1,0,1,1,0,0,0,1,1,1,1,0,1,1,1,1,0,1,1,0,0,0,0,1,0,1,0,0,1,1,0,1,1,1,1,1,1,1,1,0,1,1,1,1,0,0,0,0,0,0,1,1,0,1,1,0,0,0,1,0
1,1,0,1,1,0,0,0,1,0,1,0,0,0,0,1,1,0,0,1,0,1,0,0,0,0,1,1,0,1,0,1,1,0,0,1,0,0,0,1,1,1,1,1,1,0,1,0,0,1,1,1,1,1,0,1,0,0,0,1,0,1,0,0,1,1,1,1,1,1,1,1,1,1,1
1,0,0,0,0,1,0,1,0,0,0,0,1,0,0,0,0,1,1,1,1,1,0,1,0,0,0,1,1,0,1,0,1,0,0,0,1,0,1,0,1,1,1,1,0,1,1,0,1,0,1,1,1,1,1,0,1,1,1,1,0,1,1,1,1,0,0,0,0,1,1,1,0,1,0
1,0,0,0,1,0,0,1,0,1,1,1,0,0,1,0,1,1,0,0,1,1,1,1,0,1,1,1,0,1,1,1,0,0,1,0,0,0,1,0,0,1,0,1,0,0,0,1,0,1,1,0,1,0,0,1,1,0,1,1,0,0,1,1,1,0,0,0,0,1,0,1,0,1,0
0,1,0,0,0,0,1,1,0,0,0,1,0,0,0,1,0,1,1,1,1,0,1,1,0,1,1,0,1,0,1,0,1,0,1,0,0,0,1,0,1,1,1,1,0,1,0,0,0,1,1,1,1,1,0,1,0,0,0,0,1,0,1,0,0,1,1,0,0,0,1,0,0,0,0
1,0,1,0,1,0,0,1,0,1,0,0,1,1,0,1,0,1,1,0,1,1,0,1,0,1,1,1,0,1,1,0,1,0,0,0,1,1,1,0,1,0,0,1,0,0,1,1,1,1,0,1,0,1,0,0,1,0,1,0,1,1,0,1,1,0,0,0,0,1,0,1,1,1,0
1,1,0,1,0,1,0,1,0,1,0,0,1,0,0,0,1,1,1,0,1,0,1,1,0,0,1,0,1,0,0,1,1,0,1,1,0,1,1,0,1,1,0,0,1,1,1,1,0,1,1,1,1,1,0,1,0,1,0,0,0,0,1,0,0,0,0,0,0,1,0,0,1,1,0
1,0,0,1,0,0,0,1,0,0,1,1,0,0,0,0,1,1,1,0,1,1,1,1,0,0,0,0,1,0,0,1,1,0,1,0,1,1,1,0,1,0,0,1,1,1,1,1,1,1,1,0,1,0,0,0,1,1,0,0,1,1,0,1,1,0,0,0,1,1,0,0,0,0,0
1,0,1,1,0,0,0,0,1,0,0,1,1,1,0,0,1,1,0,0,0,1,1,1,0,1,1,1,1,0,0,0,1,0,0,0,0,0,1,0,1,1,0,1,0,1,0,1,0,0,1,1,1,1,0,1,0,0,0,0,1,0,1,1,1,1,0,0,0,1,1,1,1,1,0
0,0,0,1,0,0,0,1,0,1,1,1,1,0,0,0,0,1,1,0,1,1,0,0,0,0,0,1,1,0,1,0,1,0,1,1,0,0,1,0,1,1,0,1,0,0,0,1,1,0,1,1,0,0,1,1,1,1,0,0,1,1,1,0,1,0,1,0,0,0,1,1,1,0,1
1,0,0,1,1,1,0,1,1,1,1,1,0,0,0,0,0,1,0,0,1,1,1,0,0,0,1,1,1,1,1,0,0,0,1,1,1,0,0,1,1,1,0,0,0,1,1,1,1,1,1,1,1,0,0,1,0,0,1,0,0,1,1,1,1,0,0,0,1,1,0,0,0,0,1
1,0,1,0,0,0,1,1,0,0,1,0,0,0,0,0,0,0,1,0,1,1,1,1,0,0,1,0,1,0,1,1,1,0,1,1,0,0,1,1,1,1,1,1,0,1,0,1,1,1,1,0,1,1,0,1,1,1,1,0,0,0,1,0,1,0,0,1,0,1,1,0,0,0,1
0,0,1,0,1,1,0,1,0,0,1,0,0,0,1,0,1,0,0,0,0,1,0,1,1,0,1,1,1,1,0,1,1,0,0,1,0,1,0,1,1,1,0,1,1,1,0,1,0,1,1,0,0,0,0,1,1,1,0,1,0,1,0,0,1,0,0,1,1,0,0,0,0,1,1
1,0,1,1,1,0,0,1,0,1,0,0,0,0,0,0,1,1,0,1,1,1,0,0,1,0,1,0,1,0,0,1,0,0,1,0,0,0,1,0,1,1,0,1,0,0,1,0,0,1,0,1,1,1,0,0,0,1,1,1,0,0,1,1,1,1,0,0,1,1,0,0,1,1,1
1,0,0,1,1,1,1,1,0,1,0,0,0,0,1,1,0,1,0,0,0,1,1,1,0,0,1,0,0,0,0,1,0,1,0,0,0,0,1,0,1,0,0,1,1,0,1,1,0,1,1,0,1,0,0,0,0,0,0,1,0,1,0,1,1,1,0,1,0,1,1,1,1,1,0
1,0,1,1,1,0,1,1,0,1,1,1,1,0,0,1,1,0,0,0,0,1,0,1,1,0,1,0,1,0,1,1,1,0,1,1,0,0,1,1,1,1,1,1,0,1,0,1,0,0,1,0,1,0,1,1,1,1,0,1,1,0,1,0,1,0,0,0,1,1,1,1,0,0,1
1,1,1,0,0,1,1,1,0,1,0,1,0,0,1,0,1,1,1,0,0,1,1,1,0,0,0,0,1,1,0,1,0,0,1,0,0,1,0,1,1,1,1,1,1,1,1,1,0,1,1,1,1,1,0,1,1,0,1,1,1,0,0,0,1,0,0,0,0,1,1,1,0,1,0
1,0,0,1,1,0,1,0,0,1,0,0,1,1,1,1,0,1,0,1,0,1,1,0,0,0,1,1,1,1,1,1,1,0,0,1,0,1,1,1,1,0,1,0,0,0,1,1,0,0,1,0,1,0,1,0,0,1,0,1,0,0,0,1,1,0,0,1,0,1,1,1,0,1,0
1,0,0,1,0,0,0,1,0,1,0,0,0,0,0,1,1,0,0,1,1,1,0,1,1,1,0,1,0,1,0,0,1,0,1,1,1,0,0,1,0,0,0,1,0,1,0,0,1,1,0,1,1,1,0,1,1,1,0,1,0,0,1,0,1,0,0,0,1,1,0,1,0,0,0
1,0,0,0,0,1,0,0,1,1,0,0,0,0,1,0,1,1,0,0,0,0,1,1,0,1,1,0,0,1,1,1,0,1,0,0,0,0,0,0,1,1,1,1,0,1,0,0,0,1,1,0,1,1,0,1,0,1,1,1,0,1,1,0,0,1,0,0,0,1,0,1,0,1,0
1,0,0,1,1,0,0,0,0,1,0,0,1,0,0,0,1,1,1,0,1,1,0,1,0,0,1,1,0,1,0,0,1,0,1,1,1,1,1,0,1,1,1,1,0,1,1,0,0,0,1,1,1,1,1,1,0,1,0,1,0,1,0,0,0,1,1,0,0,1,1,1,0,1,0
1,1,1,1,0,0,0,1,0,1,1,1,1,0,0,0,1,1,1,0,0,1,0,1,0,0,1,0,1,1,1,0,1,0,0,0,1,1,1,0,1,1,0,1,1,1,1,1,0,0,1,1,1,1,0,1,1,0,0,0,0,1,0,0,1,0,0,0,0,1,0,0,1,1,1
0,0,0,0,1,1,0,1,1,1,1,1,0,0,0,0,1,0,1,0,1,1,1,1,1,1,0,0,1,0,1,1,1,1,1,0,1,0,1,0,0,1,0,1,0,1,1,0,0,1,1,0,1,0,0,0,0,1,1,0,1,0,1,0,1,0,0,0,1,0,1,1,1,0,0
0,0,0,1,0,1,0,1,1,1,1,1,0,1,0,1,1,1,1,0,0,1,0,1,0,1,1,0,1,1,1,1,1,0,1,0,0,1,0,0,1,1,0,1,0,0,1,0,1,0,1,1,0,0,1,0,0,0,1,1,1,0,1,0,0,0,1,0,0,1,0,0,1,1,0
0,0,1,1,0,0,0,1,0,0,1,0,0,0,0,1,1,1,0,0,1,1,1,1,0,1,0,0,1,0,1,1,1,0,0,1,1,0,0,1,0,0,1,1,0,1,1,1,0,1,1,0,0,1,0,0,1,1,1,1,0,0,1,0,1,0,1,0,1,1,1,0,0,0,0
0,1,0,1,1,1,0,0,0,0,0,1,0,0,0,1,1,0,0,0,1,1,1,1,1,1,1,1,1,0,1,1,1,1,1,0,0,1,1,0,1,1,1,1,1,1,1,1,1,1,1,0,1,0,1,1,1,1,1,0,1,1,1,0,1,0,0,0,1,1,0,1,0,1,0
1,0,0,0,0,0,0,0,1,0,0,0,0,0,0,1,1,1,1,1,1,1,0,0,0,1,1,1,1,0,1,1,1,0,0,0,1,1,1,0,1,0,0,1,0,1,0,0,1,0,1,1,1,0,1,1,0,1,0,1,0,1,0,0,0,1,0,1,1,1,1,1,0,0,0
1,1,1,1,1,1,0,1,0,0,1,1,1,0,0,0,0,0,0,1,1,1,0,1,0,0,1,0,0,1,1,1,1,0,0,0,1,1,1,0,1,1,0,1,0,1,0,0,0,0,0,1,1,1,0,1,0,0,0,1,1,0,0,0,0,0,0,1,1,1,0,0,0,1,0
1,0,0,0,0,1,0,1,1,0,0,1,1,0,0,1,1,1,0,0,0,0,0,1,1,1,1,1,1,0,1,1,1,0,1,0,0,1,1,0,1,0,0,1,0,1,1,1,0,1,1,1,1,1,0,0,1,0,0,0,1,0,1,0,1,0,1,0,0,1,0,0,1,1,0
1,0,0,0,0,0,0,1,0,0,1,1,0,0,0,1,1,1,0,0,0,1,1,1,0,0,0,0,1,0,1,0,0,0,0,0,0,1,1,0,1,0,1,1,0,1,1,1,0,1,1,0,1,1,0,0,1,1,1,0,0,1,1,0,1,0,0,1,1,1,1,0,0,1,0
0,0,0,1,1,1,0,1,0,0,1,1,0,0,0,1,0,1,0,0,0,1,1,1,0,0,1,0,1,0,1,1,1,0,1,0,1,0,0,1,1,0,0,1,0,1,0,0,0,1,0,0,1,0,1,0,0,0,0,0,0,0,1,0,0,0,1,1,1,1,0,0,1,0,0
1,0,0,0,0,1,0,1,0,0,0,0,0,0,0,0,1,0,0,0,0,1,0,0,0,0,1,1,0,0,0,0,0,1,0,0,0,1,0,0,0,1,1,1,0,1,0,0,1,1,1,1,1,1,0,1,0,1,1,0,1,0,0,0,0,1,0,1,0,1,0,1,0,1,0
0,1,1,0,1,1,1,1,0,1,1,1,0,0,1,0,1,1,0,1,0,1,1,1,1,0,1,0,0,0,1,0,0,0,0,1,1,0,0,1,0,1,0,1,0,1,0,0,1,1,0,0,1,0,0,1,0,1,1,0,1,1,0,0,1,1,0,1,0,0,0,0,0,1,0
1,1,0,1,1,1,0,0,0,0,0,1,1,1,0,1,0,1,0,1,0,1,0,1,0,0,1,1,1,0,0,1,0,0,0,0,1,0,1,0,1,1,0,1,1,1,1,0,0,0,0,0,1,0,1,1,1,0,0,0,1,1,0,0,0,1,0,1,0,1,1,0,0,1,0
0,1,1,1,0,1,1,1,0,1,0,0,1,0,0,1,0,1,1,0,1,1,0,0,0,1,1,0,1,1,1,0,1,0,1,0,0,0,1,0,1,1,1,1,1,0,1,0,1,0,1,1,1,1,0,1,0,0,1,1,0,1,1,0,1,0,0,0,1,1,1,0,0,1,0
1,0,1,0,1,1,1,1,1,1,1,0,1,0,1,1,0,0,0,0,0,1,1,1,0,1,0,1,0,1,1,1,1,0,1,0,1,1,0,1,1,0,1,1,1,1,0,0,0,1,1,0,1,1,0,0,0,1,1,1,0,1,0,0,0,0,1,1,0,1,1,1,1,0,1
1,1,1,1,0,0,0,1,0,1,1,1,0,1,0,1,0,0,1,1,1,1,0,0,0,0,1,1,0,0,0,0,0,0,1,0,1,0,1,1,1,0,1,1,1,0,1,1,1,1,1,1,1,0,0,1,1,0,0,0,1,1,0,1,1,0,1,0,1,1,0,1,0,1,1
1,1,0,1,0,1,0,0,1,0,0,1,1,0,1,1,1,0,1,1,0,0,0,0,1,1,0,0,0,1,1,1,0,0,1,1,0,1,0,1,1,1,1,1,0,0,0,1,0,1,0,0,0,1,1,0,1,0,1,1,0,1,0,0,0,1,0,1,0,1,1,0,0,1,0
1,1,1,0,1,0,0,1,1,0,1,1,1,0,1,1,1,1,0,0,1,0,0,1,0,0,0,1,1,0,1,1,0,0,0,0,1,0,0,0,1,0,0,1,1,1,1,0,0,0,0,1,1,0,1,0,0,0,1,0,1,0,1,0,1,1,1,0,1,1,0,0,1,1,0
1,1,1,1,0,1,0,1,0,0,1,0,1,1,0,0,0,0,0,1,0,1,0,0,0,0,0,0,1,1,1,0,1,0,0,1,0,0,0,0,0,1,1,1,1,0,0,1,1,0,1,1,1,0,0,1,1,0,0,1,0,1,1,0,1,0,1,1,0,1,1,0,0,1,0
1,1,1,1,0,1,1,1,1,1,1,1,0,0,1,1,0,0,0,0,0,1,1,1,1,0,0,1,0,0,1,1,1,1,1,1,0,1,0,1,1,0,0,1,1,0,1,1,0,1,0,1,1,1,1,0,1,1,0,0,0,0,1,1,0,0,1,1,0,1,0,0,1,1,0
1,1,1,0,1,1,0,0,1,1,0,1,1,0,1,1,1,1,0,0,1,1,0,1,1,0,1,0,0,0,1,1,0,1,0,0,1,1,0,0,1,1,0,1,1,0,0,0,0,0,1,1,1,0,1,1,1,1,0,0,1,0,0,0,1,1,0,1,0,0,1,1,1,0,0
1,0,1,0,1,0,0,1,0,0,1,1,1,0,1,1,1,1,0,1,0,1,1,0,0,1,0,0,0,1,1,1,0,1,0,1,0,1,1,0,1,1,1,0,0,1,0,1,0,1,1,0,0,0,1,0,1,1,0,1,0,0,0,0,1,0,0,0,1,1,1,0,0,0,0
0,0,1,1,0,1,0,1,1,1,1,1,0,1,0,1,1,1,0,0,1,0,1,1,0,1,1,0,1,1,0,1,0,0,1,1,1,1,0,1,1,1,0,1,1,1,0,1,0,1,0,0,1,1,0,0,1,0,0,1,0,1,0,0,1,0,1,1,0,1,0,0,1,0,0
1,1,1,0,1,0,0,1,1,0,1,0,0,0,0,0,1,0,0,1,1,1,0,0,0,0,1,0,1,0,1,1,1,0,0,0,0,1,1,0,0,1,1,1,1,1,1,0,1,1,1,1,1,1,0,1,0,1,0,1,1,0,0,1,1,0,0,0,0,0,1,0,0,1,0
1,0,0,1,0,1,0,1,0,0,1,1,0,0,0,0,1,1,0,1,0,1,0,1,0,0,1,0,1,0,0,1,1,0,0,0,0,0,0,1,0,1,1,1,1,1,1,1,0,1,1,1,1,1,0,0,1,0,0,1,1,1,0,0,1,0,1,1,1,1,0,0,1,1,0
1,0,1,0,0,1,1,1,1,1,1,1,0,1,1,0,1,1,0,1,0,1,1,1,0,1,0,0,0,1,1,0,0,0,1,0,1,1,1,0,1,1,0,1,1,1,0,0,0,1,1,0,1,1,0,1,0,1,1,1,0,1,1,0,0,0,1,1,1,1,1,1,1,1,0
0,0,0,1,1,0,0,1,0,1,0,1,0,0,0,1,1,1,0,0,1,1,0,1,0,0,1,0,1,0,1,0,1,0,0,0,0,1,1,0,0,0,0,1,1,0,1,0,0,1,1,1,1,1,0,1,0,0,0,1,0,0,1,1,0,0,1,1,1,0,1,0,1,1,1
1,0,0,0,0,0,0,1,0,0,1,1,0,0,1,0,1,1,1,1,0,1,0,0,1,1,1,1,0,1,1,0,1,0,1,1,0,0,0,1,0,1,0,1,0,0,0,1,0,1,1,1,1,0,0,1,0,1,1,1,0,0,1,0,0,0,1,1,1,1,1,1,0,1,0
1,0,1,0,0,0,0,1,0,0,0,0,0,0,1,0,1,1,0,0,0,1,0,1,0,1,0,1,0,0,1,1,0,0,1,1,0,0,0,1,0,1,0,1,0,1,1,0,1,1,1,1,1,1,0,1,1,0,1,0,0,0,0,0,1,0,0,0,1,1,0,0,0,1,0
1,0,0,1,0,0,0,1,1,0,1,0,1,0,0,1,0,0,1,0,0,1,0,1,1,1,1,1,1,1,0,1,1,0,1,0,1,0,1,0,1,0,1,1,1,1,0,1,1,0,1,1,1,0,1,1,1,1,1,0,0,1,1,0,1,0,1,1,1,1,1,0,0,1,0
1,0,0,0,1,1,1,1,1,0,1,0,0,1,1,1,1,1,0,0,1,1,1,1,0,1,0,1,1,0,1,1,1,1,0,0,0,1,0,0,1,0,0,1,0,1,0,0,0,1,0,0,1,1,0,1,0,1,1,1,1,0,1,0,1,0,1,0,1,1,0,1,0,0,0
1,0,0,0,0,0,0,0,0,0,0,0,1,1,0,1,1,0,0,0,0,0,1,1,0,0,0,0,0,1,0,1,1,1,0,0,1,0,0,1,1,0,0,1,1,1,0,0,0,0,1,0,1,1,0,1,0,1,1,1,0,1,1,0,0,1,1,1,1,0,0,1,0,1,0
0,0,0,1,1,0,0,1,0,0,1,1,0,0,1,1,0,0,0,0,0,1,0,1,0,0,1,1,0,1,1,0,0,0,0,1,0,1,0,1,0,0,0,1,0,1,0,0,0,1,0,1,1,1,0,1,1,1,0,0,1,1,0,1,1,0,0,1,0,1,0,0,0,1,0
1,0,0,1,1,1,1,1,0,0,0,0,0,0,0,1,1,1,0,0,1,0,1,1,1,1,1,0,0,0,1,0,1,0,1,0,0,0,0,1,1,0,0,1,0,1,1,0,0,1,1,1,1,1,0,1,0,1,1,0,0,0,1,0,0,1,0,1,1,0,0,0,0,0,1
0,0,0,0,1,1,0,0,0,0,0,0,0,0,0,1,1,0,1,1,1,1,0,1,1,1,1,1,1,0,0,1,0,0,0,1,0,1,1,1,1,1,0,1,0,0,0,0,0,0,1,1,1,1,0,1,0,0,1,0,0,1,1,0,0,1,1,1,1,1,0,1,0,1,0
1,1,1,0,0,0,1,1,0,1,0,1,0,0,0,1,1,1,0,0,0,1,0,1,0,0,0,0,1,0,1,0,1,1,0,1,1,1,0,1,0,0,0,1,1,0,1,1,0,1,1,1,1,1,1,0,1,1,1,1,1,1,1,0,1,0,0,0,0,1,0,0,0,1,1
1,1,1,0,0,1,0,1,1,0,0,1,0,1,0,1,1,0,1,1,1,1,0,1,1,1,0,0,1,1,0,0,1,0,1,0,0,1,1,0,1,0,1,1,1,0,1,0,0,0,1,1,1,1,0,1,0,0,1,1,1,1,1,0,0,0,1,0,0,1,1,1,0,1,0
1,0,0,0,1,1,0,1,0,1,1,1,0,0,1,1,1,1,1,1,1,1,0,1,0,0,0,0,0,0,1,1,0,0,1,1,0,0,0,1,1,0,0,1,0,0,1,0,0,1,0,0,1,0,1,1,0,0,0,0,0,0,1,0,1,0,1,0,0,1,0,1,1,0,0
1,0,0,1,1,1,0,1,1,0,0,1,0,0,0,1,1,1,1,1,1,1,1,1,0,0,0,1,1,0,0,0,1,0,0,0,0,1,0,1,0,0,0,1,1,0,0,0,0,0,1,0,1,0,1,0,0,1,0,0,1,1,0,0,1,0,0,0,0,1,0,0,1,1,1
1,1,1,1,1,1,1,1,0,0,1,1,0,0,0,1,1,1,1,0,0,1,1,1,0,0,1,1,0,0,1,1,1,0,0,0,0,1,1,0,1,0,1,1,0,1,1,0,0,0,0,0,1,0,1,1,0,1,1,0,1,0,1,0,0,1,0,1,1,1,1,0,0,0,0
1,0,1,0,1,0,0,1,0,0,1,1,0,0,0,0,0,0,1,0,1,0,0,1,0,0,0,0,1,1,1,1,1,0,0,0,0,0,1,0,1,1,1,1,0,1,0,0,0,1,1,1,1,0,1,1,0,1,1,0,0,0,1,0,1,1,0,0,0,0,1,1,1,1,1
0,0,1,0,1,0,0,1,1,1,1,1,1,0,0,1,0,0,0,0,0,1,0,1,0,1,1,1,1,0,1,1,1,0,0,0,1,1,1,0,0,0,0,1,0,1,0,1,0,1,1,1,1,1,1,1,1,1,1,1,0,0,1,0,1,1,0,0,1,1,1,1,0,1,0
1,0,1,1,1,0,0,1,0,1,0,1,1,0,1,1,1,0,1,1,0,1,0,1,0,0,1,1,1,0,1,0,0,0,1,1,0,0,0,1,1,1,1,1,0,1,0,1,1,1,1,1,1,0,1,1,1,1,0,1,1,1,0,0,1,0,0,0,1,1,1,1,0,1,0
0,0,0,0,0,0,0,1,1,1,1,1,1,1,0,1,1,0,0,1,1,1,0,1,1,1,1,1,1,0,1,1,1,0,1,0,0,0,0,1,1,0,0,1,0,1,1,1,1,1,1,1,1,0,0,1,1,0,0,0,1,0,1,0,1,1,0,0,1,1,0,1,0,0,0
0,0,0,1,0,0,1,1,0,0,0,1,1,0,0,0,1,1,0,0,0,1,1,1,0,0,0,1,1,0,1,1,0,0,1,0,1,0,0,0,1,0,0,1,0,1,1,1,0,0,1,0,1,0,0,1,1,0,0,0,0,0,1,1,0,1,0,1,0,0,0,0,1,0,0
0,0,0,0,0,0,0,1,0,1,0,1,0,0,1,1,1,0,0,0,1,1,1,1,0,0,1,0,1,1,1,0,1,0,1,1,1,1,0,1,0,0,0,1,0,1,0,0,0,1,1,0,1,0,1,0,0,1,1,0,0,1,1,1,0,0,1,1,1,0,0,0,0,1,0
0,1,1,0,1,1,0,1,0,1,0,1,1,1,0,1,1,0,0,0,0,1,0,1,1,0,0,1,1,1,1,0,0,0,1,1,0,0,0,1,1,0,0,1,0,1,1,1,1,0,1,1,1,0,1,1,1,0,1,1,1,1,0,0,0,0,1,1,0,1,1,1,0,1,1
1,0,1,1,0,0,0,1,1,0,1,1,1,0,1,0,1,1,0,0,0,1,1,1,0,1,0,1,0,1,0,1,0,0,1,1,0,0,1,1,1,0,0,1,0,1,0,1,0,0,1,0,1,1,0,1,1,0,0,0,0,1,1,1,1,0,0,1,1,0,0,1,1,0,0
1,0,0,1,1,0,0,1,0,0,1,0,0,1,0,1,1,1,0,0,1,0,0,1,0,0,0,0,1,0,1,1,0,0,1,0,0,0,1,0,1,1,1,1,0,1,1,0,0,1,1,0,1,0,1,0,1,0,0,1,0,1,1,0,1,0,0,0,0,1,1,0,1,0,0
0,0,1,0,0,0,0,0,0,0,0,0,0,0,0,1,0,1,0,1,0,0,0,0,0,0,0,0,1,0,0,1,1,1,0,0,0,0,0,1,1,0,0,1,1,1,0,0,0,1,1,1,1,0,1,1,1,0,1,1,1,0,1,0,0,1,1,1,0,0,0,0,1,1,0
1,1,0,1,0,0,0,1,1,1,0,1,0,0,1,1,0,0,0,0,0,1,0,1,0,0,1,1,1,1,0,1,0,0,1,1,0,1,0,1,0,0,1,0,1,1,1,1,1,1,1,1,0,1,0,0,1,1,0,1,1,1,1,0,0,0,0,1,0,1,0,0,1,1,0
1,1,1,0,1,1,0,0,1,1,1,0,0,1,0,1,1,1,0,0,0,1,0,1,0,0,0,1,1,0,1,0,1,0,0,0,0,1,0,1,0,0,0,1,1,1,0,0,1,1,1,0,1,1,0,1,1,1,1,0,0,1,1,0,0,0,1,1,1,1,0,0,0,0,0
1,0,1,0,1,0,0,1,0,0,0,0,0,1,0,1,0,0,0,0,0,1,0,1,1,0,1,0,1,0,0,1,1,0,0,0,0,1,0,1,0,0,0,1,0,1,0,0,1,0,1,0,1,0,1,1,1,1,1,1,0,1,1,0,0,0,1,1,1,0,1,0,0,1,0
1,0,0,1,0,0,0,1,0,1,0,1,1,1,0,1,1,0,0,0,0,0,0,1,0,0,1,0,1,0,1,0,1,0,0,0,0,1,1,0,0,0,0,0,0,0,0,1,0,0,1,1,1,1,0,0,1,1,1,1,1,1,1,0,0,0,1,1,0,1,1,1,0,0,0
1,0,0,0,0,1,0,1,1,0,1,0,0,0,0,1,1,0,1,1,1,0,0,1,0,0,1,0,1,0,1,0,0,0,1,0,0,1,1,0,1,0,0,1,1,1,0,0,0,0,1,1,1,1,0,1,0,1,1,1,0,1,0,0,1,0,1,1,1,1,0,0,0,1,0
0,1,0,1,1,0,0,0,0,1,0,1,0,1,0,0,1,0,0,0,0,1,0,0,0,1,1,0,0,1,1,0,1,0,0,0,1,1,1,0,1,1,0,1,1,0,0,0,1,0,1,0,1,1,0,0,1,0,1,0,1,1,1,0,1,0,0,0,0,1,0,1,0,1,1
1,1,0,1,1,0,0,1,0,0,0,1,0,0,0,1,1,1,0,1,1,1,0,1,0,0,1,1,1,0,1,1,1,0,1,0,0,0,1,0,1,0,1,1,0,1,1,0,0,1,1,1,1,1,1,1,0,0,1,0,0,1,0,0,1,0,0,0,0,1,1,0,0,0,1
1,0,0,1,1,1,0,1,0,0,0,1,0,0,1,0,1,1,0,1,0,1,0,0,0,0,1,1,0,0,1,0,0,0,0,1,1,0,0,1,1,1,0,1,0,1,1,0,0,1,0,1,1,1,0,1,0,1,0,1,1,1,0,0,1,0,0,1,1,1,1,1,1,0,1
1,0,0,1,1,0,0,1,0,0,0,1,1,0,1,0,1,1,0,1,0,1,0,0,0,0,1,1,0,1,1,0,0,0,0,0,0,1,1,0,1,1,1,1,0,1,1,0,1,0,1,1,1,0,1,0,0,1,0,1,1,1,0,0,1,0,0,1,0,1,1,1,0,1,1
1,0,1,1,1,0,0,1,0,0,0,1,1,0,0,0,1,0,1,1,1,1,0,1,0,1,0,0,1,0,0,0,1,1,1,0,1,0,1,0,1,1,1,1,1,1,0,1,0,1,1,1,0,1,0,1,1,0,1,0,0,0,0,1,1,0,0,0,1,1,1,1,0,1,0
1,0,0,1,0,1,0,1,1,1,0,0,1,1,1,0,1,1,0,1,0,1,0,0,0,1,1,1,0,1,1,0,0,0,1,0,0,1,0,1,1,0,1,1,0,1,1,0,0,0,1,0,0,1,1,0,1,1,0,0,0,1,1,0,1,0,0,1,0,1,1,1,0,1,0
1,0,0,0,0,0,0,1,0,1,1,1,1,0,0,0,1,1,1,0,1,1,0,1,0,0,1,1,0,1,1,0,1,0,0,0,0,0,1,0,1,1,1,1,0,0,1,0,0,1,1,1,1,1,1,0,0,1,1,1,0,0,1,1,0,1,0,1,1,1,1,0,0,1,0
0,1,1,1,1,0,0,0,0,0,1,1,1,0,0,0,0,0,1,0,1,1,0,1,1,0,1,0,0,0,0,1,1,0,1,0,1,0,1,0,0,1,1,1,1,1,0,1,0,0,1,1,1,0,0,1,1,1,0,1,1,1,1,0,1,1,0,0,0,1,1,1,1,0,0
1,1,1,1,1,0,0,1,0,0,1,1,1,0,0,1,0,1,0,0,0,1,0,1,1,1,0,0,0,1,1,1,0,1,1,0,0,0,0,0,1,0,1,1,1,1,1,0,1,0,0,0,1,0,0,1,0,0,1,1,0,1,0,0,0,0,0,1,1,1,0,1,0,0,0
1,1,0,0,1,1,0,1,0,1,0,1,0,0,0,0,0,0,1,0,1,1,0,1,1,1,0,1,1,0,1,1,1,0,1,0,1,1,1,0,1,1,0,1,1,0,0,0,0,1,1,1,1,1,0,1,1,0,1,0,0,0,0,0,1,0,0,1,0,1,0,1,1,1,0
1,1,0,1,0,0,0,1,1,0,1,0,0,0,0,0,0,1,1,0,1,1,1,1,0,0,1,1,0,0,0,1,1,0,0,0,1,1,1,0,1,1,0,1,0,1,1,0,0,1,1,1,1,1,0,0,0,1,1,0,1,0,1,0,1,0,0,0,1,1,0,0,1,1,0
1,0,1,0,0,0,1,1,0,1,0,0,0,0,1,1,1,1,0,0,1,1,1,1,0,0,0,0,0,1,0,1,0,0,0,1,1,1,1,1,1,0,1,1,1,1,1,0,0,1,1,0,0,1,0,0,0,1,1,1,1,1,0,0,1,0,1,0,0,1,1,0,0,0,0
0,0,0,1,0,1,0,1,0,1,1,1,0,1,0,1,1,0,1,0,0,0,0,0,0,0,1,0,1,1,0,1,1,0,0,0,1,0,1,0,1,0,1,1,0,0,0,0,1,1,1,1,1,0,1,1,1,1,0,1,1,1,0,0,0,0,0,1,0,0,1,1,1,1,0
1,0,0,1,1,1,0,1,0,0,1,1,0,0,0,1,0,1,0,1,1,1,0,1,0,0,1,0,0,0,1,1,1,0,1,0,1,1,0,1,1,0,1,1,1,1,0,0,0,0,1,1,1,0,1,0,1,1,0,0,0,1,0,0,1,0,0,0,0,1,1,0,0,0,1
0,0,1,1,1,1,0,0,1,0,0,0,1,0,1,0,1,0,1,0,0,0,0,1,1,0,1,0,1,0,0,1,0,0,1,1,1,1,0,1,1,1,0,1,1,0,0,0,0,0,1,1,1,1,0,1,1,1,1,0,0,1,1,0,1,1,0,1,1,0,0,0,0,0,0
1,0,0,1,0,0,1,1,1,0,0,1,1,1,0,1,0,0,1,1,0,1,0,0,1,1,0,0,1,1,0,0,1,1,0,1,0,1,0,1,1,0,0,1,1,0,0,1,0,0,1,1,1,1,0,0,1,1,0,1,1,0,0,0,1,0,0,0,1,1,1,0,0,1,1
1,1,1,0,0,1,1,1,0,1,0,1,1,0,0,1,1,0,0,0,1,1,1,1,1,1,1,1,1,0,0,0,0,0,0,1,0,0,0,1,1,1,1,1,1,0,1,0,1,1,1,0,0,1,1,0,0,1,1,0,0,0,1,0,0,1,1,1,0,1,1,1,1,1,0
0,1,1,0,0,0,0,0,0,0,0,1,0,0,1,0,1,1,0,1,0,1,1,1,0,1,1,0,1,0,0,0,0,0,1,0,1,1,0,1,1,1,0,1,1,1,1,1,0,1,1,1,1,0,0,1,1,0,0,0,0,0,1,1,1,1,0,0,1,1,0,1,1,0,0
1,0,1,1,1,0,0,1,0,0,0,1,1,0,0,1,1,0,0,1,1,0,0,1,0,0,1,0,1,1,0,1,1,0,1,0,1,1,1,0,1,1,0,1,0,1,0,0,0,0,1,1,1,1,0,1,0,1,0,0,0,1,1,0,1,0,1,1,0,0,0,1,0,1,0
1,0,0,1,0,0,0,1,0,1,0,0,0,0,1,0,1,0,1,0,1,0,0,0,1,1,0,1,0,1,0,0,0,0,1,0,0,0,0,1,1,0,0,1,1,0,0,0,1,1,1,0,1,1,0,1,0,1,0,1,0,1,1,0,1,1,0,0,0,0,0,1,0,1,0
1,0,0,1,0,1,0,0,0,1,0,0,0,0,0,1,1,1,0,0,1,0,0,1,0,0,1,1,1,0,0,1,0,0,1,1,0,1,0,0,1,0,0,1,1,1,1,0,0,1,1,1,1,1,0,1,1,0,1,0,0,1,0,0,1,0,1,0,1,1,0,0,1,1,0
0,0,0,0,0,0,1,1,0,0,0,0,1,1,0,1,1,0,0,0,1,0,0,1,1,0,0,0,1,1,1,0,0,1,1,0,0,1,1,0,1,0,1,1,0,1,0,0,0,1,1,1,1,1,0,1,0,0,1,1,0,1,1,0,0,0,0,1,1,1,0,1,1,1,0
0,1,0,1,0,1,0,1,0,0,0,1,0,0,0,0,1,0,0,0,0,0,1,1,1,1,0,0,0,1,1,0,1,0,0,0,1,1,0,0,1,1,0,1,0,1,1,0,1,1,1,1,1,1,0,1,0,0,0,1,0,1,0,0,0,0,0,1,0,1,0,1,0,1,0
1,0,0,0,0,1,0,1,1,0,1,0,0,0,1,0,0,1,0,0,0,1,0,0,1,1,1,1,0,0,1,1,0,0,1,1,0,1,1,1,1,0,0,1,0,0,0,1,0,0,1,0,1,1,0,0,0,0,1,1,0,1,1,0,1,0,0,1,0,1,1,0,1,0,0
1,0,1,1,0,0,1,1,1,0,0,1,0,0,0,1,0,1,0,0,0,1,1,1,0,0,0,1,0,1,1,1,1,0,0,1,0,0,0,1,1,0,1,1,0,0,0,0,0,1,1,0,0,1,1,0,0,1,0,1,1,0,0,0,1,0,0,1,1,1,1,0,0,1,0
1,0,0,1,1,1,0,0,1,0,0,0,1,0,0,0,0,0,0,0,0,1,1,1,0,0,0,0,0,1,1,1,1,1,0,0,0,1,0,0,1,0,1,1,0,1,1,0,0,0,0,1,1,1,1,1,0,0,0,1,0,0,0,0,1,1,1,0,1,1,1,0,1,1,0
1,0,1,1,1,0,0,1,0,0,0,0,0,0,0,0,1,0,0,1,0,0,0,0,0,1,1,1,1,0,1,1,1,0,1,0,0,0,0,1,1,0,0,1,1,1,0,0,1,1,1,1,1,1,0,1,0,1,1,1,0,0,1,0,1,0,0,0,0,1,0,1,0,1,0
1,1,0,0,1,1,0,0,0,1,0,0,0,0,0,1,1,0,1,0,1,1,0,0,0,0,1,0,1,1,1,0,1,0,0,1,0,0,1,1,1,1,0,1,0,1,1,0,0,1,1,1,0,0,1,0,0,1,1,0,0,1,1,1,1,0,0,1,0,1,0,1,0,1,0
1,0,0,0,1,0,0,0,0,0,0,1,0,0,0,1,1,1,0,1,0,1,0,1,0,1,1,0,1,0,1,0,1,0,1,0,0,0,0,0,0,0,0,1,0,1,0,0,0,0,0,1,1,0,1,0,0,0,1,0,1,1,1,1,1,1,1,1,0,1,0,1,1,1,0
1,1,1,1,0,1,1,1,0,0,1,0,1,1,1,0,0,0,0,0,0,1,0,1,0,1,1,0,0,0,1,0,0,0,1,0,0,1,1,0,1,1,0,1,1,1,1,1,0,0,1,0,0,0,0,1,0,0,1,0,0,0,0,0,1,0,0,1,1,1,0,0,0,1,1
1,1,1,1,1,0,1,1,0,1,1,1,0,0,0,1,0,1,0,1,0,1,1,1,1,1,1,1,0,0,1,1,1,0,0,1,1,0,1,1,1,1,1,1,0,1,1,0,0,0,1,0,1,1,0,0,1,1,1,1,1,0,1,0,1,0,0,0,0,1,1,0,0,0,0
1,1,1,1,0,1,1,1,0,1,1,0,0,0,0,0,1,0,0,0,0,1,1,1,0,1,0,0,1,0,1,0,1,0,1,1,1,1,0,1,1,1,1,1,0,1,0,0,0,1,1,0,1,0,0,1,0,1,0,1,0,0,1,1,1,0,1,0,1,1,1,1,0,1,0
1,1,1,0,1,0,1,1,0,1,0,1,0,0,1,1,1,0,0,1,0,0,0,0,0,0,1,1,0,0,0,1,0,0,1,1,0,0,1,1,1,0,1,1,1,0,0,0,0,1,1,1,1,1,1,1,0,1,1,1,0,0,1,0,1,0,0,0,1,1,1,0,0,1,0
1,1,1,1,1,0,0,1,0,0,0,1,0,0,0,0,1,0,1,0,1,1,1,1,0,0,0,1,0,0,1,1,1,0,0,1,0,0,0,1,1,1,0,1,1,0,0,0,1,0,1,1,1,0,0,1,0,1,0,0,0,0,0,0,0,1,1,0,0,1,0,1,0,1,0
1,0,0,1,0,0,0,1,0,1,1,0,1,0,0,1,0,0,1,1,1,0,0,1,1,1,1,1,0,1,0,1,1,0,1,1,0,0,0,1,0,0,0,1,1,1,0,1,0,0,1,1,1,1,0,1,1,1,0,0,0,1,1,0,0,1,1,1,1,1,0,1,0,1,0
1,1,0,0,0,0,0,1,1,1,0,1,0,0,0,1,0,1,0,0,1,1,0,1,0,0,1,0,1,0,1,0,1,0,1,0,0,0,0,1,1,0,0,1,1,1,1,1,1,1,0,0,1,1,0,0,0,1,0,0,0,1,0,0,0,1,0,0,1,1,0,0,0,1,0
1,1,1,1,0,0,0,1,1,1,1,1,0,0,0,1,0,1,1,0,0,1,0,1,1,1,1,0,0,1,0,1,0,1,1,1,1,1,0,1,0,0,0,1,1,0,1,0,0,0,0,1,1,1,1,0,0,0,1,0,1,1,0,0,0,0,0,1,1,1,0,1,0,1,0
1,0,1,0,1,1,0,1,0,0,1,0,0,0,0,0,1,0,0,0,0,1,0,1,1,0,1,1,1,0,1,1,1,0,1,0,0,0,1,0,1,1,0,1,0,1,1,0,1,1,1,1,1,1,0,1,0,0,0,0,0,0,1,1,0,0,0,0,0,0,0,1,1,0,0
1,0,1,1,1,0,0,1,0,0,0,1,1,1,0,0,1,1,1,0,1,1,1,1,0,1,1,0,1,1,0,0,1,1,1,1,1,0,0,1,1,1,1,1,1,0,0,0,0,0,0,0,1,1,0,1,0,1,0,1,1,0,1,1,0,0,1,1,0,1,1,0,0,1,0
1,0,1,0,1,1,0,1,0,0,1,1,0,0,0,0,0,0,0,0,1,1,0,1,1,0,1,1,1,1,1,1,0,0,1,1,1,1,0,1,1,1,0,1,0,1,0,0,0,1,1,1,1,1,0,1,0,1,1,1,0,0,0,0,0,0,0,1,1,1,1,1,1,1,1
0,0,1,1,0,0,0,1,0,0,0,0,0,0,0,0,1,1,1,0,1,1,1,1,0,1,1,1,0,0,1,1,0,0,1,0,0,0,0,0,0,1,0,1,0,1,1,1,1,1,1,1,1,1,0,0,1,1,0,1,1,1,1,0,0,0,1,0,1,1,1,0,0,0,0
1,0,1,1,1,0,0,1,0,0,1,0,0,0,1,1,1,0,0,0,0,1,0,0,0,1,0,1,1,1,1,1,0,1,1,0,0,1,1,0,1,1,0,1,0,1,0,0,0,1,0,1,1,0,1,1,0,0,1,1,0,0,1,1,0,0,0,1,1,1,1,1,1,0,1
0,0,1,0,1,0,0,1,0,1,0,1,1,0,1,1,0,1,0,0,0,1,0,1,1,1,1,0,1,0,1,1,1,0,0,1,0,1,0,1,0,0,0,0,0,1,0,1,0,0,1,1,1,0,1,0,1,1,1,0,1,0,1,0,1,1,0,0,1,1,0,1,1,1,1
1,0,1,1,1,0,0,1,0,1,1,0,0,0,1,1,0,1,0,0,0,1,0,1,1,1,1,1,0,0,0,1,0,0,1,1,1,0,0,1,0,1,1,1,1,1,1,0,0,0,1,1,1,0,1,0,0,0,1,0,0,1,1,0,0,0,1,1,1,1,1,0,1,1,0
1,1,1,0,0,0,0,1,0,0,1,1,1,0,1,0,0,1,0,0,1,1,0,0,0,0,1,0,1,1,1,1,0,0,0,0,1,1,1,0,0,1,0,1,1,1,1,0,0,0,1,1,1,1,0,1,0,0,1,1,1,0,1,0,1,0,0,0,0,1,0,0,1,1,0
1,0,0,0,0,1,0,1,1,0,0,1,1,0,0,1,0,1,1,0,0,1,1,1,1,1,1,0,1,0,0,0,1,0,0,1,1,1,0,1,1,0,0,1,0,1,1,0,1,0,1,1,1,1,0,0,0,1,1,0,1,0,1,0,1,1,0,0,1,1,1,0,0,1,0
0,1,0,0,1,1,0,1,1,1,0,0,1,0,1,1,1,1,1,0,1,1,1,1,1,1,1,0,1,0,1,0,1,0,1,0,0,1,0,0,0,1,0,1,1,0,0,0,1,0,1,0,0,1,0,1,0,1,1,1,0,1,1,1,1,0,0,1,1,0,0,0,0,1,0
1,0,0,0,0,0,0,1,0,0,0,1,1,0,0,1,0,1,0,1,0,1,0,1,0,0,1,0,0,0,1,1,1,0,1,1,0,0,0,0,1,1,0,1,0,1,1,0,1,1,1,1,1,1,0,1,0,1,1,0,0,0,1,1,1,0,1,0,0,1,0,0,0,1,0
1,0,0,0,0,0,0,1,0,0,1,0,0,0,0,1,1,1,0,1,0,1,1,1,1,0,1,1,1,0,1,1,1,1,0,0,1,0,1,0,1,0,0,1,0,1,0,1,0,1,0,0,1,0,1,1,0,0,1,0,0,0,1,0,1,1,0,1,1,1,0,0,1,1,0
0,1,1,0,0,0,0,1,0,1,0,0,0,0,0,1,1,0,0,0,0,1,1,1,0,0,0,0,0,0,0,0,0,0,0,1,0,1,0,1,1,1,0,1,1,0,0,0,1,1,1,0,1,1,0,1,1,1,1,1,0,1,1,0,0,1,0,0,0,1,1,1,0,1,0
1,0,0,0,0,0,0,1,0,1,1,1,1,1,0,1,1,1,0,1,0,1,1,1,0,0,0,1,0,0,0,1,0,0,1,0,1,0,1,0,1,1,1,1,1,0,0,1,0,0,1,0,1,0,1,1,1,1,0,0,1,1,0,0,0,0,0,0,0,1,0,1,0,0,0
1,0,1,1,1,0,0,1,0,0,1,1,0,0,0,0,1,1,0,0,0,0,0,1,0,0,1,1,1,0,0,0,1,0,1,0,0,0,0,1,1,1,0,1,0,1,0,0,0,1,1,0,1,0,1,0,0,0,1,0,0,0,1,0,0,0,1,1,0,0,0,0,1,1,1
1,1,0,1,1,0,0,1,1,0,1,1,0,0,1,1,1,1,0,1,0,0,0,0,0,0,1,0,1,1,1,0,0,1,1,1,1,0,0,1,1,0,0,1,1,1,0,1,1,1,1,1,1,0,1,0,1,1,0,1,0,1,1,0,1,0,1,1,1,1,0,1,0,0,1
1,0,0,1,1,1,1,1,0,0,1,0,1,0,0,0,0,1,0,1,0,1,0,1,0,0,0,0,0,0,1,1,1,1,0,1,1,0,1,0,1,1,1,1,0,1,0,1,0,0,1,1,1,1,0,1,1,1,1,1,0,0,1,1,1,0,0,0,0,1,1,1,0,1,0
0,0,0,0,1,0,0,1,0,0,0,1,0,0,1,0,1,1,0,1,0,1,1,1,0,0,1,1,1,0,1,1,0,0,0,0,1,0,0,0,0,0,0,1,0,1,1,0,0,1,0,0,1,0,0,1,0,1,0,0,1,1,1,1,1,0,1,0,1,1,0,0,1,0,0
1,1,1,1,1,1,1,1,0,0,0,0,0,0,1,1,1,0,0,0,0,0,0,1,1,0,0,0,1,0,0,0,1,0,0,1,0,1,0,1,1,0,0,1,1,1,0,1,1,1,1,1,1,1,0,1,0,0,0,1,0,0,1,0,0,0,0,1,1,1,1,0,0,1,0
0,0,0,1,0,0,0,1,0,0,0,1,0,0,0,1,0,0,0,1,0,0,0,1,0,1,1,1,1,1,1,1,1,0,0,0,1,0,1,0,0,1,0,1,0,1,0,1,1,1,1,1,0,0,1,1,1,0,0,0,0,0,1,0,0,0,0,1,0,0,0,1,1,1,0
1,0,0,0,0,1,0,1,1,1,0,1,1,1,0,0,1,1,1,0,0,1,1,1,1,1,1,1,1,1,1,0,1,0,0,0,1,0,1,1,1,0,0,1,0,1,0,0,1,0,1,1,1,0,0,1,0,1,0,1,1,1,0,0,1,0,0,0,1,1,1,0,0,1,0
0,1,1,1,1,1,0,1,0,0,1,1,0,0,0,1,1,0,1,0,0,1,0,1,0,0,1,1,0,0,1,1,1,0,1,0,1,1,1,0,1,1,1,1,0,1,0,1,1,1,1,1,1,1,0,1,1,0,1,1,0,0,1,0,1,0,0,0,0,0,1,1,0,0,1
1,0,1,1,1,0,0,0,0,1,0,0,0,1,0,1,1,1,1,1,0,1,0,1,0,0,1,0,1,0,1,1,1,0,0,0,1,0,1,0,1,1,1,1,0,0,0,0,0,0,1,1,1,0,1,0,1,1,0,1,0,0,0,1,0,1,0,0,0,1,1,0,1,1,0
1,1,0,1,1,1,0,1,1,0,0,1,0,1,1,0,1,1,0,0,0,1,1,1,0,0,1,0,1,0,1,1,0,0,1,1,1,1,0,0,1,1,0,1,1,1,1,1,0,0,1,0,1,0,0,0,1,0,1,1,1,0,1,1,0,0,1,1,0,1,1,1,1,0,0
0,0,0,1,1,0,0,1,0,1,1,1,1,0,0,1,1,1,0,0,0,1,0,1,1,1,1,1,0,0,0,1,0,1,0,1,1,1,0,1,0,1,1,1,0,1,1,1,1,0,0,1,1,1,0,1,1,1,0,0,1,0,0,0,0,0,1,1,1,1,0,0,0,1,0
1,1,1,0,0,1,0,1,1,0,1,1,1,0,1,1,1,1,1,0,0,1,0,1,1,0,1,1,0,0,0,1,0,0,0,0,1,1,1,0,1,1,1,1,0,1,1,1,0,1,1,1,1,1,1,0,1,1,1,1,1,1,1,1,0,0,1,0,0,1,0,1,1,1,0
1,0,1,1,0,0,0,0,1,0,0,0,0,0,1,1,1,1,1,0,0,1,0,1,1,0,0,0,1,1,1,1,0,0,1,1,0,0,0,1,0,0,1,1,0,1,0,1,0,1,1,1,1,1,0,1,1,1,0,1,0,0,1,1,0,1,1,0,1,1,1,1,0,1,0
1,1,1,0,0,1,0,0,0,0,0,1,1,0,0,1,1,0,1,0,0,1,1,1,1,0,0,0,0,1,1,0,1,0,0,1,1,1,0,1,0,0,1,1,0,0,0,0,0,1,1,1,1,1,0,1,0,0,1,1,1,1,1,0,1,1,0,0,1,1,1,1,1,1,1
1,1,1,0,0,0,0,1,0,1,0,0,1,0,1,1,1,0,1,0,0,1,0,1,0,0,1,0,1,1,1,1,0,0,0,1,0,0,1,0,0,1,0,1,1,1,1,1,1,1,1,1,1,1,0,0,1,0,1,0,0,0,1,0,0,1,1,0,0,1,0,1,0,1,0
0,1,0,1,0,0,1,1,0,0,0,1,0,0,1,0,1,1,1,1,0,1,1,1,1,1,0,1,1,0,1,0,1,0,1,0,0,1,0,1,1,1,0,1,1,1,0,1,0,1,1,0,1,1,1,1,0,1,0,0,0,0,1,1,0,0,1,0,0,1,0,1,0,1,0
0,0,0,1,0,0,1,1,0,1,0,0,0,0,1,1,1,0,0,0,1,0,1,1,0,1,0,1,1,0,0,0,1,0,1,1,1,1,1,0,1,1,0,1,1,1,0,0,0,1,1,0,1,1,0,1,0,1,0,1,0,0,1,0,0,1,1,0,0,1,1,0,0,0,0
1,1,1,1,1,0,0,1,1,0,1,1,0,0,1,1,1,0,0,0,0,1,0,0,1,0,1,1,0,1,1,0,0,0,1,1,1,0,0,1,1,0,1,1,0,0,1,0,0,1,1,1,0,0,0,0,0,0,0,0,0,1,0,1,1,0,0,0,1,1,1,1,0,1,1
1,0,1,1,0,1,0,1,1,0,0,1,1,0,1,0,0,0,0,1,1,1,0,0,0,1,0,1,0,0,1,1,0,0,1,0,1,1,1,0,1,1,0,1,1,0,0,0,1,0,1,0,1,0,1,1,0,1,0,1,1,0,0,1,0,0,1,1,1,1,1,0,0,1,0
1,0,0,1,1,0,0,1,1,0,1,1,1,1,0,1,1,1,1,0,1,1,1,1,1,0,1,1,1,0,0,0,1,0,0,0,1,0,0,0,0,0,1,1,1,0,0,1,0,1,1,1,1,0,1,1,1,1,1,0,1,1,1,0,0,1,0,0,1,1,1,0,0,1,0
0,0,1,1,1,0,0,0,0,1,0,1,0,1,0,1,1,1,1,1,1,1,1,1,0,0,1,0,1,0,1,1,1,0,1,0,0,0,1,0,1,0,0,1,1,0,1,0,0,1,0,0,0,0,1,0,0,1,0,1,1,0,0,0,0,1,0,1,1,1,1,0,0,1,0
1,1,1,0,1,0,1,0,0,1,0,0,0,0,0,1,1,1,0,0,1,1,0,0,0,0,1,1,1,1,1,1,1,0,0,1,1,0,0,1,0,0,0,1,0,0,1,1,0,1,1,1,1,0,1,1,1,1,1,0,0,0,1,0,0,0,0,0,0,1,0,1,1,1,1
1,0,1,1,0,1,1,1,1,1,1,0,0,0,1,1,1,1,0,0,0,0,1,1,1,1,1,0,0,0,0,1,0,0,1,0,0,0,1,0,1,0,1,1,0,0,1,0,0,1,1,0,1,1,0,1,0,1,0,1,0,0,1,0,0,0,1,1,1,1,1,0,0,0,0
0,0,0,0,1,0,0,1,0,0,0,1,1,0,0,1,1,0,1,0,0,0,1,1,1,1,0,1,0,1,1,0,0,0,0,0,1,0,0,1,1,1,1,1,0,1,0,1,0,0,1,0,1,0,1,1,1,1,1,1,1,1,1,0,1,0,1,1,1,1,1,1,0,1,1
1,1,0,1,1,0,0,1,0,0,1,1,0,0,0,0,0,1,0,1,0,1,0,1,0,0,1,0,1,1,1,0,1,0,0,1,0,0,0,0,0,1,0,1,0,1,1,0,1,0,1,1,1,1,0,0,0,1,1,0,0,1,1,1,0,1,1,1,0,1,0,1,0,0,1
1,0,1,0,1,1,0,1,0,0,1,1,0,0,0,1,0,1,0,0,0,0,0,1,0,1,1,1,1,1,0,1,0,0,0,0,1,1,0,1,1,0,0,1,0,1,0,1,1,1,1,1,1,0,1,1,1,0,1,1,1,1,1,1,1,0,0,0,1,1,1,0,0,1,0
1,0,1,0,0,0,0,1,1,0,1,0,1,0,0,1,1,1,0,0,0,1,1,1,1,0,0,1,1,0,1,1,1,0,1,0,0,1,1,0,1,1,0,1,1,1,1,1,1,1,1,1,1,1,0,0,1,1,1,0,1,0,1,0,1,0,0,0,0,1,0,0,0,1,0
1,1,1,1,1,0,1,1,1,1,1,0,0,0,0,0,0,0,0,0,1,1,0,1,0,0,1,0,0,1,1,1,0,1,1,0,0,0,0,1,1,0,0,1,1,1,0,0,1,1,1,1,1,0,0,1,0,0,1,0,0,0,1,0,1,0,0,0,0,1,0,1,0,0,0
1,0,1,1,0,1,0,1,0,0,1,0,1,0,1,1,1,0,0,1,1,1,0,1,1,1,0,0,0,1,1,1,0,1,1,1,0,1,1,0,1,1,1,1,1,0,1,0,0,1,1,1,1,1,0,0,1,0,0,1,0,0,1,0,0,0,1,0,1,1,1,1,1,1,0
1,1,1,0,1,1,0,1,0,1,1,1,1,0,0,0,1,1,1,0,1,0,0,0,0,0,1,1,1,0,0,0,0,0,0,0,1,0,1,0,1,1,0,1,1,0,1,0,0,1,1,1,1,0,1,1,0,1,1,0,0,0,1,0,0,0,1,1,0,1,1,0,0,1,0
1,0,0,1,1,0,0,1,1,1,0,0,0,0,0,1,0,0,0,0,1,1,0,1,1,1,1,0,0,1,0,0,0,0,1,0,0,0,0,0,0,0,1,1,1,1,1,1,0,1,1,1,1,0,1,0,1,0,1,0,0,0,1,0,1,0,1,0,1,1,1,1,1,1,0
1,0,0,1,0,0,0,1,0,0,0,1,1,0,0,0,1,0,0,1,0,1,0,1,0,0,0,1,0,0,1,1,0,0,0,0,0,1,1,0,1,0,0,1,0,1,0,1,1,1,1,1,1,1,0,1,1,1,0,1,0,0,0,0,1,0,0,0,1,1,0,1,0,1,0
1,0,0,1,1,1,0,1,0,1,1,1,0,1,1,0,1,1,1,0,0,1,0,1,0,1,1,1,0,1,0,1,0,0,0,1,1,0,1,0,1,1,0,0,0,0,1,0,0,1,1,1,1,1,0,0,0,1,1,1,0,0,1,0,0,1,1,1,0,1,1,1,1,1,1
1,0,1,1,1,1,0,0,0,1,0,0,0,0,1,1,1,0,0,1,1,0,0,0,0,1,1,1,1,0,0,1,1,0,1,1,0,1,0,1,0,0,1,1,1,1,0,0,1,1,1,1,1,1,0,1,0,1,0,1,0,1,1,0,1,1,1,1,1,1,1,0,1,1,1
1,1,1,0,1,0,0,1,0,1,1,0,0,0,1,0,1,1,1,0,1,1,0,1,0,0,1,0,0,0,1,0,1,0,0,1,0,0,0,1,1,0,0,1,1,0,1,1,0,0,1,0,1,0,0,1,1,1,1,1,1,1,1,1,0,0,0,1,1,1,0,1,1,1,1
1,0,0,1,1,0,0,1,0,1,0,1,1,0,0,1,0,1,1,0,0,1,1,1,1,1,0,1,0,1,1,0,0,0,0,0,1,1,0,0,1,1,1,1,1,0,1,0,0,1,0,1,0,0,1,0,0,1,0,0,0,0,0,0,0,0,0,1,1,1,1,1,0,1,1
1,0,1,1,1,0,1,1,0,1,1,1,1,0,1,1,1,0,1,1,0,0,0,1,1,0,1,0,1,0,1,0,0,1,0,1,1,1,0,1,1,0,0,1,0,1,0,0,0,0,1,0,1,1,0,1,0,1,0,1,1,1,0,0,0,0,1,1,0,0,0,0,0,1,1
0,1,1,0,0,0,1,1,1,1,0,1,0,0,0,0,1,0,0,0,1,1,1,1,1,1,0,0,0,0,1,1,0,0,0,1,1,1,1,0,0,1,0,1,0,1,0,0,1,1,1,0,1,1,1,1,0,0,1,0,1,0,1,0,1,0,0,1,0,0,1,0,0,1,1
1,1,1,1,0,0,1,1,0,1,0,0,0,0,0,1,1,0,0,0,1,1,0,0,0,0,1,1,1,1,0,0,1,0,1,0,0,0,1,0,1,1,0,1,1,0,0,0,1,1,1,0,1,0,0,0,0,1,0,0,0,0,1,0,1,0,0,0,1,1,0,1,0,0,0
1,0,0,0,0,0,1,1,1,1,0,1,0,0,1,1,1,1,1,1,1,1,1,1,1,0,0,0,1,1,1,0,0,0,1,0,0,1,0,1,0,0,1,1,0,1,0,0,0,1,0,0,1,1,0,1,0,0,0,1,0,1,1,0,0,0,0,1,1,1,1,1,1,0,0
1,0,0,0,1,0,0,1,0,0,1,1,1,0,1,0,1,1,0,0,1,1,0,1,0,0,1,1,1,1,0,1,0,1,0,0,0,1,1,0,1,1,0,1,1,1,0,0,1,0,1,1,1,0,0,1,0,1,1,1,1,0,1,1,0,1,0,1,1,1,1,1,0,1,1
1,0,1,1,1,1,0,1,1,1,1,0,0,0,1,1,1,1,0,0,1,1,1,1,1,0,1,1,0,1,1,1,0,0,1,1,0,1,0,1,0,0,0,1,0,1,1,0,0,1,1,1,0,0,1,0,0,1,0,0,0,0,1,0,1,0,0,0,0,1,1,1,0,1,1
0,0,1,1,1,0,0,0,0,0,0,1,0,0,0,1,1,0,0,0,1,1,0,0,0,1,0,0,1,1,0,1,1,1,0,0,1,0,0,0,1,1,1,1,1,1,0,1,0,0,1,1,1,0,1,1,1,0,1,1,0,1,1,0,0,0,0,1,1,1,1,1,1,1,0
1,0,1,1,1,1,0,1,0,1,0,1,1,0,1,1,1,0,0,0,1,0,0,1,0,1,0,1,0,1,0,0,0,0,1,0,0,1,1,0,1,1,1,1,0,0,0,1,1,1,1,0,1,1,0,1,0,1,0,1,1,1,0,0,1,0,0,0,0,1,1,1,0,1,0
1,0,0,0,1,0,0,1,0,0,0,1,0,0,0,0,1,1,0,0,0,1,0,1,1,1,1,0,1,1,1,1,1,0,0,0,1,1,1,1,1,1,1,0,1,1,1,0,1,1,0,1,1,0,0,1,0,1,0,1,1,1,0,1,1,0,0,0,0,1,1,0,0,1,0
0,0,0,1,0,0,1,1,1,1,1,1,0,0,1,1,0,1,1,0,1,1,1,1,1,0,1,0,0,1,1,1,0,0,1,0,1,0,1,0,1,0,0,1,0,1,0,1,1,1,1,0,1,0,1,0,1,1,0,0,0,0,0,0,1,0,1,0,1,1,0,0,0,1,0
1,0,0,1,1,0,0,1,1,0,0,1,1,0,0,1,1,0,0,0,0,1,1,1,0,0,1,0,1,0,1,1,1,0,0,0,1,1,1,0,1,0,0,1,0,1,1,1,0,0,1,0,1,1,1,0,1,1,0,1,0,0,0,0,1,0,1,0,1,1,0,1,0,1,0
1,1,1,1,0,0,0,1,0,1,0,0,1,0,0,0,1,1,1,0,1,1,1,1,0,0,0,0,0,0,0,1,1,0,0,1,1,0,1,0,1,1,0,1,1,0,1,0,1,0,0,0,1,1,0,1,0,1,0,1,0,0,0,0,0,0,0,0,0,1,0,1,0,1,0
0,0,0,1,1,0,0,1,0,0,0,1,1,0,0,1,1,0,0,1,0,0,0,0,1,0,1,0,1,0,0,1,1,0,0,0,1,0,0,1,1,0,0,1,0,1,0,1,1,1,1,1,1,0,1,1,1,1,0,0,1,0,0,0,1,0,0,0,1,1,0,0,0,1,0
1,0,0,1,1,0,1,1,1,1,0,1,0,0,1,1,0,1,1,0,0,1,1,1,0,0,0,0,1,0,1,1,0,0,1,1,1,1,0,0,0,1,0,1,0,1,0,0,1,0,0,1,1,0,1,1,0,1,0,1,1,0,1,1,1,0,1,0,0,1,0,0,0,1,1
0,0,1,1,1,0,0,1,1,1,0,1,0,0,0,0,0,1,0,0,1,1,0,1,1,1,0,1,1,0,1,0,0,1,1,1,1,0,0,1,1,1,1,1,0,1,1,0,1,0,1,1,0,1,0,0,0,0,1,1,1,1,0,0,1,0,0,0,0,0,1,0,1,0,1
1,0,0,0,1,0,0,0,1,0,0,1,1,0,0,1,1,0,1,0,1,1,0,0,0,0,1,0,0,0,1,1,0,0,0,0,1,0,1,0,1,0,0,1,0,1,0,1,0,0,1,1,1,1,0,1,1,0,1,1,1,0,1,0,0,1,1,0,1,1,0,0,0,1,1
1,0,1,0,1,1,0,1,0,0,1,0,1,1,1,0,1,1,1,0,0,1,0,0,0,1,0,0,0,1,0,1,0,0,0,0,1,0,0,0,1,1,0,1,0,1,1,1,0,0,1,1,1,0,0,0,0,1,0,0,0,1,0,1,1,0,0,1,0,1,0,1,0,1,0
1,0,1,1,0,0,0,1,0,1,0,0,0,0,0,0,1,0,1,1,1,1,0,1,0,1,1,1,1,0,0,0,1,0,1,0,0,0,1,0,1,1,0,1,0,0,0,0,0,1,0,1,1,0,1,1,0,1,0,0,0,0,1,0,1,0,0,0,1,1,0,1,0,1,0
1,0,0,1,1,1,0,1,0,1,0,1,0,0,0,0,0,1,0,0,0,0,1,1,0,0,0,0,1,1,1,0,1,1,1,1,1,0,1,1,1,0,0,1,0,0,0,0,0,1,1,1,1,0,1,1,0,0,0,0,0,0,1,1,0,0,1,1,1,1,0,0,1,1,0
1,0,0,1,1,0,0,1,0,0,1,1,0,0,1,1,1,1,1,0,1,1,0,1,0,0,1,1,1,1,0,1,0,0,1,0,0,0,1,0,1,0,1,1,1,1,1,1,0,1,1,1,1,0,1,1,0,1,0,1,1,0,1,0,1,0,0,0,1,1,1,1,0,0,0
1,1,0,1,1,0,0,1,1,0,0,0,1,0,0,1,1,0,1,0,1,0,0,1,0,1,1,0,1,1,0,0,0,1,1,1,1,1,0,1,0,0,1,1,1,0,1,0,0,0,1,1,0,1,1,0,0,1,0,1,0,1,0,0,1,0,1,0,0,0,1,0,0,0,0
1,0,0,0,1,0,0,0,0,1,0,1,1,0,0,1,1,1,0,0,0,1,0,1,0,0,0,1,0,0,1,0,1,0,1,0,0,0,0,1,0,0,0,1,0,1,1,1,0,1,1,1,1,0,1,0,1,1,1,1,1,0,0,0,1,1,1,1,0,1,0,0,1,1,1
0,0,0,0,1,1,0,1,0,0,0,0,1,1,0,1,1,1,0,0,1,0,0,1,1,1,0,0,1,0,0,0,1,0,1,1,1,0,0,1,1,0,0,1,0,1,1,0,0,0,1,1,1,1,0,1,0,0,0,0,0,0,1,0,1,1,0,0,1,1,0,1,0,1,1
1,1,1,1,0,1,1,1,0,1,1,0,0,0,0,1,0,1,0,0,0,1,1,0,0,1,1,0,1,1,0,0,1,0,0,0,1,1,0,0,0,1,0,1,1,0,1,0,0,1,1,1,1,1,0,1,0,0,0,0,1,1,1,1,1,0,1,0,1,1,0,0,0,1,1
1,0,0,0,0,1,1,0,0,0,0,0,1,0,1,1,1,1,1,0,1,1,0,0,0,0,0,0,0,0,1,0,0,0,0,0,1,1,1,0,1,1,1,1,0,1,1,0,0,1,1,1,1,1,0,1,0,0,1,0,0,1,1,0,1,1,0,1,1,1,0,0,1,1,0
1,0,0,0,0,0,0,1,0,0,0,0,0,0,1,0,1,1,1,0,1,1,0,1,0,1,0,1,0,1,0,0,0,0,0,1,1,0,1,1,1,0,1,1,0,0,1,0,0,1,0,1,1,1,0,1,1,0,1,1,0,0,1,0,1,0,1,0,1,1,1,1,1,1,0
1,1,0,1,1,1,0,1,0,1,0,1,0,0,1,0,0,0,1,0,0,1,0,1,0,0,1,0,0,1,0,1,0,0,1,0,1,0,1,0,1,1,0,1,1,0,1,1,0,1,0,1,1,0,0,1,1,0,0,0,1,0,1,1,0,0,1,1,0,1,0,1,1,1,0
1,0,1,0,0,1,0,1,1,0,1,0,0,0,1,1,0,1,0,0,1,1,0,0,1,1,1,1,0,1,1,0,0,0,1,1,0,0,0,1,0,0,0,1,0,1,0,0,0,1,0,1,1,0,1,1,0,0,0,1,0,1,0,0,1,0,0,0,0,1,0,1,1,1,0
0,0,0,0,0,1,1,0,0,0,0,0,0,1,1,0,1,0,1,0,1,1,1,1,0,0,1,0,1,1,0,1,0,0,0,1,0,1,0,1,0,0,0,1,0,0,0,0,1,0,1,0,1,1,1,1,0,1,0,0,0,1,0,1,1,1,1,1,1,0,0,1,0,1,0
1,1,1,1,1,1,1,0,1,1,0,1,0,1,0,1,0,1,0,1,0,1,1,1,0,1,1,0,1,1,0,0,1,0,1,1,1,1,0,1,1,0,0,1,1,1,1,1,0,1,1,0,1,1,1,0,1,0,1,0,1,1,1,1,1,0,0,0,1,1,0,0,1,1,1
0,1,1,1,0,0,0,1,1,1,0,1,0,0,1,0,0,1,1,0,1,1,0,1,0,0,0,1,1,1,0,0,0,1,0,0,1,1,1,0,0,1,1,1,0,0,1,0,1,0,1,0,1,0,0,0,0,0,0,1,1,0,0,1,1,0,0,1,0,1,1,1,0,1,0
1,1,1,0,1,0,0,0,0,1,0,1,0,0,1,1,1,0,0,1,0,1,0,1,1,1,1,1,0,1,0,0,0,0,1,1,0,0,0,1,1,0,0,0,1,1,1,0,0,1,1,1,1,1,1,1,1,0,1,0,1,1,1,0,1,0,1,0,0,1,0,0,1,1,0
0,0,0,0,1,0,1,0,0,1,0,1,0,0,0,1,1,1,0,0,1,1,0,1,1,1,1,1,1,1,0,0,1,1,1,1,0,1,0,1,1,0,0,1,0,1,1,1,1,1,1,1,1,1,0,0,1,1,1,0,1,0,1,0,1,0,0,0,1,1,0,0,0,1,0
1,0,0,1,1,0,0,1,0,1,1,1,0,1,0,1,1,0,0,0,0,0,0,1,1,0,1,0,0,1,1,1,1,0,1,1,1,0,1,1,1,0,0,1,1,1,0,1,1,1,1,0,1,1,0,0,1,1,0,1,1,1,0,0,0,0,1,0,0,1,0,1,0,1,0
1,0,1,0,0,1,1,1,0,1,0,0,0,0,1,0,0,0,0,0,0,0,1,1,0,1,1,0,1,0,0,1,1,0,1,1,0,1,0,0,1,1,1,1,1,1,0,1,0,1,0,1,1,1,1,1,1,1,1,1,0,0,1,0,1,0,0,1,1,1,1,1,0,1,1
1,1,1,0,0,1,0,0,0,0,0,0,0,1,1,1,0,0,1,0,1,1,0,1,0,1,1,0,0,0,0,1,0,1,1,1,1,1,0,1,0,0,0,1,1,0,0,1,0,0,1,1,1,0,0,0,1,1,0,1,0,1,1,0,0,1,0,0,1,0,1,0,1,1,0
1,0,0,0,1,0,0,1,0,1,1,1,1,0,0,1,1,0,1,0,1,1,1,1,0,0,0,0,1,1,1,1,0,0,1,0,0,0,1,0,1,0,1,1,1,0,1,0,1,0,1,0,1,0,1,1,0,0,1,1,1,0,0,0,1,0,0,0,0,1,1,1,0,0,1
1,0,0,1,0,1,0,1,0,1,0,1,0,1,0,0,1,1,0,1,0,1,0,0,0,0,0,1,0,0,0,1,1,0,0,0,1,1,1,0,1,1,1,1,1,0,1,0,0,1,0,1,1,0,1,0,0,1,1,0,0,0,1,0,1,0,0,1,0,1,1,0,0,1,0
1,0,0,0,0,0,0,0,0,0,1,1,0,0,0,0,1,0,0,0,0,1,1,1,0,0,1,0,0,0,1,1,1,0,1,0,0,1,1,0,1,0,1,1,0,1,1,1,0,1,1,0,1,1,0,0,1,0,0,1,0,0,1,0,0,1,1,0,1,1,1,1,1,0,0
1,0,0,0,1,1,0,1,0,0,0,0,1,1,0,1,1,0,0,0,1,1,0,1,1,0,1,0,0,1,0,1,1,1,1,0,0,0,1,0,1,1,1,1,0,1,0,1,1,1,1,1,1,0,1,1,0,1,0,0,1,0,1,1,1,0,0,0,0,1,1,0,0,0,1
1,0,0,0,1,0,1,1,0,0,0,1,0,1,0,1,1,1,1,0,1,1,0,1,0,0,1,0,0,0,1,0,1,0,1,0,1,0,1,0,1,1,1,1,0,1,0,0,0,0,0,1,1,0,1,1,1,1,1,0,0,1,1,1,1,0,1,0,1,1,1,0,0,1,0
0,0,1,1,1,1,1,1,0,0,1,1,0,0,1,0,1,1,0,0,0,1,1,1,0,0,0,1,0,0,1,1,1,0,1,0,0,1,0,0,1,1,0,1,1,1,1,0,1,0,1,0,1,1,0,0,0,1,0,1,0,1,1,0,1,0,1,0,0,0,1,1,0,0,0
1,1,1,0,0,1,1,0,1,1,0,1,0,0,1,1,1,0,0,1,0,0,1,1,1,1,0,0,0,0,1,0,0,1,0,0,1,1,1,0,1,0,1,1,1,1,1,0,1,1,1,1,1,1,0,0,0,1,1,1,1,1,1,0,1,1,0,1,0,1,1,0,0,1,1
1,0,0,1,0,1,0,1,0,1,0,0,0,0,0,0,1,1,0,0,0,1,0,1,0,1,0,1,0,1,1,0,0,0,1,1,1,0,1,0,1,1,0,0,0,1,0,1,1,1,1,1,1,1,1,1,0,0,1,0,0,0,1,0,1,0,0,1,0,1,0,0,1,1,0
1,0,1,0,1,1,1,1,0,0,0,1,1,0,0,1,1,1,0,0,1,1,1,1,0,0,1,1,1,0,0,1,1,1,1,0,1,1,1,0,0,0,0,1,1,1,1,0,0,0,1,1,1,1,0,1,0,1,1,0,1,0,1,0,1,0,0,0,0,1,0,0,0,1,0
1,0,0,1,1,0,0,1,1,0,0,1,0,1,0,0,0,1,0,0,1,1,0,0,1,1,0,0,1,1,1,0,1,0,1,1,0,1,1,0,0,1,0,1,0,0,0,1,0,1,1,0,1,1,1,1,1,1,1,0,0,0,1,0,1,0,1,1,0,0,0,0,1,0,1
0,0,1,1,1,0,0,1,1,1,0,0,0,0,1,0,1,1,0,0,0,1,1,1,1,1,1,1,1,0,1,1,1,1,1,1,1,0,0,1,1,0,1,1,0,1,0,0,0,0,0,0,1,0,0,0,0,1,1,0,0,1,1,0,1,0,1,1,1,1,1,0,0,0,0
1,0,0,0,1,0,0,1,0,0,0,1,1,0,0,1,1,0,0,0,1,1,0,0,1,0,1,0,1,0,0,1,1,0,0,0,0,0,1,0,1,0,0,1,0,1,0,1,0,0,1,1,0,0,1,0,1,1,0,0,1,0,0,0,1,0,1,0,0,1,1,1,0,1,0
1,0,0,1,1,1,0,1,0,0,0,1,1,0,0,0,0,1,1,0,0,1,0,0,0,0,1,1,1,0,1,1,1,1,1,0,1,0,0,0,0,1,1,1,0,1,1,1,1,1,1,1,1,0,1,1,1,1,1,1,1,0,1,1,0,0,1,1,0,1,1,0,1,1,1
1,1,0,0,1,1,0,1,1,1,0,0,0,0,0,0,0,0,0,1,0,1,0,0,0,0,1,1,1,1,1,0,1,0,1,1,1,1,0,0,0,1,1,1,1,1,0,0,1,1,1,1,1,0,0,1,0,1,1,1,0,1,1,1,1,0,0,1,1,1,1,1,0,1,0
1,0,1,0,1,0,0,1,0,1,1,1,0,0,0,0,1,1,0,0,1,0,0,1,0,0,1,0,0,0,0,0,1,0,0,1,0,0,1,0,1,1,1,1,1,1,1,0,0,0,0,1,1,1,1,0,0,0,1,1,1,1,0,0,0,0,0,1,0,1,0,0,0,1,0
1,0,0,0,1,0,0,1,0,1,0,1,0,0,0,1,1,1,0,0,1,1,0,1,1,1,1,1,0,0,1,0,1,1,0,1,1,0,0,1,1,0,0,1,0,0,1,1,0,1,1,1,1,1,0,1,1,0,1,0,0,0,1,0,1,1,0,0,0,1,0,0,1,1,1
1,0,1,1,1,0,0,1,0,1,1,1,1,0,0,1,0,1,1,0,0,1,1,1,0,0,0,1,0,0,0,1,1,0,0,0,1,1,1,0,1,0,1,1,1,0,1,0,1,1,1,1,1,1,1,1,0,0,1,0,0,0,1,0,0,1,0,1,0,1,1,0,0,1,1
0,0,0,0,0,0,0,1,0,1,0,1,0,0,1,0,1,1,1,0,0,1,1,1,0,1,1,1,0,1,1,0,0,0,0,1,1,0,0,1,0,0,0,1,1,0,0,0,0,0,0,1,1,1,0,1,0,0,1,0,1,1,1,0,1,0,0,0,1,1,0,1,1,1,0
1,0,0,1,1,0,1,1,0,0,0,1,1,0,1,0,0,1,1,1,1,1,1,1,0,0,1,1,0,0,1,0,0,0,0,1,1,0,1,0,1,1,0,1,1,0,0,0,1,0,1,1,1,1,0,1,0,0,0,1,1,1,0,0,1,0,0,1,1,1,1,0,0,1,1
1,0,0,0,1,0,0,1,1,1,1,0,0,0,0,1,1,1,0,0,1,1,0,1,1,1,0,1,1,0,0,1,1,0,0,0,1,0,1,0,1,0,0,1,0,1,1,0,1,0,1,1,1,1,0,0,0,0,1,1,0,1,1,1,1,1,0,1,1,1,0,0,0,1,1
1,0,1,0,0,0,0,1,0,1,1,1,1,1,1,0,1,1,1,1,1,0,0,0,0,0,1,0,1,1,0,1,0,0,0,0,1,1,1,0,1,1,1,1,1,0,1,0,0,0,0,1,1,1,0,1,0,1,1,1,1,1,0,0,0,1,0,0,0,1,1,1,0,1,0
1,0,0,1,1,0,1,1,1,0,0,0,1,0,1,1,0,1,1,0,1,1,1,1,0,0,1,1,1,0,1,0,0,0,1,1,0,0,0,1,1,0,1,1,0,0,1,1,0,0,1,0,1,0,1,1,0,1,0,1,0,1,1,0,1,0,0,0,1,1,1,1,0,1,1
1,0,1,1,1,0,0,0,0,0,0,1,1,0,0,1,1,1,0,1,1,0,1,0,0,1,1,1,1,1,1,1,1,0,0,0,1,0,0,0,1,0,0,0,0,1,1,1,1,0,1,1,0,1,0,0,0,1,0,1,1,1,0,0,1,1,1,0,0,1,0,0,1,1,1
0,1,1,0,1,1,1,1,1,1,1,0,0,0,0,0,1,0,1,1,0,1,0,0,1,1,0,1,1,0,1,0,1,0,1,0,1,0,0,1,1,0,1,1,0,1,1,0,0,1,1,0,1,0,0,0,0,0,0,0,0,1,0,0,1,0,0,0,0,0,0,1,1,0,1
0,0,0,0,0,0,0,1,0,0,1,1,0,0,0,1,0,0,0,0,1,1,0,1,1,1,1,1,1,1,1,1,1,0,1,0,1,0,0,0,1,1,1,1,0,1,0,0,0,1,1,1,1,0,1,1,1,1,0,1,1,1,0,1,0,1,0,0,1,1,1,0,1,0,1
1,0,0,1,1,1,0,1,0,0,0,1,0,1,1,1,1,0,0,0,1,1,1,1,0,0,1,1,1,1,0,0,1,0,1,0,1,1,1,0,1,0,0,1,1,1,1,1,0,1,1,1,1,1,0,0,0,0,1,1,0,1,1,0,1,0,1,1,1,1,1,1,1,0,0
1,0,0,0,1,0,0,1,0,0,0,1,1,1,1,1,1,0,1,0,1,0,0,1,1,1,0,0,0,0,1,1,0,0,1,0,1,0,1,0,1,0,1,0,0,1,1,0,0,0,1,1,1,1,0,0,0,0,1,0,1,0,1,0,1,0,0,1,1,0,1,0,0,1,0
1,0,0,1,0,0,0,1,0,0,1,1,0,0,1,0,1,1,1,0,1,1,0,1,0,0,1,1,1,0,1,0,0,0,1,0,0,1,1,0,1,0,1,1,0,1,1,1,0,0,1,1,1,1,1,1,1,0,0,0,1,1,1,0,0,1,1,0,1,1,1,0,0,1,0
1,0,0,0,0,0,0,1,1,0,0,0,0,0,0,0,1,1,0,0,0,1,0,1,0,0,1,0,1,0,1,1,1,0,0,0,0,1,0,1,1,1,0,1,0,0,0,1,1,0,1,0,1,1,0,1,1,1,1,0,0,1,1,1,1,0,0,0,0,1,0,0,0,1,0
1,0,1,0,0,1,0,0,0,0,0,1,0,0,1,0,1,0,0,0,0,1,0,1,0,0,1,1,0,1,0,1,0,0,0,1,0,1,1,0,1,1,1,0,1,1,1,0,0,1,0,1,1,0,1,1,0,0,1,1,0,0,0,0,1,1,0,0,1,1,1,1,1,1,0
1,0,1,0,1,1,0,0,0,1,0,1,1,0,0,1,0,0,0,1,0,1,0,1,0,0,1,0,1,0,1,1,0,0,1,0,0,0,1,0,1,1,1,1,1,0,0,1,0,1,1,1,1,0,1,1,1,1,1,1,1,0,1,0,0,1,1,0,0,1,1,0,0,1,0
1,0,0,0,0,0,0,1,1,0,0,1,0,0,1,1,1,1,1,0,0,0,0,1,1,1,1,0,1,1,0,0,1,0,1,1,0,0,0,1,1,0,0,1,0,1,1,0,0,0,1,1,1,0,1,0,1,0,1,0,1,0,1,0,1,0,0,0,1,1,0,0,1,1,0
0,0,0,1,0,1,0,0,1,0,0,0,0,0,0,1,1,1,0,0,0,1,0,1,0,1,1,0,1,1,0,1,1,0,0,1,1,0,0,1,1,0,0,1,0,1,1,0,0,1,0,0,1,0,1,0,0,0,0,1,0,0,1,0,1,0,0,1,1,0,0,0,1,1,0
1,1,1,1,1,1,1,1,0,1,1,0,0,0,0,1,1,1,1,0,1,1,1,1,0,0,0,1,1,1,0,1,1,0,0,0,0,0,1,0,0,1,1,1,0,0,0,0,0,1,1,0,1,1,1,1,0,1,1,0,0,0,1,0,1,0,0,0,1,1,1,0,1,0,0
1,1,0,0,0,1,0,1,0,0,0,0,1,0,0,1,0,0,0,0,0,0,0,0,0,1,0,1,0,1,0,0,1,1,1,0,0,1,1,0,1,1,0,1,1,1,0,0,0,0,1,1,1,1,0,1,1,1,1,0,0,0,1,0,1,0,0,0,0,1,0,1,0,0,0
1,0,0,0,0,0,0,1,0,0,0,0,0,1,0,1,1,0,1,1,0,1,0,0,0,1,1,0,0,1,0,1,0,0,0,0,1,0,0,1,1,1,0,1,1,1,0,1,1,1,1,1,1,1,0,1,0,1,0,0,1,1,0,0,1,0,1,1,0,1,0,1,0,1,0
1,0,0,1,1,1,0,1,0,0,0,0,0,0,0,1,1,1,0,0,0,1,0,0,0,0,1,1,1,0,1,1,1,0,0,0,1,1,0,1,1,0,0,1,0,1,0,0,1,1,1,1,1,1,1,1,1,1,1,1,0,0,1,0,1,0,0,0,1,1,1,0,0,1,0
1,0,0,1,1,0,1,1,0,0,1,1,0,1,0,0,1,1,1,0,0,0,0,0,0,0,1,0,0,0,1,0,1,0,1,0,1,0,0,0,0,1,1,1,0,1,1,0,1,1,1,0,1,0,1,0,0,1,0,1,1,1,1,0,0,0,1,0,1,1,1,0,0,1,0
1,0,1,1,0,1,1,1,0,0,0,1,1,1,0,1,0,0,0,0,1,0,1,1,0,0,1,1,1,0,1,0,0,1,0,0,1,0,0,0,0,0,0,1,0,1,0,0,0,0,1,1,1,1,0,1,0,0,0,1,1,1,0,0,0,0,0,0,1,0,1,0,0,1,0
1,1,1,1,1,0,0,1,0,1,0,1,1,0,0,0,0,1,0,1,1,1,0,0,0,1,1,1,1,1,1,0,1,0,1,1,1,0,0,1,1,0,1,1,0,1,0,1,0,1,1,1,1,1,0,1,1,1,1,0,1,1,0,0,0,0,1,0,0,1,0,0,0,0,0
1,0,0,1,0,1,0,1,0,0,0,0,0,0,0,0,0,0,0,1,0,1,0,0,1,1,1,1,0,1,1,1,0,0,0,1,1,1,1,0,1,1,1,1,0,1,1,0,0,1,1,1,1,1,1,0,1,0,1,1,0,0,0,0,1,1,0,0,0,0,1,1,1,1,0
1,1,0,1,1,0,0,0,0,0,0,1,1,0,1,1,1,0,0,0,1,0,1,1,0,1,0,1,0,1,1,0,0,0,1,0,1,1,0,0,1,0,0,1,1,1,0,0,0,1,1,0,1,1,1,1,0,1,0,0,0,1,1,0,0,1,1,0,0,1,0,1,0,1,0
1,0,0,0,0,1,0,1,0,1,0,0,0,1,1,1,0,1,1,0,1,1,0,1,1,1,1,1,0,0,1,1,0,0,0,1,1,0,1,0,1,1,1,1,0,0,1,0,0,1,1,1,1,0,1,0,0,1,1,1,0,1,1,0,1,0,0,0,1,1,1,0,0,1,0
0,0,1,1,0,0,0,0,0,1,0,1,1,0,0,0,1,1,0,1,1,1,0,0,0,0,0,1,0,0,0,1,1,1,1,1,1,1,0,1,1,1,0,1,0,1,0,0,0,0,1,0,1,1,0,1,0,0,0,1,1,0,0,0,1,1,0,0,1,0,0,1,1,1,0
1,0,0,1,1,0,0,1,0,1,1,1,1,0,0,1,0,1,1,0,0,1,0,1,1,0,1,0,1,0,1,0,1,0,1,1,1,1,0,1,1,0,1,1,0,1,0,1,1,0,1,1,1,1,0,0,1,1,0,1,0,1,0,0,1,0,0,1,1,1,1,0,0,1,0
1,0,1,1,1,1,0,1,0,1,0,1,0,0,1,0,1,0,0,0,0,0,1,1,0,0,0,1,0,1,1,1,0,1,1,1,1,1,0,1,0,1,1,1,1,1,0,0,0,1,1,1,1,1,0,1,0,0,1,1,0,1,0,0,1,1,0,0,1,0,1,1,1,0,0
0,0,1,0,0,0,1,1,0,1,0,1,0,1,0,1,0,0,0,0,1,0,1,1,0,1,1,0,1,0,1,1,1,0,0,1,1,1,1,1,1,0,0,1,0,1,0,0,1,1,1,0,1,0,0,1,0,1,1,1,0,0,1,0,0,1,1,0,1,1,0,1,0,0,0
0,0,1,0,0,1,0,1,0,1,0,0,0,0,1,0,0,0,1,0,1,0,0,1,0,1,0,0,0,0,1,1,0,0,0,0,0,0,1,0,1,1,1,1,0,1,0,0,0,1,1,1,1,0,0,0,0,1,1,1,1,1,1,0,0,0,0,1,1,0,1,0,0,1,0
1,0,0,0,0,1,0,0,1,1,0,1,1,0,0,0,1,0,0,0,1,1,0,1,1,1,0,1,1,0,1,0,0,0,1,0,0,0,1,0,1,0,1,1,0,1,1,1,0,0,1,1,1,0,0,1,1,0,1,1,1,1,1,1,1,1,0,0,1,1,1,1,1,1,0
1,0,0,0,1,1,0,1,0,1,0,1,0,1,1,1,0,1,0,1,1,0,0,0,0,0,1,0,0,0,1,1,1,0,0,1,1,1,0,1,1,0,1,1,0,1,1,0,0,1,1,1,1,1,0,0,0,1,0,0,1,1,0,0,1,0,0,0,0,1,1,0,0,0,1
1,0,1,0,1,0,0,0,0,0,0,1,0,0,0,0,1,1,1,1,0,1,0,0,0,1,0,0,0,0,1,0,1,0,1,0,0,0,0,0,1,1,0,1,1,1,0,0,0,1,0,1,0,1,1,1,0,1,0,0,1,0,0,0,0,1,0,1,1,1,0,0,0,1,0
1,0,1,0,1,1,0,1,0,1,0,0,1,0,1,1,1,1,1,0,1,1,1,1,0,0,0,0,0,1,1,0,0,0,0,0,1,0,1,0,0,1,1,1,0,0,0,0,0,0,1,1,0,1,0,1,0,1,1,0,0,0,1,0,1,0,0,1,0,1,1,1,0,1,1
1,0,1,0,1,0,0,1,1,1,0,1,1,0,1,1,1,1,1,0,0,1,0,1,0,0,1,1,1,1,1,1,1,0,0,0,1,1,1,0,1,1,1,1,1,1,1,1,0,1,1,0,1,1,0,0,1,1,1,0,0,0,1,1,1,0,0,0,0,1,0,1,0,1,0
1,0,1,1,1,0,0,1,0,1,0,0,1,0,1,1,0,0,1,0,1,1,0,1,0,0,0,0,1,0,1,1,0,1,1,1,1,0,1,0,1,1,1,1,1,1,1,0,0,1,1,0,1,0,1,0,0,1,0,1,1,0,0,0,1,0,0,0,0,1,1,0,0,1,0
0,0,1,0,1,0,0,0,0,1,0,0,0,0,1,1,1,1,1,0,1,1,0,0,0,1,1,1,1,1,1,1,1,0,0,0,0,1,1,0,1,0,0,1,0,0,1,1,1,1,1,0,0,0,1,1,1,0,1,1,1,1,0,0,0,1,1,0,1,0,0,0,1,1,0
1,1,0,1,1,0,0,1,0,1,0,1,1,0,1,1,1,1,1,1,1,1,0,1,0,1,1,1,0,1,0,0,0,0,0,1,1,1,1,0,1,0,0,1,1,1,0,1,1,1,0,1,1,1,1,0,1,0,0,0,1,0,0,0,1,0,1,0,0,1,0,1,0,1,0
1,0,0,0,0,0,0,1,1,0,0,1,1,1,0,1,1,0,1,0,0,1,0,1,0,0,1,0,1,0,0,0,1,0,1,0,1,1,0,0,0,0,1,1,1,1,0,0,0,0,1,1,1,1,0,0,1,0,0,0,0,1,0,0,0,0,0,0,1,0,0,0,0,0,1
1,0,0,0,1,0,0,1,0,1,1,1,0,0,0,0,1,1,0,1,0,1,0,0,0,0,1,0,1,0,0,0,1,0,1,0,1,0,1,0,0,1,0,1,1,0,1,1,1,1,0,1,1,0,1,1,1,1,1,0,1,1,0,1,1,0,0,0,0,1,0,1,0,1,0
1,1,1,0,0,1,0,1,0,0,1,0,0,0,0,1,1,1,0,0,0,1,0,0,0,1,0,1,1,1,0,0,1,1,0,0,1,1,1,0,1,0,1,1,1,1,1,0,0,1,1,1,1,0,0,0,1,0,1,0,0,0,1,0,1,0,0,1,1,1,0,0,0,1,0
1,0,0,0,1,0,1,0,0,1,0,1,0,0,1,1,1,1,1,0,0,1,1,1,1,1,0,0,0,1,1,1,0,0,1,1,1,0,0,1,1,1,1,1,0,1,0,0,0,1,0,0,1,0,0,1,0,1,0,1,1,0,1,0,1,1,0,0,0,1,1,1,0,1,0
1,1,1,1,1,0,0,1,0,0,0,1,0,0,0,0,0,0,0,1,0,1,1,1,0,1,1,1,1,1,0,0,1,1,1,0,1,0,1,0,1,0,0,1,1,1,0,0,1,1,1,0,0,0,0,1,1,1,1,1,0,0,1,1,0,0,0,1,0,1,0,1,0,1,0
1,1,0,1,1,1,0,1,0,1,0,0,1,0,0,1,1,1,1,0,1,1,1,1,0,0,0,1,0,0,1,0,1,1,0,0,1,1,1,0,1,1,1,1,1,0,1,0,1,1,1,0,1,0,1,1,0,1,1,0,0,0,0,1,1,0,0,1,0,1,1,0,0,1,1
1,0,0,1,0,0,0,0,1,1,0,1,1,0,0,0,1,1,0,0,1,1,1,1,0,0,0,0,1,1,0,1,1,1,1,0,1,0,1,0,1,1,1,1,1,1,1,1,0,0,1,1,1,1,0,0,1,1,0,0,0,1,1,0,0,1,1,1,1,1,0,1,1,1,1
1,0,0,0,1,1,0,1,1,1,1,1,0,1,0,0,0,0,0,0,0,1,0,0,1,1,1,0,1,0,0,0,1,0,1,0,1,0,1,0,1,1,0,1,1,0,1,1,0,1,1,1,1,1,1,1,1,0,1,0,1,0,1,0,1,0,1,0,0,1,0,0,1,1,0
0,1,1,1,0,1,0,1,1,0,0,0,1,0,0,1,1,0,1,0,1,1,0,1,0,0,1,1,1,1,1,1,1,0,1,1,1,0,1,1,0,0,0,1,1,0,0,0,0,0,1,1,1,0,0,0,0,1,1,1,1,0,0,0,0,0,1,0,1,0,0,0,0,1,0
1,0,1,1,0,1,0,1,1,0,1,0,1,0,0,1,1,1,0,1,0,0,0,0,0,1,1,1,1,0,0,1,1,0,0,1,0,0,0,1,1,0,0,1,0,0,0,0,0,1,1,0,1,1,0,1,0,0,1,0,1,1,1,0,0,1,0,0,1,1,0,0,1,1,0
0,1,1,0,0,1,0,1,1,0,0,1,0,0,1,0,1,1,0,0,1,1,0,1,1,0,0,1,0,0,1,1,0,0,1,1,1,1,0,1,1,0,0,1,0,1,1,0,1,1,1,0,1,1,0,1,0,0,1,1,0,0,1,0,0,0,0,0,0,1,0,0,0,1,0
0,1,0,0,1,1,0,1,0,1,1,0,1,0,0,1,1,1,0,0,0,1,0,0,0,1,0,0,0,0,0,0,0,0,1,1,1,1,1,0,1,1,0,1,1,1,1,0,1,1,1,1,1,1,1,1,0,0,0,0,0,0,1,0,1,0,0,0,0,1,0,0,0,0,0
1,0,0,0,0,0,0,1,0,1,0,0,0,0,0,1,1,0,1,0,1,1,0,0,0,1,1,1,1,0,1,1,1,0,0,0,1,1,1,0,0,0,1,1,0,0,0,0,1,1,1,1,1,1,0,1,0,1,1,1,0,0,1,0,1,0,0,1,1,1,1,1,0,1,1
0,0,1,1,1,0,0,1,0,1,0,1,0,0,1,0,1,0,0,1,0,0,1,1,0,1,1,1,0,0,1,0,0,1,1,1,1,0,0,1,1,0,0,1,0,1,0,1,0,1,0,0,1,0,0,1,0,0,0,0,1,0,1,0,0,0,1,1,0,0,0,0,1,0,0
0,1,0,1,0,0,0,1,1,0,0,0,0,0,1,0,1,0,0,1,0,1,0,0,0,1,1,0,1,0,1,0,1,0,1,1,0,0,0,0,0,1,1,1,0,0,0,0,1,0,1,1,0,1,0,0,0,0,0,1,0,1,0,0,1,0,0,1,0,1,0,0,1,1,0
1,0,0,0,0,1,0,1,0,1,0,1,0,1,0,1,1,1,0,0,0,1,0,1,0,1,1,1,0,0,1,0,0,1,1,0,1,0,0,1,1,0,0,1,0,0,0,1,0,1,1,1,1,0,1,1,1,0,0,0,1,1,1,0,0,0,0,0,0,1,0,0,1,0,0
1,1,1,1,1,0,0,1,0,0,1,1,1,0,1,0,1,0,1,0,1,1,1,1,1,0,1,1,0,1,0,0,0,1,0,0,1,0,1,0,1,0,0,1,0,1,0,0,0,0,0,0,0,1,0,0,0,1,0,1,1,0,0,0,0,0,0,1,1,1,0,0,0,0,1
1,1,0,1,0,1,0,0,0,0,0,0,0,1,1,1,1,1,0,0,0,1,0,0,0,0,1,1,0,1,1,1,1,0,1,1,0,1,1,0,1,1,1,1,0,1,1,0,0,1,1,1,1,1,1,1,0,0,1,0,0,1,1,0,1,1,0,0,0,1,1,0,1,1,0
1,0,0,0,0,1,0,1,0,0,1,1,0,0,1,1,1,1,1,0,1,1,0,0,1,0,0,0,0,0,1,1,1,0,0,1,0,1,0,1,1,0,1,1,0,1,0,0,0,0,1,1,1,1,0,1,0,1,0,1,1,1,0,0,0,0,0,0,1,1,1,1,0,1,0
0,0,1,1,1,1,0,1,0,0,0,1,0,0,0,1,1,0,0,1,1,1,1,1,0,1,1,1,1,0,1,0,1,0,0,0,0,0,0,1,0,0,0,1,1,1,0,1,1,1,1,1,1,1,0,1,1,1,1,1,0,0,1,0,1,0,0,0,0,1,0,1,0,0,1
1,1,1,1,0,0,0,1,0,1,0,0,0,0,1,1,0,0,1,0,1,1,1,1,0,1,1,0,0,0,0,0,0,0,1,0,0,1,1,0,1,0,0,1,1,0,0,0,1,1,1,0,1,1,0,0,0,0,0,0,1,0,0,0,1,0,0,0,1,1,0,0,0,1,1
0,0,0,0,0,0,0,1,1,1,1,1,0,0,1,1,1,1,1,0,0,1,1,1,1,1,1,1,1,1,0,1,1,0,1,1,1,0,0,1,1,0,0,0,1,1,1,1,0,1,1,0,1,0,0,0,0,0,0,0,1,1,1,1,0,0,1,1,1,1,1,0,1,0,0
1,0,1,1,0,0,0,1,1,1,0,1,0,0,0,0,1,1,1,0,1,0,0,0,1,0,1,0,0,0,0,1,1,0,1,1,0,1,1,0,1,1,0,1,0,1,1,1,0,1,1,1,1,1,1,0,1,0,0,1,0,1,1,0,0,0,1,1,1,1,0,0,1,0,1
1,0,0,1,1,1,0,1,0,1,1,0,1,0,1,0,1,0,0,0,0,1,1,1,0,0,0,0,0,1,0,0,0,0,0,1,1,1,0,1,1,0,1,1,0,1,0,0,0,0,1,0,1,0,1,1,0,1,1,1,0,0,1,0,1,0,0,0,0,1,1,1,0,1,0
1,0,1,0,0,0,0,1,1,1,0,0,0,0,1,1,1,1,0,0,0,1,0,1,1,0,1,0,0,0,0,1,0,0,1,1,0,0,0,1,0,0,1,1,0,1,1,1,0,1,1,0,1,1,0,1,1,1,1,0,0,0,1,0,0,0,1,0,1,0,1,0,0,1,0
1,0,0,0,0,0,0,1,1,1,0,0,0,0,0,0,1,1,0,0,1,0,0,1,1,1,1,0,1,1,1,1,1,0,1,1,0,1,1,1,1,0,1,1,0,1,1,0,0,1,1,1,1,1,1,1,0,0,1,1,0,1,1,0,0,0,0,1,1,1,1,0,1,1,0
1,1,1,1,0,1,0,1,0,1,1,1,0,0,0,1,0,0,0,0,1,0,1,1,0,0,1,1,0,1,1,1,1,0,1,1,0,0,1,1,1,0,1,1,1,1,1,0,0,1,1,0,1,1,0,1,1,0,1,0,0,0,1,0,0,0,1,1,1,1,1,0,1,0,0
1,0,0,0,0,1,0,1,0,0,1,1,0,0,0,1,1,0,0,1,0,1,0,0,0,0,1,1,1,1,1,0,1,0,1,0,0,0,0,1,0,0,0,1,0,1,0,1,1,0,1,1,1,0,1,0,1,1,1,1,1,1,0,1,1,0,1,1,1,1,1,1,0,1,0
1,1,1,1,1,0,0,1,0,1,0,1,0,0,0,1,1,0,0,0,1,0,0,1,0,0,1,1,1,0,1,0,1,0,1,0,0,1,1,0,1,0,0,1,1,0,0,0,0,0,1,0,1,1,1,1,0,1,0,0,1,1,1,0,1,1,0,1,1,1,0,0,1,0,1
1,0,1,1,0,0,0,0,1,0,0,1,1,1,1,0,1,0,0,0,0,0,0,1,0,1,1,0,0,1,1,0,0,1,1,0,1,1,1,0,1,1,0,1,0,1,0,0,0,0,0,0,1,1,1,0,0,0,0,1,0,1,1,0,1,1,0,0,0,1,1,1,1,1,0
1,0,1,1,0,0,0,1,0,0,0,0,1,0,0,0,1,0,1,0,1,1,0,1,0,1,1,0,1,0,0,0,1,0,0,0,1,1,1,0,1,1,1,1,0,1,0,0,1,1,1,1,1,1,1,1,0,1,1,1,0,0,0,0,1,0,0,0,1,1,1,1,0,1,0
1,0,0,1,1,0,0,1,0,1,0,0,0,1,0,1,1,0,0,0,0,1,0,1,0,0,0,1,1,1,1,1,1,0,1,0,0,1,1,1,1,0,1,1,0,0,1,0,0,1,0,1,1,0,1,0,0,1,0,0,0,0,1,0,1,0,0,0,1,1,1,0,0,1,0
1,0,0,1,0,1,1,0,0,0,0,1,1,0,0,1,1,0,0,1,0,1,0,0,1,1,0,1,1,0,1,0,1,0,1,0,1,0,1,0,1,0,1,1,0,1,0,1,0,0,1,0,1,0,1,0,1,1,1,0,1,1,0,0,1,1,1,0,1,1,1,1,0,0,0
0,1,1,0,1,0,0,1,0,1,0,0,0,1,1,1,1,0,0,1,0,0,0,0,1,1,1,1,0,1,1,1,0,0,1,0,1,0,1,1,1,0,0,1,1,0,0,0,0,1,0,1,1,0,1,1,0,1,0,0,0,0,1,0,0,0,1,1,0,1,0,1,0,1,0
1,0,1,0,0,0,0,1,0,0,0,1,0,1,0,0,1,1,1,0,0,1,0,1,0,0,1,0,1,1,0,1,1,0,1,0,1,1,0,0,1,1,1,1,1,0,1,0,1,1,1,1,1,0,0,0,0,1,1,0,1,1,0,0,0,0,0,1,0,1,1,0,0,1,0
0,1,0,1,0,1,1,1,1,1,0,0,0,0,1,1,1,0,0,0,0,1,1,1,0,1,1,0,0,0,1,1,0,0,1,0,1,0,1,0,1,0,1,1,1,0,0,0,0,1,1,0,1,1,1,0,1,1,0,0,0,1,0,0,0,1,1,1,1,0,0,0,1,1,0
0,1,1,0,1,1,0,1,1,0,0,1,1,0,0,0,1,0,0,0,1,1,0,1,0,1,1,0,1,1,0,1,1,0,1,0,1,0,1,0,1,0,0,1,1,1,1,1,0,0,1,1,1,0,0,1,1,1,1,0,0,1,1,0,1,0,0,0,1,0,0,0,1,1,1
1,1,1,1,1,1,1,1,1,1,1,1,0,0,0,1,1,0,0,0,1,1,1,1,0,1,0,1,0,1,0,0,1,0,0,1,1,0,0,1,1,0,1,1,1,1,1,0,1,1,0,0,1,0,0,0,0,1,1,0,0,1,1,0,1,0,0,0,0,1,0,1,0,1,0
0,1,1,1,0,0,0,1,0,1,0,1,0,0,0,0,0,0,0,0,1,0,0,1,0,1,1,1,0,1,0,0,0,0,1,0,0,1,1,0,1,0,0,1,0,0,0,0,0,1,1,1,1,0,0,0,0,1,1,0,1,0,1,0,1,0,0,0,1,1,0,1,1,1,0
1,0,0,1,0,0,0,1,0,0,0,0,0,1,1,1,1,0,0,0,0,1,0,1,0,1,1,0,0,0,0,0,0,0,1,1,1,1,0,1,1,0,1,1,0,1,0,1,1,1,1,0,1,1,0,0,1,1,1,1,1,0,0,1,1,0,0,0,0,1,1,0,0,1,0
1,1,1,1,1,0,0,1,0,1,1,0,0,0,0,0,0,1,0,0,0,1,0,1,0,0,1,0,0,0,0,0,1,0,0,1,0,1,1,1,1,1,0,1,1,1,1,0,0,1,0,1,1,0,1,0,0,0,0,0,0,1,0,1,0,0,0,0,0,1,0,1,1,1,0
1,0,0,1,1,0,0,1,0,1,0,1,1,0,0,0,1,0,0,0,0,0,1,1,1,0,1,1,1,0,1,0,1,0,0,0,1,0,1,0,1,1,1,1,0,0,0,0,1,0,1,0,1,1,1,1,0,1,0,0,1,1,0,0,1,0,1,1,0,1,1,0,0,1,0
1,0,0,0,1,0,0,1,0,1,1,1,1,1,0,0,1,0,1,0,1,1,0,1,0,0,1,1,1,1,1,1,1,0,0,0,0,0,1,0,1,1,1,1,0,0,0,0,1,1,1,1,1,1,0,1,0,0,1,1,1,0,1,0,0,0,1,1,1,1,1,1,0,1,0
1,0,0,1,1,1,1,1,0,0,1,1,0,0,1,0,1,1,1,0,0,1,1,1,0,0,0,1,1,1,1,1,0,0,0,0,1,0,0,1,1,0,0,1,0,1,1,0,1,0,0,0,1,1,0,1,0,1,1,1,1,1,1,0,1,0,0,0,1,0,1,1,0,0,0
1,1,1,1,0,1,0,1,0,1,0,0,0,0,1,1,0,1,0,0,0,1,0,0,0,1,0,0,0,0,0,0,0,0,1,1,0,0,0,1,1,0,1,1,1,1,1,1,0,1,1,1,1,0,0,0,1,1,0,1,0,0,1,0,1,0,0,1,0,1,1,0,0,0,0
0,0,0,1,1,1,1,1,1,0,1,1,1,0,0,1,0,0,1,0,1,1,0,1,0,0,1,1,1,1,0,1,1,0,1,0,0,0,1,0,1,0,1,1,1,0,0,1,0,1,1,0,1,0,1,1,0,0,1,1,1,1,0,0,0,0,1,1,1,1,1,1,1,0,0
0,1,1,0,0,0,0,1,0,1,0,1,1,0,0,0,1,0,1,0,1,1,0,1,0,0,0,1,1,0,1,1,1,0,0,0,1,0,0,0,0,1,0,1,1,0,0,1,0,0,1,1,1,1,0,0,1,1,1,0,1,0,1,1,1,1,1,0,0,0,0,0,1,1,0
1,0,0,0,0,1,0,1,1,0,1,0,0,0,1,1,1,1,0,1,0,0,0,0,0,0,1,1,1,0,1,0,0,0,1,1,1,0,0,1,1,0,1,1,0,0,1,1,0,1,1,1,1,1,0,1,1,1,1,0,1,1,1,0,1,0,0,0,0,1,0,0,0,1,0
1,0,0,1,0,1,0,1,1,1,1,1,0,0,0,1,0,0,1,1,1,0,0,1,0,0,1,1,0,0,1,1,0,0,1,1,1,0,1,1,1,0,0,1,1,0,0,0,0,1,1,1,1,0,1,0,0,0,1,0,1,1,1,0,1,0,0,0,0,1,0,1,1,0,0
1,1,1,0,1,0,0,1,1,0,0,0,0,0,0,1,1,1,1,1,0,1,1,1,0,1,0,0,0,0,1,0,0,0,0,1,1,0,0,1,0,0,0,1,1,0,1,0,1,1,0,1,1,0,1,1,0,0,1,0,0,1,1,0,0,0,0,1,1,1,0,0,0,1,0
1,0,0,0,0,0,0,1,0,1,0,0,0,0,1,1,1,1,1,0,1,1,1,1,0,0,1,1,1,1,0,1,0,0,0,0,0,1,0,0,1,0,1,1,0,0,0,1,1,0,1,1,1,0,1,1,1,1,1,0,0,0,0,1,1,0,1,0,1,1,0,1,0,0,0
1,0,0,1,1,1,0,0,0,0,1,1,0,0,1,0,1,0,0,0,1,1,0,0,1,1,1,1,0,1,0,0,0,1,1,1,1,0,0,1,1,1,0,1,1,1,1,0,0,1,1,0,1,1,1,0,0,0,0,0,0,0,1,0,1,1,0,0,0,1,0,1,1,0,0
0,0,0,0,1,1,0,1,0,1,1,1,0,0,1,1,1,0,1,1,1,1,1,1,1,0,1,0,0,0,0,0,0,0,0,1,0,1,0,1,1,1,0,1,0,0,0,0,0,0,1,0,1,1,0,0,0,1,0,0,1,0,0,0,1,1,0,0,0,1,0,0,0,0,1
0,1,1,1,0,1,0,1,0,0,1,1,1,0,0,1,0,1,0,0,0,1,0,1,0,1,1,1,1,0,0,1,1,0,1,0,0,1,1,0,1,0,0,1,1,1,1,0,1,0,1,1,1,1,0,1,0,0,0,0,0,0,1,1,0,0,0,1,1,1,1,0,0,1,0
0,1,0,1,1,1,0,1,1,1,1,0,1,0,1,1,0,0,1,0,0,1,0,1,0,0,1,1,0,0,0,1,0,0,1,1,1,0,1,1,1,1,0,1,1,1,0,0,0,1,1,1,1,0,1,0,1,1,0,0,1,0,1,0,0,0,1,1,0,0,1,0,1,1,0
0,0,1,0,1,1,0,1,0,0,1,0,1,0,0,1,0,0,0,1,0,1,0,0,1,0,1,1,0,0,0,0,0,0,1,0,1,0,1,0,0,0,1,1,0,1,0,1,0,0,1,1,1,0,1,1,0,0,1,1,0,0,0,0,1,0,0,1,0,1,1,0,1,0,0
1,0,0,1,1,0,0,1,1,0,1,1,1,0,1,1,1,1,1,1,0,1,1,1,1,1,1,0,0,1,0,1,0,0,1,0,1,1,1,0,1,1,1,1,0,1,1,0,0,0,1,0,1,1,0,1,0,1,0,1,0,1,1,0,0,0,1,1,1,1,1,1,0,0,1
1,0,0,0,0,1,0,0,1,0,1,1,1,1,1,1,1,0,1,0,0,1,0,1,0,1,0,0,0,0,1,0,0,0,0,0,1,0,0,0,1,0,1,1,0,0,0,1,0,0,1,1,1,0,1,0,1,1,0,0,1,1,0,0,1,1,0,1,1,1,1,0,1,1,0
0,0,1,1,1,1,1,1,0,0,0,0,0,1,0,1,0,0,1,0,1,1,1,1,1,1,0,1,1,0,1,0,1,0,1,0,0,0,1,0,1,0,0,1,0,1,0,1,1,0,1,0,1,0,1,0,1,1,1,0,0,1,0,0,0,0,1,0,1,0,0,0,0,1,0
1,0,0,0,0,0,0,1,1,1,0,1,0,1,0,1,0,1,0,0,1,1,0,1,0,0,1,1,1,0,1,0,1,0,1,1,1,0,0,1,1,0,0,1,1,0,1,0,0,1,0,1,1,1,0,0,1,1,1,1,1,1,1,1,0,1,1,1,1,1,1,0,0,0,0
1,0,0,1,0,1,0,1,1,0,0,1,0,0,0,1,0,0,0,0,0,1,0,1,1,1,0,0,0,1,1,0,1,1,0,1,1,1,1,0,0,1,0,1,0,1,1,1,0,1,1,0,1,1,0,0,1,1,1,1,1,1,1,1,1,0,0,0,0,1,1,1,1,1,1
1,0,1,1,1,1,0,1,1,0,0,1,0,0,1,0,0,0,0,0,1,1,1,1,0,1,1,1,0,1,1,1,0,0,0,1,1,1,0,1,1,1,1,1,0,0,0,0,0,1,1,0,1,1,1,1,0,0,0,0,1,0,0,0,1,1,0,0,1,1,1,0,1,1,0
1,1,1,0,1,0,0,1,0,0,1,0,0,0,1,0,1,0,0,0,0,1,1,1,0,0,1,0,1,1,1,1,0,0,0,0,1,0,1,0,1,1,1,1,1,1,0,0,0,0,1,0,1,1,0,1,0,0,1,1,0,0,1,0,1,0,0,0,1,1,1,0,1,1,1
1,0,0,0,0,1,1,1,1,1,0,1,0,0,0,0,1,1,0,0,1,1,1,1,1,1,0,0,0,0,0,0,0,1,1,0,0,0,1,0,1,0,1,1,1,1,0,0,1,1,1,0,1,1,0,1,0,1,1,0,0,1,1,0,1,0,0,0,0,1,1,0,0,1,0
1,1,0,0,0,1,0,1,0,0,0,1,0,0,0,0,0,0,0,0,1,1,1,1,1,1,1,1,0,1,0,0,1,0,0,1,0,0,1,1,1,0,0,1,1,1,0,0,1,1,0,0,1,1,0,1,0,0,1,0,0,0,1,0,1,1,0,0,1,1,0,1,0,1,0
1,0,0,1,1,1,0,1,0,0,1,1,0,0,1,0,1,1,0,0,1,1,1,1,0,0,1,1,0,0,0,1,0,0,1,0,0,0,0,1,1,0,0,1,0,1,1,1,0,1,1,0,1,0,1,1,1,0,0,0,0,0,0,0,0,1,0,1,0,1,1,0,0,1,0
1,0,0,1,0,0,0,1,0,0,0,0,1,0,0,0,1,0,0,0,1,1,0,1,0,0,1,1,1,1,1,0,1,0,1,0,0,0,1,0,1,0,0,1,0,1,1,0,0,1,1,1,1,0,0,0,0,0,0,1,1,1,1,0,0,0,1,0,1,1,0,1,1,1,0
1,0,0,1,1,1,0,1,0,1,1,1,0,0,0,0,1,0,0,1,1,1,1,1,1,0,1,0,0,0,1,1,1,0,1,1,1,1,0,1,1,0,0,1,0,1,0,0,1,1,1,0,1,1,0,1,0,0,1,1,1,0,1,0,1,0,0,0,0,1,1,1,0,0,0
1,1,1,0,0,0,1,1,1,0,0,1,1,1,1,1,0,0,1,0,1,1,1,1,0,1,1,0,1,0,1,0,1,0,1,0,0,1,1,0,1,1,0,1,1,0,0,0,0,0,1,1,1,1,0,1,0,1,1,0,1,1,1,0,1,0,0,0,0,1,1,0,1,1,0
1,0,1,0,0,1,0,1,0,1,0,1,0,0,1,1,1,1,1,1,1,1,0,0,1,0,1,0,1,0,1,0,0,0,1,0,1,1,1,0,1,1,0,1,0,0,0,1,1,0,1,1,1,0,1,1,1,1,1,1,1,1,1,1,0,0,0,1,1,1,0,0,0,1,0
1,0,1,1,0,1,0,0,0,1,1,1,1,0,0,0,1,1,1,0,1,1,0,1,0,1,0,1,1,1,0,0,1,0,0,0,1,0,0,0,1,1,0,1,1,0,0,0,0,0,0,1,1,1,0,0,1,1,0,1,1,0,1,1,1,0,0,1,1,1,1,0,1,1,0
1,0,0,1,1,1,0,1,0,1,1,1,0,0,1,0,1,1,0,0,0,1,0,1,0,0,1,1,0,0,0,1,1,0,0,1,1,0,1,0,1,1,1,1,0,1,1,0,1,1,0,0,1,0,0,0,1,0,0,0,0,0,1,1,1,0,0,0,0,1,1,0,1,1,0
1,0,0,1,1,1,1,1,1,1,0,1,0,0,1,1,1,0,1,1,1,1,1,1,1,1,1,1,0,0,0,0,0,0,1,1,1,0,1,1,1,0,0,1,0,1,1,0,0,1,1,1,1,1,0,0,0,0,0,0,0,1,1,0,0,0,1,1,1,1,0,0,1,1,0
1,0,1,0,1,0,0,1,1,0,0,1,0,0,0,1,1,1,1,1,0,1,1,1,0,1,1,1,1,0,0,1,1,0,1,1,1,0,0,1,1,0,0,1,1,1,0,1,0,0,1,1,1,0,1,1,1,0,1,0,1,1,1,0,0,0,1,1,1,1,0,0,1,1,0
1,1,1,1,1,0,1,1,0,1,1,1,1,0,0,1,1,0,1,0,0,1,0,1,1,0,1,1,1,1,0,0,1,0,1,0,1,0,1,0,1,1,1,1,1,0,0,1,0,0,1,1,1,0,1,1,1,1,1,1,1,1,0,0,1,1,0,0,1,1,1,1,0,0,0
1,1,1,1,0,0,1,0,0,1,0,1,1,0,0,1,1,1,0,0,1,1,1,1,0,0,0,1,1,0,0,0,1,1,1,0,0,1,1,0,1,0,1,1,1,0,0,0,1,0,0,0,1,0,0,1,0,1,1,0,1,0,0,0,0,1,1,1,0,1,1,0,0,1,0
1,1,1,1,1,0,0,1,0,0,0,0,0,0,0,0,0,0,0,0,0,0,0,0,0,0,1,1,1,0,1,1,1,0,1,0,0,0,0,1,1,1,1,1,1,1,1,1,0,1,1,1,0,0,0,0,1,0,0,0,0,0,1,0,1,0,0,0,0,1,1,1,0,1,0
0,0,0,0,1,1,0,1,0,0,0,1,1,0,0,0,1,1,0,0,1,1,1,1,0,0,1,0,0,0,1,1,0,0,0,0,0,0,1,0,1,1,1,1,0,1,0,1,1,0,0,1,1,0,1,1,1,1,1,0,1,0,1,0,1,0,0,0,1,1,1,0,0,1,0
0,0,0,1,0,1,0,1,0,0,1,1,1,0,1,1,1,1,0,1,0,0,0,1,0,0,0,0,0,1,1,1,0,0,0,0,0,0,0,0,1,1,0,1,1,1,1,0,0,0,1,1,0,0,1,0,0,1,0,1,0,0,0,0,1,0,1,0,0,1,0,0,0,1,0
1,1,1,1,0,0,1,1,0,0,0,1,0,0,0,0,0,1,0,0,1,1,1,1,1,0,1,0,1,0,0,0,1,1,0,0,0,0,0,1,1,1,0,1,1,1,1,0,0,0,1,1,1,0,0,0,0,0,1,0,1,1,1,0,0,0,0,1,0,1,0,0,0,1,0
1,0,0,1,0,0,0,0,0,1,0,1,0,0,1,0,1,0,1,0,0,0,0,0,0,1,1,0,0,0,1,0,0,1,0,0,1,0,0,0,1,1,1,1,0,0,0,1,1,1,1,1,1,0,0,1,1,1,0,1,0,1,1,0,1,0,1,1,1,1,1,0,0,1,0
1,0,0,0,0,0,0,1,0,0,0,1,1,0,0,0,1,0,0,0,0,1,0,0,1,1,1,1,0,1,0,0,0,0,0,0,0,0,1,0,1,1,1,1,0,1,0,1,1,1,1,0,1,0,1,1,1,1,1,1,0,0,1,0,1,1,0,0,0,1,1,1,0,1,1
1,1,0,1,1,0,1,1,0,0,1,0,0,0,0,0,0,0,0,0,0,1,0,0,0,1,1,0,1,0,1,1,1,1,1,0,1,0,1,0,0,1,0,1,0,1,0,1,1,1,1,1,1,0,0,1,1,1,0,1,0,0,1,0,1,0,0,0,1,1,1,1,0,1,0
1,0,0,0,0,0,0,1,0,1,0,0,1,0,1,1,1,1,1,0,0,1,1,1,0,1,0,0,1,0,1,1,0,1,0,0,0,0,0,0,0,0,1,1,0,0,1,1,0,0,1,0,1,0,1,1,1,0,1,1,0,1,1,0,0,0,0,1,1,1,1,1,1,1,0
1,0,0,1,0,1,0,1,1,0,1,1,1,0,0,0,0,1,0,0,0,1,1,1,0,0,1,1,1,1,1,1,1,0,0,0,0,0,1,0,1,1,0,1,1,1,1,0,0,1,0,1,1,0,0,1,0,0,0,0,0,0,0,1,0,0,1,1,0,1,0,0,0,1,0
1,1,0,0,1,0,0,1,0,1,0,1,0,0,1,0,0,1,1,0,1,1,0,1,0,1,1,0,0,0,1,0,0,0,1,1,0,1,1,0,0,1,1,1,0,0,0,0,1,0,1,1,1,0,0,1,0,0,1,0,0,0,0,0,0,0,0,1,1,1,0,0,0,1,1
1,0,1,1,0,1,0,1,0,0,0,1,1,0,1,1,1,1,0,1,0,1,0,0,0,1,1,1,0,0,1,0,0,0,0,0,0,0,0,0,1,0,1,1,0,1,0,0,0,1,1,1,1,0,1,0,0,0,0,0,0,0,1,0,1,0,1,0,1,0,1,0,0,1,0
1,0,1,1,1,0,0,1,0,1,1,1,1,1,0,0,1,0,0,0,0,1,0,0,1,0,1,1,1,1,0,1,1,1,0,0,1,1,1,0,1,1,0,1,1,0,0,1,1,0,1,1,1,1,0,1,1,0,1,0,0,0,1,0,1,0,0,0,1,1,0,1,0,1,1
1,0,0,1,1,0,1,0,0,0,0,1,0,0,0,1,1,1,1,1,1,1,1,1,0,0,0,0,1,0,1,1,1,0,1,0,1,0,1,0,0,0,0,1,0,1,1,0,0,1,1,1,1,0,1,1,0,1,0,1,0,0,0,0,1,1,0,0,0,1,0,0,1,0,0
1,0,0,0,1,1,1,1,0,0,1,0,0,0,1,1,0,1,0,0,0,1,1,1,1,1,1,1,1,0,1,1,1,0,0,0,1,1,1,0,0,1,1,1,0,1,1,1,0,0,1,1,1,0,1,0,0,0,1,1,0,1,1,0,0,1,0,1,1,1,1,1,0,1,1
1,1,0,0,0,0,1,0,0,0,0,1,1,0,1,1,1,1,1,0,1,1,1,1,0,0,1,0,1,1,1,1,1,0,0,1,0,0,0,1,1,0,1,1,1,0,0,0,0,0,1,0,1,1,0,1,0,1,1,0,1,1,1,0,1,0,1,1,1,1,1,0,1,1,0
1,0,1,1,1,0,0,1,1,1,1,0,0,1,0,1,1,0,0,0,0,0,0,1,1,1,1,1,0,1,0,1,0,0,0,0,1,1,1,1,1,0,0,1,0,1,0,0,1,1,0,1,1,1,0,0,1,1,1,0,0,1,1,0,1,0,0,1,0,1,0,1,0,1,1
1,0,0,0,1,1,0,1,1,1,1,1,0,0,0,1,1,1,0,0,1,1,1,1,1,0,1,0,1,1,1,0,1,0,0,1,0,1,1,0,1,1,0,1,1,1,1,0,0,1,1,0,1,1,0,0,0,1,1,1,0,1,1,1,0,0,0,1,1,1,1,0,1,1,1
1,0,0,0,1,0,0,1,0,1,1,0,1,0,0,1,1,1,1,0,1,1,1,1,0,0,1,1,0,0,1,1,1,0,0,0,0,1,0,0,1,0,0,1,0,0,0,1,0,0,1,0,1,0,1,0,1,1,1,0,0,0,1,0,1,0,1,0,1,1,0,0,0,1,0
1,0,0,1,0,0,0,0,0,1,0,1,0,0,0,1,1,1,0,0,0,1,1,1,0,0,1,1,1,0,1,0,1,0,1,1,1,1,0,1,0,0,1,1,0,1,1,1,1,1,1,1,1,1,0,1,1,1,0,1,0,1,1,0,0,1,0,0,1,1,1,0,0,1,0
0,1,0,1,0,0,0,0,0,0,0,1,1,0,1,0,1,1,1,0,0,1,1,1,0,1,1,0,0,1,1,0,0,0,0,0,1,0,0,1,0,0,1,1,0,1,0,1,1,0,0,0,1,0,0,1,1,0,0,1,0,0,1,0,0,1,0,0,1,1,1,1,0,1,1
1,0,0,0,1,1,0,1,1,0,1,1,1,0,0,1,1,1,1,0,1,1,0,1,0,0,1,1,1,0,0,0,1,0,0,1,0,1,0,1,0,0,0,1,1,1,1,0,1,0,0,1,1,1,0,0,0,0,1,0,1,1,1,0,1,0,0,0,1,1,0,1,0,1,1
1,0,0,1,1,0,0,1,1,0,0,1,0,0,1,0,0,1,0,0,1,0,1,1,0,0,0,0,0,0,0,1,1,0,0,0,1,0,0,1,1,0,0,1,1,1,0,1,0,0,1,0,1,1,0,1,1,0,0,0,1,1,0,0,0,1,0,1,0,1,0,1,1,1,1
0,0,0,1,0,0,0,1,1,1,0,0,1,0,0,1,1,1,1,0,1,1,0,0,1,1,1,0,1,0,0,0,1,0,1,0,0,0,0,0,0,0,1,1,0,0,1,0,0,0,0,1,0,1,0,0,0,1,0,0,1,0,1,0,0,0,1,1,1,1,1,1,0,0,0
1,0,1,1,0,0,0,0,1,1,0,0,0,0,0,0,1,0,1,0,1,1,0,0,1,0,1,1,1,0,1,1,1,0,1,0,0,0,1,0,1,1,0,1,0,1,0,1,0,1,1,1,1,0,0,0,1,1,0,0,1,1,1,0,1,1,0,0,0,1,0,0,0,1,0
0,1,0,1,1,0,0,1,0,0,1,1,1,1,1,1,1,0,0,0,0,1,0,1,1,1,1,1,0,1,0,0,0,0,1,0,1,0,0,0,0,0,1,1,1,1,0,0,0,1,1,1,1,1,1,1,0,0,0,0,0,0,1,0,0,0,1,1,1,1,1,1,1,1,0
1,0,0,1,1,0,0,1,0,0,1,1,1,0,0,1,1,1,1,0,1,1,1,1,1,1,1,0,1,0,1,0,1,0,0,0,1,0,1,0,1,0,1,1,0,1,1,0,1,0,1,1,1,0,1,0,0,1,0,1,1,1,0,0,1,0,0,1,1,1,1,1,0,1,0
1,0,0,1,0,1,1,1,0,0,1,1,0,0,0,0,1,0,1,1,0,0,1,1,0,1,1,1,0,0,1,0,1,1,0,0,0,1,0,1,1,0,0,1,0,1,0,0,1,0,1,1,0,1,0,1,0,0,1,1,1,1,1,0,1,0,0,0,1,1,0,1,1,1,0
1,0,1,0,1,1,0,1,0,0,1,1,1,0,1,1,0,1,0,1,0,1,0,0,0,0,1,1,1,1,0,0,1,0,1,1,1,0,0,1,0,0,1,1,1,0,0,0,0,0,1,1,1,0,1,1,0,1,0,1,1,0,1,0,0,1,1,1,1,1,1,1,0,0,0
1,1,1,0,0,0,1,0,0,0,0,0,0,1,0,1,1,1,1,0,1,1,1,1,0,0,1,0,1,1,1,0,1,0,0,0,1,0,1,0,1,0,1,1,0,1,1,0,0,1,1,0,1,1,1,1,1,1,1,0,0,1,1,0,0,1,1,1,1,1,1,0,0,0,0
0,0,0,0,0,1,0,0,0,0,0,1,1,0,1,0,0,0,0,0,0,1,0,1,0,0,1,1,1,1,0,1,0,0,0,0,1,0,0,1,0,0,1,1,1,1,1,0,0,1,0,0,1,0,1,1,0,0,0,0,0,0,0,1,0,1,1,1,1,0,0,1,0,1,1
1,0,0,1,0,1,1,0,1,0,0,1,0,0,1,1,0,1,0,1,0,1,1,1,1,1,1,1,0,1,0,0,0,1,1,1,0,1,0,1,0,0,0,1,1,1,0,0,0,1,1,0,1,1,1,1,0,1,0,1,1,1,0,0,0,1,0,0,1,1,1,0,0,1,0
1,1,1,0,1,1,0,1,1,1,1,1,0,0,0,1,1,1,1,0,1,1,1,1,0,1,0,0,1,1,1,0,1,1,1,1,1,1,0,1,0,0,0,1,1,1,0,0,0,1,1,0,1,1,1,0,0,1,1,0,1,1,1,1,1,0,0,0,0,1,0,0,0,0,0
0,1,1,1,1,0,0,1,1,0,0,1,0,0,1,1,0,0,0,0,0,1,0,1,0,0,1,0,1,1,0,1,1,0,0,0,0,1,1,0,1,0,1,1,0,0,0,0,1,1,1,1,1,1,0,1,0,1,0,1,0,0,1,0,1,0,0,0,1,0,1,1,0,0,1
0,1,0,1,0,1,0,1,1,0,0,0,0,0,0,0,1,0,0,0,0,1,1,1,0,1,0,1,1,0,0,1,1,1,1,1,1,0,1,0,1,1,0,1,1,0,0,1,1,0,1,0,1,1,0,1,1,1,0,0,0,1,1,1,1,0,0,1,0,1,0,1,0,1,0
0,0,1,0,1,0,0,1,0,0,0,1,1,1,0,1,0,1,0,0,0,0,0,0,0,1,1,1,0,0,0,0,0,1,0,0,0,0,1,0,1,0,1,1,0,1,0,0,0,0,1,1,1,0,1,1,0,0,1,1,0,1,1,0,1,0,0,0,1,1,1,0,0,1,0
0,0,1,1,1,1,0,1,0,0,1,0,0,0,1,0,1,0,0,0,1,1,0,1,0,0,1,1,0,1,0,1,0,0,0,0,0,0,1,0,1,1,0,0,1,1,0,0,1,1,1,1,1,0,0,0,0,1,0,0,0,1,0,0,0,0,1,1,0,0,0,0,0,1,0
1,0,0,1,1,1,0,1,0,0,0,1,0,0,0,1,1,0,1,1,1,1,0,0,0,0,0,0,1,0,1,0,1,1,1,0,0,1,1,1,1,0,0,1,0,1,1,1,1,1,1,1,1,0,1,1,1,0,0,0,0,0,0,0,1,0,0,1,1,0,0,1,0,0,1
1,1,1,0,0,0,0,0,0,0,0,1,1,0,0,0,0,0,1,0,1,1,0,1,0,1,0,1,0,1,1,1,1,0,1,0,1,1,1,0,1,1,1,1,1,1,0,0,0,0,1,1,1,1,0,1,0,1,1,0,1,1,1,1,1,1,0,1,1,1,0,1,1,1,0
0,1,1,0,0,0,1,1,0,1,0,0,0,0,0,1,1,0,0,0,0,0,1,1,0,1,1,1,1,0,0,1,1,0,1,0,0,0,0,1,1,1,0,1,1,0,1,0,1,1,1,0,1,0,1,1,1,0,0,0,1,1,1,0,1,0,1,1,1,0,0,1,0,1,0
0,0,1,0,1,1,0,1,0,1,1,1,1,0,0,1,1,1,0,0,1,0,1,1,1,0,1,1,0,0,1,1,1,1,1,1,1,1,1,1,1,0,1,1,1,1,1,1,1,1,1,1,1,1,0,0,0,1,1,0,1,1,0,0,1,0,1,0,0,1,1,0,0,1,1
1,0,0,1,1,0,0,1,1,1,0,1,1,0,0,0,1,1,0,0,0,1,0,0,0,0,1,1,1,1,0,1,0,1,1,0,1,0,1,0,1,1,1,1,0,1,1,0,0,1,1,0,1,0,1,0,0,0,0,0,0,0,1,0,1,1,0,0,0,1,1,0,1,0,0
1,0,1,1,0,1,1,0,0,0,0,1,1,0,0,0,1,0,1,0,0,1,0,1,1,1,1,1,0,1,1,0,0,0,1,1,0,0,1,0,1,1,0,1,0,0,1,0,0,1,1,1,1,1,0,0,0,0,0,1,0,0,0,0,1,0,0,0,0,1,1,1,0,1,0
0,0,1,0,1,0,0,0,1,0,0,1,0,0,0,1,1,1,1,0,1,1,1,1,0,0,1,1,1,1,1,0,1,0,0,0,1,0,1,0,1,0,0,1,1,0,1,0,0,1,0,0,1,1,0,1,0,1,1,0,1,0,1,0,0,1,0,1,0,0,0,0,1,1,0
1,1,1,0,1,1,0,1,0,0,0,1,0,0,1,0,0,1,0,0,1,1,0,1,0,0,1,0,1,0,1,1,1,1,0,1,1,0,0,1,0,0,1,1,0,1,0,1,0,0,1,1,1,0,1,1,1,0,1,1,0,1,0,0,1,0,0,1,0,1,1,1,1,1,0
0,0,0,1,0,0,0,0,1,1,0,1,1,0,0,1,0,1,0,0,1,1,0,1,1,1,0,1,1,0,1,1,1,0,0,0,0,0,0,0,1,0,0,1,0,0,0,0,1,0,1,0,1,0,1,0,0,1,0,1,1,1,0,1,0,1,1,1,1,1,1,0,0,1,0
1,1,1,0,0,0,0,0,0,0,0,0,1,0,0,1,1,1,0,0,1,0,0,1,0,0,1,1,1,0,0,1,1,0,1,1,1,0,0,1,1,1,0,1,1,0,1,0,0,1,1,1,1,1,1,0,0,0,0,0,0,0,0,0,0,1,0,0,1,1,0,0,0,0,0
1,1,1,1,1,1,0,1,0,1,0,0,0,0,0,0,1,0,0,1,1,1,0,1,0,0,0,1,1,0,1,1,1,0,1,0,1,1,1,0,1,1,0,1,0,0,0,0,0,1,0,1,1,1,0,1,0,1,0,1,0,0,1,0,1,0,1,1,1,1,0,1,0,1,1
0,1,0,1,0,0,0,0,0,1,0,1,0,0,1,1,0,1,1,0,1,1,0,1,0,0,0,0,1,0,1,0,1,0,1,1,0,1,1,1,1,1,0,1,0,0,1,0,0,1,1,0,1,1,1,1,0,0,0,1,1,1,0,0,1,1,0,1,1,0,1,0,1,0,1
1,0,0,0,0,0,0,1,0,0,1,1,0,1,0,0,1,1,0,0,0,1,1,1,0,0,1,1,1,0,0,1,1,0,0,0,1,0,0,1,1,1,1,1,0,1,0,1,0,1,1,1,1,0,0,1,1,0,0,1,0,0,0,0,0,0,0,0,0,1,1,0,1,1,0
0,0,1,0,1,1,0,1,1,0,0,1,1,0,1,1,0,0,1,0,0,1,0,0,1,1,0,1,1,0,1,0,1,0,1,1,1,0,0,1,1,0,0,1,0,1,1,1,1,0,1,1,0,0,1,0,1,0,1,1,1,1,1,0,0,0,0,0,1,1,1,0,1,1,0
1,0,1,1,1,1,0,1,1,0,0,0,1,0,0,1,1,1,0,0,1,0,0,1,0,1,1,0,1,0,0,0,1,0,1,1,1,0,0,0,1,1,0,1,0,0,0,0,0,1,0,1,1,0,1,1,0,1,0,0,0,0,1,0,1,0,1,1,1,1,0,0,1,1,1
0,1,1,1,0,0,1,1,0,0,0,1,0,0,0,0,1,1,0,0,0,1,0,0,0,0,1,1,1,1,1,0,0,0,1,0,1,1,1,0,1,0,0,1,1,1,0,1,1,0,1,1,1,1,1,0,1,0,1,1,1,0,1,0,1,0,0,1,1,1,0,0,0,0,0
1,1,1,1,0,0,0,1,0,1,1,1,0,0,1,1,0,0,0,0,1,0,1,1,1,1,1,1,0,1,1,0,0,0,1,1,0,0,0,1,1,1,0,1,1,0,0,1,1,1,1,0,1,1,1,1,0,1,0,1,1,1,1,0,0,0,0,0,1,1,0,1,0,1,0
1,1,1,1,1,1,0,0,0,0,0,1,1,0,1,1,0,0,0,0,1,1,0,0,0,1,0,1,0,0,1,0,0,0,0,0,1,1,1,0,1,1,0,1,1,1,0,0,0,1,0,1,1,0,0,1,0,0,0,1,1,0,1,0,0,1,0,1,0,1,1,0,0,1,1
1,0,0,0,1,1,0,0,0,1,0,0,1,0,0,1,1,0,1,1,1,1,0,0,1,0,1,0,1,1,1,0,1,0,0,0,0,1,1,0,1,0,1,1,1,0,0,1,0,0,1,1,1,0,1,0,0,1,1,1,1,0,1,0,1,1,0,1,1,1,1,1,0,1,0
1,0,1,0,1,1,0,1,0,0,1,1,0,1,1,1,0,1,0,0,0,1,1,1,1,1,0,1,0,1,1,0,0,0,1,1,0,1,0,1,0,0,1,1,0,0,1,0,1,1,1,0,0,1,0,1,0,0,0,0,1,1,1,0,1,1,0,1,0,1,0,1,1,0,0
1,0,0,0,0,0,0,1,1,1,0,0,0,0,1,1,1,1,1,0,1,1,0,1,0,1,1,0,0,0,1,0,0,1,1,1,0,0,0,1,1,0,0,1,1,1,0,0,0,1,1,1,0,0,1,0,0,1,1,1,0,1,1,0,1,0,0,0,0,1,0,0,0,1,0
0,1,0,0,1,0,0,1,0,1,1,0,0,1,1,1,1,0,0,0,0,1,0,0,0,1,1,1,1,1,1,0,1,0,0,1,0,1,0,1,1,0,1,1,1,0,0,1,1,0,1,1,1,1,0,1,1,1,1,1,0,0,1,0,1,0,0,0,1,1,1,0,0,1,0
0,1,1,1,0,0,0,1,1,0,0,0,1,0,1,0,0,1,0,0,0,1,0,1,1,0,1,0,1,1,0,0,0,0,1,1,0,0,1,0,1,0,0,1,1,1,0,0,0,1,1,1,1,0,0,0,0,1,0,1,1,1,1,0,1,0,0,0,1,1,1,1,0,1,0
1,1,0,1,1,0,0,1,0,0,0,1,0,0,0,0,1,1,1,0,0,1,0,1,0,1,1,1,1,1,0,0,1,0,0,0,1,0,1,0,1,1,1,1,0,1,0,1,1,1,1,1,1,0,1,1,1,1,1,0,0,0,1,1,0,1,1,1,0,1,1,0,1,0,0
1,0,1,1,0,0,0,1,1,0,1,1,1,0,1,0,1,1,0,0,0,1,0,1,0,0,0,1,1,1,0,1,0,1,1,1,1,0,0,0,1,1,1,1,0,1,0,0,0,0,1,1,1,1,1,1,0,1,1,1,1,1,1,1,0,1,1,0,0,1,1,0,0,0,0
0,1,1,0,1,0,0,1,0,0,1,1,0,0,0,0,1,1,1,0,1,0,0,0,1,0,0,1,0,0,1,1,1,1,0,1,0,0,1,0,0,1,0,1,0,1,0,0,1,0,1,1,1,0,0,0,0,1,0,0,0,0,1,0,1,0,0,0,0,1,0,0,0,0,1
0,1,0,1,1,0,0,1,0,1,0,1,1,0,0,0,1,0,1,1,1,1,0,0,0,1,1,0,1,1,0,1,1,0,1,1,0,0,1,1,1,0,0,1,1,0,0,0,0,1,1,1,1,0,0,1,0,1,1,1,0,1,0,1,1,0,0,1,0,0,0,1,0,0,0
1,0,1,0,0,0,1,1,1,0,1,0,0,0,0,0,0,0,1,0,1,0,0,1,0,0,1,0,0,1,0,1,0,0,1,0,0,0,0,1,0,1,0,1,1,0,0,0,1,1,1,1,1,1,1,1,0,1,1,1,0,1,1,0,1,0,1,1,1,1,0,1,0,1,0
0,0,1,1,1,1,0,1,1,1,0,0,1,0,1,1,1,0,0,0,0,1,0,1,0,0,1,1,1,0,1,0,1,0,1,0,1,1,0,0,1,0,1,1,0,1,0,0,0,1,0,1,1,1,0,1,0,1,1,0,0,1,1,0,1,0,1,1,1,0,1,0,0,1,1
1,0,1,1,1,0,0,1,0,1,0,1,0,1,0,0,1,1,0,0,0,1,0,1,0,1,1,0,1,1,1,1,1,0,1,1,1,0,0,1,1,0,1,1,0,1,0,0,1,1,0,1,1,1,0,1,0,1,1,1,0,0,1,0,1,0,0,0,1,0,1,0,0,1,1
1,0,1,0,1,1,0,1,1,0,1,1,0,0,0,0,0,0,0,1,1,1,0,1,0,0,1,1,0,0,1,0,1,1,0,1,1,1,0,0,1,1,0,1,0,0,0,0,0,0,1,1,1,0,1,1,0,0,1,0,0,1,1,1,1,0,0,0,0,1,0,0,1,1,1
1,0,0,0,1,1,0,1,0,1,1,1,0,0,1,1,1,1,1,0,1,1,0,1,0,0,1,1,1,0,0,1,0,0,0,0,1,0,1,0,1,0,1,1,0,0,1,0,1,1,1,1,1,0,1,1,0,1,1,1,1,0,1,1,0,1,0,1,0,1,1,1,0,1,0
0,0,1,0,1,1,0,1,0,1,1,0,0,1,0,0,1,1,0,1,1,1,1,1,0,0,1,0,1,0,0,1,1,1,1,1,0,1,1,0,1,1,1,1,1,0,1,0,0,1,1,1,1,0,0,0,1,0,1,1,0,0,1,0,1,0,0,0,0,1,1,0,1,1,0
1,0,1,0,0,1,0,1,0,0,0,1,0,0,1,0,1,1,1,0,1,1,0,0,0,0,1,1,0,1,1,0,0,0,1,0,1,0,1,0,0,1,1,1,0,1,0,0,0,1,1,0,0,1,0,1,0,1,1,1,1,0,1,1,1,0,1,1,1,1,1,0,0,1,0
1,0,0,0,0,0,0,1,0,0,1,1,1,0,0,0,1,0,1,0,1,1,0,1,1,0,1,1,1,0,1,1,1,0,0,0,0,0,1,0,1,1,0,1,0,1,0,0,0,1,1,1,1,0,0,1,0,0,0,0,0,0,0,0,1,0,0,0,0,1,0,1,0,1,0
1,1,1,1,0,0,0,0,1,0,1,1,0,0,1,0,1,0,1,0,1,1,0,1,0,0,1,1,1,1,1,1,0,0,1,1,0,0,0,1,1,0,1,1,0,1,1,0,1,1,1,1,1,0,0,1,0,0,0,0,1,0,1,0,1,1,0,0,1,1,0,1,0,1,0
1,0,0,0,0,0,0,1,0,1,0,1,0,0,1,1,1,0,0,1,0,1,0,1,0,1,0,0,0,0,1,1,0,0,1,1,0,1,0,1,1,0,0,1,1,1,0,0,1,1,1,1,1,1,0,0,1,1,1,0,1,0,0,0,1,0,0,0,1,1,0,0,0,0,0
0,1,0,1,0,0,0,1,0,1,0,1,1,1,0,0,1,1,1,0,1,1,1,1,0,0,1,1,0,1,1,0,0,0,1,1,0,0,0,1,1,1,0,1,1,1,1,1,1,0,1,0,1,1,0,1,1,0,1,0,1,0,1,0,0,1,1,1,0,1,0,1,0,0,0
1,0,0,0,1,0,0,1,0,0,0,0,0,1,1,0,1,1,1,0,1,0,0,1,0,0,1,1,0,1,1,1,0,0,0,0,0,0,1,0,1,1,1,1,1,1,1,1,0,1,1,1,1,0,1,1,1,0,0,1,1,0,0,0,1,0,0,0,1,1,1,1,1,1,0
1,0,0,1,0,1,0,0,0,0,0,0,1,0,0,0,1,1,0,0,0,1,1,1,1,1,1,1,1,1,1,1,1,0,0,0,0,1,1,0,1,0,0,1,0,1,0,0,0,0,0,0,1,1,0,1,0,1,0,0,0,0,0,1,1,1,0,0,1,1,0,0,0,1,0
1,0,0,0,0,0,0,1,1,1,0,1,1,0,1,1,1,1,0,0,1,1,0,1,1,0,0,0,0,0,1,0,0,0,1,1,0,0,0,1,0,0,1,1,1,1,0,0,1,0,1,0,1,0,1,0,0,0,1,1,1,0,1,0,0,0,0,1,0,1,1,0,0,0,1
0,0,1,0,1,0,0,1,0,0,0,1,0,0,1,1,1,0,0,0,0,1,1,1,0,1,1,0,0,0,1,1,0,0,0,0,1,1,1,0,1,1,0,1,0,1,1,0,1,1,1,0,0,0,1,0,0,0,1,0,0,1,1,1,0,1,1,1,0,0,0,0,1,1,0
1,0,0,1,1,1,0,0,0,0,0,1,0,0,0,0,0,0,1,0,0,1,0,0,1,1,1,1,0,1,0,0,1,0,1,0,1,0,0,1,0,0,0,1,1,1,0,1,0,1,1,0,1,0,1,1,1,1,0,0,0,0,1,0,1,1,0,0,1,1,0,0,0,0,0
0,1,1,1,1,0,0,0,0,1,0,0,0,0,1,1,1,1,1,1,0,1,0,1,0,1,1,1,1,0,0,0,0,0,0,0,1,0,0,0,1,0,0,1,1,0,0,1,1,1,1,1,1,0,0,1,1,0,0,0,1,0,0,0,0,1,0,0,0,0,0,0,0,1,0
1,1,1,0,0,0,0,1,1,0,1,1,0,0,0,0,0,0,0,0,0,1,0,1,0,1,1,0,0,1,0,0,0,0,0,0,0,0,0,0,1,1,0,1,1,1,1,0,1,1,0,1,1,1,0,0,0,0,1,1,0,1,1,0,1,0,1,0,0,0,1,1,0,1,1
1,1,1,1,0,0,1,1,1,1,0,0,1,0,0,1,0,1,0,0,1,1,1,1,0,0,1,0,1,1,1,1,1,1,0,0,1,1,1,0,1,0,0,1,1,1,1,1,1,0,1,0,1,1,0,0,1,0,0,0,0,0,0,1,1,0,0,0,0,1,0,1,0,1,0
1,0,0,1,0,1,0,1,0,1,1,1,0,1,0,0,0,1,0,0,1,1,0,1,1,0,1,0,1,0,1,1,1,0,0,1,0,0,0,1,1,1,0,1,0,1,0,0,0,1,1,1,1,1,0,1,0,1,1,1,0,0,1,0,1,1,0,0,0,1,0,1,0,1,1
1,0,1,0,1,1,1,1,0,1,0,1,0,0,0,0,1,1,1,1,1,1,1,1,1,1,1,0,1,1,0,0,0,0,0,1,1,0,0,1,0,1,0,1,1,0,1,1,1,1,1,1,1,0,0,1,1,0,1,0,1,1,0,1,0,0,0,0,1,1,0,0,0,1,1
1,0,1,0,0,1,0,1,0,1,0,1,1,0,0,0,1,1,0,0,0,1,0,1,0,0,0,0,1,0,0,1,1,1,1,0,0,0,1,0,1,0,0,1,1,1,1,0,1,0,1,0,1,1,0,1,1,1,0,1,1,1,1,1,1,0,0,1,0,0,1,0,0,1,0
1,1,0,0,0,1,0,0,0,0,0,1,1,0,0,1,1,0,1,0,0,1,1,1,1,1,1,0,1,1,0,0,1,1,0,0,0,1,0,1,0,0,0,1,0,1,0,1,0,0,1,0,1,0,0,1,1,1,0,0,1,0,0,0,1,1,1,1,1,1,0,1,1,1,0
1,1,0,1,1,0,0,1,0,0,1,1,0,0,1,1,1,1,0,0,0,1,1,1,1,1,1,0,1,0,0,1,0,0,1,1,0,1,1,1,1,0,1,1,1,1,1,0,0,0,1,1,1,1,0,0,1,1,0,1,1,1,1,0,1,0,0,1,0,1,0,1,0,1,0
1,1,1,0,0,1,0,1,1,1,1,0,0,0,0,1,1,1,0,0,0,0,0,1,0,0,0,1,0,1,1,0,1,0,0,0,0,0,1,0,1,0,0,1,0,0,1,0,0,1,0,1,1,1,1,0,0,1,0,0,0,1,1,0,1,0,0,1,1,1,0,0,1,0,1
1,0,1,1,1,1,0,1,0,0,0,0,0,0,0,1,1,1,0,0,1,1,1,1,1,1,1,0,0,1,1,1,1,0,0,1,0,0,0,0,0,1,1,0,1,1,0,0,0,1,0,1,1,1,0,1,0,0,0,1,0,0,0,1,1,0,1,0,0,1,1,0,1,1,0
1,1,1,1,1,1,1,1,0,1,1,0,0,0,0,1,1,0,1,1,1,1,1,1,0,0,1,0,1,1,0,1,0,1,0,0,0,0,0,0,0,1,0,1,1,0,0,0,0,1,1,1,1,1,0,1,0,0,0,1,0,0,0,1,1,0,0,1,0,1,0,1,0,1,0
1,0,1,1,1,0,1,1,1,1,0,1,1,0,0,1,0,0,0,0,0,1,0,0,0,1,1,1,1,1,1,1,1,0,1,0,1,0,0,1,0,0,0,1,0,1,1,0,0,1,1,1,0,0,1,0,0,1,0,1,0,1,1,1,1,0,0,1,0,1,0,1,0,1,0
1,0,0,0,0,1,0,1,0,1,1,1,0,0,0,0,1,0,1,0,1,1,0,1,0,0,1,0,1,0,1,0,1,0,1,0,0,1,0,1,0,1,0,1,1,0,0,1,1,0,1,0,1,1,0,1,1,1,0,0,1,1,1,0,0,0,0,0,0,1,0,0,0,0,0
1,0,0,0,0,0,0,0,0,1,1,1,0,0,0,1,0,0,0,0,0,1,0,0,0,0,0,0,1,1,1,0,1,0,0,0,0,0,1,0,1,0,1,1,0,0,1,0,0,1,1,1,1,0,1,0,0,0,1,1,0,0,1,1,1,1,0,1,0,1,1,1,1,1,0
1,1,1,0,0,1,0,1,0,0,1,0,1,0,0,1,1,1,0,0,1,0,0,0,0,0,1,1,1,0,0,1,1,0,1,0,1,0,1,0,1,0,1,1,1,1,1,0,0,0,0,1,1,0,0,1,0,0,1,1,0,1,1,0,0,0,1,1,1,1,1,0,1,0,1
1,0,1,1,1,0,1,1,0,0,1,1,1,0,0,0,1,0,1,0,0,1,0,0,0,1,1,1,1,1,0,1,0,1,1,1,0,0,0,1,1,1,0,1,1,1,0,1,0,0,1,0,0,0,0,0,1,0,1,1,1,0,1,1,0,0,0,0,0,1,0,0,0,0,1
1,0,0,1,0,0,0,1,1,1,1,1,0,0,1,1,0,0,0,0,1,1,1,1,0,0,1,0,1,0,1,0,0,0,1,1,1,1,0,1,1,0,0,1,0,1,0,0,0,1,1,0,1,1,0,0,0,0,1,1,1,1,0,0,1,0,1,1,1,1,0,0,1,1,0
1,0,0,1,1,0,1,0,0,0,0,1,1,0,0,0,1,1,0,0,0,1,1,1,0,1,1,0,1,1,1,0,1,0,1,0,0,0,0,0,1,0,0,1,1,1,1,1,0,1,1,1,1,0,0,0,1,1,0,1,1,1,0,0,0,1,0,1,1,1,0,0,1,1,1
0,1,1,1,0,0,0,1,1,1,0,0,0,0,0,1,1,0,0,0,1,1,0,0,0,0,1,0,0,1,0,1,1,0,1,0,0,1,1,0,1,0,1,1,1,0,0,1,0,0,1,1,1,1,1,1,0,0,1,1,0,1,1,0,1,0,0,1,1,1,1,1,0,1,0
1,0,1,1,1,1,1,1,1,0,1,1,0,0,0,0,1,1,0,0,0,1,1,1,1,1,0,0,1,0,1,0,1,0,1,0,1,1,1,0,1,1,1,1,0,1,0,0,1,1,1,0,1,0,0,1,1,1,1,0,1,1,1,0,1,0,0,0,0,1,1,0,0,0,0
0,0,0,0,0,0,0,1,1,0,0,0,1,0,1,1,0,1,0,0,1,1,0,1,0,1,0,0,1,1,0,0,0,0,1,1,0,0,0,1,0,0,0,1,0,1,1,1,0,0,1,1,0,1,0,1,1,1,1,1,0,0,1,1,0,1,0,0,1,1,0,0,0,1,0
1,0,1,0,1,0,0,1,1,1,1,0,1,1,0,1,0,1,0,0,0,1,0,0,0,1,1,1,1,1,1,0,1,0,1,1,0,0,0,1,1,1,1,1,0,1,1,1,1,1,1,1,1,0,1,0,1,1,0,1,0,1,1,1,0,0,0,1,1,1,1,0,0,0,1
1,0,1,0,1,1,0,0,0,0,0,1,1,0,1,1,0,1,0,0,0,1,0,1,1,1,1,0,0,1,0,1,0,0,1,0,0,0,0,1,0,0,0,1,0,1,0,1,0,1,1,1,1,0,1,1,1,1,1,1,1,1,1,1,1,0,0,1,1,1,0,1,0,1,0
1,0,1,0,1,0,0,1,0,0,0,0,0,1,0,0,1,1,0,0,1,1,0,1,0,1,1,0,0,0,1,0,1,0,1,0,0,1,1,0,1,1,0,1,0,1,1,1,1,1,1,1,1,1,1,1,1,1,1,1,0,1,1,0,1,0,0,0,0,1,0,0,0,0,1
1,0,0,0,0,0,0,1,0,0,0,0,0,0,1,0,0,1,0,0,0,1,0,0,0,0,1,1,1,0,1,1,0,1,1,0,0,0,0,1,0,0,1,1,0,1,1,0,0,1,1,1,1,0,1,1,0,0,1,0,0,0,1,0,1,0,1,0,1,1,1,0,1,1,0
0,0,1,1,0,1,0,1,1,1,1,1,0,0,1,1,1,1,0,0,0,0,0,1,0,1,1,1,1,0,0,1,0,1,0,0,0,0,1,0,1,1,0,1,1,1,0,0,1,1,1,1,1,0,1,1,0,1,1,0,0,1,1,1,1,1,1,1,0,1,0,1,1,1,1
1,1,1,0,1,1,0,1,1,0,0,1,0,0,1,1,1,0,1,0,0,1,0,1,1,0,1,0,1,0,0,1,0,0,1,1,0,0,0,1,1,1,0,1,1,0,0,0,1,1,1,1,1,0,0,0,0,1,1,0,0,1,1,0,1,0,0,1,0,1,0,0,0,1,1
1,1,1,1,1,0,0,1,1,1,0,1,0,0,0,0,0,0,0,0,1,1,0,1,0,0,1,0,0,1,0,0,1,0,0,0,1,0,1,0,1,0,1,1,1,0,0,0,0,1,1,1,1,1,0,0,1,1,1,1,1,1,1,0,1,0,0,0,0,0,1,1,1,1,0
1,1,1,0,1,1,0,1,1,0,1,1,0,0,0,1,1,0,1,1,0,1,0,0,1,0,0,1,0,0,0,1,1,0,1,0,0,0,0,1,1,0,0,1,1,0,0,1,1,0,0,0,1,0,0,0,1,1,0,1,1,0,0,0,1,1,0,0,0,1,1,0,0,0,0
1,0,0,1,1,0,1,1,0,1,1,1,0,0,1,0,0,0,1,0,0,1,1,1,1,0,1,0,1,0,0,0,0,0,1,1,1,0,0,1,1,0,0,1,0,0,0,1,1,1,1,1,0,0,1,1,1,0,0,1,1,0,1,0,0,1,0,1,1,1,0,1,1,1,0
1,0,1,1,0,0,0,1,0,0,1,0,1,0,1,0,1,1,0,1,1,1,0,1,0,0,1,1,1,1,1,1,1,0,1,0,0,0,1,0,1,1,1,1,0,1,0,0,0,0,1,1,1,1,1,1,0,0,1,1,0,0,1,0,1,0,0,1,0,1,1,1,1,0,0
1,0,0,0,1,0,0,1,0,0,1,0,0,0,0,1,0,1,1,0,1,1,1,1,1,1,0,1,1,1,0,1,0,0,1,0,1,0,0,0,0,1,1,1,1,0,1,0,0,0,1,1,0,0,1,1,0,1,1,0,0,1,1,1,0,0,0,0,1,1,1,1,0,1,0
0,1,1,0,1,0,1,1,0,0,0,1,1,0,1,0,1,0,1,0,0,1,1,1,0,0,1,1,1,0,0,1,0,0,1,0,1,0,1,0,1,1,1,1,1,1,0,0,0,1,1,0,1,0,0,1,1,1,0,1,1,0,1,1,1,0,1,1,0,0,1,0,0,1,0
1,1,0,1,1,1,1,1,0,1,0,1,1,0,1,0,1,0,1,1,1,1,0,1,0,0,0,1,0,0,1,1,0,1,1,0,0,1,1,0,1,0,1,1,1,0,0,1,0,1,1,1,1,1,0,1,1,1,0,0,0,0,1,0,0,1,0,1,1,1,1,1,1,0,0
1,0,0,0,1,1,0,1,0,1,1,0,0,0,0,1,1,1,1,1,0,1,0,0,0,0,1,1,1,0,1,0,1,0,0,0,1,0,0,1,0,0,1,1,0,0,1,1,0,1,1,1,1,1,0,0,1,0,1,1,0,0,1,0,1,1,1,1,1,1,1,0,1,1,1
1,0,0,1,1,0,0,0,0,1,0,1,0,1,1,1,0,0,0,0,1,1,1,1,0,0,1,0,1,0,0,1,0,0,1,1,0,0,1,1,1,0,0,1,1,1,1,0,0,1,1,1,1,0,1,1,0,0,0,0,0,0,1,0,0,1,1,0,0,1,0,0,1,1,0
0,0,0,1,1,0,0,1,0,0,0,1,0,0,0,1,1,1,1,1,0,1,0,1,0,1,0,1,1,1,1,1,1,0,0,0,0,0,0,0,0,0,0,1,0,1,0,0,0,0,1,1,1,0,1,1,0,1,0,0,1,1,0,1,1,0,1,0,1,1,0,1,1,1,1
1,0,0,0,1,1,0,1,0,0,0,0,1,0,0,0,1,0,0,0,0,1,0,1,1,0,0,0,0,1,1,0,0,0,1,0,0,0,1,0,1,0,0,1,0,1,0,0,0,0,1,1,1,0,0,0,0,1,1,0,0,0,1,1,0,0,0,1,0,1,1,0,0,1,0
0,1,0,1,0,0,0,0,1,1,0,1,0,0,0,1,1,1,0,0,0,1,0,1,0,1,0,0,1,1,1,0,1,1,0,0,0,0,1,0,1,1,0,1,1,0,1,0,0,0,1,0,1,1,1,0,1,0,0,1,1,0,0,0,0,1,0,1,0,1,0,0,1,1,0
1,1,0,0,1,0,0,0,0,1,0,1,1,0,1,1,1,1,0,0,1,1,0,1,0,1,1,0,1,1,1,1,1,0,1,1,1,0,0,1,1,0,0,1,1,0,0,0,0,0,0,1,1,1,0,1,0,0,1,0,1,0,1,0,0,1,0,1,1,1,0,0,1,0,1
1,0,1,1,1,1,0,1,1,1,0,0,1,0,1,1,1,1,0,1,0,1,1,1,0,0,1,0,1,1,1,0,0,0,1,0,1,1,1,0,1,1,0,1,1,1,1,0,0,0,1,0,1,1,0,0,0,1,0,1,0,1,0,0,0,1,0,0,1,1,0,1,0,1,0
1,0,0,1,1,0,0,1,1,1,1,1,1,0,0,1,1,0,0,1,0,1,0,1,1,1,1,1,0,1,0,0,1,1,0,0,1,1,0,1,1,0,1,1,0,1,1,1,0,1,1,0,1,0,1,0,1,0,0,1,1,0,0,1,0,0,0,1,1,1,1,1,1,1,0
0,0,0,0,0,0,0,1,0,1,0,1,1,0,0,1,1,0,0,0,0,1,0,0,0,0,0,0,1,0,0,1,1,0,0,0,0,1,1,0,1,0,0,1,1,0,0,0,0,1,1,1,1,1,0,0,0,1,1,1,1,0,1,0,1,0,0,0,1,1,0,1,0,1,1
1,1,1,1,1,0,1,1,1,0,0,0,0,0,0,1,1,0,1,0,1,0,1,1,0,1,1,1,1,0,0,0,1,0,1,1,1,0,0,1,0,1,0,1,1,0,0,0,1,0,1,0,1,0,0,0,0,1,1,0,0,1,1,0,1,0,0,0,0,1,0,1,0,1,0
0,0,1,1,0,1,0,1,1,0,0,0,0,0,1,1,1,1,1,0,0,1,1,1,1,1,1,0,1,0,1,1,1,0,0,0,0,1,1,0,1,0,0,1,0,1,0,0,0,1,1,0,1,1,0,1,0,1,1,0,1,1,1,1,0,1,0,1,0,0,0,1,0,1,0
1,1,0,1,1,0,0,1,0,0,0,0,1,0,0,1,1,0,0,0,0,1,0,1,0,0,0,1,1,1,1,1,0,1,0,0,1,1,1,0,1,0,0,1,0,1,1,0,1,1,1,1,1,1,0,0,1,0,0,0,0,0,0,0,1,0,0,0,1,0,0,1,0,1,1
1,1,1,1,0,1,0,1,0,1,0,1,0,1,1,1,1,1,1,0,1,1,0,1,0,1,1,1,0,1,1,1,0,0,1,1,0,0,0,1,1,1,0,1,0,1,0,0,0,0,0,0,1,0,0,0,0,0,1,0,1,1,1,0,1,1,1,1,0,1,0,1,1,1,0
1,0,1,0,1,0,0,1,0,1,1,1,0,1,0,0,0,1,0,0,1,1,0,1,0,1,1,0,0,1,1,1,1,1,1,0,1,0,0,0,0,1,0,0,1,0,0,0,1,1,0,1,1,0,0,0,0,1,1,1,0,1,1,0,1,1,1,1,1,0,0,0,0,1,0
1,0,1,1,1,1,0,1,0,1,0,1,0,0,0,1,1,0,1,0,1,1,0,1,0,0,1,0,0,1,1,1,1,0,0,0,0,0,0,0,1,0,1,1,1,1,0,0,0,1,1,1,1,1,0,1,0,1,1,1,0,0,1,1,1,0,1,0,1,1,1,1,1,1,0
0,1,1,0,1,0,0,0,0,0,0,1,0,0,0,1,1,0,0,0,0,0,1,1,0,0,1,1,1,1,0,1,1,0,0,1,1,0,0,1,0,0,0,1,0,0,1,1,0,1,1,0,1,0,1,1,0,0,1,0,0,0,1,0,0,1,0,1,0,0,0,1,1,1,1
1,0,1,1,0,1,0,1,0,1,1,1,1,0,0,0,0,1,0,0,1,1,0,1,0,0,1,1,1,0,0,0,1,0,1,1,0,0,1,1,1,0,0,1,1,0,1,1,1,1,1,1,1,1,1,0,1,0,1,0,0,0,1,0,1,0,0,0,1,1,1,0,0,0,1
0,0,0,0,1,1,0,0,0,1,0,1,0,0,0,0,0,1,1,1,1,1,0,0,0,0,1,1,1,0,1,1,1,0,1,0,1,0,1,0,1,1,1,1,1,0,1,1,1,1,1,1,1,0,1,0,1,1,1,0,1,0,0,0,0,1,1,0,1,1,0,0,0,1,0
0,1,0,1,1,0,1,1,1,0,0,0,0,1,0,1,1,0,1,0,0,1,0,0,0,1,1,0,1,0,1,0,1,0,1,0,0,0,0,1,1,0,1,1,1,1,0,0,0,1,1,1,1,0,1,1,0,1,0,1,1,1,1,0,1,0,1,1,1,0,1,1,1,1,0
1,0,0,1,1,0,0,1,1,1,1,0,0,0,0,1,0,1,0,0,1,1,1,1,1,1,0,1,0,0,1,1,0,0,1,1,0,1,0,1,0,0,0,1,0,1,1,0,1,1,1,0,1,1,0,0,0,1,0,0,0,1,1,0,1,0,0,1,0,1,0,0,0,0,0
1,1,1,1,0,0,0,0,0,0,0,1,0,0,0,0,1,0,0,0,0,0,0,1,0,0,1,1,0,0,1,1,1,0,0,1,1,0,1,1,0,1,1,1,1,0,0,0,1,0,1,1,1,1,0,1,0,0,0,0,1,0,0,0,1,0,0,1,0,1,1,0,0,1,1
0,1,0,1,0,0,1,1,0,1,1,1,0,0,1,1,1,1,1,0,0,0,1,1,1,1,0,1,0,1,1,1,0,0,1,1,1,0,1,1,0,0,0,1,0,1,1,1,0,0,0,1,0,0,1,0,1,1,0,0,1,1,1,0,1,0,0,1,1,1,0,1,0,0,1
0,0,1,1,1,0,0,1,0,0,1,1,1,1,0,1,1,0,0,1,0,0,0,0,1,1,1,1,1,0,0,0,1,0,1,0,1,0,0,0,1,1,0,1,1,1,0,1,0,1,0,1,1,0,1,1,1,0,0,0,0,0,0,0,0,0,1,1,1,0,1,0,1,1,0
1,0,0,1,1,1,0,0,0,0,0,1,0,0,0,1,1,0,0,1,1,1,0,0,0,1,1,1,0,1,1,0,0,0,1,0,1,1,0,0,0,0,1,1,0,1,0,0,1,1,0,1,1,0,1,0,0,1,0,1,0,0,0,0,1,0,1,0,1,1,1,1,0,0,1
1,0,0,1,0,1,0,1,0,1,0,1,1,0,1,1,0,0,0,1,0,1,1,1,1,0,1,1,1,1,0,1,0,0,0,1,0,0,0,1,0,0,1,1,0,1,0,0,0,1,0,1,1,0,1,1,0,1,1,1,0,1,1,0,0,0,1,1,1,1,1,1,0,1,0
1,0,0,0,0,0,0,1,0,0,0,1,1,0,0,0,1,0,1,1,1,1,1,1,1,1,1,0,0,0,0,0,1,0,1,1,0,0,1,0,1,1,1,1,1,0,1,0,1,0,0,1,0,1,0,0,0,0,1,0,0,0,0,0,1,0,1,0,0,1,1,0,1,0,0
1,0,0,1,1,1,0,1,0,0,0,0,0,0,0,0,1,1,0,1,0,1,0,1,0,0,1,0,0,1,1,0,0,0,0,0,0,1,1,0,1,0,1,1,0,1,1,0,1,0,0,1,1,1,0,1,1,1,1,1,0,1,1,0,0,0,1,1,1,1,1,1,0,1,1
0,0,1,1,0,1,0,1,0,0,1,1,1,0,0,0,0,0,1,0,1,1,0,1,0,1,0,1,0,1,1,0,1,1,1,0,1,1,1,0,1,1,0,1,0,1,0,0,0,1,1,1,1,1,1,1,0,0,0,1,1,1,1,0,1,0,0,0,0,1,1,1,0,0,0
1,0,0,0,0,1,0,1,0,0,0,1,0,1,0,0,1,1,0,1,1,1,0,1,0,1,1,0,0,1,1,1,0,1,0,0,0,0,0,1,1,0,1,1,0,1,1,0,1,1,0,0,1,1,1,1,0,0,0,0,0,0,1,0,0,0,1,1,1,1,1,0,0,1,1
1,0,1,1,1,1,1,1,0,1,0,1,0,0,0,1,1,0,1,0,1,1,1,1,1,1,0,0,1,0,1,0,1,0,0,1,0,0,0,1,1,1,1,1,0,1,0,1,0,1,1,1,1,1,0,1,0,1,1,1,0,0,1,0,1,0,1,1,1,0,1,0,0,1,0
0,0,1,0,1,0,0,1,0,1,1,1,0,0,0,0,1,0,0,0,1,1,0,1,0,0,0,0,0,0,0,0,1,0,1,1,0,1,1,0,1,1,0,1,0,1,0,0,1,1,1,1,1,1,1,1,0,1,1,1,1,1,0,1,1,0,0,0,0,1,0,1,0,1,1
1,1,1,1,0,0,0,1,0,0,0,1,1,1,0,1,0,1,1,0,0,1,0,1,0,1,0,1,1,1,1,0,1,0,0,1,1,0,0,0,0,1,1,1,1,0,1,0,1,0,1,1,1,1,1,1,0,1,0,0,0,1,0,1,0,0,1,1,0,1,1,0,0,1,0
1,0,0,1,1,0,0,1,1,1,1,0,0,0,1,1,1,1,1,1,1,1,0,0,0,1,0,1,1,1,1,0,1,0,0,0,0,1,1,0,1,0,0,1,0,1,1,1,1,1,0,1,1,0,1,0,1,1,0,0,1,1,0,0,1,0,0,1,1,1,0,0,0,0,1
1,0,1,1,0,0,0,1,0,1,0,1,1,0,0,0,1,0,1,0,0,1,0,1,0,1,1,0,1,1,1,1,1,0,0,0,1,1,1,0,1,0,0,1,1,1,0,0,1,0,1,1,1,1,0,0,1,1,0,0,1,1,0,0,1,0,0,0,1,1,0,0,0,1,0
1,1,0,0,0,0,0,1,1,0,1,1,0,0,0,0,0,0,0,0,1,0,0,1,0,1,1,1,1,0,1,0,1,0,0,0,0,0,0,0,1,1,1,1,0,1,0,0,0,1,1,0,1,1,0,1,1,1,0,0,1,1,1,0,0,0,1,0,0,0,0,1,0,0,0
1,0,1,0,1,0,0,0,0,1,0,1,0,1,1,1,0,1,1,0,0,1,0,1,0,1,0,1,0,1,1,1,0,0,1,1,0,0,0,1,1,1,0,1,0,1,0,0,1,0,0,1,1,0,0,1,0,1,0,0,1,1,1,0,0,1,0,0,0,1,0,1,0,1,0
1,0,1,1,1,1,1,0,0,0,0,1,0,0,0,0,1,1,0,1,0,1,0,1,1,1,1,0,0,0,1,0,0,0,1,1,0,0,0,1,0,1,0,1,0,1,1,0,0,1,0,1,1,0,1,1,0,0,0,1,1,1,1,1,1,1,0,0,0,1,0,0,0,1,1
1,0,0,1,0,0,1,1,0,1,0,1,1,0,1,1,0,0,0,1,1,1,1,1,0,1,0,0,1,1,0,0,0,1,0,0,1,0,1,0,1,1,1,1,1,0,0,0,1,1,1,1,1,0,1,1,0,1,1,1,1,0,1,0,0,1,1,0,1,1,1,1,0,0,0
1,1,0,0,0,1,0,1,0,0,0,1,0,0,0,0,0,1,1,0,1,1,1,1,0,1,1,0,1,1,1,0,1,0,0,0,0,0,1,0,1,1,0,1,1,0,0,0,1,1,1,0,1,1,0,1,0,1,1,0,1,1,1,1,0,1,0,1,1,1,0,0,0,1,0
1,0,1,0,0,1,0,1,1,0,1,1,0,0,1,1,1,1,0,0,1,1,1,1,0,1,1,0,1,1,1,0,0,0,0,0,1,1,1,0,1,1,0,1,0,0,1,0,1,1,1,0,1,1,0,1,0,1,1,0,0,0,1,0,1,0,0,0,0,1,0,0,0,1,0
1,0,0,0,1,1,0,1,0,1,0,1,0,0,0,1,1,1,0,0,0,1,1,1,0,0,0,0,0,0,0,1,1,0,0,0,1,1,0,1,1,0,0,1,1,0,1,0,0,1,1,0,0,0,1,0,0,0,1,1,0,1,1,0,1,0,0,0,1,1,0,0,0,1,1
1,0,0,1,0,0,0,0,0,1,0,1,0,0,1,1,1,1,0,0,0,0,0,1,1,0,1,0,0,1,1,0,0,1,1,1,0,0,1,1,1,0,0,1,0,0,0,1,1,1,1,1,1,1,0,0,1,1,1,1,0,1,1,0,0,0,1,1,1,1,1,1,0,1,0
0,0,0,1,1,1,0,0,1,0,0,1,0,0,0,1,0,0,0,0,0,1,0,0,1,0,1,1,0,1,0,1,0,0,1,1,1,0,0,1,1,0,1,1,1,1,0,0,0,0,1,1,1,0,1,1,0,1,0,0,1,0,1,1,1,1,0,0,1,0,1,0,1,1,1
1,0,1,0,0,1,0,1,1,0,0,1,0,0,0,0,0,1,1,0,1,1,1,1,1,0,1,1,0,0,1,0,0,0,0,0,1,1,1,0,1,1,0,1,0,0,0,0,1,1,0,1,1,1,0,1,1,1,1,1,1,1,1,0,0,0,1,0,0,0,1,0,0,1,0
1,1,1,1,0,1,0,1,1,1,0,0,1,0,0,1,1,1,0,1,1,0,0,1,1,1,1,1,1,0,1,0,1,0,0,0,0,0,1,0,1,0,1,1,0,1,1,0,1,1,0,1,1,1,0,0,0,0,0,0,0,1,0,0,1,0,0,0,1,1,1,0,0,1,0
1,0,0,1,0,1,0,1,0,1,1,0,1,1,1,0,1,1,1,0,1,1,0,1,0,0,0,1,1,0,1,1,0,1,1,1,1,1,0,1,1,0,1,1,0,1,0,1,1,0,1,1,1,1,0,1,1,0,1,1,0,0,1,0,1,0,0,0,1,1,1,1,0,1,0
1,0,0,1,1,0,0,0,1,1,0,1,1,0,0,0,0,1,0,1,1,1,0,0,1,1,1,1,1,1,1,1,1,1,1,1,0,1,0,1,1,0,1,1,0,1,0,0,1,0,1,1,1,1,1,1,0,0,1,0,0,0,0,0,1,1,0,0,1,0,1,0,0,0,1
1,0,0,1,1,0,0,1,1,1,1,1,0,0,0,1,1,1,1,1,1,1,0,0,1,1,0,0,1,0,1,1,1,1,1,0,1,0,1,0,1,0,0,1,1,1,1,0,1,1,1,1,1,0,1,0,0,1,1,1,1,1,1,0,1,0,1,1,1,1,1,0,0,0,0
1,0,0,0,0,1,0,1,0,1,1,0,0,0,1,1,1,1,1,1,0,1,1,1,0,0,0,1,0,1,1,1,0,0,0,0,0,0,0,1,1,0,0,1,1,0,0,1,0,0,1,0,1,1,0,1,1,0,1,1,1,0,1,1,1,0,0,0,1,1,0,1,1,1,0
0,1,1,0,0,1,0,1,0,1,1,0,0,0,0,1,1,0,1,0,1,1,0,1,1,0,0,1,0,0,1,0,1,0,0,0,1,1,0,1,1,0,0,1,1,0,1,1,1,1,1,1,1,0,0,1,0,0,0,1,0,0,0,0,0,0,0,1,1,1,1,1,0,1,0
1,1,1,0,1,0,0,1,1,0,0,1,1,0,1,0,1,1,0,0,1,1,0,1,0,0,1,1,1,1,1,1,0,0,0,0,1,0,1,0,1,1,1,1,1,1,0,0,1,0,1,1,1,1,0,1,0,0,1,1,1,0,1,1,1,0,1,0,1,1,1,1,0,1,1
1,0,0,0,1,1,0,1,0,0,0,0,0,0,1,0,1,1,1,0,1,1,0,1,0,0,1,0,1,0,1,0,0,0,0,0,0,1,1,0,1,1,0,1,1,1,0,0,0,0,1,0,1,1,0,1,0,1,0,1,0,1,1,0,1,1,0,0,0,1,0,0,1,1,0
1,1,0,1,1,0,0,1,1,0,0,0,1,0,0,1,1,1,1,0,1,1,1,1,0,1,1,0,1,0,1,0,1,0,0,1,1,1,1,0,1,1,1,1,1,0,0,0,1,0,1,1,1,0,1,1,0,0,0,1,0,1,0,1,0,1,0,0,0,1,1,1,0,1,0
1,0,1,0,1,1,0,1,0,0,1,1,0,0,1,1,0,0,1,0,1,1,1,1,0,0,1,0,1,0,1,0,0,0,1,1,0,0,1,0,1,1,0,1,0,1,0,0,1,1,1,0,1,0,1,1,0,1,1,0,1,0,1,0,0,1,0,1,0,0,0,0,0,1,0
1,0,0,1,0,0,0,1,0,1,1,1,0,0,0,0,0,0,1,0,1,1,0,1,0,1,1,1,0,1,1,0,1,0,1,0,1,0,0,1,0,1,0,1,0,0,0,0,0,1,1,1,0,1,1,1,0,1,0,0,1,1,1,0,1,0,1,0,0,1,0,1,0,1,0
1,1,0,1,0,0,0,1,0,1,1,1,0,0,1,0,0,0,0,0,1,1,0,1,0,0,0,0,0,1,1,0,0,0,0,1,1,1,0,0,0,1,0,1,0,0,1,1,0,1,1,1,1,1,0,1,1,1,1,0,0,1,1,0,1,1,1,0,0,1,0,1,1,1,0
1,1,1,1,0,0,0,1,1,1,1,1,0,0,1,0,1,0,0,0,0,1,0,1,0,0,1,1,0,0,1,0,0,0,0,0,1,0,0,0,1,1,1,1,1,1,0,1,1,1,1,0,1,1,0,1,1,1,0,1,1,1,1,1,1,0,1,1,0,1,1,0,0,1,0
1,0,1,1,0,0,0,1,0,0,1,1,0,0,0,0,1,1,0,0,0,0,0,1,0,0,1,1,1,1,0,1,1,0,1,1,1,0,1,0,1,1,1,1,1,1,1,0,0,1,1,0,1,0,1,1,0,1,1,1,0,0,1,0,1,0,0,0,1,1,1,0,0,1,1
0,0,0,0,1,1,1,0,0,1,0,0,0,0,0,0,0,0,0,0,1,1,0,1,0,0,1,0,1,1,0,1,1,0,0,1,0,0,0,0,1,1,0,1,0,1,1,0,1,1,0,1,1,0,1,0,0,0,1,1,0,0,1,1,0,1,1,0,0,0,1,1,0,1,1
1,1,1,1,1,0,0,1,0,1,0,1,0,0,1,1,1,1,1,0,1,1,1,1,0,0,0,0,1,0,0,1,0,0,0,0,0,0,1,0,1,1,0,1,1,0,0,1,1,0,1,0,1,0,0,1,0,0,0,0,1,1,1,1,1,0,0,0,0,1,0,1,0,1,1
1,0,0,0,1,0,0,1,0,0,0,0,0,0,0,1,0,1,0,0,0,1,1,1,0,1,1,0,1,1,0,0,0,0,1,0,1,0,0,1,0,0,0,1,1,1,1,0,1,1,1,1,1,0,1,1,0,0,1,0,0,0,1,1,0,0,1,0,0,1,0,0,1,1,1
1,0,0,0,1,1,0,1,1,1,1,0,0,0,0,1,1,0,0,0,0,1,0,1,0,0,1,0,0,0,1,0,1,0,1,1,1,0,0,1,1,0,0,1,0,1,0,0,1,0,1,1,1,1,0,1,0,1,1,0,0,1,0,0,1,0,1,1,1,1,0,1,0,1,0
1,0,0,0,1,1,0,1,1,0,1,1,0,0,0,0,0,1,0,0,1,1,0,1,0,1,1,0,1,1,0,0,1,0,0,1,0,0,0,1,1,0,0,1,1,0,1,1,1,1,1,1,1,0,1,1,1,1,1,0,0,1,0,0,0,1,1,0,0,1,0,0,0,1,0
1,0,0,1,1,0,0,1,0,1,0,1,0,0,0,0,0,1,0,0,1,1,1,1,0,1,1,0,1,1,1,1,1,1,0,0,1,1,0,1,1,1,0,1,1,1,0,0,1,0,1,0,1,0,1,1,1,1,1,1,1,0,1,0,1,0,0,0,0,1,1,1,0,1,0
1,0,1,0,1,1,1,1,0,0,0,1,0,0,1,0,1,0,0,0,1,0,1,1,1,0,1,1,1,1,1,0,1,1,1,1,0,0,0,1,0,1,0,1,0,0,0,0,0,1,1,0,1,1,0,1,1,1,0,0,0,0,1,0,0,0,0,1,0,1,0,1,0,1,1
1,0,0,0,0,0,1,1,0,1,0,1,0,0,0,1,1,0,0,0,0,1,0,1,1,1,0,1,1,1,0,0,1,1,0,1,1,1,0,1,0,0,0,0,0,1,1,0,1,1,1,1,1,1,0,1,1,1,0,1,0,0,1,1,0,0,1,1,0,1,1,1,0,1,0
1,0,0,0,0,0,1,1,1,0,0,1,0,0,0,1,1,0,0,0,0,0,1,0,1,1,0,1,0,1,0,0,0,0,0,1,0,1,0,1,1,0,0,0,1,0,1,0,0,1,0,0,1,1,0,1,0,0,1,0,0,0,1,0,0,0,0,0,1,1,0,1,1,1,0
1,0,1,0,1,1,1,1,0,0,0,1,0,0,0,0,0,0,0,0,0,0,1,1,1,0,1,0,1,1,1,1,1,0,1,0,1,0,1,0,1,0,0,0,0,1,0,0,1,1,0,1,1,0,1,0,0,1,0,1,0,0,1,0,1,1,0,0,1,1,1,1,0,0,0
1,1,1,0,0,1,0,1,1,0,0,1,1,0,0,0,0,0,0,1,0,1,0,1,0,0,0,0,0,0,1,1,0,1,0,0,1,1,1,0,1,1,1,1,1,1,1,1,1,1,1,1,1,1,0,1,1,1,1,1,0,1,1,0,1,0,0,0,0,1,0,1,0,1,1
1,0,0,0,0,1,0,1,0,0,1,1,0,0,0,0,1,0,0,0,1,1,0,1,0,1,1,1,0,1,1,1,0,1,1,0,1,1,0,1,1,0,0,1,0,1,0,1,1,1,1,1,1,1,1,0,1,1,1,1,0,0,0,1,1,0,0,0,0,1,1,1,0,1,1
0,1,1,1,0,0,1,1,0,0,1,1,0,0,0,0,1,1,0,0,0,1,1,1,1,0,0,0,1,0,1,1,0,0,0,1,0,0,0,1,1,0,0,1,0,0,1,1,1,1,1,0,1,1,0,1,1,0,1,0,1,1,0,1,0,0,0,0,1,1,0,0,0,1,0
1,1,0,0,1,1,0,0,1,0,0,1,0,0,1,0,0,1,0,0,0,0,1,1,0,0,1,0,1,0,1,0,1,1,0,1,0,0,0,1,0,0,0,1,0,0,1,0,0,1,1,0,1,0,0,1,0,1,1,1,1,1,1,0,0,1,1,1,1,1,1,1,1,1,1
1,0,0,0,1,0,0,1,0,1,0,0,0,0,1,1,1,1,1,1,1,0,0,1,0,0,1,1,0,0,1,1,1,1,0,1,0,1,0,1,0,0,0,1,1,0,1,0,1,1,0,0,1,1,1,1,0,1,1,1,1,1,1,0,0,0,1,1,0,1,1,0,0,0,1
1,0,1,0,0,0,1,1,0,0,0,1,0,0,0,1,1,1,0,1,0,0,1,1,1,0,1,0,1,0,1,1,1,0,1,0,0,1,0,1,1,0,1,1,1,1,0,1,0,0,0,1,0,0,0,0,1,1,1,1,1,0,0,0,0,0,1,1,0,1,1,0,0,1,0
0,1,1,0,0,1,0,1,1,1,1,1,0,0,0,0,1,0,0,0,1,1,0,0,1,0,0,0,1,1,0,1,0,0,1,0,1,1,0,1,0,1,0,1,1,1,1,0,0,0,0,0,1,1,0,1,0,0,1,1,0,1,1,0,1,0,1,1,0,0,0,1,0,0,0
1,0,0,0,0,0,0,1,0,1,1,1,1,0,1,0,1,1,1,1,0,1,0,0,0,0,0,0,1,0,1,0,0,0,1,0,1,1,1,0,1,0,1,1,1,0,1,0,1,1,1,0,1,0,0,1,0,1,0,0,0,1,0,1,0,1,0,0,0,1,1,0,0,1,0
1,1,1,1,1,1,0,1,0,1,0,1,0,0,0,1,1,0,1,0,1,1,1,1,1,0,1,0,1,1,1,1,1,0,1,0,0,0,1,0,1,1,1,1,1,0,0,1,1,1,1,0,1,0,1,0,1,1,0,1,1,1,1,0,0,1,1,1,1,1,1,1,0,1,0
1,0,1,1,0,1,0,1,1,0,1,0,1,0,0,1,1,0,1,0,1,0,1,1,0,1,1,1,1,1,1,1,1,0,1,1,0,0,1,0,1,0,0,1,0,1,0,1,0,0,1,1,1,0,1,0,0,0,1,0,0,1,0,0,1,0,1,1,1,1,1,0,1,0,0
0,0,1,0,0,0,1,1,0,1,0,1,0,0,0,1,0,1,0,0,0,1,1,1,0,0,1,0,1,0,0,1,1,0,0,0,0,1,1,0,1,0,1,0,1,0,0,0,1,1,1,0,1,1,0,1,0,1,1,0,0,0,0,0,1,0,0,0,1,0,1,0,0,1,0
1,1,0,1,1,1,0,1,0,1,1,1,0,0,0,0,0,0,0,0,0,1,1,1,0,0,1,1,0,1,1,1,1,0,1,1,0,0,1,0,0,1,0,1,1,0,0,1,0,1,1,0,1,0,0,1,1,0,1,0,1,0,1,1,1,0,0,0,0,1,0,1,1,0,1
1,1,0,1,0,1,1,1,0,0,0,1,1,0,1,0,1,1,1,0,1,1,1,1,1,1,0,1,1,0,0,0,0,0,1,1,0,1,0,1,1,1,0,1,1,0,0,0,1,0,1,0,1,0,0,1,0,0,1,1,1,0,1,0,1,0,1,1,0,1,1,1,0,1,0
1,1,0,1,0,0,0,1,0,0,1,1,1,0,0,1,1,0,1,1,1,1,0,0,0,1,0,1,1,0,0,1,1,0,1,0,0,0,1,0,1,1,1,1,1,1,0,0,0,1,1,1,1,1,0,1,0,1,0,0,1,1,0,0,0,0,0,1,1,1,0,1,0,1,0
1,0,1,1,1,1,0,1,0,1,0,0,0,0,1,1,1,1,1,0,1,0,0,1,0,1,1,0,0,1,1,0,0,0,1,1,0,1,0,1,1,0,0,1,1,0,1,0,0,1,1,1,1,1,0,0,0,0,1,0,1,0,1,0,1,1,0,1,1,1,0,1,1,1,0
1,0,1,1,0,1,0,0,0,1,0,1,0,0,0,1,0,1,0,0,0,1,0,1,0,0,0,0,0,1,0,1,1,0,1,0,0,0,1,0,1,0,1,1,1,1,1,0,0,1,1,1,1,0,1,1,0,1,0,1,0,0,0,0,0,1,1,1,1,1,1,0,0,1,0
1,0,1,1,1,0,0,1,0,0,1,1,0,0,1,0,1,1,0,0,0,1,0,0,1,0,1,0,1,1,0,1,1,0,0,0,0,1,0,0,1,1,1,1,0,1,0,0,1,1,0,1,1,0,1,1,0,1,1,1,0,0,1,0,1,0,1,0,1,1,1,1,0,1,1
1,0,0,1,1,0,0,1,1,0,0,0,1,0,0,1,1,1,0,0,0,1,0,0,1,1,1,0,1,1,1,1,1,0,0,0,0,0,0,1,1,0,0,1,1,0,0,1,0,1,1,1,1,0,1,0,1,0,0,0,0,0,1,0,1,1,0,0,1,1,0,0,1,1,0
1,1,1,1,1,1,0,1,1,0,0,0,1,0,0,0,0,1,0,1,0,1,0,0,1,1,1,0,0,1,1,1,1,0,1,0,1,1,0,1,1,0,1,1,1,1,1,0,0,0,0,1,1,0,0,0,0,0,1,1,0,0,1,0,1,0,0,0,1,1,1,1,0,1,0
1,0,0,1,0,1,1,1,0,1,1,0,1,0,1,0,0,1,0,1,1,0,1,1,1,1,0,0,0,0,1,1,0,0,1,0,1,1,1,0,1,1,1,1,0,0,1,1,1,0,0,1,1,1,0,1,1,1,1,0,0,1,1,1,1,0,1,1,0,1,1,0,0,0,0
1,1,0,1,0,0,1,1,0,1,1,1,0,0,1,0,0,0,1,0,1,1,1,1,0,1,1,1,1,0,1,1,0,0,1,1,1,0,1,1,1,0,1,1,1,1,0,1,1,1,1,0,1,0,0,1,1,0,0,1,0,1,1,1,0,0,0,0,1,1,1,1,0,0,0
0,0,0,0,0,0,0,1,0,1,1,1,0,1,0,0,0,0,1,1,0,1,1,1,0,1,1,0,0,0,1,0,0,0,0,0,1,0,0,1,1,1,0,1,0,0,0,0,1,1,0,1,0,0,0,1,0,0,1,0,1,0,0,1,1,0,0,0,0,1,0,1,1,1,0
1,1,0,1,1,0,0,1,0,1,1,1,0,1,0,0,1,0,0,1,1,1,0,1,0,1,1,0,1,1,1,1,1,0,1,0,1,1,0,1,0,0,1,1,1,0,0,0,1,0,1,0,1,1,0,1,1,1,1,1,0,1,1,0,0,0,0,1,1,1,1,0,0,1,0
1,0,0,0,1,1,0,1,0,1,1,1,1,0,1,1,0,1,0,0,0,0,0,1,0,0,1,0,0,0,1,0,0,0,1,1,0,0,0,1,1,0,0,1,1,1,1,0,1,1,1,1,1,0,1,1,0,0,1,1,1,1,1,0,1,0,1,1,0,1,0,0,0,1,1
1,0,0,0,0,0,0,0,0,0,0,1,0,0,0,1,1,1,1,1,1,1,0,0,0,0,1,1,0,0,1,0,1,0,0,0,1,0,1,0,1,0,0,1,0,1,0,0,0,1,0,1,1,0,1,0,1,0,0,0,1,1,0,0,0,1,1,0,0,1,0,0,1,1,0
1,1,1,0,1,0,0,1,0,1,0,1,0,0,0,1,1,1,1,0,1,1,1,1,0,1,1,1,1,1,0,0,1,1,0,0,1,0,1,0,1,1,0,1,1,0,0,0,0,1,1,0,1,1,0,1,0,1,1,0,1,0,1,1,1,1,0,0,0,1,0,0,1,1,0
1,0,1,1,1,0,0,1,1,0,0,1,1,0,0,0,1,0,0,0,0,1,0,1,0,1,0,1,1,1,1,0,1,1,0,0,1,0,0,0,1,0,0,1,0,0,1,0,0,1,1,1,1,0,0,1,1,0,0,0,0,1,1,0,1,0,1,1,1,1,0,1,0,1,0
0,0,0,1,1,0,0,1,1,1,1,1,0,0,1,0,1,0,1,0,1,1,0,1,0,0,0,0,0,1,1,0,0,0,0,0,0,1,1,0,1,0,0,0,0,1,0,1,0,1,1,1,1,0,0,1,1,0,0,0,1,1,0,0,0,0,0,0,1,0,0,0,1,1,0
1,0,1,1,0,1,0,1,0,0,0,1,0,0,1,1,1,1,0,0,0,1,1,1,0,1,0,1,0,0,0,1,0,0,1,0,0,1,0,0,1,1,0,1,0,1,0,0,1,1,1,0,1,1,0,1,1,0,0,0,1,1,1,0,0,1,0,1,0,1,0,0,0,1,0
1,0,0,1,0,0,0,1,0,0,1,0,0,0,1,0,1,1,0,0,0,1,1,1,1,1,1,0,0,1,0,1,0,1,1,0,1,0,1,0,1,1,1,1,0,1,1,0,1,1,1,0,1,0,1,0,0,1,1,1,1,1,1,0,1,0,1,1,0,1,1,1,0,0,0
0,0,0,1,0,0,0,0,1,0,0,1,1,0,0,1,1,0,1,0,1,1,0,1,1,1,0,1,1,1,1,1,1,0,0,0,0,1,0,0,1,0,1,1,0,1,1,0,0,0,1,1,1,0,1,0,0,0,0,1,1,0,0,0,1,1,1,0,1,1,1,0,1,1,0
0,1,0,1,0,0,0,1,0,0,0,1,0,0,1,1,0,1,1,1,0,1,0,0,0,0,1,1,1,1,0,1,0,0,0,1,1,1,0,1,1,1,0,1,1,0,1,0,0,0,1,1,1,0,1,0,0,0,1,0,1,0,0,0,1,0,0,0,0,1,0,1,1,1,0
1,0,0,1,0,0,0,1,0,0,1,1,1,0,0,0,1,1,1,0,1,1,0,1,0,0,1,0,0,0,0,1,1,0,1,0,1,0,1,0,1,1,0,1,0,1,1,0,1,0,1,1,1,0,1,1,0,0,0,0,1,1,1,1,0,0,1,1,1,1,0,0,1,1,0
1,0,1,0,1,0,0,1,0,1,1,1,0,0,1,1,1,0,0,0,0,1,0,1,0,1,0,1,1,1,1,0,1,0,0,1,0,1,0,0,0,1,0,1,0,1,1,1,0,1,1,1,1,1,0,0,0,1,1,0,0,0,1,0,1,0,1,0,1,0,0,0,0,1,1
0,0,0,0,1,0,0,1,0,0,1,1,0,0,1,1,1,0,1,0,0,1,0,0,0,1,1,1,0,1,1,0,0,0,0,0,1,1,0,0,0,0,1,1,1,1,0,0,0,1,1,1,1,0,1,1,0,1,1,1,1,0,1,0,1,0,1,1,1,1,1,0,1,0,0
1,0,1,0,0,0,1,1,0,0,0,1,0,0,0,1,1,1,0,0,0,1,0,1,0,1,0,0,0,0,0,0,0,0,1,1,0,0,0,1,1,1,1,1,1,0,1,1,1,1,1,1,1,1,1,1,1,1,1,0,0,0,0,1,1,0,1,1,0,1,1,0,0,1,0
1,0,1,1,0,0,0,0,0,0,1,1,1,0,0,1,1,1,1,0,0,1,0,1,0,1,0,0,1,0,1,0,1,0,1,0,0,0,1,0,1,1,0,1,0,1,0,0,1,1,0,0,1,1,0,1,0,1,0,0,1,0,1,0,0,1,1,1,0,1,1,0,0,1,0
0,0,0,0,0,0,0,1,1,1,1,1,1,0,0,1,1,1,1,0,1,0,1,1,1,1,1,1,1,0,1,1,1,0,0,0,0,1,1,0,1,0,1,1,0,1,1,0,1,0,0,1,1,0,1,0,1,1,1,1,1,0,1,0,0,0,1,0,1,1,1,0,0,0,0
0,1,0,1,0,0,0,1,1,0,0,1,0,0,1,0,1,1,1,0,1,0,0,1,0,0,1,0,1,1,0,0,0,1,1,1,1,0,0,1,1,1,1,1,1,0,1,0,0,1,1,0,1,0,0,1,1,1,1,1,0,1,0,0,1,0,1,0,1,1,1,1,0,0,0
1,1,1,1,0,0,0,0,0,1,0,0,0,1,0,0,1,0,1,1,1,1,0,1,1,0,0,1,1,1,1,1,1,1,0,0,0,1,1,0,1,1,1,1,1,0,0,0,0,1,1,1,1,1,0,0,0,1,1,1,0,0,1,1,1,1,0,0,1,1,1,1,1,0,0
1,0,1,0,0,1,0,1,0,1,1,0,0,0,0,1,1,1,0,1,0,1,0,1,1,0,0,0,1,0,0,1,1,0,1,0,1,1,1,0,1,0,0,1,1,0,1,0,1,1,1,1,1,1,0,0,0,1,1,0,0,1,0,1,0,0,0,1,0,1,1,0,0,1,1
1,0,0,0,1,0,1,0,0,1,0,1,0,0,0,0,1,1,1,0,1,1,0,0,1,1,1,0,1,1,1,1,1,1,0,0,1,0,1,0,1,1,1,1,1,1,1,0,0,1,0,1,1,0,0,1,0,1,1,0,0,0,1,0,0,1,0,1,0,1,1,0,0,1,1
1,0,1,1,1,1,1,1,0,1,1,0,0,0,1,0,1,0,1,1,1,1,1,1,0,1,1,1,0,0,1,0,0,1,0,1,1,0,1,1,1,1,0,1,0,1,0,1,1,1,1,1,1,1,1,1,1,0,0,0,1,0,0,0,1,0,0,0,0,1,0,0,0,1,1
1,0,0,0,0,1,0,1,0,0,0,1,0,0,1,1,0,1,0,1,1,1,1,1,0,1,1,0,0,0,1,1,0,0,0,1,0,1,0,1,1,1,1,1,0,0,1,0,0,0,1,0,1,0,1,1,1,0,1,0,1,0,1,0,1,0,0,0,0,1,1,0,1,1,0
1,0,0,0,0,0,0,1,1,0,1,1,0,0,1,1,1,0,0,1,1,0,0,0,0,1,1,0,1,0,1,1,1,0,0,1,1,1,0,1,1,0,0,1,0,1,0,0,0,0,1,1,1,1,0,0,0,0,1,1,1,0,1,0,1,0,0,0,1,1,0,0,1,1,0
1,0,0,1,0,0,1,1,1,0,1,1,0,1,0,1,0,1,0,1,0,1,0,1,1,0,1,1,1,0,0,0,0,0,1,1,1,1,0,1,0,0,0,1,1,0,1,0,0,1,0,1,1,0,1,1,0,1,0,0,0,0,1,0,1,0,1,1,1,1,0,0,0,1,1
1,0,0,0,1,0,0,1,0,1,1,1,1,0,0,0,1,1,0,0,0,0,0,1,0,0,1,0,0,0,1,0,1,0,0,0,1,0,0,0,0,1,1,1,1,0,0,0,0,0,1,1,1,1,1,1,0,0,1,0,0,1,1,0,1,0,1,0,0,1,1,0,1,1,0
1,0,0,0,1,0,1,0,1,0,0,1,0,0,1,1,0,1,0,0,1,1,1,1,0,0,1,1,0,0,1,0,1,0,0,1,0,0,0,1,1,0,0,1,1,0,1,1,0,1,1,1,1,0,1,0,1,0,1,0,0,0,1,1,0,0,1,1,1,1,0,0,1,1,0
0,0,0,1,0,0,0,1,0,0,0,1,1,0,0,0,1,1,0,0,1,1,0,0,1,1,0,1,1,1,0,0,1,1,1,0,1,0,0,0,1,1,1,1,0,1,1,0,1,0,1,1,1,0,1,0,0,1,0,0,0,0,0,0,1,0,0,1,0,1,1,0,0,1,0
1,1,0,1,0,0,0,1,0,0,0,0,1,1,0,1,0,0,0,0,1,1,0,1,1,1,0,1,1,1,1,0,1,0,1,1,1,0,0,1,0,0,1,1,1,0,0,1,0,0,1,0,1,1,1,1,1,1,1,0,0,1,1,0,0,0,0,1,1,1,1,0,1,0,0
1,0,0,1,1,0,0,1,0,0,1,1,1,0,1,0,1,0,1,0,1,1,0,1,0,0,0,0,1,0,1,1,0,1,0,1,0,1,1,0,1,1,0,1,1,1,1,0,0,1,1,1,1,1,0,1,0,1,0,1,0,0,0,1,1,0,0,0,1,1,0,0,0,1,0
1,0,0,1,0,1,0,1,0,0,1,0,0,0,0,1,0,1,0,0,1,0,0,1,0,0,0,1,1,0,1,0,1,0,1,1,1,0,0,1,1,0,1,1,0,0,1,1,1,0,1,1,1,0,1,0,1,0,1,0,0,1,1,0,0,0,1,1,1,1,0,0,1,0,0
1,1,0,0,1,1,1,0,0,0,0,1,1,0,1,0,0,1,1,0,1,1,1,1,1,1,0,0,1,1,0,1,0,0,0,0,1,0,0,0,1,1,0,1,1,1,0,1,0,0,1,0,1,1,0,0,1,0,1,1,1,0,1,0,0,0,0,1,0,1,0,1,1,1,0
1,0,0,1,1,1,0,1,0,1,0,0,1,0,0,1,1,0,0,0,1,1,0,1,0,0,1,1,0,1,1,0,0,0,0,1,0,1,0,1,1,0,1,1,0,1,1,0,0,0,1,1,1,1,0,0,0,0,0,1,0,1,0,1,0,0,1,1,1,1,1,1,0,1,1
1,1,0,1,1,0,0,1,0,0,0,1,1,0,0,0,0,1,1,0,1,1,0,1,0,1,1,1,0,0,1,1,0,0,0,0,1,1,0,0,1,1,0,1,0,1,0,0,0,1,1,1,1,1,0,1,0,1,0,0,0,0,1,1,1,0,1,0,0,1,1,0,0,1,0
1,0,0,1,1,0,0,1,0,1,0,0,1,1,1,1,1,1,0,1,1,1,1,1,0,1,1,1,0,1,0,1,0,0,0,1,1,1,1,1,1,0,0,1,1,1,1,0,0,0,1,1,1,0,1,0,0,0,0,1,0,0,0,1,1,1,0,0,0,1,1,1,1,1,0
1,0,0,1,1,0,0,1,1,1,1,1,0,0,0,1,1,1,0,1,1,1,0,0,0,0,1,0,0,0,1,0,1,1,0,0,1,1,1,0,0,1,0,1,1,0,0,0,1,0,0,1,1,1,0,1,0,0,0,1,1,0,0,0,1,0,0,1,0,1,0,1,0,1,1
1,0,0,1,0,1,0,1,0,1,1,0,1,0,0,1,0,1,1,0,1,1,0,1,1,0,0,0,1,0,0,1,1,0,1,0,1,1,1,0,1,0,1,1,1,0,0,0,1,1,0,1,1,0,1,0,1,0,0,0,0,0,1,0,0,1,1,0,1,1,1,0,0,1,0
0,1,1,1,0,0,1,1,0,0,1,1,0,1,1,1,0,1,0,0,1,0,1,1,1,1,1,1,0,1,0,0,0,0,0,0,1,0,1,0,1,1,1,1,1,1,1,0,0,0,1,0,1,0,0,0,1,1,1,0,0,1,1,0,1,0,0,0,0,0,1,1,0,0,0
0,0,0,0,0,1,0,1,0,0,1,0,0,0,1,0,0,1,0,0,0,0,0,1,0,0,0,0,1,1,1,0,0,0,0,0,1,1,1,0,1,1,0,1,0,1,1,0,0,0,0,0,1,1,1,1,0,0,1,1,0,1,1,0,1,0,0,1,1,0,0,1,1,1,0
1,0,0,1,1,0,1,1,0,1,0,1,0,1,0,0,0,1,0,1,1,1,1,1,1,0,1,1,1,0,1,1,1,1,0,1,1,1,0,1,1,1,1,1,0,1,0,1,1,1,1,0,1,1,1,1,1,0,0,1,1,0,0,0,1,0,0,0,1,1,1,0,0,1,1
0,0,0,1,1,0,0,1,1,1,0,0,0,1,1,0,0,1,0,0,0,1,1,1,0,0,0,1,1,1,1,0,0,1,1,1,1,0,1,1,1,0,0,0,0,1,0,0,1,1,1,0,1,0,0,1,1,1,0,0,0,1,1,0,1,0,1,1,0,1,0,1,0,1,0
0,0,0,0,0,1,0,1,0,1,0,1,1,0,1,1,1,1,1,1,1,1,0,1,1,1,0,1,0,0,1,0,1,0,1,0,0,1,1,0,1,0,0,1,0,0,1,0,0,1,1,0,0,1,0,0,0,1,1,1,0,0,1,0,1,0,1,1,1,0,0,0,0,1,0
0,0,0,0,1,0,0,1,0,0,0,1,0,0,0,0,1,0,1,1,1,1,1,1,1,1,1,1,1,0,0,0,1,1,1,0,1,1,0,0,0,1,0,1,0,1,0,0,1,1,1,0,1,0,0,1,0,1,0,1,0,0,1,0,0,1,0,1,0,0,0,1,0,1,1
1,0,0,1,0,0,0,1,0,0,0,1,0,1,0,1,1,0,0,0,1,1,1,0,0,1,0,1,1,0,0,0,1,0,1,0,1,0,1,0,1,1,1,1,1,1,0,0,1,1,1,0,1,1,0,1,0,1,1,1,0,0,1,1,1,0,0,1,1,1,1,1,0,0,0
1,0,1,0,0,0,0,1,0,0,1,1,1,0,1,0,1,1,1,0,0,1,0,1,0,1,1,1,1,1,1,1,1,0,1,0,0,1,0,0,1,1,1,1,1,1,1,1,1,0,1,1,1,0,0,1,1,1,0,1,1,0,1,0,1,0,1,0,1,1,1,0,0,1,0
1,0,0,0,0,1,0,1,0,1,1,1,1,0,1,0,1,0,0,0,1,1,0,1,0,0,0,0,0,1,1,1,0,0,0,1,0,0,0,1,1,0,0,1,0,1,1,1,0,1,1,1,1,0,1,1,1,0,1,1,0,0,1,0,1,0,1,1,1,1,0,0,1,1,0
1,0,1,0,0,1,0,1,0,1,0,1,1,0,0,0,1,1,1,1,1,1,0,1,0,1,1,0,1,0,1,1,1,0,0,0,1,0,0,0,1,1,0,1,0,1,1,0,1,1,1,1,1,1,1,1,0,1,1,0,1,1,1,0,1,0,1,0,0,1,0,0,0,1,0
1,1,1,0,1,0,0,1,0,0,0,0,1,0,0,1,1,0,1,0,0,1,0,0,0,0,1,1,0,1,0,1,1,0,1,0,1,1,0,1,1,0,1,1,1,1,0,0,0,0,1,1,0,0,0,1,0,1,0,0,0,1,1,0,1,0,0,1,0,1,1,1,0,0,0
1,0,0,0,0,0,0,1,1,1,0,1,0,0,0,0,0,1,0,1,0,1,0,0,0,0,1,0,1,0,1,1,0,1,1,1,1,0,0,1,0,1,1,1,0,1,1,1,1,1,1,1,1,1,1,1,1,0,0,0,1,0,0,0,1,1,0,0,1,1,1,0,1,0,0
1,0,1,1,0,1,0,1,0,1,0,0,0,0,0,0,1,1,0,0,0,1,1,1,1,1,1,1,1,1,0,0,1,1,1,0,0,0,0,0,0,0,1,1,0,0,0,1,1,1,1,0,1,0,1,1,1,1,1,0,0,0,0,1,1,0,1,0,1,0,1,0,0,0,1
1,0,1,1,0,1,1,1,0,1,0,1,1,1,1,1,0,0,1,0,0,1,1,1,1,0,1,1,1,0,1,0,1,0,1,1,1,1,0,1,1,1,1,1,0,1,0,0,1,0,1,0,1,0,1,1,1,1,1,0,1,0,0,1,1,0,0,1,0,1,1,0,0,1,0
1,0,0,0,1,1,0,0,0,0,0,0,0,0,1,0,1,1,0,1,0,1,0,1,0,0,1,0,1,1,1,1,0,0,0,1,1,1,0,1,0,1,1,1,0,1,1,1,1,0,1,1,1,1,1,1,1,0,1,0,0,1,1,0,0,1,1,0,1,1,0,1,0,1,0
1,1,1,1,1,0,0,0,1,1,0,0,0,0,1,1,0,0,0,0,1,1,1,1,1,0,1,1,1,0,0,1,1,0,1,0,0,0,1,0,1,1,1,1,1,0,0,0,0,1,1,0,1,0,0,1,1,1,1,0,0,0,0,1,0,0,1,0,1,1,0,0,1,1,0
0,1,1,1,0,1,0,1,0,1,1,0,1,0,1,0,1,0,0,0,0,1,0,0,1,0,0,1,0,1,1,1,0,0,1,0,0,0,1,0,1,0,1,0,1,0,0,1,0,1,1,1,1,1,0,1,1,1,0,0,0,0,1,0,0,1,1,0,1,1,1,0,0,1,0
1,0,1,1,1,0,1,1,0,0,1,1,1,0,0,0,0,1,1,0,0,0,1,1,1,1,1,0,0,1,1,1,0,0,0,0,0,0,1,0,1,1,0,1,0,1,0,0,0,0,0,0,1,0,1,1,0,1,0,0,1,0,0,0,1,0,0,1,0,1,0,0,0,1,0
1,0,0,0,0,1,0,0,1,1,0,0,1,0,0,1,0,0,1,0,1,1,0,0,1,1,1,0,0,1,0,1,1,0,1,0,1,0,0,0,1,0,0,1,1,0,1,1,0,0,1,1,1,0,1,0,1,0,0,0,1,1,1,0,1,1,1,1,1,1,1,1,1,1,0
0,0,0,1,1,1,0,0,0,1,0,1,1,0,1,1,0,1,0,0,0,1,0,1,0,0,0,0,0,1,1,1,0,0,1,1,1,0,0,1,1,0,0,1,0,1,1,0,0,0,1,0,0,0,1,0,0,1,0,1,1,1,0,0,1,0,1,1,0,0,0,0,0,1,0
1,0,0,0,1,1,1,1,1,0,1,0,0,0,0,0,1,1,0,0,0,0,1,1,1,0,0,0,1,0,0,1,1,0,0,0,0,1,1,0,1,0,0,1,0,1,0,1,0,1,1,0,1,0,0,1,1,1,1,0,0,0,1,0,1,0,0,0,1,1,1,0,0,1,0
1,0,0,0,1,1,0,0,0,1,0,1,0,0,1,1,1,0,1,0,1,1,1,1,1,1,1,0,0,0,1,0,0,0,1,1,0,0,1,0,0,1,1,1,1,0,0,0,0,1,0,1,1,1,0,1,0,1,0,0,1,0,1,0,1,1,1,0,0,1,0,0,1,1,1
1,0,1,0,1,0,0,1,0,0,0,0,0,0,0,0,0,0,0,1,0,1,1,1,0,0,0,0,1,1,1,1,0,0,1,0,1,0,1,0,0,0,0,1,0,1,0,0,0,0,1,0,1,1,1,1,0,1,0,1,0,1,1,1,0,0,1,0,1,1,0,1,1,1,1
0,1,1,1,0,0,0,0,1,1,0,1,1,0,0,1,1,0,0,1,1,0,0,0,0,1,1,1,1,0,1,0,0,1,1,0,1,1,1,0,1,0,1,1,1,1,0,0,1,0,1,1,1,1,0,0,0,0,1,0,1,0,0,0,0,1,0,1,0,0,1,0,0,0,0
1,0,1,1,1,0,0,1,0,0,0,0,0,0,1,0,1,1,1,0,1,1,0,1,1,0,1,0,1,1,1,1,1,1,0,1,0,0,0,1,1,1,0,1,0,1,0,0,1,1,1,0,1,0,1,1,0,1,0,1,0,0,0,1,0,0,1,1,0,1,1,1,0,1,0
0,1,1,1,0,0,0,1,0,1,0,1,1,0,1,0,0,1,0,0,0,1,0,1,1,1,1,1,0,1,0,1,0,0,1,0,0,1,1,0,1,0,0,1,1,0,1,0,0,0,1,0,1,0,0,1,0,0,1,0,1,0,0,1,0,1,1,1,0,1,0,1,1,0,0
1,0,0,0,0,0,0,1,0,0,0,1,0,0,1,1,1,0,0,0,1,1,0,1,0,0,0,0,1,1,1,1,0,0,1,0,0,1,1,0,1,0,0,1,0,1,1,1,0,1,1,1,1,1,0,1,1,1,1,0,0,0,1,0,1,0,1,0,1,1,1,0,0,1,0
1,0,0,0,0,0,0,0,1,0,0,1,0,0,0,1,1,0,1,1,1,0,0,0,0,0,1,1,1,1,0,1,1,0,0,0,0,0,1,0,1,0,0,1,0,0,0,0,1,1,1,1,1,0,1,1,1,1,1,0,1,1,1,0,1,0,0,0,1,0,0,1,0,1,0
1,1,0,1,0,0,0,1,0,1,0,1,0,0,1,1,1,1,1,0,1,0,1,1,1,0,1,1,1,1,1,1,0,0,1,1,0,0,1,0,1,0,1,1,1,0,1,1,0,1,1,0,1,1,0,1,1,1,0,1,0,0,1,0,1,0,0,0,1,1,1,0,1,1,0
1,0,0,1,1,0,1,1,1,1,0,0,1,0,0,1,1,1,0,1,0,1,1,1,0,1,1,1,0,1,0,1,0,0,1,0,0,0,1,0,1,1,0,1,1,1,0,0,0,0,1,1,1,0,1,0,0,0,0,0,0,1,0,0,0,0,1,1,1,1,0,1,1,0,0
1,0,0,1,1,1,0,0,1,1,0,1,0,0,0,0,1,0,1,1,1,0,0,1,0,0,1,1,1,1,1,1,1,0,1,1,1,0,1,0,1,1,1,1,0,0,1,0,0,1,1,0,1,1,0,1,0,0,0,0,1,0,0,0,0,1,1,1,0,1,1,1,0,0,0
0,1,1,0,1,1,0,0,1,1,0,1,1,0,0,1,1,0,0,0,0,1,1,1,1,1,0,0,1,0,1,0,1,0,1,1,1,0,1,1,1,1,1,1,0,1,0,0,0,0,1,0,1,0,1,1,0,0,1,1,0,1,0,0,1,1,0,1,1,1,1,1,1,1,1
1,0,0,1,1,1,0,1,0,1,1,1,0,0,0,0,0,0,0,0,1,1,1,1,1,1,1,0,1,0,1,1,1,0,0,1,1,1,1,0,1,1,1,1,1,1,1,1,1,1,1,1,1,1,1,0,1,0,0,1,1,0,1,0,1,1,0,1,0,1,1,1,0,1,1
1,0,0,0,1,0,0,1,0,1,0,1,0,1,0,1,1,0,1,1,1,1,0,1,0,1,0,0,1,0,0,0,1,0,0,0,0,0,1,0,1,0,1,1,0,0,0,0,1,0,1,1,1,1,0,1,0,1,0,0,0,0,0,0,0,0,1,1,1,1,1,1,0,1,0
1,1,0,1,1,0,1,1,0,1,0,0,1,0,1,0,1,0,0,0,0,1,1,1,0,1,1,1,0,1,1,1,0,0,1,1,0,0,0,1,1,0,0,1,0,1,0,0,0,1,1,0,1,1,0,1,1,0,0,1,0,0,1,0,1,0,1,1,0,1,1,1,0,1,1
1,0,0,1,1,1,0,1,0,0,1,1,0,0,0,1,1,1,0,0,0,1,1,1,0,1,0,1,1,1,1,1,1,0,1,0,1,0,0,1,1,1,0,1,0,1,0,0,0,0,0,1,1,1,0,1,1,1,1,0,1,1,1,0,1,0,0,1,1,1,0,0,0,1,0
1,0,1,0,1,0,1,1,0,1,1,1,0,1,1,1,1,1,0,0,0,0,1,1,0,0,0,0,0,1,0,1,0,0,1,0,1,1,0,0,1,1,0,1,1,0,1,0,0,1,1,0,1,1,0,1,0,0,0,1,1,0,1,0,1,0,0,1,1,1,0,1,1,0,0
1,0,0,0,0,1,0,1,0,0,1,1,0,0,0,0,1,1,1,0,1,1,0,1,0,0,1,0,1,0,1,1,1,0,0,0,0,0,0,0,0,1,1,1,1,1,0,0,0,1,0,1,1,1,0,0,0,1,1,1,1,0,1,0,1,0,1,0,1,1,0,0,1,1,1
1,0,0,1,0,1,1,1,1,0,1,1,0,0,0,1,0,1,1,0,1,1,1,1,0,0,1,1,1,1,0,1,1,0,1,1,0,1,0,1,1,0,0,1,1,0,0,1,1,1,1,0,1,0,1,1,1,1,0,0,1,1,1,1,1,0,0,1,1,1,0,0,0,0,0
1,0,1,0,0,0,0,1,1,0,0,1,0,0,0,1,1,1,1,0,0,1,0,0,0,0,0,0,0,0,1,0,1,0,1,1,0,1,0,1,0,1,0,1,1,1,1,1,0,1,1,1,1,1,0,0,1,1,0,1,1,0,1,1,0,0,1,1,1,1,1,0,1,1,0
1,0,0,1,0,0,0,0,0,1,0,1,0,0,1,1,1,1,0,1,0,1,0,0,0,0,0,1,1,0,0,1,1,0,1,0,0,0,1,0,1,0,0,1,1,0,0,1,0,0,1,1,1,1,0,1,1,0,0,0,0,0,1,1,0,1,1,1,1,1,1,0,1,0,0
1,1,1,1,1,1,0,1,0,1,0,1,1,0,0,1,1,1,1,0,1,1,0,1,1,0,1,0,0,1,1,0,0,0,0,1,0,1,0,1,0,0,0,1,1,0,0,1,0,0,1,0,1,1,0,0,0,0,1,1,1,1,1,0,1,0,1,1,1,1,0,0,1,1,0
1,1,1,1,0,1,0,1,0,0,0,1,1,0,1,1,0,1,1,0,1,1,1,1,1,1,1,1,1,0,0,1,0,0,1,1,1,0,1,0,1,1,0,1,1,0,1,0,1,0,1,1,1,0,1,1,0,0,0,0,1,1,1,1,1,1,0,1,1,1,0,1,0,0,1
1,0,0,0,0,1,0,1,0,0,1,1,0,0,1,0,0,1,0,1,1,1,0,0,1,1,1,0,1,0,0,1,1,0,1,0,1,0,1,0,1,1,0,1,0,1,1,1,0,0,1,1,1,0,1,1,1,0,1,0,0,1,1,1,0,0,0,0,0,1,1,1,1,1,0
1,1,1,1,1,0,0,1,0,0,1,1,0,0,0,0,1,0,0,1,1,0,0,1,1,1,1,1,1,1,1,1,1,0,1,0,0,0,1,0,1,1,1,1,1,1,0,1,1,1,1,1,1,1,0,0,1,1,0,0,1,0,1,0,1,1,0,0,0,1,0,0,0,1,1
1,0,0,0,0,1,1,1,1,0,0,1,0,1,0,0,1,1,0,0,0,1,1,1,1,1,0,1,0,1,1,0,1,0,1,0,1,1,0,0,1,1,0,1,0,1,0,0,1,1,1,0,1,0,0,0,1,0,0,1,1,0,1,1,0,0,0,1,0,1,0,0,0,1,1
0,1,1,1,0,0,0,1,0,1,1,1,1,0,0,1,1,1,1,1,1,1,1,1,1,0,1,0,0,0,0,0,1,0,1,0,0,0,1,0,1,0,0,1,1,0,0,0,1,0,1,0,0,0,1,0,0,0,1,1,1,0,1,0,1,0,1,1,1,1,0,0,1,0,1
1,0,1,1,0,1,0,1,1,1,1,0,0,0,0,1,1,0,0,0,0,1,1,1,0,1,1,1,0,1,0,0,1,0,1,1,1,0,0,1,1,0,1,1,1,1,0,0,1,1,1,0,1,0,0,0,0,1,0,0,0,1,1,0,0,1,1,0,1,1,1,1,0,1,0
1,1,1,0,0,1,1,1,0,1,1,1,1,0,1,0,1,1,1,0,1,1,1,1,1,0,1,0,1,1,0,1,0,0,1,0,0,0,1,0,1,1,0,1,1,0,1,1,0,0,1,0,1,1,0,1,1,0,0,1,1,0,0,0,1,1,0,0,0,1,0,1,1,0,1
1,0,0,0,1,0,0,1,1,1,1,0,1,0,1,1,1,1,0,1,0,1,0,1,0,0,0,0,0,0,0,1,0,0,0,0,0,1,0,1,0,0,0,0,1,0,1,0,0,0,1,1,1,1,0,1,0,1,1,0,0,1,1,1,0,0,0,1,1,1,0,1,1,1,1
1,1,0,1,0,0,0,1,1,1,0,0,0,0,1,1,1,0,0,0,0,1,1,1,0,0,1,1,0,1,1,0,0,1,0,1,0,0,0,1,1,1,1,1,0,1,1,0,1,1,1,0,1,1,1,0,0,1,0,0,0,1,0,0,1,0,1,1,1,1,0,0,0,1,0
1,0,1,0,1,1,0,1,0,0,0,1,0,1,1,1,1,1,1,0,1,1,0,1,1,0,1,0,0,0,1,1,0,0,1,1,1,0,0,1,1,0,0,1,0,1,1,0,0,1,0,1,1,0,1,1,0,1,0,0,1,0,0,1,0,0,1,1,1,0,0,1,0,1,0
0,0,0,1,1,1,0,1,0,0,1,1,1,0,0,0,1,0,0,1,1,1,0,1,0,0,1,0,1,0,0,1,0,0,1,1,1,0,0,1,1,0,1,1,1,0,1,1,1,0,1,0,1,0,0,1,0,1,0,1,1,0,1,1,1,0,1,1,0,1,1,1,0,0,0
1,1,1,0,1,0,0,1,0,0,0,0,0,1,0,1,1,1,1,1,1,1,1,1,1,0,1,0,1,0,1,1,1,1,1,0,1,0,1,0,1,0,0,1,0,1,1,0,0,0,1,0,1,1,0,0,0,0,0,0,1,1,1,0,1,1,0,0,1,1,1,0,1,1,0
1,1,1,1,1,0,1,1,0,0,1,0,0,0,1,1,0,1,0,1,0,1,0,0,1,0,1,1,1,0,1,0,0,0,1,1,0,1,0,1,1,0,0,1,0,0,0,1,1,0,1,1,1,1,1,0,1,0,1,0,0,1,0,1,1,0,0,0,0,0,0,1,0,0,0
1,1,0,1,0,1,0,1,1,0,1,0,0,0,0,0,0,0,1,0,1,0,0,1,1,1,1,1,1,1,0,0,1,0,1,0,0,1,1,0,0,1,0,0,1,1,0,0,0,1,1,0,1,0,0,1,0,0,1,1,1,0,1,0,0,0,1,1,0,1,1,1,1,1,0
0,0,0,1,1,1,0,1,0,0,1,1,1,0,1,0,0,1,1,0,0,1,1,1,0,1,1,0,0,1,1,0,0,0,1,0,1,1,1,0,1,0,1,1,0,1,0,0,0,0,1,0,1,1,0,1,0,0,0,0,1,0,1,0,0,1,0,1,1,1,0,1,1,1,0
1,0,0,0,1,0,1,1,0,0,0,1,1,0,1,1,1,1,0,1,1,0,1,0,1,0,0,0,1,1,1,1,0,1,1,0,1,1,0,0,0,1,0,0,0,1,0,0,0,0,1,1,0,1,0,1,1,1,1,1,1,0,0,0,0,0,0,1,0,1,0,0,0,1,0
1,0,0,1,1,0,0,1,0,1,0,1,0,0,1,1,0,1,1,0,1,1,0,1,0,0,1,1,1,0,0,0,0,0,1,1,1,1,0,1,1,0,0,1,1,1,1,0,1,0,1,1,1,1,0,1,0,1,0,0,1,1,1,0,1,0,0,0,1,1,0,0,0,1,0
1,0,1,0,1,1,0,1,0,0,0,0,0,0,0,1,1,1,1,0,0,1,1,1,1,0,1,1,1,0,0,1,1,0,1,0,1,0,0,0,1,1,1,1,1,1,1,0,0,0,0,0,1,0,1,1,0,0,1,1,1,0,0,0,0,0,0,0,1,1,1,0,1,1,0
0,1,1,0,1,1,0,1,0,0,0,1,0,1,1,0,1,1,0,0,1,1,0,1,0,0,1,0,0,0,1,0,1,1,0,0,0,0,1,0,1,1,1,1,0,1,1,0,0,1,0,1,1,0,1,1,0,0,1,0,1,0,1,1,0,0,1,1,0,0,1,0,1,1,0
0,0,0,1,0,1,0,1,0,0,0,1,0,0,0,1,0,0,1,0,0,1,0,1,1,1,0,1,0,1,1,0,1,0,1,1,0,1,0,1,1,1,1,1,1,1,1,0,1,1,1,0,0,1,0,0,1,0,0,0,1,1,1,0,1,1,1,1,0,0,1,1,1,1,0
1,0,0,1,0,0,0,1,0,1,0,1,0,0,0,1,1,0,0,0,0,0,0,1,1,1,1,1,1,0,1,1,1,0,1,0,1,0,1,0,1,0,0,1,1,0,0,0,0,0,1,1,0,1,0,1,0,1,1,1,1,0,0,0,0,0,0,1,1,1,0,1,0,0,0
1,0,0,1,1,1,1,1,0,1,0,1,1,0,1,0,1,0,0,1,0,1,0,1,1,1,0,1,0,1,0,0,0,0,1,1,0,1,0,1,0,1,1,1,1,1,0,0,1,0,1,0,0,0,0,0,0,0,1,0,0,0,0,1,0,0,0,0,0,1,1,1,1,1,0
1,0,1,0,0,0,1,0,1,1,0,1,0,0,1,1,0,0,1,0,0,1,1,1,0,1,1,1,0,1,0,0,0,0,0,0,1,0,0,1,1,1,0,1,0,1,0,0,1,1,0,0,1,0,1,1,0,1,1,0,0,0,0,0,0,1,1,1,1,1,0,0,0,1,0
1,0,0,1,0,1,0,1,1,1,0,1,0,0,0,1,1,1,0,0,1,1,1,1,0,1,1,1,1,1,1,1,1,0,1,1,1,0,0,1,0,0,0,1,1,1,0,0,1,1,1,0,1,0,0,1,0,1,0,1,1,1,0,0,1,0,0,1,1,1,0,0,0,1,0
1,0,0,0,0,0,0,0,0,0,0,0,0,0,0,0,0,1,0,1,0,1,0,0,0,1,0,1,1,0,1,1,1,0,0,0,0,0,1,0,0,0,1,1,0,1,1,1,0,1,1,1,1,0,1,1,1,0,1,1,0,0,1,1,0,1,0,0,1,1,1,0,1,1,0
0,1,0,1,0,1,0,0,0,0,0,1,0,0,0,0,1,1,1,0,1,1,0,1,1,1,0,1,1,1,0,0,1,0,1,1,0,1,0,0,0,1,0,1,0,0,1,1,1,1,1,1,1,1,0,1,1,1,0,0,0,1,1,1,1,1,1,0,1,1,0,0,0,1,0
1,0,0,0,1,0,0,1,0,1,1,1,1,0,0,1,1,1,1,0,0,1,0,1,0,0,0,1,1,1,0,1,1,0,1,0,1,0,1,0,0,0,0,1,1,0,1,0,0,1,0,0,1,1,0,0,0,1,1,1,0,0,1,0,1,0,1,1,1,1,1,0,1,1,1
1,0,0,1,1,0,0,1,0,0,1,0,0,0,1,1,0,0,0,0,0,0,1,1,1,1,1,0,0,0,1,0,0,0,0,1,1,0,0,1,1,0,0,1,0,1,1,0,0,1,1,0,1,0,1,1,0,0,0,0,0,1,0,0,1,1,0,0,1,1,1,0,1,1,0
0,1,1,0,0,1,1,1,1,1,1,1,1,1,0,1,1,0,1,0,0,1,0,1,1,1,1,1,0,1,0,0,1,0,0,0,0,1,0,0,1,1,1,1,1,1,1,1,0,0,1,1,1,0,1,0,1,1,1,1,1,0,1,1,1,0,1,0,0,0,1,1,1,1,0
1,0,0,1,1,0,0,0,1,1,0,0,1,0,0,0,1,0,0,0,1,1,1,1,0,1,1,0,1,1,1,1,0,0,0,0,1,0,0,1,1,0,0,1,0,0,0,1,1,0,1,0,1,0,1,1,1,1,0,0,0,1,0,0,0,1,1,1,1,1,0,0,0,1,0
0,1,0,0,1,1,0,1,0,0,1,1,0,1,1,0,0,0,1,0,1,1,1,1,1,1,1,0,0,1,0,1,0,1,1,0,0,0,1,0,1,0,0,1,1,1,0,0,0,1,1,0,1,1,0,0,0,1,0,0,0,1,1,0,0,0,1,1,0,1,0,1,1,1,0
1,1,0,0,1,0,0,0,1,1,0,0,1,1,1,1,1,1,0,1,0,1,1,1,0,0,0,1,1,1,1,0,0,1,0,0,1,0,0,1,1,0,1,1,1,1,0,1,0,0,1,1,1,0,1,0,0,1,1,1,0,1,1,0,1,1,0,1,1,1,1,1,1,0,0
0,0,1,1,1,0,1,1,0,0,1,1,0,0,0,1,1,0,0,1,1,1,1,1,0,1,1,1,0,1,1,0,0,0,1,0,0,0,1,0,1,1,0,1,0,1,0,1,0,0,1,0,1,0,1,1,0,1,0,0,1,0,1,0,1,0,0,0,1,1,0,1,0,1,1
1,1,0,1,0,1,0,1,0,1,1,1,0,0,0,1,1,0,0,0,1,1,1,1,0,0,1,0,1,0,1,1,0,0,0,1,1,1,0,1,0,1,0,1,1,1,1,0,1,1,1,1,1,1,0,0,1,0,0,1,1,1,0,0,1,0,0,0,0,1,0,1,0,1,0
1,0,0,1,1,0,0,1,0,0,1,1,0,0,0,0,1,0,1,0,1,1,1,1,0,1,1,1,1,0,1,0,1,0,1,0,0,0,1,0,1,1,0,1,0,1,0,1,1,0,1,0,1,0,1,1,1,1,1,0,1,1,1,0,0,0,0,1,0,1,0,1,0,0,1
0,0,0,0,0,0,0,1,0,1,1,1,1,0,0,1,1,0,0,1,0,1,1,1,1,1,0,0,1,1,0,0,1,0,0,1,0,1,1,0,0,1,1,1,1,0,0,0,1,0,1,0,1,1,0,1,1,1,0,0,1,0,0,1,1,0,0,0,0,1,1,0,0,0,0
1,0,1,1,1,0,0,1,1,1,0,1,1,0,0,1,1,0,1,1,1,0,1,1,1,0,1,0,1,0,1,0,1,0,1,0,1,0,1,0,1,0,0,1,0,1,0,0,0,0,1,1,1,0,1,0,0,0,0,0,1,1,1,0,0,0,1,0,1,1,0,0,1,0,0
1,1,1,0,0,1,0,1,0,0,0,1,1,0,0,1,0,0,0,1,1,1,0,0,1,1,1,0,1,0,0,1,1,1,0,0,1,1,0,0,0,1,0,1,1,1,0,0,0,0,1,1,1,0,0,1,0,1,1,0,1,1,1,0,0,0,0,1,0,1,0,1,0,1,1
1,0,0,1,0,1,0,1,0,0,0,1,0,0,1,1,0,1,1,0,0,1,0,1,0,0,0,0,1,0,0,0,0,0,0,1,1,0,0,1,0,0,0,0,0,1,1,1,0,0,1,0,1,1,0,1,1,0,0,1,0,1,0,1,1,0,0,0,1,0,1,1,1,1,0
0,0,0,0,1,0,0,1,0,1,0,1,0,1,1,1,0,0,1,1,1,1,0,1,0,0,0,1,1,0,0,1,0,0,1,1,0,1,1,0,1,1,0,1,1,1,0,0,1,1,0,0,1,1,0,1,0,1,0,1,1,1,1,0,0,0,1,1,1,1,0,1,0,1,0
0,0,0,1,0,1,0,1,0,1,1,1,0,0,1,0,0,1,0,0,1,1,0,1,0,1,1,0,1,1,1,1,0,0,0,0,1,1,0,1,0,0,0,1,0,0,0,0,0,0,1,1,1,0,1,1,0,1,1,0,1,0,1,1,0,1,0,0,1,1,0,0,1,1,0
0,0,0,1,1,0,0,1,1,0,1,0,0,0,1,0,1,1,0,0,0,1,0,1,0,0,1,1,0,0,0,1,0,0,1,0,1,1,1,0,1,0,0,1,1,0,1,0,0,1,0,1,1,1,0,1,1,0,0,0,0,1,1,0,1,0,0,1,1,0,0,0,0,1,1
1,0,1,1,1,1,0,1,1,1,0,0,1,0,1,1,0,1,1,0,1,1,0,1,0,0,0,1,1,1,1,0,1,0,0,1,0,0,1,0,1,1,1,1,1,0,1,1,1,1,1,0,1,0,1,1,1,0,0,1,0,1,1,1,1,0,0,1,1,1,1,1,0,1,1
1,0,1,0,0,0,0,0,0,1,1,1,1,0,0,0,1,0,1,1,1,1,0,1,0,0,1,1,0,0,0,0,1,0,1,0,1,0,1,0,1,1,0,1,1,0,0,0,0,1,1,1,1,1,0,1,0,1,0,0,0,0,1,0,0,1,0,1,0,1,0,1,0,1,0
1,0,0,1,1,1,0,1,0,1,0,0,1,0,0,1,1,0,0,1,1,0,0,1,1,1,0,1,0,1,1,1,1,0,0,1,1,1,0,1,0,0,1,1,0,1,1,0,1,1,1,0,1,1,0,0,0,0,0,1,1,1,0,0,1,0,1,1,1,1,1,1,0,1,0
1,0,0,0,1,0,1,1,0,1,1,1,1,0,1,1,1,1,0,1,1,0,1,1,0,1,1,0,0,0,1,0,0,1,1,0,0,1,0,0,1,0,0,1,0,1,1,1,0,1,1,0,1,1,0,0,1,0,0,0,0,0,1,0,1,0,1,0,1,1,0,0,1,0,0
1,1,0,1,0,1,0,1,0,0,0,1,1,1,0,1,1,1,1,0,1,1,1,1,1,1,1,0,1,1,0,0,1,0,0,0,0,0,0,0,1,1,0,1,0,1,0,0,0,1,1,0,1,0,0,0,0,0,0,0,1,1,0,0,1,0,1,0,1,1,0,0,1,1,0
1,1,0,0,1,1,0,1,1,0,1,0,1,0,1,0,0,1,1,0,0,1,0,1,1,1,1,1,0,1,1,0,0,0,1,1,1,1,0,1,1,1,1,1,1,0,0,1,0,0,1,1,1,0,0,0,1,1,1,1,0,0,1,0,0,0,1,1,1,0,1,1,0,1,0
1,0,1,0,0,1,0,1,0,1,1,1,1,1,0,1,0,1,1,0,1,0,1,1,1,0,1,1,1,1,1,0,1,0,0,1,1,1,0,1,1,0,1,1,1,1,0,0,1,0,1,1,1,1,0,1,0,1,0,0,1,1,0,0,0,0,0,1,0,1,0,1,0,1,0
1,1,1,1,1,1,0,1,0,1,0,1,0,1,0,1,1,1,1,1,1,1,1,0,0,0,1,0,1,1,0,1,0,0,1,1,1,1,1,1,1,0,0,0,1,0,1,1,1,0,1,0,1,1,0,0,1,1,1,1,1,1,1,1,1,0,1,0,1,1,1,1,0,1,0
1,0,0,0,0,1,0,1,0,0,1,1,0,0,1,0,1,1,0,0,0,1,0,1,0,0,1,1,0,0,1,1,0,0,1,1,0,0,1,0,0,1,0,1,0,1,1,0,1,1,1,1,1,1,0,1,0,1,1,0,0,0,1,0,1,0,0,1,1,1,0,0,0,1,0
1,1,1,0,1,1,0,1,0,1,0,1,0,0,1,1,0,1,1,0,1,1,0,0,0,1,0,0,1,0,1,1,0,0,0,1,1,1,1,0,1,1,1,1,0,1,0,0,0,1,0,1,1,0,1,1,1,1,1,1,0,0,1,0,0,0,0,1,0,1,1,1,1,1,0
1,0,0,0,0,0,0,1,0,1,1,1,0,0,1,0,1,0,1,1,1,1,0,0,0,1,0,1,0,0,1,0,0,0,1,0,0,1,1,0,0,1,1,1,0,0,0,0,0,1,1,1,0,1,0,1,1,1,1,1,1,1,0,0,1,0,0,1,0,1,0,0,0,1,0
0,0,1,1,0,1,0,1,0,1,1,1,1,0,0,1,1,1,1,1,1,1,0,1,0,0,1,1,0,0,1,1,1,1,0,0,0,0,1,0,1,1,1,1,0,0,0,0,1,0,1,1,1,0,1,1,1,1,0,1,1,0,0,0,1,0,0,0,0,0,1,1,0,0,0
1,1,0,0,1,1,0,1,1,0,1,0,1,0,0,1,0,1,0,1,0,0,0,1,0,1,1,1,1,1,1,0,1,0,0,1,1,1,0,1,0,0,1,1,1,1,0,1,0,0,0,1,1,0,0,0,0,0,1,0,0,1,1,0,1,0,0,0,1,1,0,0,0,1,0
1,0,0,0,0,0,1,0,0,0,0,0,0,0,1,1,1,1,1,0,1,1,0,1,0,0,0,0,1,1,0,1,0,0,1,0,0,1,0,1,1,0,0,1,0,1,1,0,1,1,1,1,1,1,0,1,0,0,0,1,0,0,1,1,0,1,1,0,0,0,1,1,1,1,0
1,1,0,0,1,0,1,1,0,1,0,0,1,0,0,0,0,1,1,0,1,1,1,1,0,1,1,0,1,1,0,0,1,1,0,0,1,0,1,0,1,1,1,1,1,0,0,0,0,1,0,0,0,1,0,0,0,0,1,1,0,0,1,0,0,1,0,0,0,1,1,0,0,1,0
1,0,0,1,0,0,0,1,1,1,0,1,0,0,0,0,1,1,0,0,0,1,0,1,1,1,1,1,1,1,1,1,1,0,0,0,1,0,1,0,1,1,0,1,0,1,0,0,1,1,1,1,1,0,1,1,0,0,0,0,0,1,0,0,0,0,1,1,1,1,1,0,0,1,1
1,1,1,0,1,1,0,1,0,0,0,1,1,0,1,0,1,0,0,0,1,1,1,1,1,0,1,1,1,1,1,0,0,0,0,1,0,0,1,0,1,1,0,1,1,0,0,0,1,1,1,0,1,1,0,1,0,1,1,0,1,0,1,0,1,0,0,1,1,1,0,1,0,1,1
0,1,0,1,1,0,0,1,1,0,0,1,0,0,1,0,0,0,0,0,1,1,1,1,0,1,1,0,0,1,0,1,0,1,1,0,0,1,0,1,0,1,0,1,1,0,1,0,0,1,0,0,1,1,0,1,0,0,0,0,1,1,1,0,0,0,1,0,0,1,0,1,1,1,0
1,0,1,1,1,1,0,1,0,0,0,0,0,0,0,1,1,1,0,1,0,1,0,0,1,0,1,0,1,0,1,0,1,0,1,0,1,0,0,0,1,0,1,1,0,1,1,0,0,1,1,1,0,0,1,0,0,0,0,1,0,1,0,0,0,0,0,1,1,1,1,0,0,0,0
1,1,1,1,1,0,0,1,0,1,0,1,0,0,0,0,0,0,0,0,0,0,1,1,0,1,1,0,1,0,1,1,1,1,0,1,0,1,0,1,1,0,1,1,0,1,0,0,0,1,1,1,1,0,0,1,0,1,1,1,0,0,1,0,1,0,0,0,1,1,1,1,0,1,1
0,0,1,1,0,1,0,1,1,1,0,0,0,0,1,0,1,0,0,0,0,1,0,1,0,0,1,0,0,1,0,0,0,0,1,0,0,0,1,0,1,0,1,1,0,1,0,0,0,1,1,1,0,0,1,1,1,1,1,1,0,0,1,1,1,0,1,0,1,1,0,0,0,0,0
1,1,0,1,0,1,0,1,1,1,0,1,1,0,1,1,0,1,0,0,0,1,0,1,0,1,1,0,0,1,1,1,0,0,1,0,1,1,1,0,1,0,1,1,0,1,0,0,1,0,1,1,1,1,0,0,0,1,0,0,0,1,1,1,1,0,0,1,1,1,1,1,0,1,0
1,1,0,0,0,0,0,1,1,0,1,1,0,0,0,1,1,1,1,0,1,1,1,1,0,1,1,0,1,0,1,1,1,0,1,0,1,0,1,0,1,0,1,1,1,1,0,0,0,1,0,0,1,1,0,1,0,1,1,1,0,1,1,1,1,0,0,1,0,1,1,0,0,0,0
1,0,0,0,1,1,0,1,0,0,1,0,0,0,0,1,1,1,1,1,0,1,0,1,0,1,1,1,1,0,0,0,1,0,1,0,0,0,0,1,0,0,0,1,0,1,0,0,1,1,1,1,1,1,0,1,0,1,1,0,0,0,0,0,1,0,0,0,0,1,0,0,0,1,0
1,0,1,1,0,1,0,1,1,0,1,0,0,1,0,1,0,1,0,0,0,1,1,1,0,0,1,0,1,1,1,0,1,1,1,1,0,0,0,1,1,0,0,1,1,0,1,0,0,1,1,1,1,0,1,1,1,0,1,0,0,1,1,0,1,0,1,1,1,1,0,0,1,1,0
0,1,0,1,1,1,0,1,0,0,0,0,1,1,0,0,1,0,0,0,1,1,0,1,0,0,1,0,1,1,1,1,1,0,0,0,1,0,1,0,1,1,0,1,1,1,1,0,1,1,1,1,1,0,0,1,0,0,0,0,0,0,0,1,1,0,0,0,0,0,0,1,0,1,0
1,0,1,0,1,1,0,0,0,1,1,1,0,0,0,0,1,1,0,0,0,1,1,1,1,0,0,0,1,0,1,1,0,0,1,1,1,0,1,1,0,1,0,1,1,1,1,1,1,1,1,0,1,0,1,1,0,1,0,1,0,0,1,0,1,1,1,1,0,1,0,0,0,1,1
0,0,1,0,1,0,1,1,1,1,0,1,1,0,0,1,1,0,0,0,0,1,1,1,0,1,1,1,1,0,0,1,1,0,0,0,0,1,1,0,0,0,1,1,0,1,0,0,0,0,1,0,1,0,1,1,0,1,1,1,1,1,1,0,0,0,0,1,0,0,1,1,1,1,0
1,0,0,1,1,1,0,1,1,0,1,0,0,0,0,1,1,1,0,0,1,1,0,1,0,1,1,0,1,1,1,1,1,0,0,1,0,1,0,1,0,0,1,1,0,1,0,0,0,1,0,1,1,1,0,1,0,0,0,1,0,1,1,0,1,0,0,1,1,1,1,0,0,1,0
1,0,0,0,1,1,0,1,0,1,0,0,0,1,0,1,1,0,1,1,0,1,0,1,1,1,0,0,1,1,1,0,1,0,1,1,0,1,1,1,1,0,0,1,1,0,0,0,0,1,1,1,1,0,1,1,0,1,0,0,0,0,1,1,1,0,0,1,1,1,0,1,1,0,1
1,1,0,1,1,0,1,0,0,0,0,0,1,0,1,1,1,1,0,1,0,1,0,1,0,1,0,1,0,1,1,1,0,0,1,0,1,1,0,0,1,1,0,1,1,1,0,0,0,0,0,1,1,1,0,1,0,1,1,0,0,1,1,0,1,1,1,0,1,1,0,1,1,1,0
1,1,0,0,0,0,0,1,0,0,0,1,0,0,0,1,0,0,0,1,0,0,0,1,0,0,1,1,0,1,1,1,1,1,1,0,0,0,0,0,1,1,1,1,1,1,0,1,1,1,1,1,1,0,0,0,0,1,1,1,0,0,1,0,1,0,1,0,0,1,1,1,0,1,0
1,0,0,0,0,0,0,1,0,0,0,1,0,0,0,1,1,0,0,0,1,1,0,1,1,1,0,0,1,1,0,0,1,0,0,0,0,1,0,1,1,0,1,1,1,1,0,0,1,1,0,0,1,1,0,1,0,1,1,0,0,0,1,0,0,0,1,1,1,1,1,0,0,1,0
0,0,0,1,0,0,0,0,0,1,0,0,0,0,0,0,0,1,0,1,1,1,1,1,0,0,0,0,0,0,1,1,1,0,1,1,1,0,0,0,0,1,0,1,0,0,0,0,0,1,1,0,1,1,1,1,0,1,1,1,0,0,1,0,0,0,0,0,0,1,1,0,0,1,0
1,1,1,0,1,1,0,1,1,1,0,1,0,0,0,0,1,0,1,0,0,0,0,1,0,0,1,0,0,1,0,1,1,0,0,0,1,0,0,1,1,1,0,1,0,1,0,1,0,1,1,0,1,1,0,1,0,1,1,1,0,0,1,0,1,0,0,0,0,1,1,1,0,1,0
1,0,0,1,1,1,0,1,1,0,0,0,0,0,0,1,1,0,1,1,1,1,0,0,1,1,1,0,0,1,0,1,0,0,1,0,0,0,1,0,1,0,1,1,0,1,0,1,1,1,1,1,1,0,1,1,1,1,0,1,0,1,1,0,0,1,0,1,1,1,1,1,0,1,0
0,1,0,1,0,1,0,1,0,1,0,0,0,0,1,1,1,1,1,1,0,1,0,0,0,0,0,1,1,0,1,1,1,0,1,1,1,1,0,1,1,0,1,1,1,1,1,1,1,1,1,1,1,1,1,0,1,0,0,0,0,0,1,0,0,0,1,0,1,0,1,0,0,1,0
1,1,1,0,1,1,1,0,0,0,0,1,0,0,0,0,1,1,0,0,0,1,1,1,0,1,0,0,0,1,1,0,0,1,1,0,1,1,0,1,0,1,1,1,1,1,1,1,1,1,1,0,1,0,1,0,0,0,0,1,0,0,1,0,0,1,1,1,1,1,1,0,0,0,1
1,0,0,1,0,0,0,1,0,0,0,1,1,0,1,1,1,1,0,0,0,1,0,1,0,0,0,1,1,0,1,1,0,0,1,0,1,0,1,0,1,0,1,1,0,1,0,1,1,0,1,0,1,1,1,0,1,1,0,1,1,0,0,0,0,1,0,1,1,1,1,1,0,1,0
1,0,0,1,0,0,0,0,0,1,0,1,1,0,1,1,1,0,0,0,0,1,0,1,0,1,0,0,0,1,1,1,0,0,1,1,0,1,0,1,1,0,0,1,1,1,0,0,1,1,1,1,1,1,0,1,0,1,0,0,1,0,1,0,0,1,1,1,0,1,0,0,0,1,0
1,0,0,0,1,1,1,1,1,0,1,0,1,1,0,1,1,0,0,0,1,1,1,1,1,0,1,1,0,0,1,0,0,0,0,1,1,1,0,1,0,1,0,1,0,0,0,0,1,0,1,1,1,1,0,1,0,1,0,0,0,1,1,0,0,1,0,1,0,1,0,1,0,1,1
1,0,0,1,0,0,0,1,1,1,0,0,0,0,0,0,1,0,0,0,0,1,0,1,0,0,0,0,1,0,1,1,1,0,1,1,0,0,1,1,1,0,0,1,0,1,0,0,1,1,1,0,1,0,0,1,0,1,1,1,0,0,1,0,1,0,1,0,1,1,0,0,0,1,0
1,1,1,1,1,0,0,1,0,1,0,0,0,0,0,0,0,0,1,1,1,1,0,1,0,0,1,1,0,0,0,1,1,0,1,0,1,0,1,0,1,1,1,1,1,0,0,0,0,0,1,0,1,1,0,1,0,0,1,1,0,0,0,0,1,1,0,0,1,1,1,0,1,0,1
0,1,0,0,1,0,0,1,0,0,0,1,0,0,1,1,0,0,1,1,1,1,0,1,0,1,0,0,1,1,1,1,1,0,0,0,0,1,1,1,1,0,1,1,0,1,0,1,0,1,1,1,0,1,0,1,1,1,1,1,1,1,0,0,0,0,1,0,1,0,1,0,0,1,0
0,1,1,0,1,0,0,1,0,1,1,1,1,0,0,0,1,0,1,0,0,1,0,1,0,1,0,0,1,0,0,0,1,0,0,0,1,0,1,0,1,1,0,1,1,0,1,0,0,1,1,1,1,1,0,1,0,0,0,0,1,1,0,1,1,0,0,0,0,1,0,1,0,1,1
1,0,0,0,1,1,0,0,0,0,0,0,0,1,1,0,1,1,0,0,1,1,1,1,0,0,1,1,1,1,0,0,0,1,0,0,1,0,1,0,1,1,1,1,0,1,1,1,1,1,1,0,1,0,1,1,0,1,1,1,0,0,1,1,1,0,0,0,1,1,1,1,0,1,0
0,0,1,1,1,0,0,1,0,0,0,1,1,0,0,1,1,0,0,0,0,1,0,1,1,0,1,1,0,0,1,0,0,1,1,0,1,0,1,0,0,0,0,1,1,1,0,1,0,0,1,0,1,0,1,1,1,0,0,1,1,1,0,0,1,0,0,0,0,1,1,1,1,0,0
1,0,0,1,1,1,1,1,0,0,0,1,0,0,0,1,1,0,0,0,0,0,1,1,0,1,1,0,0,1,1,0,1,0,1,0,0,1,0,1,0,0,1,1,0,1,0,0,0,1,1,0,1,1,0,1,0,1,0,1,1,1,1,0,1,0,1,1,1,1,1,1,0,0,0
1,0,0,0,1,1,0,1,0,0,0,1,1,0,1,1,1,1,1,0,1,1,0,1,0,1,1,0,1,0,1,1,1,0,0,0,1,0,1,0,1,0,0,1,0,1,0,0,1,0,1,0,1,1,0,1,0,1,1,0,1,0,1,1,0,0,0,1,1,0,0,1,0,1,0
1,0,1,1,1,1,0,1,0,1,1,1,1,1,0,1,0,0,0,1,0,1,0,1,1,0,1,1,1,0,1,1,1,1,1,1,0,0,0,1,0,0,1,1,0,1,1,1,0,0,1,1,1,1,0,0,0,0,0,0,0,1,0,0,1,0,0,0,1,1,1,0,1,1,0
1,0,0,1,0,0,1,1,1,0,0,0,0,0,1,0,1,1,1,0,1,1,1,1,1,1,0,1,1,1,0,0,0,0,1,0,0,1,1,0,1,1,0,1,0,1,1,1,0,1,1,0,1,0,0,1,1,0,1,0,1,0,0,0,1,0,0,0,1,1,0,0,1,1,0
1,0,1,0,0,0,1,1,1,0,1,1,1,0,1,0,1,1,1,0,1,1,1,1,1,0,1,1,1,1,1,0,0,0,1,1,1,0,1,1,1,1,0,1,0,1,1,0,0,0,1,0,1,1,0,0,0,0,1,1,1,1,0,0,0,0,1,0,0,1,0,1,1,0,0
1,0,0,1,1,0,0,1,0,1,0,1,1,0,0,1,1,1,1,0,0,1,1,1,0,0,1,1,0,0,0,1,1,0,0,0,1,1,0,0,1,0,0,1,1,0,0,1,0,1,1,0,1,0,1,1,0,0,0,1,0,0,0,0,0,0,1,1,1,1,1,0,1,1,0
1,0,0,0,0,0,1,1,0,0,0,0,1,0,0,1,1,1,0,1,1,1,0,1,0,1,1,0,0,1,0,1,1,0,1,1,0,0,0,1,1,0,1,0,1,1,0,0,0,0,1,0,1,1,0,0,0,1,0,0,0,1,1,1,0,1,0,1,1,1,1,0,0,1,0
0,1,1,1,1,0,0,1,0,0,0,0,1,0,0,0,1,0,0,0,0,1,0,1,0,1,1,0,1,1,1,1,1,0,1,0,1,1,1,0,1,1,1,1,1,1,1,0,0,1,1,1,1,0,0,1,0,0,1,1,1,0,1,1,1,0,0,0,0,0,1,1,1,0,1
1,1,0,0,1,1,0,1,0,1,0,1,0,0,1,1,0,0,1,1,1,1,0,1,1,1,1,0,1,1,0,1,1,0,1,0,0,0,1,0,1,0,1,1,1,0,0,1,0,1,1,0,0,0,0,0,1,1,1,0,0,1,1,0,0,0,0,1,1,1,1,1,0,1,0
1,1,0,0,0,1,1,1,0,0,1,1,1,0,1,1,0,1,1,0,0,1,0,1,1,0,1,1,0,0,0,1,0,0,0,1,1,0,0,1,1,0,1,1,1,0,1,0,0,0,1,1,1,0,0,0,0,1,1,0,1,0,1,1,1,0,0,0,0,1,0,0,0,1,0
1,0,0,0,1,0,1,1,1,0,1,1,1,1,1,0,0,1,1,0,1,1,1,1,0,0,1,0,0,0,0,1,0,0,0,1,1,1,1,0,1,1,0,1,1,0,0,1,1,0,1,0,1,1,1,1,1,1,1,0,1,0,1,1,0,0,1,0,0,1,1,0,0,0,0
1,1,1,1,0,0,0,1,0,0,0,1,1,0,0,1,1,1,1,0,1,1,1,0,1,1,0,0,1,0,0,1,1,0,0,0,1,1,1,0,0,1,1,0,1,1,1,0,0,1,1,0,1,0,0,0,0,0,0,0,1,1,1,0,0,0,1,1,0,1,1,0,0,1,0
1,1,1,1,1,0,1,1,0,1,1,0,0,0,1,0,1,1,0,1,1,1,1,1,0,1,1,1,1,0,0,0,1,0,0,1,1,0,0,1,1,0,0,1,1,1,1,0,1,1,1,0,0,1,0,0,1,0,0,0,0,0,0,1,1,0,1,0,1,0,0,1,1,1,1
1,0,0,0,0,1,0,1,0,0,0,1,1,0,0,0,1,0,0,0,1,1,0,1,0,0,0,1,1,0,0,0,1,0,1,0,1,0,1,0,0,1,0,1,1,1,0,1,1,0,1,1,1,0,1,1,1,1,1,1,0,0,1,1,0,0,0,1,0,1,1,1,0,1,0
1,0,0,0,1,0,0,1,0,0,0,1,1,0,1,0,1,0,1,0,0,1,0,1,1,0,0,1,1,1,1,0,0,0,0,0,1,1,0,0,0,1,0,1,0,1,0,0,0,1,1,1,1,1,1,1,0,0,1,1,1,1,1,1,1,0,1,1,1,1,0,1,0,1,1
1,0,1,0,0,0,0,0,0,1,0,1,0,0,1,0,1,0,0,0,1,1,0,1,0,1,1,0,0,0,0,0,0,1,0,0,1,0,1,0,1,1,0,1,1,0,0,0,1,1,1,1,0,1,1,1,0,0,1,1,0,0,0,1,1,1,1,0,1,1,0,0,1,1,0
1,1,0,0,1,1,0,1,0,0,1,1,0,0,0,1,1,0,0,0,0,0,1,1,1,1,1,1,1,0,0,0,0,0,0,1,0,1,0,1,1,0,0,1,1,0,0,0,1,0,1,0,1,1,1,1,0,0,1,0,0,0,1,0,1,0,1,0,0,1,0,0,1,1,1
1,0,1,1,0,1,0,1,0,0,1,1,0,0,0,0,1,0,0,1,0,1,0,1,1,0,1,0,0,1,1,1,1,0,1,1,0,0,0,1,1,1,1,1,0,1,1,0,1,1,1,1,1,1,0,1,0,0,1,1,0,0,1,0,1,0,0,0,1,1,1,1,0,0,0
1,0,1,0,1,0,0,1,0,1,0,0,1,0,0,1,1,0,1,0,1,1,1,1,1,1,1,1,1,0,1,1,1,0,0,1,0,0,1,0,1,1,0,1,1,1,0,0,0,1,1,0,1,1,0,0,0,1,1,0,0,0,1,0,1,0,0,1,0,1,0,1,0,1,1
1,0,0,0,1,1,0,0,1,0,0,1,1,0,0,0,1,0,0,0,1,1,0,1,0,0,0,0,1,1,0,0,1,0,1,1,0,0,1,1,1,0,1,1,1,0,0,0,0,0,1,0,1,0,1,1,0,1,1,1,1,0,1,1,0,1,1,1,1,1,1,1,0,1,0
0,0,0,0,1,0,0,1,0,1,0,0,0,0,0,1,1,0,0,0,0,1,1,1,0,0,1,0,1,1,1,1,0,0,1,1,0,0,0,1,1,0,1,1,0,1,1,0,0,1,1,0,1,1,1,1,0,0,0,1,0,0,0,1,1,0,0,0,1,0,1,1,0,0,1
1,0,0,1,1,1,0,1,0,0,0,1,1,0,0,0,1,0,0,0,1,1,0,1,0,0,1,1,0,1,1,1,1,0,1,1,0,1,1,0,1,1,0,1,0,1,1,1,1,0,1,1,0,0,1,0,1,1,0,0,1,1,1,1,1,0,1,1,0,1,1,1,1,1,0
0,1,0,1,1,0,0,1,0,1,1,0,0,0,0,1,0,1,0,0,0,1,1,1,1,1,1,1,1,0,0,1,1,0,1,1,0,0,0,1,1,1,1,1,1,1,1,1,0,0,1,0,1,0,0,1,1,0,0,0,0,1,0,1,0,1,1,1,1,1,1,0,0,1,1
1,0,1,0,0,0,1,1,0,0,0,1,1,0,0,1,0,1,0,0,1,1,1,1,0,0,1,0,0,0,0,0,0,0,0,0,1,1,1,0,1,0,1,1,0,1,0,0,0,0,1,0,1,1,0,1,0,0,1,1,1,1,1,1,1,0,0,0,0,1,1,0,1,1,0
1,0,0,0,0,0,1,1,1,0,0,1,0,0,1,1,0,0,0,0,1,1,1,1,1,1,1,0,1,0,1,0,1,0,0,1,1,1,0,1,1,0,0,1,0,0,1,1,0,1,1,1,1,1,1,0,0,0,1,0,0,1,1,0,0,1,0,1,0,1,0,1,1,1,0
1,1,0,0,0,0,0,0,1,1,0,0,0,0,0,1,0,0,0,0,0,0,0,0,1,1,0,1,1,1,0,0,1,0,1,0,1,0,1,1,1,0,0,1,1,1,0,0,0,0,1,1,0,0,0,0,0,0,1,0,0,1,1,0,1,0,0,0,1,1,0,0,0,1,1
1,0,1,0,1,1,0,1,0,1,1,0,0,0,0,1,0,1,0,0,1,1,1,1,0,1,0,1,1,0,0,0,1,0,1,1,1,1,1,0,1,1,0,1,0,1,1,0,1,1,1,0,1,1,0,1,1,0,1,0,0,0,1,0,1,0,0,0,0,1,0,0,0,1,1
1,0,0,0,1,0,0,1,0,0,0,1,0,0,0,1,1,1,1,0,1,1,0,1,0,0,1,0,1,1,1,1,1,0,0,0,1,0,0,1,1,0,1,1,0,1,1,0,1,1,0,1,1,0,1,1,0,1,1,1,0,0,1,0,1,0,0,0,1,1,1,1,0,1,0
1,0,0,0,1,1,1,1,0,1,1,1,1,0,0,1,1,1,0,0,0,1,1,1,0,0,1,0,1,0,0,1,1,0,0,0,1,0,0,1,0,0,0,1,0,1,1,0,0,1,1,0,1,0,1,0,0,1,1,0,1,1,1,1,1,0,0,1,1,1,1,0,1,1,1
1,0,0,0,1,1,0,1,0,0,0,1,1,0,0,1,1,1,0,0,0,1,1,1,1,0,1,1,0,1,1,1,1,0,1,1,1,1,0,1,1,0,1,1,0,0,0,1,0,0,1,1,1,1,0,0,1,0,0,1,1,0,1,0,0,1,1,1,0,1,1,1,0,0,0
0,0,0,1,0,0,0,1,0,1,1,0,0,0,0,0,0,1,0,0,1,1,0,1,1,1,0,1,1,0,0,0,1,0,0,1,0,1,1,0,1,1,1,1,1,0,0,0,0,1,1,0,1,1,1,1,0,1,1,0,1,1,1,1,1,0,0,1,0,1,1,0,0,0,0
1,0,0,0,0,0,0,1,0,0,0,0,1,0,0,1,1,1,0,0,0,1,0,1,0,0,1,0,0,0,1,1,1,1,0,0,1,0,0,0,1,0,1,1,0,1,1,1,1,0,1,1,1,0,1,0,0,1,1,1,0,0,1,1,0,1,0,0,1,1,1,1,0,1,0
1,0,0,0,0,1,0,0,0,1,1,0,1,0,0,0,1,1,1,1,1,1,0,1,1,1,1,1,1,1,1,1,1,0,0,1,0,1,0,1,1,0,0,1,0,1,0,0,0,0,1,0,1,1,0,1,0,1,1,0,0,0,1,1,0,1,0,1,0,1,0,0,0,0,0
0,0,0,0,0,0,0,1,0,0,0,0,0,0,1,0,1,1,1,1,0,1,0,1,0,1,0,0,0,1,1,0,0,0,0,1,1,0,0,1,1,0,0,1,0,0,0,1,0,0,0,1,1,1,1,1,0,1,1,1,0,1,1,0,0,1,1,1,1,1,1,1,0,1,0
0,0,0,1,0,0,0,1,0,0,1,1,0,0,0,0,1,1,1,0,1,0,0,0,0,0,1,0,1,0,1,1,1,0,1,0,0,1,1,0,1,0,0,1,0,1,0,1,0,0,1,1,1,1,1,1,1,0,1,0,1,0,1,0,1,0,0,0,1,0,0,0,1,0,0
0,0,0,1,0,0,0,0,0,1,0,1,0,1,1,1,1,1,0,1,0,0,0,0,0,0,1,1,0,1,0,1,1,0,1,0,1,0,1,0,0,1,0,1,1,0,1,0,1,1,0,1,0,1,0,0,0,1,1,0,1,0,0,0,0,1,0,1,1,1,1,1,1,1,0
0,0,0,0,1,0,0,1,1,1,0,0,1,0,0,0,1,1,0,0,0,1,1,1,1,1,1,0,1,1,1,1,1,0,0,1,0,0,0,1,1,0,0,1,0,1,0,0,0,1,1,0,1,0,0,1,1,0,1,1,1,0,1,1,1,1,1,1,0,1,1,0,0,1,1
1,0,0,0,1,0,0,1,1,1,0,1,0,0,0,1,0,0,1,1,0,1,0,0,0,0,0,0,1,0,1,1,1,0,1,0,0,0,0,1,0,0,1,1,1,1,1,1,0,1,1,0,1,0,1,0,1,0,1,1,1,1,0,0,0,0,1,0,1,1,1,1,1,1,0
1,0,0,1,1,0,0,1,1,0,1,1,0,0,0,0,1,0,1,0,0,1,0,0,1,1,0,1,1,1,0,1,1,0,1,0,0,0,0,1,1,0,1,1,0,1,0,1,1,1,1,0,1,1,0,1,1,1,0,1,0,1,1,0,1,0,0,0,0,1,0,0,0,1,0
1,1,1,0,0,0,0,1,1,0,0,1,1,0,1,1,1,1,1,0,1,1,0,1,0,0,1,1,1,1,0,1,1,0,1,1,0,1,1,1,1,1,0,1,0,1,0,0,1,0,1,0,1,0,0,0,1,1,1,1,0,1,1,0,0,0,1,1,0,1,0,1,0,1,0
1,1,1,1,1,0,0,1,0,0,0,0,1,1,1,0,1,1,1,0,1,1,0,1,0,0,1,0,1,0,0,0,1,0,1,1,1,0,0,1,1,0,0,1,1,0,0,0,0,0,1,1,1,0,1,1,0,0,1,1,1,1,0,0,1,0,0,0,1,1,1,0,1,1,0
1,0,0,1,1,1,1,1,1,0,1,1,0,0,0,1,1,1,0,0,1,1,0,1,0,0,1,1,1,1,1,0,1,1,1,1,0,0,1,0,1,0,0,1,1,0,1,0,0,0,0,1,1,0,1,0,0,1,0,0,1,0,0,1,1,1,0,1,1,1,0,0,1,1,1
0,1,0,0,1,0,0,0,0,0,0,1,0,0,1,0,0,1,0,1,1,1,0,0,1,0,1,0,1,1,0,0,1,0,0,0,0,0,1,0,1,0,0,1,1,1,1,1,0,0,1,1,1,1,0,1,0,1,0,0,0,0,0,0,0,1,0,1,1,0,1,0,1,1,0
1,0,0,1,0,0,0,0,0,1,0,0,1,1,0,1,1,1,0,0,1,1,0,0,1,1,1,0,1,0,1,1,1,0,1,1,0,1,0,1,1,1,0,1,0,1,0,1,0,0,1,1,1,1,0,0,1,0,0,0,0,0,1,0,0,1,1,1,1,1,0,0,1,1,1
1,1,1,1,1,1,0,0,1,1,1,0,1,0,0,1,1,0,0,0,0,1,0,1,1,1,1,0,1,1,0,1,1,1,1,0,0,0,1,0,1,0,1,1,1,1,1,0,0,1,1,1,0,1,1,0,0,1,0,0,0,1,1,1,0,1,0,1,1,1,1,1,0,1,0
1,0,1,1,0,0,0,1,0,1,1,1,0,1,0,1,1,0,1,0,0,1,0,1,0,1,1,1,0,1,0,0,0,0,1,0,0,1,1,0,1,0,0,1,1,0,0,0,0,0,1,1,0,1,1,1,0,1,0,0,1,0,1,1,1,0,1,0,1,0,1,1,0,1,0
1,0,1,1,1,0,0,1,0,1,1,1,0,0,0,0,0,0,1,0,1,1,0,1,1,0,0,1,0,1,0,1,0,0,0,0,0,0,0,1,1,1,0,1,0,0,1,0,1,0,1,1,0,0,1,1,1,0,0,0,0,0,0,0,1,1,0,1,1,1,1,1,0,1,0
1,0,0,1,0,0,0,1,0,0,1,1,1,0,0,0,1,1,1,1,1,1,1,1,0,0,1,0,1,0,1,0,0,0,1,0,0,0,1,0,1,1,0,1,0,1,1,0,1,1,1,0,1,0,1,1,1,1,0,0,1,1,1,0,1,0,0,0,1,0,0,0,0,0,1
1,1,1,0,0,1,0,0,1,1,0,0,1,1,1,0,1,1,0,1,1,1,0,1,0,1,1,0,0,0,1,1,0,0,1,1,1,0,1,0,0,1,0,1,0,1,0,0,0,0,0,1,1,1,0,0,0,0,0,1,0,1,1,1,1,1,0,1,0,1,0,0,1,1,0
0,0,0,0,0,1,0,1,1,1,1,1,0,0,1,1,1,0,0,1,0,1,0,1,0,0,0,0,0,0,1,1,1,0,1,0,0,1,1,0,1,0,1,1,0,1,0,0,0,1,1,0,1,1,0,0,0,1,1,0,1,1,1,1,1,0,0,0,1,0,1,1,0,1,0
1,1,0,1,1,1,0,1,0,1,1,1,0,0,0,0,0,0,0,0,0,1,0,1,0,0,0,0,1,0,0,0,0,0,1,0,0,1,1,0,0,1,0,1,1,0,0,1,0,1,1,0,1,0,0,1,1,1,0,0,0,1,1,0,1,0,0,0,0,1,0,0,0,0,0
0,1,0,1,1,1,0,1,0,0,1,1,1,0,0,0,1,1,1,1,0,1,0,1,0,0,1,0,0,1,0,1,1,1,1,0,0,1,0,0,0,1,0,1,1,1,0,0,0,1,0,0,0,0,1,0,1,1,0,0,0,0,0,0,1,0,1,0,0,0,0,0,0,0,0
1,0,1,0,0,0,1,1,0,0,0,1,0,0,1,1,1,0,1,0,1,1,1,1,1,0,1,1,1,0,1,0,0,0,1,0,0,1,1,0,1,1,0,1,0,1,1,0,0,1,1,1,1,0,1,0,1,0,1,0,1,0,1,1,1,0,0,1,1,0,0,0,1,1,0
1,1,1,0,0,1,0,0,0,1,0,1,1,0,1,1,1,1,1,0,0,1,0,1,0,1,1,0,0,1,0,0,0,1,1,0,1,0,1,0,1,0,1,1,1,0,1,0,0,1,0,1,1,0,0,1,1,0,1,0,0,0,1,0,0,0,0,1,1,1,0,1,1,1,0
1,0,1,1,0,1,1,0,0,1,0,1,0,0,0,1,0,0,1,0,0,1,1,1,0,1,1,1,1,1,0,0,1,0,1,0,0,1,0,0,1,1,1,1,1,0,0,0,1,0,1,1,0,1,0,1,0,0,0,1,1,0,1,0,0,1,0,1,1,1,1,0,1,0,0
1,1,0,0,0,0,0,1,0,0,0,1,1,0,0,1,1,0,1,0,0,1,0,1,0,1,1,1,0,1,0,1,0,0,1,1,0,0,0,0,0,0,1,1,1,0,0,1,1,1,1,1,1,0,1,1,0,1,1,1,1,1,1,1,1,0,1,0,0,0,1,1,0,1,0
1,0,0,1,0,1,0,1,0,0,0,0,0,0,1,0,1,0,0,1,0,0,0,1,0,1,0,1,0,0,0,0,0,0,0,0,0,0,1,0,0,0,0,1,0,1,1,1,0,1,1,1,1,1,0,0,1,0,0,0,0,0,0,0,1,0,1,0,0,1,1,0,0,1,0
1,1,0,0,1,1,0,0,0,1,0,1,1,0,0,1,0,1,0,1,0,0,1,1,0,0,0,0,1,0,1,0,0,0,1,0,1,0,0,1,1,0,0,1,1,0,1,0,1,0,0,0,1,0,0,0,0,0,0,0,0,1,1,0,1,1,0,0,1,1,0,0,0,1,0
1,0,0,0,1,0,0,1,0,0,1,1,0,0,0,0,1,0,0,1,1,1,0,1,1,0,1,1,0,1,1,0,1,1,1,0,0,0,0,0,1,1,1,1,0,1,0,1,0,1,1,1,1,0,1,1,1,1,1,0,0,0,1,0,0,0,1,1,1,1,0,1,0,1,0
1,0,0,1,0,1,0,1,0,1,0,0,0,0,1,1,0,0,0,0,1,1,0,0,0,0,1,1,0,1,1,1,0,0,1,1,1,0,1,0,1,1,0,1,0,1,0,0,1,1,1,1,1,0,1,1,0,1,1,0,1,0,1,0,0,0,1,0,1,1,0,1,0,1,0
1,0,0,1,1,0,0,1,1,1,0,1,1,0,0,0,1,1,1,0,0,1,1,1,0,0,0,0,1,0,1,1,1,0,0,0,0,1,0,0,1,0,0,0,0,1,1,1,1,0,1,0,1,0,0,1,0,1,1,1,1,0,1,0,1,0,1,0,1,1,1,1,0,0,0
1,1,1,1,1,0,0,1,0,0,0,1,0,0,1,0,1,0,0,0,1,1,1,1,1,0,1,0,1,0,0,1,0,0,0,1,1,1,0,1,1,1,1,0,1,0,0,1,0,1,1,1,1,0,0,0,1,1,0,1,1,1,1,1,0,0,1,0,1,1,1,1,1,1,0
1,0,0,1,1,0,0,0,0,0,0,1,1,1,1,1,1,1,0,0,1,1,0,1,0,0,1,0,1,1,0,1,0,0,0,0,0,0,0,0,1,0,0,1,0,1,0,0,0,1,1,0,1,0,1,0,0,1,0,1,0,0,0,1,0,0,1,1,1,1,0,1,0,0,0
1,0,0,1,0,1,1,1,0,1,0,1,0,0,1,0,1,0,1,0,1,1,1,1,0,0,0,1,0,1,1,1,0,0,1,0,0,1,1,0,1,1,0,1,0,1,1,0,0,1,1,1,0,0,1,0,0,0,0,1,1,0,1,1,1,0,0,0,0,1,1,0,0,1,0
1,1,0,1,1,0,0,1,0,1,1,1,0,0,1,0,1,0,1,0,0,0,0,0,1,0,1,1,0,1,1,1,0,0,1,1,0,0,0,1,0,0,1,1,0,1,1,0,1,1,1,0,1,1,0,1,1,0,0,1,1,0,1,0,0,1,0,0,1,1,1,0,0,1,0
1,0,1,0,1,0,0,1,0,0,0,0,0,0,0,1,0,1,0,0,1,0,1,1,0,0,1,1,0,0,1,1,1,0,0,1,0,0,1,0,1,1,0,1,0,1,0,0,0,1,1,0,1,1,0,1,0,1,1,0,0,0,1,0,0,1,1,0,1,1,0,0,0,1,0
1,1,1,0,1,0,0,1,0,1,0,0,1,0,0,1,1,0,0,1,1,1,0,1,0,1,0,1,1,0,1,0,1,1,1,0,0,1,0,1,1,1,0,1,1,0,0,1,1,1,1,1,1,1,1,1,1,0,1,1,0,1,1,0,1,0,1,1,0,1,0,1,0,0,1
1,0,0,1,0,0,1,1,0,1,1,0,0,1,0,1,1,1,0,0,1,1,1,1,0,0,0,1,1,0,1,1,1,0,1,1,1,0,0,1,0,0,0,1,0,1,1,0,0,1,1,1,1,1,0,1,0,0,0,1,1,0,1,1,0,0,0,0,1,1,0,0,1,1,0
1,1,0,1,1,1,0,1,0,0,0,1,1,0,1,0,1,1,0,1,1,1,1,1,0,0,1,1,0,1,0,0,0,1,1,1,0,1,0,1,0,0,0,1,1,1,0,0,0,0,1,0,1,1,0,1,0,0,1,0,0,1,1,0,1,0,0,0,0,1,0,1,1,0,1
1,0,0,1,0,0,0,1,0,0,0,1,1,1,0,0,1,1,0,0,1,1,1,1,0,0,1,0,1,0,1,0,1,0,0,0,1,1,1,0,1,1,1,1,1,1,1,1,0,0,1,1,1,0,1,0,1,0,1,1,0,1,1,1,0,0,0,1,0,1,1,1,1,1,0
1,0,1,1,1,0,0,1,1,1,0,1,1,0,1,1,0,0,1,0,1,1,1,1,0,0,1,1,0,1,1,0,0,0,0,1,0,0,0,1,1,1,0,1,0,1,0,1,1,0,1,0,1,0,1,0,1,0,0,0,1,1,0,0,1,0,1,1,1,1,1,0,0,1,1
1,0,0,0,1,0,0,1,1,1,1,0,1,0,0,1,1,0,1,0,1,1,1,1,0,0,1,0,0,1,1,0,1,0,1,0,0,0,1,0,1,1,1,1,1,1,0,0,0,1,1,0,1,0,1,0,0,1,1,1,0,1,1,1,0,0,0,1,0,1,1,0,1,1,0
0,1,0,1,1,1,1,1,0,0,1,1,1,0,0,0,0,1,1,1,0,0,0,0,0,1,1,1,1,1,1,0,1,0,0,1,1,1,0,1,1,0,1,1,0,0,0,1,0,1,1,1,1,1,0,1,1,1,1,0,1,1,0,0,1,0,0,1,1,0,1,0,1,0,0
1,0,1,0,0,1,0,0,1,1,0,1,0,0,1,0,0,1,0,0,0,1,0,1,0,1,0,0,1,1,1,0,1,0,0,1,1,0,0,1,0,1,0,1,0,0,0,0,0,1,1,1,1,0,1,1,0,0,1,0,0,0,1,0,1,1,1,0,0,1,0,0,1,1,0
0,0,0,1,1,0,0,1,0,1,0,1,1,0,0,1,0,0,1,0,1,1,0,1,0,0,1,1,1,1,1,0,1,1,1,0,1,1,1,0,1,0,0,1,1,0,0,1,0,1,1,1,1,0,1,0,0,1,0,1,1,1,1,1,0,1,0,1,1,1,1,1,0,1,1
1,0,0,1,1,1,1,1,0,1,0,0,0,0,1,0,1,0,0,1,0,1,0,0,0,0,1,1,0,0,0,0,0,0,1,0,1,0,0,0,1,0,1,1,1,1,0,0,0,1,1,1,1,0,0,1,0,1,0,0,0,0,1,0,1,0,1,0,0,1,1,0,1,1,1
1,1,1,1,1,1,1,1,1,1,1,0,1,1,0,0,1,0,0,0,0,0,1,1,0,0,1,1,1,1,1,0,1,1,0,1,1,1,1,0,1,1,0,1,1,0,0,1,1,0,1,1,1,1,0,1,1,0,0,0,0,1,0,0,0,1,1,1,1,0,0,0,0,1,0
1,1,1,1,1,1,0,1,0,1,1,1,0,0,0,0,1,0,0,0,0,1,1,1,0,0,0,1,1,0,1,1,0,0,0,0,1,1,1,0,1,1,1,1,0,0,0,1,0,1,1,0,1,0,1,1,0,1,1,0,0,0,1,1,1,1,1,0,0,1,1,1,1,1,0
1,0,0,0,0,1,0,1,1,1,0,0,0,0,1,0,1,0,0,1,1,1,0,0,0,0,1,1,0,0,0,1,0,1,1,1,0,0,1,0,1,1,1,1,0,1,0,0,1,1,1,1,1,0,0,1,0,1,1,0,1,1,1,0,1,0,0,1,0,1,1,0,0,1,0
1,0,1,1,0,0,1,1,0,1,1,1,0,0,1,1,0,1,1,0,0,1,1,1,1,1,1,0,0,0,1,1,0,0,1,1,1,0,1,0,1,1,0,1,0,0,1,0,0,0,1,0,1,1,0,1,0,1,0,0,1,0,0,0,0,0,0,1,0,1,0,0,0,0,0
1,0,1,1,1,1,0,1,0,1,1,1,0,0,1,1,1,1,1,0,0,1,0,0,0,1,0,0,0,1,1,0,0,0,1,1,1,1,0,1,1,0,0,1,0,1,1,1,0,0,1,1,1,1,0,0,1,1,1,0,1,0,1,0,1,0,0,0,0,1,0,1,0,0,0
1,0,0,1,1,1,0,1,1,0,1,1,1,0,0,0,0,0,1,1,0,1,0,0,1,1,0,0,1,0,1,0,1,0,1,1,0,0,1,0,1,1,1,1,1,0,0,0,1,1,1,1,1,0,1,1,0,1,0,1,0,0,1,0,1,1,0,1,0,1,1,1,0,0,0
1,0,1,1,1,0,0,1,0,1,1,1,0,0,0,1,1,0,1,0,1,1,0,1,0,1,0,1,0,1,0,0,0,0,0,0,0,1,1,0,1,1,1,1,1,0,0,0,0,1,1,1,1,1,0,1,0,0,1,0,1,1,1,0,0,0,1,1,1,0,0,1,1,1,0
1,0,0,0,0,1,1,1,0,0,0,1,0,0,0,1,0,0,0,0,0,1,1,1,1,1,1,0,0,0,1,1,0,0,1,0,0,1,1,0,1,0,0,1,0,1,1,1,0,0,1,1,1,0,1,1,1,0,0,0,1,0,0,0,1,1,0,0,0,1,1,0,1,1,0
0,0,1,1,1,0,0,1,1,1,0,1,0,1,1,0,0,0,0,0,0,1,0,1,0,1,0,1,1,1,0,1,1,1,0,1,1,1,1,0,0,1,1,1,1,1,0,0,0,1,1,1,1,0,1,1,0,0,1,1,0,1,1,0,0,1,0,1,0,1,1,0,1,1,0
1,0,0,1,1,0,0,0,0,0,0,1,0,0,1,1,0,1,0,0,0,0,0,0,0,0,1,1,1,0,1,0,0,1,1,0,1,0,0,0,0,0,0,1,0,1,1,0,1,0,1,1,0,0,1,0,0,0,0,0,1,1,1,0,1,1,0,1,1,1,0,1,1,1,0
1,1,1,0,1,0,0,1,0,1,1,1,0,0,0,0,0,0,0,0,1,1,0,1,0,1,0,0,0,1,1,0,0,1,1,0,0,1,1,0,1,1,0,1,1,0,0,1,0,1,1,1,1,0,0,1,1,1,1,1,0,0,0,0,0,1,1,1,0,1,1,1,0,1,0
1,0,1,0,1,1,1,1,0,1,0,1,0,0,1,0,1,1,1,1,1,1,1,1,1,1,1,0,0,1,1,1,0,1,0,0,1,0,0,1,0,1,0,1,0,0,1,1,0,1,0,0,1,1,0,0,0,0,1,0,1,0,1,0,1,1,0,0,1,1,1,1,0,1,1
1,0,0,1,0,0,0,1,1,1,1,0,0,0,1,1,1,1,0,1,1,1,0,1,0,0,0,1,1,0,0,0,0,0,1,1,0,0,1,1,0,0,0,1,1,1,1,0,1,1,0,0,1,0,1,1,0,1,0,1,0,0,0,0,0,0,1,1,1,1,1,0,0,1,1
0,0,0,1,1,1,1,1,0,1,0,0,0,1,0,1,1,1,1,0,1,1,1,1,1,1,1,1,1,0,1,1,1,0,1,1,0,1,0,1,1,0,0,1,0,1,0,0,0,1,1,0,1,1,0,1,0,0,1,1,0,1,1,0,1,0,1,1,1,0,0,0,0,1,1
1,1,0,1,0,0,0,1,1,1,0,0,0,0,0,1,1,0,0,0,1,1,1,1,0,1,1,1,1,1,1,0,1,1,1,1,1,0,0,1,1,0,0,1,0,1,0,0,1,1,1,0,0,0,1,0,0,1,0,1,0,1,1,0,0,0,1,1,1,1,0,1,1,1,0
1,0,1,1,0,0,0,1,0,1,1,1,1,0,0,0,1,0,0,0,0,1,0,1,1,0,1,0,1,0,1,0,1,0,1,1,0,1,1,0,0,1,0,1,0,0,0,0,0,0,1,0,1,1,0,1,0,1,1,0,1,1,1,0,1,1,0,0,0,1,0,0,1,0,1
1,0,0,1,0,0,0,1,0,1,0,1,0,0,0,1,0,1,1,0,1,1,0,1,0,1,1,1,1,1,1,0,1,0,1,0,0,1,0,0,1,0,0,1,1,0,1,0,0,1,1,1,1,0,1,1,0,1,0,0,0,0,1,1,0,1,1,1,1,1,0,0,0,1,1
1,0,0,0,1,1,0,1,1,1,0,1,1,1,1,0,1,1,1,1,1,1,0,0,0,0,1,0,1,1,1,0,0,0,0,1,1,0,0,1,1,1,1,1,0,1,0,0,0,0,1,1,1,1,0,1,1,0,1,1,1,0,1,0,0,0,0,1,1,0,1,1,1,1,0
1,0,0,0,0,0,0,0,0,0,0,1,0,0,0,1,1,0,0,0,1,1,1,1,1,1,0,0,1,0,1,0,1,0,0,1,1,1,0,1,1,0,0,1,0,1,0,1,1,1,1,1,1,1,0,1,1,0,1,1,1,1,1,0,0,1,1,1,0,1,0,1,0,1,1
1,0,1,0,1,1,0,1,0,1,0,1,1,0,1,0,1,1,0,0,0,1,0,1,1,1,0,1,0,1,0,0,0,0,0,1,1,0,1,0,1,1,1,1,1,1,0,1,1,0,1,1,1,0,1,1,1,1,1,1,1,0,1,0,0,0,0,1,0,1,1,1,0,1,0
1,0,0,0,1,0,1,1,0,0,1,1,0,0,0,1,1,0,1,0,1,1,0,1,1,0,0,0,1,0,0,1,1,1,1,0,1,1,0,1,0,0,1,1,0,1,0,1,0,1,1,1,1,1,0,1,1,1,0,0,1,0,0,0,0,1,1,1,1,1,1,0,0,1,0
1,1,1,0,0,0,0,1,0,1,0,1,1,0,0,1,0,0,1,1,1,1,0,0,0,1,1,0,1,1,0,0,1,0,0,0,1,0,1,0,1,0,1,0,1,0,0,1,1,1,1,1,1,0,0,0,0,0,1,1,1,1,1,0,0,1,0,0,1,1,1,1,0,1,0
1,0,0,0,1,1,0,1,0,1,1,1,0,0,1,0,0,1,0,0,0,1,0,1,1,1,0,0,1,0,0,0,1,0,0,1,0,0,0,1,0,0,0,1,0,1,1,1,0,1,1,1,1,0,0,1,1,0,1,0,0,0,1,0,1,0,0,0,1,1,0,1,0,1,1
0,0,1,1,0,1,0,0,1,0,0,1,0,0,1,0,1,1,0,1,1,1,0,0,0,0,0,0,1,0,1,1,0,0,1,1,1,1,1,0,0,1,0,1,1,1,0,1,0,1,1,1,1,0,1,0,0,0,0,1,0,0,0,1,1,1,0,0,1,0,0,0,1,1,1
1,0,0,0,0,1,0,0,0,1,0,1,0,1,0,0,1,1,1,0,0,1,0,0,1,1,1,0,1,0,0,0,1,0,1,0,1,1,0,1,1,0,1,1,1,0,0,1,0,1,1,1,1,0,0,1,1,1,0,0,0,0,1,0,1,1,0,0,1,1,1,0,0,1,0
1,1,0,1,1,0,0,1,1,0,0,0,0,0,1,0,1,0,0,1,0,0,0,0,1,0,1,1,1,0,1,0,0,0,1,1,1,0,0,1,0,1,1,1,0,1,1,0,0,1,1,1,1,0,0,1,0,1,1,0,0,1,0,0,0,0,1,0,1,1,1,0,0,0,0
1,0,0,1,1,0,0,1,0,0,0,1,1,0,1,0,1,1,1,0,1,0,0,1,0,0,1,0,1,0,1,0,1,0,1,0,1,1,1,0,1,0,1,1,0,1,1,0,1,0,0,1,1,0,0,0,0,0,1,1,1,0,1,0,0,0,0,1,1,1,1,1,0,0,0
1,0,1,1,1,0,0,1,0,0,0,1,0,0,1,0,1,0,1,1,1,1,0,1,0,1,1,0,1,0,1,0,1,0,1,1,1,0,1,0,1,1,0,1,1,0,0,1,0,1,1,1,1,0,0,1,1,0,0,0,1,1,1,1,1,0,0,1,0,1,0,1,1,1,0
1,0,1,1,0,1,0,1,0,1,0,0,0,0,0,1,1,1,1,0,0,1,0,1,1,0,0,0,0,1,1,0,0,0,0,0,0,1,0,1,1,0,0,1,0,0,1,0,0,0,0,1,0,0,1,0,1,1,1,1,0,1,1,0,1,0,0,1,0,1,0,1,1,0,1
1,1,1,0,1,1,0,1,0,1,1,0,1,0,0,0,1,0,1,1,0,1,1,1,0,0,0,0,0,1,1,1,0,0,1,1,1,0,0,1,0,0,0,1,1,0,0,1,0,0,1,1,1,0,0,1,1,0,1,1,0,0,1,1,1,0,0,0,1,0,0,1,1,1,1
1,0,1,1,1,0,1,1,0,1,0,1,0,0,0,0,1,0,0,0,1,1,1,1,0,0,0,1,1,0,0,0,0,0,1,0,1,0,1,0,1,1,1,1,0,0,0,0,1,0,0,1,1,1,1,1,0,1,1,1,1,1,1,0,1,0,0,0,0,1,0,0,0,1,1
1,0,0,1,0,1,0,1,0,1,1,1,1,0,1,0,1,1,1,0,1,1,0,1,0,1,1,0,0,0,1,0,0,1,1,1,1,1,1,0,1,1,1,1,0,1,0,1,0,0,1,0,0,1,1,1,1,1,0,1,1,1,0,1,0,1,0,1,0,1,1,0,0,0,0
1,1,1,0,0,0,0,1,0,0,1,1,0,0,1,0,1,1,0,0,1,1,0,1,0,1,1,0,0,0,1,1,0,0,1,1,1,0,0,1,0,1,0,1,1,1,1,0,0,1,0,1,0,1,0,0,0,0,0,1,0,0,1,1,1,0,1,0,1,1,0,0,0,0,1
0,0,0,0,0,0,0,1,0,1,0,0,0,0,0,0,1,0,1,0,1,0,0,1,0,1,0,0,0,0,1,1,0,0,1,1,1,0,0,1,1,0,1,1,1,0,0,0,0,0,1,1,1,1,0,1,0,0,1,0,0,0,0,0,1,0,0,1,1,1,1,0,1,1,0
0,0,0,0,0,0,0,1,1,0,0,0,0,0,1,1,1,1,1,1,1,1,1,1,0,1,1,0,1,0,1,1,1,0,1,1,1,0,0,1,1,0,0,1,0,0,0,1,0,0,1,1,1,1,0,1,0,1,1,1,0,0,0,1,0,0,0,0,1,0,1,0,0,1,0
1,0,0,1,1,0,0,1,0,0,0,1,0,0,0,1,1,1,1,1,1,1,0,1,0,0,0,0,1,0,0,1,1,0,0,0,1,0,0,0,1,0,0,0,0,1,1,0,0,0,1,1,1,0,1,1,0,0,0,1,1,1,0,0,1,1,0,1,0,1,0,1,1,1,0
0,0,1,1,1,0,0,0,0,1,0,1,1,0,1,0,1,0,0,1,1,0,1,1,0,0,1,1,1,0,0,0,0,1,0,1,1,1,1,0,1,1,0,1,1,0,0,1,0,0,1,0,1,0,0,1,1,0,0,0,1,0,0,0,0,1,1,1,1,0,0,1,1,1,0
1,1,1,0,1,0,0,1,0,0,1,1,0,0,0,0,1,0,1,0,0,0,0,1,0,0,0,0,1,1,1,1,1,0,1,1,1,0,0,1,1,0,0,1,1,0,1,0,0,0,0,1,1,1,0,1,0,0,1,0,1,0,1,0,1,0,0,0,0,1,0,1,1,0,0
0,1,1,1,1,0,0,1,1,0,0,0,0,0,0,0,1,1,1,0,1,1,1,1,1,0,1,0,0,0,0,1,1,0,0,0,1,0,1,0,1,0,0,1,1,0,1,0,0,1,1,1,0,0,0,0,0,0,0,1,0,0,0,0,0,0,0,1,0,1,0,0,0,1,0
1,1,1,1,1,0,0,1,0,1,0,1,0,0,0,0,1,0,1,0,1,0,1,1,1,0,0,0,1,1,0,1,0,0,1,1,0,0,0,1,0,1,1,1,1,0,0,0,0,0,1,1,1,1,0,1,1,1,0,1,0,0,1,0,1,1,0,0,0,1,1,0,0,1,0
1,1,0,1,1,0,0,1,0,1,1,1,1,0,1,1,0,1,0,0,0,1,0,1,1,0,1,0,0,1,0,0,0,0,0,1,0,1,1,0,1,1,0,1,0,0,1,1,1,0,1,1,1,1,0,0,1,1,0,0,0,1,0,0,1,0,0,0,0,1,0,1,0,1,0
1,0,0,1,0,1,0,1,0,1,1,1,0,0,1,1,1,1,0,0,1,1,0,1,0,0,1,1,1,1,1,0,0,0,1,0,1,1,1,0,1,1,0,1,1,0,1,1,1,1,1,1,1,0,1,0,1,1,0,0,0,1,1,1,1,0,1,1,0,1,0,1,0,1,1
1,1,0,1,1,0,0,1,1,0,1,1,0,0,1,1,1,1,1,0,1,1,1,1,1,1,1,1,0,0,1,1,0,0,1,0,1,0,1,0,1,1,1,1,1,0,0,0,0,1,1,1,1,0,1,0,0,1,1,0,0,0,1,0,1,0,0,0,0,1,1,0,0,1,0
1,0,0,1,0,0,0,1,1,1,0,1,0,0,1,0,1,1,0,0,1,0,1,1,0,0,0,1,1,0,1,1,1,0,1,0,1,1,1,0,1,1,0,1,0,1,1,0,1,1,1,0,1,1,0,0,0,1,0,1,1,0,1,0,1,1,1,0,0,1,1,1,0,1,0
1,1,1,1,1,1,0,1,1,1,1,1,0,0,1,1,1,0,1,0,0,1,0,1,0,1,1,1,1,1,1,1,0,0,1,0,1,0,0,0,1,1,0,1,1,0,0,0,1,1,1,1,1,1,0,0,0,1,1,0,0,0,1,0,0,1,1,1,0,1,0,1,1,1,1
1,1,1,0,1,0,0,1,0,0,0,0,0,0,0,1,1,0,1,1,1,1,1,1,0,0,0,1,0,0,0,1,1,0,1,1,0,0,0,1,1,0,1,1,1,0,0,0,0,1,1,1,1,1,0,1,0,1,1,1,1,1,1,0,1,0,0,0,0,0,1,1,1,1,0
1,0,1,1,0,0,0,0,0,0,0,1,1,0,0,1,0,0,0,1,1,1,0,0,0,0,0,1,1,1,1,0,1,0,1,0,1,1,1,0,1,1,1,1,0,1,0,1,0,0,1,0,1,1,0,1,1,0,0,1,1,1,0,0,1,1,0,0,0,1,1,1,1,0,0
1,0,0,0,0,0,0,1,0,0,0,1,0,0,0,1,1,0,0,0,0,1,0,0,0,1,1,0,1,1,1,0,1,0,1,0,1,1,1,0,1,0,0,1,0,1,0,0,0,1,1,1,1,1,0,1,0,1,0,0,0,1,1,1,0,1,0,0,0,1,0,1,0,0,0
1,1,1,1,1,0,1,0,0,1,0,0,0,0,1,1,0,0,1,0,1,1,1,1,0,0,1,0,1,1,0,0,0,0,1,1,1,0,0,1,0,0,0,1,0,0,1,0,0,1,1,0,1,1,0,1,0,0,0,1,1,0,0,1,0,1,0,0,0,1,0,1,1,1,1
1,0,1,0,0,1,0,1,1,0,0,0,1,0,1,0,1,1,0,0,0,1,1,1,0,1,1,1,1,0,1,0,0,1,1,1,0,0,1,0,1,1,0,1,0,1,1,0,0,1,1,0,1,1,1,1,0,0,1,1,0,1,0,0,1,0,0,0,1,1,1,1,1,1,0
1,0,0,1,0,0,0,1,0,1,0,0,1,0,0,1,1,0,0,0,1,1,0,1,1,1,1,0,0,1,1,0,0,0,1,1,1,1,0,1,0,0,1,1,1,1,1,0,1,0,0,0,1,1,0,1,0,0,0,1,0,1,0,0,1,0,0,0,1,1,1,1,1,1,0
1,1,0,1,0,0,0,0,0,0,0,1,0,0,0,1,1,1,0,1,0,1,0,0,1,0,0,1,1,0,1,0,1,0,0,0,0,0,0,1,1,1,0,1,1,1,1,0,0,0,1,1,1,0,1,0,1,1,0,0,1,1,1,0,0,1,1,1,0,1,0,0,1,1,0
1,0,1,1,0,1,0,1,0,0,1,1,1,0,1,0,1,1,0,0,0,1,0,1,0,1,1,1,0,1,1,0,0,0,1,0,0,0,1,0,1,0,0,1,0,1,1,0,0,1,1,1,0,1,0,0,0,0,0,1,0,0,1,1,1,0,1,0,1,1,0,1,1,0,0
0,0,1,0,1,1,0,1,0,0,0,1,0,1,1,0,1,1,0,0,1,1,0,1,0,0,0,1,0,0,0,1,0,0,0,0,0,1,1,0,1,1,0,1,1,1,1,0,0,1,0,0,1,0,0,0,0,0,0,0,1,0,1,0,0,0,0,1,0,1,0,1,1,1,0
1,0,0,1,1,0,1,0,0,0,0,1,1,0,0,0,1,0,0,0,0,1,1,1,1,0,1,1,1,0,1,0,0,0,0,0,0,1,0,1,0,0,0,1,0,1,0,0,0,0,1,0,1,0,0,1,0,1,1,0,1,1,1,1,1,1,0,1,0,1,0,1,1,1,0
1,1,0,1,1,1,0,1,1,1,0,1,1,0,0,0,1,1,0,1,1,1,1,1,0,0,1,0,0,1,0,1,0,0,0,1,1,0,1,0,1,0,0,1,1,1,0,1,0,1,1,0,1,0,0,0,1,0,0,0,0,1,0,1,1,0,1,1,1,0,0,0,0,1,1
1,1,0,0,1,0,1,1,0,0,1,1,0,0,1,0,0,1,0,0,1,0,1,1,0,0,0,0,1,0,1,1,1,0,1,0,1,0,0,1,1,1,1,1,0,1,1,1,1,1,1,0,1,0,0,1,1,1,1,0,1,0,1,0,1,0,0,0,0,1,1,0,0,1,1
1,0,1,0,0,1,0,1,0,1,1,0,0,0,0,0,1,0,0,0,0,1,1,1,1,1,1,0,1,0,1,1,1,0,1,1,0,0,0,1,0,1,1,1,1,1,1,1,1,1,1,0,1,1,0,1,0,0,0,1,1,0,0,0,0,1,1,0,0,1,1,1,1,0,0
1,0,0,1,1,0,1,1,0,1,0,0,0,0,1,1,1,1,1,0,0,1,1,1,0,0,1,1,1,0,1,1,1,0,0,0,0,1,1,0,1,1,1,1,1,0,1,0,1,1,1,1,0,0,1,0,0,0,0,0,0,0,0,0,1,0,0,1,1,1,1,1,1,1,0
1,0,0,1,1,1,0,1,1,1,0,1,1,1,0,1,0,1,1,0,0,1,1,1,0,0,1,0,1,0,1,1,1,0,0,0,0,0,0,1,1,1,0,1,0,1,0,1,1,1,1,0,1,0,1,1,1,1,0,0,1,1,0,0,1,0,0,0,1,1,0,0,0,1,1
0,0,1,1,1,0,0,1,0,0,0,0,0,0,1,0,1,0,1,0,0,1,0,1,1,0,1,1,1,0,1,0,0,0,1,1,1,0,0,1,1,0,0,1,0,1,0,1,1,1,1,0,1,0,0,1,0,1,0,1,0,0,1,0,1,0,1,1,1,0,0,0,0,1,0
1,1,1,1,0,0,0,0,1,0,0,1,0,0,1,0,0,1,0,1,0,0,1,1,0,1,1,1,0,0,0,1,0,0,0,0,0,0,0,1,1,0,0,1,0,0,0,0,0,1,1,0,1,1,0,0,0,1,1,0,0,1,1,0,0,1,1,1,1,1,0,0,1,0,0
1,0,0,0,1,1,1,1,0,0,1,0,1,0,0,1,1,1,1,0,0,1,0,1,0,1,1,1,1,1,1,0,1,1,1,0,1,1,1,0,1,1,0,1,0,1,0,1,1,1,1,1,1,1,0,0,0,1,1,0,0,0,1,1,1,0,0,1,0,1,0,0,0,1,0
0,0,0,0,0,0,1,0,0,1,0,0,1,0,1,1,0,0,0,0,1,1,0,1,1,1,1,0,1,0,0,0,1,1,1,1,0,0,1,0,1,1,1,1,0,1,1,0,1,1,0,1,1,1,0,0,1,1,0,1,0,0,1,0,0,1,1,1,1,1,1,1,0,0,0
1,0,0,1,0,0,0,1,0,0,1,1,0,0,0,0,1,0,1,0,1,1,0,1,1,1,1,1,1,1,1,0,1,0,1,0,0,0,1,0,1,0,1,1,1,1,0,0,1,1,1,1,1,0,1,0,1,1,0,1,0,1,1,0,0,1,1,0,1,1,1,0,0,1,0
1,0,1,0,1,1,0,1,1,0,0,1,1,0,1,1,0,1,1,0,1,1,0,0,0,1,1,0,0,0,1,0,0,0,0,1,1,0,1,1,1,0,1,1,0,0,1,0,1,0,0,1,0,0,1,0,1,0,1,0,1,1,1,1,0,0,1,0,1,1,1,1,1,1,0
1,0,0,1,1,0,0,1,1,1,0,1,1,1,1,1,0,0,0,0,1,1,0,1,0,0,0,1,0,0,1,1,0,0,1,1,0,0,1,0,1,1,1,1,0,1,0,1,1,0,1,1,1,0,1,1,0,0,0,0,1,0,0,0,1,1,0,0,0,1,1,0,0,1,1
0,0,1,1,0,0,0,1,1,0,0,1,0,0,0,0,1,1,0,1,1,1,0,1,0,1,1,1,1,1,1,1,1,0,1,1,0,0,1,0,0,1,0,1,0,1,1,0,0,1,0,1,1,0,0,0,0,0,1,0,0,0,1,0,0,0,1,1,0,1,0,0,1,0,0
1,0,0,0,0,1,0,1,0,0,1,1,1,0,1,0,1,1,1,0,1,1,0,1,1,0,0,0,1,0,1,1,0,0,1,1,1,0,1,1,1,1,1,1,1,0,0,0,1,0,0,1,1,1,1,1,0,1,0,1,1,0,0,1,1,0,0,1,0,1,1,1,0,1,0
1,0,1,1,1,1,0,1,1,0,1,1,1,0,1,0,0,1,0,0,1,1,1,1,1,0,0,0,1,1,1,1,0,1,0,1,0,1,1,0,0,1,0,1,1,0,1,0,0,1,1,1,1,0,1,0,0,0,0,0,1,0,0,0,0,0,0,1,1,1,0,1,1,1,0
1,0,0,1,0,1,0,1,0,1,1,0,0,0,1,1,1,1,0,1,0,1,0,1,1,0,0,1,1,0,0,0,1,1,1,1,1,0,1,0,1,1,0,1,1,1,1,1,1,1,1,0,0,0,1,0,1,0,0,1,0,1,1,0,0,1,0,0,1,1,0,0,1,1,0
1,0,0,1,1,1,0,1,0,1,1,1,1,1,0,0,0,1,0,0,1,1,1,1,0,0,1,1,0,0,1,1,1,0,1,0,0,1,1,0,1,1,0,1,0,0,0,1,1,0,1,1,1,1,1,0,1,0,1,0,0,0,1,0,0,0,0,1,0,1,0,1,0,0,1
1,0,1,1,0,0,0,0,0,0,0,1,0,0,1,1,1,1,0,0,1,1,0,1,0,0,1,0,1,1,0,1,0,0,1,1,1,0,0,1,0,1,0,1,1,0,1,0,1,1,1,1,1,0,1,0,0,0,0,1,0,0,1,1,0,1,1,1,1,1,0,1,1,1,0
1,1,0,0,0,0,0,1,0,0,1,1,1,0,0,1,1,0,1,0,0,1,0,0,1,1,1,0,1,1,0,0,1,0,1,1,0,0,0,1,1,0,1,1,1,1,0,1,0,0,1,1,0,1,1,1,1,1,1,1,1,0,0,0,1,0,0,0,0,1,1,0,0,1,0
0,0,0,1,1,0,0,1,0,1,0,1,0,1,0,1,1,0,0,0,1,1,0,1,0,0,1,1,0,1,1,1,1,1,0,1,1,1,0,1,1,0,0,1,0,1,0,1,1,1,1,0,1,1,0,1,0,0,0,1,0,0,0,1,1,0,0,0,1,1,0,1,0,1,1
1,0,0,1,0,0,0,1,0,1,0,1,1,1,0,1,1,0,0,1,0,1,0,1,1,1,1,0,1,0,1,1,1,0,0,1,0,1,1,0,1,1,1,1,0,1,1,0,1,0,1,1,1,1,0,1,1,1,1,1,0,0,1,1,1,0,1,1,0,1,0,1,0,1,1
1,0,0,1,1,0,0,0,0,1,0,0,1,0,1,0,0,1,1,0,0,1,1,1,0,0,1,1,0,0,0,1,1,1,1,1,0,1,0,1,1,1,0,1,1,0,0,0,0,0,1,1,1,0,0,0,0,1,1,0,0,0,1,0,0,1,1,0,0,1,0,1,0,1,0
1,0,1,0,1,1,0,1,0,0,0,1,0,0,0,1,1,1,1,0,0,0,1,1,0,1,1,1,1,0,0,0,0,0,1,0,0,0,0,1,1,0,0,1,0,1,1,0,1,0,1,0,1,0,1,1,1,1,1,0,1,1,1,0,1,0,0,0,1,1,0,0,0,1,1
1,0,0,1,1,1,0,1,1,1,1,1,1,0,1,0,1,1,0,0,0,0,0,1,1,0,0,0,1,1,1,0,0,0,1,1,0,0,1,0,1,1,1,1,0,0,1,0,0,0,0,1,1,0,0,0,0,0,0,1,1,1,1,0,1,1,0,1,0,0,1,1,1,1,0
1,0,0,1,0,1,0,1,0,0,0,0,1,0,0,1,0,1,0,0,0,0,1,1,1,0,0,1,1,1,1,1,1,0,0,1,0,1,0,1,1,0,1,1,0,1,0,0,0,0,1,0,1,1,0,1,0,0,1,0,0,0,1,0,1,1,0,0,1,1,0,0,0,1,0
1,0,0,1,0,0,1,1,0,0,0,1,1,0,1,0,1,1,0,0,0,0,1,1,0,0,1,0,0,0,1,0,0,0,1,0,0,1,1,1,1,0,1,1,0,1,1,0,1,0,0,0,1,0,0,1,0,1,0,0,0,1,0,0,1,0,1,0,1,1,1,0,0,0,0
1,1,1,1,0,1,0,0,0,1,0,1,0,0,0,1,0,0,0,0,1,1,1,1,1,0,1,1,1,0,1,1,1,0,1,1,0,0,1,0,1,0,1,1,0,1,0,1,0,1,1,0,0,1,1,1,1,1,1,0,0,0,1,1,1,1,0,1,1,1,1,1,0,1,0
1,1,1,0,1,0,0,0,1,0,0,1,0,0,0,1,1,1,0,0,0,1,0,0,1,1,1,0,0,1,1,1,0,0,0,0,0,0,1,0,1,1,0,1,1,1,1,0,1,1,1,1,1,0,1,0,1,0,1,0,0,0,1,1,1,1,0,0,0,1,1,0,0,1,0
0,0,1,1,1,0,0,1,0,1,0,0,0,0,1,0,0,1,0,0,1,1,0,1,0,1,0,1,1,1,1,1,0,0,0,1,1,0,0,1,1,0,1,1,1,1,1,1,0,1,1,1,1,1,0,0,1,0,0,1,1,1,0,0,1,0,0,0,1,0,1,1,1,1,1
1,0,0,0,0,1,0,1,0,0,0,1,1,0,1,0,1,1,0,0,0,0,0,1,0,0,0,0,1,0,1,0,0,0,1,0,0,1,1,0,1,1,0,1,1,1,0,0,0,1,1,1,1,1,0,1,0,0,1,0,1,1,1,0,0,0,1,1,1,1,0,0,1,1,0
1,1,1,0,1,1,0,1,1,1,0,0,0,1,0,1,1,1,1,1,1,1,0,1,1,1,1,0,1,1,1,0,1,0,1,0,1,0,1,0,0,0,0,1,1,0,1,0,0,1,1,1,1,0,1,1,1,0,0,0,0,1,0,1,1,0,0,0,0,1,0,0,0,0,0
1,0,0,0,0,0,0,1,1,0,1,1,1,1,0,0,0,1,1,1,1,0,0,0,0,0,1,0,1,0,1,0,1,0,1,1,1,0,1,0,1,1,1,1,0,0,0,1,1,1,1,0,1,0,0,1,1,1,0,0,1,0,0,1,0,1,1,1,1,1,1,0,1,1,1
1,0,0,1,0,1,0,1,0,0,1,1,1,0,1,1,1,1,0,0,0,1,0,0,0,1,1,1,0,1,0,0,0,0,1,1,0,0,0,1,1,1,1,1,1,1,0,0,0,0,0,0,1,1,0,0,0,1,0,1,1,1,0,0,1,0,0,0,1,1,1,1,0,1,0
1,1,0,1,1,1,1,1,1,1,1,1,1,0,0,1,1,0,0,0,1,1,1,1,0,0,1,1,0,0,0,1,0,1,1,1,1,1,0,1,1,0,0,1,1,1,1,0,0,0,1,1,0,1,1,0,0,1,1,1,0,1,1,0,1,0,0,1,1,1,1,0,0,0,1
1,0,1,1,0,0,1,1,0,0,1,1,1,1,0,1,1,0,0,0,0,1,1,1,1,0,0,0,0,0,1,1,1,0,1,0,1,1,1,0,1,1,1,1,0,1,0,0,1,1,1,0,1,0,1,1,0,1,0,1,0,0,1,0,1,1,0,0,1,1,1,1,0,0,0
1,0,1,1,0,0,1,1,0,0,0,0,1,0,1,1,1,1,0,1,0,1,0,1,0,0,0,1,0,0,0,1,1,1,1,0,0,0,1,0,1,1,1,1,0,1,0,0,1,0,1,1,1,1,0,1,0,1,0,0,0,0,1,0,0,0,1,0,1,1,1,0,0,1,0
1,0,1,1,1,0,0,0,0,0,0,0,0,1,0,1,1,0,0,0,0,1,1,1,0,0,1,1,1,1,1,1,1,0,0,0,1,1,0,1,1,1,0,1,0,1,0,1,0,1,1,1,1,1,0,1,1,0,0,0,0,0,0,0,1,1,0,1,1,1,0,1,1,1,0
0,1,0,1,0,1,1,0,1,1,0,1,0,0,1,0,0,1,1,0,1,1,1,1,1,1,1,0,1,0,0,1,1,0,0,0,0,0,1,0,1,1,1,1,1,0,1,1,0,1,1,0,1,1,0,0,0,0,0,1,1,1,1,0,0,1,0,1,0,0,1,1,1,1,1
1,0,0,1,0,0,0,0,0,0,0,1,0,0,0,1,1,1,0,0,1,0,0,1,1,1,0,0,1,1,1,1,0,0,1,1,1,0,0,1,1,0,0,1,1,0,0,1,1,0,1,1,1,1,0,1,1,1,1,0,1,1,0,1,1,0,0,0,1,1,0,0,0,1,0
1,1,0,1,0,1,0,1,0,1,1,0,0,0,0,1,1,0,0,0,0,1,0,0,0,0,0,1,1,0,0,0,0,0,1,0,0,0,0,1,0,0,0,1,1,0,1,1,1,1,1,0,1,0,0,0,1,1,0,0,0,0,1,1,0,0,0,1,0,1,0,1,1,1,1
1,0,1,1,1,0,1,1,0,1,1,1,1,0,0,0,1,1,0,0,1,1,1,1,0,1,1,1,1,1,1,0,1,0,1,1,0,0,0,0,1,1,0,1,0,1,0,0,1,0,0,1,1,1,0,1,0,1,0,1,0,0,1,0,0,1,0,1,0,1,0,0,0,0,0
1,0,1,0,1,1,0,1,0,0,1,1,0,0,1,0,0,1,0,0,0,1,0,0,1,0,1,1,1,1,0,1,0,0,1,1,1,0,0,1,1,1,1,1,0,0,0,1,0,0,1,1,1,0,1,1,1,0,1,1,0,1,1,0,0,0,0,0,0,1,1,1,1,1,0
0,1,1,1,1,0,0,1,1,0,1,1,0,0,0,1,0,0,1,0,1,1,0,1,0,0,1,1,1,0,0,0,1,0,1,1,1,0,0,1,0,0,0,1,1,1,0,1,1,0,1,1,1,0,0,0,1,0,1,0,1,1,1,0,1,0,1,1,1,0,0,0,0,0,0
1,0,0,1,1,0,0,1,0,0,1,0,0,0,0,1,1,0,0,0,0,0,0,1,1,1,0,1,0,1,0,1,0,0,1,0,1,1,0,1,0,0,1,1,1,1,1,0,1,1,1,0,1,0,1,1,0,1,1,1,0,1,1,0,1,0,1,1,1,1,0,1,0,1,1
1,1,1,1,0,0,0,1,0,0,0,0,0,0,1,1,1,1,1,0,0,1,1,1,1,0,0,1,1,0,0,1,0,1,1,1,1,1,0,1,0,1,1,1,1,0,0,0,0,1,1,0,1,0,0,0,0,1,0,0,0,0,1,1,1,0,1,1,0,0,0,1,1,1,0
1,1,1,0,0,0,1,1,0,0,0,1,1,0,1,1,0,0,1,1,1,1,0,1,0,0,1,1,1,1,0,1,1,0,1,0,1,1,1,0,1,0,1,1,1,1,0,1,1,0,0,1,0,0,0,1,1,0,1,1,1,0,1,0,1,0,1,1,1,1,1,0,1,1,0
0,1,1,1,0,0,0,1,0,0,0,0,1,0,1,1,1,1,1,1,1,1,0,0,0,0,1,1,1,0,1,1,0,0,0,0,1,1,1,0,1,1,0,1,0,1,0,1,0,0,0,1,1,1,0,1,0,1,0,0,1,1,0,1,1,0,0,0,0,0,0,0,0,1,0
1,0,1,1,0,0,0,0,1,0,0,1,1,0,1,0,1,0,0,0,0,1,0,1,1,0,1,0,1,1,0,0,0,0,1,0,0,0,1,0,1,1,0,1,1,0,0,0,0,1,1,0,1,1,0,1,0,0,0,0,1,1,1,0,0,1,1,0,0,1,0,0,1,1,0
1,0,0,0,0,1,0,1,0,0,0,0,1,1,0,0,1,1,0,0,0,1,0,1,1,1,0,1,1,1,1,1,1,0,0,1,1,1,1,0,0,1,0,1,0,1,1,0,0,1,1,1,1,1,0,1,0,1,1,0,0,0,1,1,0,1,1,1,1,1,0,0,0,0,0
1,0,1,1,0,1,0,1,0,1,1,0,1,1,0,1,1,0,0,1,0,1,0,1,1,0,0,0,1,1,1,0,1,0,1,0,0,0,0,0,0,1,1,1,1,0,1,1,0,1,1,0,1,0,1,1,1,0,0,1,0,0,0,0,1,1,1,1,1,1,1,1,1,1,0
1,0,1,0,0,1,0,1,1,1,1,1,1,0,1,0,1,1,0,0,0,0,0,0,0,0,1,0,0,1,1,1,0,1,0,0,1,1,0,0,1,1,0,1,0,1,0,0,1,0,1,0,0,1,0,1,0,1,0,0,1,1,1,0,0,1,0,1,0,1,0,1,1,0,1
1,0,0,1,1,0,0,1,1,0,0,0,0,1,0,1,1,0,0,0,0,1,0,1,0,0,1,0,0,0,0,1,0,1,1,0,1,0,0,0,0,0,0,1,1,0,1,0,1,1,0,1,1,1,0,1,0,1,1,1,0,0,1,0,1,0,0,1,1,1,0,1,0,1,0
1,1,0,0,1,1,0,0,1,0,0,1,1,0,0,0,1,0,1,0,1,0,0,1,1,0,1,0,1,0,0,1,1,0,0,1,1,0,1,0,1,1,1,1,0,0,1,0,1,0,1,1,1,0,0,0,0,0,1,0,1,0,1,0,1,1,0,0,0,1,1,1,0,1,1
1,0,0,1,1,0,0,1,1,0,0,0,0,0,1,1,1,1,0,0,0,1,0,1,0,0,0,1,1,1,1,0,0,0,1,0,1,1,0,0,1,0,1,1,1,0,1,0,0,0,1,1,1,1,0,0,0,1,1,1,0,1,1,0,1,0,1,0,1,1,1,1,0,1,1
1,1,1,0,0,0,0,1,0,0,1,0,0,0,0,1,1,1,1,1,0,0,0,0,1,1,1,1,1,0,0,0,1,0,0,1,0,1,1,1,1,0,0,1,1,0,1,0,1,1,1,1,1,1,1,0,0,0,0,0,0,0,0,0,1,1,0,1,1,0,0,0,0,1,1
0,0,0,1,0,0,0,1,1,0,0,0,0,0,0,0,0,1,0,1,1,1,0,0,0,0,1,1,1,1,1,1,1,0,1,0,0,0,1,0,1,1,0,1,1,1,1,1,1,1,1,1,1,0,0,0,1,1,0,1,0,0,0,0,1,0,0,1,0,1,0,0,0,1,0
1,0,0,0,1,0,1,1,0,1,1,0,1,0,0,0,1,0,1,0,1,1,0,0,0,0,1,1,1,0,1,1,1,0,0,0,0,1,1,0,1,1,0,1,1,0,0,1,1,1,1,1,1,1,0,1,1,1,1,0,0,0,1,0,0,0,1,0,1,0,0,1,0,0,1
1,0,0,1,1,1,1,1,0,1,0,0,1,0,1,1,1,1,0,0,0,1,1,1,0,0,1,0,1,0,1,1,1,0,1,0,0,1,0,0,1,0,1,1,0,1,0,0,1,0,1,0,0,0,1,1,0,0,1,0,0,0,1,1,0,1,1,0,1,1,0,1,1,0,1
1,1,0,1,1,0,0,1,1,1,1,1,1,0,0,1,1,0,1,0,0,1,0,1,1,1,0,0,0,1,1,0,0,0,1,0,1,1,0,0,1,1,0,1,1,1,1,1,1,0,1,1,1,0,1,0,1,0,1,0,1,1,1,0,1,0,1,1,1,1,0,1,0,0,0
1,1,1,0,0,1,0,1,0,0,1,1,0,0,1,1,1,0,0,1,1,1,1,1,0,1,0,1,1,1,1,0,1,0,1,1,0,1,0,1,0,0,0,1,1,0,0,0,1,1,1,1,1,1,0,0,1,1,1,1,1,0,1,0,1,0,1,1,1,1,0,0,0,1,0
1,0,0,1,1,0,0,1,1,1,0,1,0,0,0,1,1,0,0,0,1,1,1,1,0,0,1,0,1,1,1,1,1,0,1,1,1,0,0,1,1,0,0,1,0,1,1,0,0,1,1,0,1,0,1,0,0,0,0,0,0,1,1,0,1,1,1,1,1,1,0,1,1,1,0
0,1,1,0,1,1,0,1,1,0,1,1,0,0,0,1,1,1,0,0,0,1,0,1,0,0,1,1,1,0,0,1,1,1,0,0,1,0,0,0,1,0,0,1,0,1,1,1,0,1,1,1,1,0,0,0,1,0,1,0,1,1,1,1,1,0,1,0,1,1,1,1,1,1,1
1,0,1,0,1,1,0,1,1,1,1,1,1,0,0,1,1,1,1,0,0,1,1,1,0,1,1,0,1,0,1,0,1,0,1,0,0,0,1,0,1,0,0,1,0,1,1,0,0,1,1,1,0,0,1,0,0,1,1,1,0,1,0,1,1,0,1,1,1,1,0,0,0,1,0
1,0,1,1,1,1,0,1,0,1,0,0,1,0,1,0,0,1,1,0,0,0,1,1,1,1,1,0,0,0,0,1,0,0,0,0,0,0,1,0,1,1,0,1,1,0,1,0,0,0,0,0,1,1,0,1,0,0,0,0,0,1,0,0,0,1,0,1,0,1,0,0,1,1,1
1,1,1,1,0,1,0,1,0,1,0,1,0,0,1,1,0,1,0,0,0,0,0,1,0,1,1,0,1,1,1,0,0,1,1,1,0,0,0,1,1,0,0,1,1,1,1,0,0,1,1,1,1,1,0,1,0,1,0,0,1,1,1,0,1,0,0,0,1,1,0,0,0,1,0
1,0,0,1,0,0,1,1,1,1,0,1,1,0,1,1,1,1,1,1,1,1,0,1,1,0,1,0,1,0,0,0,0,1,0,0,0,0,1,0,1,0,1,1,0,1,0,0,0,1,1,1,0,1,0,0,0,1,1,1,1,1,1,0,1,0,0,0,0,1,1,0,0,0,0
1,0,1,1,0,0,0,1,0,1,0,1,1,0,1,1,1,1,1,0,1,1,0,1,0,1,0,0,1,0,1,0,0,0,1,1,1,1,0,1,0,1,1,1,0,0,0,0,0,0,1,0,1,1,0,1,0,0,1,1,0,0,1,0,0,0,1,1,0,1,1,1,0,1,1
1,0,1,1,1,1,0,1,1,1,1,1,0,0,0,0,1,0,0,0,0,0,1,1,0,1,1,1,0,0,1,1,1,0,0,0,0,0,1,0,1,1,0,1,1,1,0,1,0,1,1,1,1,1,0,1,1,0,0,0,0,0,0,0,1,1,0,1,1,1,0,0,1,1,1
0,0,1,1,0,0,0,1,1,1,0,0,0,0,0,0,0,1,0,0,1,0,0,0,0,0,1,1,1,1,0,1,1,0,1,1,0,0,0,1,1,1,0,1,0,1,0,0,0,0,1,0,1,0,1,1,1,0,1,0,0,1,1,0,0,0,1,1,0,1,0,1,1,0,1
1,0,1,1,0,0,0,1,0,0,1,1,1,1,0,0,1,1,1,1,0,1,0,1,1,1,1,1,1,1,1,0,1,1,1,0,1,0,1,0,1,1,0,1,1,1,0,0,0,1,1,1,1,1,0,1,0,1,1,1,0,0,1,0,1,0,0,0,0,1,1,0,0,1,0
1,0,0,1,1,0,0,1,1,0,0,0,0,1,0,1,1,1,0,0,1,1,0,1,0,0,1,1,1,0,1,1,1,0,1,1,0,0,1,1,1,0,0,1,0,1,1,0,1,1,1,1,1,0,1,0,1,1,0,1,0,1,0,0,1,0,1,0,1,1,0,0,0,1,0
1,1,1,0,1,0,0,1,0,1,0,1,0,0,0,1,1,1,1,0,1,0,0,1,0,0,1,0,1,0,1,1,1,0,1,0,1,0,0,0,1,1,1,1,1,0,0,0,0,1,1,1,1,1,1,0,0,1,1,0,0,0,1,0,1,0,1,0,1,1,1,0,1,1,0
0,1,1,1,1,0,1,1,1,1,1,0,0,0,1,1,1,1,0,0,0,1,1,1,0,1,1,1,0,1,0,0,0,0,1,0,0,0,1,0,1,0,0,1,1,0,1,1,0,1,1,1,1,1,1,0,0,0,0,0,0,0,1,1,1,0,0,0,1,0,0,1,1,0,0
1,1,0,1,0,0,0,1,0,1,1,1,1,0,1,0,1,1,0,1,0,1,0,0,0,1,1,1,1,1,1,0,0,0,0,1,1,0,0,1,1,0,0,1,0,1,0,0,0,0,0,1,1,1,0,1,0,1,0,0,0,1,0,0,0,1,1,0,1,1,0,0,0,1,0
1,0,0,1,1,1,0,1,0,1,1,1,1,0,1,1,0,0,0,0,0,1,0,1,0,0,1,1,1,0,1,0,0,0,0,1,1,0,0,1,1,0,1,1,0,1,1,0,0,0,1,1,1,0,1,0,0,0,1,1,0,1,1,0,1,0,1,1,1,1,1,0,1,1,0
0,0,0,1,1,0,0,1,0,1,0,1,0,0,0,1,1,1,1,0,0,0,1,1,0,0,1,1,1,1,1,0,0,1,1,1,0,1,1,0,1,0,1,1,0,1,0,0,0,0,1,1,1,1,0,1,0,0,0,1,1,1,1,0,1,0,0,1,0,1,1,0,1,1,0
1,0,0,1,0,1,0,1,0,0,1,0,0,0,0,1,1,1,1,0,0,1,0,1,0,0,1,0,0,1,0,1,1,1,1,0,1,0,0,1,1,0,1,0,1,1,1,1,0,1,1,1,1,1,0,0,0,1,1,0,1,1,1,0,1,0,0,0,0,1,0,0,0,1,0
0,0,0,1,1,0,1,1,0,0,0,0,0,0,1,1,0,0,0,0,1,1,1,1,0,0,0,1,1,1,1,1,1,1,1,0,0,1,0,1,0,0,1,1,0,1,0,1,1,1,1,0,1,0,1,0,1,0,0,1,0,0,1,0,0,1,0,0,1,1,1,1,1,0,0
1,0,1,0,1,0,0,1,0,1,0,1,0,0,1,1,1,0,0,0,0,1,0,0,1,1,1,0,1,0,1,1,0,0,1,1,1,0,0,1,0,0,1,1,0,1,1,1,1,1,1,0,1,1,0,1,0,1,1,0,0,0,1,1,1,0,0,0,1,1,0,1,0,0,1
1,0,0,1,0,1,0,0,1,0,0,1,0,0,0,0,1,1,0,1,0,1,0,1,1,1,1,0,1,1,1,1,1,0,1,0,0,1,1,0,1,1,0,1,0,1,1,0,0,1,1,1,1,1,1,0,0,1,0,0,0,1,1,0,0,1,1,1,0,1,0,0,0,1,0
1,0,1,1,1,0,0,1,0,0,1,0,1,0,0,1,1,0,0,0,0,0,0,1,1,1,1,0,0,1,0,0,0,0,0,0,0,0,0,1,1,0,1,1,1,1,0,1,0,0,1,1,1,0,0,0,1,0,1,1,0,1,1,0,1,0,0,0,1,1,1,1,1,1,0
1,0,1,1,0,1,0,1,1,1,0,0,0,0,0,1,1,0,0,1,1,1,0,1,0,1,1,1,1,1,1,0,1,1,0,0,0,0,0,0,0,0,0,1,0,0,0,0,0,1,1,1,1,1,0,1,0,1,0,1,0,1,1,0,1,0,1,0,1,1,0,1,1,1,1
1,1,0,1,0,1,0,0,0,0,0,1,1,0,1,1,1,1,0,0,1,0,1,1,1,1,0,1,0,1,0,1,0,0,1,0,0,0,1,1,1,0,1,1,1,1,1,0,0,0,1,0,1,1,0,1,0,0,1,1,1,1,1,0,0,0,1,1,1,1,1,1,0,1,0
1,1,1,0,0,0,0,1,0,1,1,1,0,1,1,1,1,0,1,0,1,1,0,1,1,0,0,0,1,0,1,1,1,0,1,1,0,1,0,1,1,0,1,1,0,0,0,1,1,1,1,1,1,1,1,1,0,1,1,0,1,0,1,0,1,0,0,0,1,1,1,0,1,1,0
1,0,0,0,1,0,0,1,1,0,0,1,0,0,0,1,1,1,0,0,1,1,0,1,1,0,0,0,0,0,1,1,1,1,0,1,0,1,0,1,1,0,0,1,0,1,0,0,1,1,1,1,1,1,0,1,0,0,1,0,0,0,1,1,1,0,0,0,1,1,1,0,0,1,1
1,0,1,1,0,0,0,0,0,0,0,1,1,0,0,0,1,0,0,0,1,1,0,0,0,0,1,0,1,0,0,0,1,0,1,0,0,1,1,1,1,0,0,1,1,1,0,0,0,0,1,0,0,1,1,1,0,1,0,1,1,1,1,0,0,1,1,0,1,1,0,0,0,1,0
1,0,1,1,0,1,0,1,1,1,1,0,1,0,1,0,0,0,0,0,0,0,0,1,0,1,1,1,0,1,1,0,0,1,1,1,1,0,0,1,1,0,1,1,0,1,0,0,0,1,1,1,1,1,1,1,0,1,0,1,0,0,1,0,1,0,1,0,1,1,1,0,0,0,0
0,0,1,1,1,1,1,1,1,0,1,1,1,0,0,1,1,0,0,1,1,0,0,0,1,0,1,0,1,1,1,0,1,0,1,0,0,0,1,0,1,0,0,1,0,1,0,0,1,0,1,0,1,0,1,1,1,1,0,0,0,1,1,0,1,0,0,0,1,0,0,0,0,1,0
0,0,1,0,0,1,0,1,1,1,0,1,1,0,0,1,0,0,0,0,0,1,1,1,0,1,1,0,0,1,0,0,0,0,0,1,0,0,0,0,1,0,0,1,1,1,0,1,1,1,1,0,1,0,1,0,1,1,1,1,1,1,1,0,1,0,1,0,1,0,0,0,0,1,0
0,1,1,1,1,0,0,1,0,1,1,1,0,0,0,1,1,0,1,0,1,1,0,1,1,1,1,0,0,1,1,0,0,1,1,0,0,0,1,0,1,0,1,1,1,0,1,0,0,1,1,1,1,0,1,0,1,0,0,1,0,1,1,0,0,0,1,0,0,1,1,1,1,1,1
1,0,1,1,1,0,1,1,1,0,1,0,1,0,0,1,1,1,0,0,1,1,0,1,1,0,1,0,1,0,0,1,0,0,1,0,0,0,1,0,1,0,1,1,1,1,1,0,0,1,1,1,0,0,1,0,0,1,0,1,1,1,1,0,1,0,0,1,0,1,1,0,0,1,1
1,1,0,1,1,1,0,1,0,0,0,1,0,0,0,1,1,1,1,0,1,1,0,0,0,0,1,1,1,0,1,0,1,0,0,0,1,1,1,0,0,1,1,1,1,1,1,1,1,1,1,1,1,1,0,0,0,1,1,0,0,1,1,0,0,0,1,1,0,1,1,0,0,1,0
1,0,1,1,0,1,0,1,0,1,1,1,1,0,0,0,1,0,1,0,1,1,1,1,0,1,1,1,1,1,0,0,1,0,0,0,1,0,1,0,1,0,0,1,1,0,0,0,0,0,1,1,1,0,1,1,0,1,1,0,1,0,1,0,1,0,0,0,1,1,1,0,0,0,1
0,0,1,1,0,0,0,0,0,1,0,0,0,0,0,0,1,1,0,1,0,1,0,1,0,1,1,1,0,1,0,0,1,0,0,0,1,1,1,0,1,1,0,1,1,0,0,1,0,1,1,1,1,0,1,1,1,0,0,1,0,0,1,0,1,1,0,0,1,0,0,1,1,1,0
1,1,1,1,0,0,0,0,1,1,0,0,0,0,0,0,1,0,1,0,1,1,0,0,1,0,1,1,1,1,0,1,1,0,1,0,1,1,1,0,1,1,1,1,1,0,0,1,0,1,1,1,1,1,0,1,1,1,0,1,0,1,1,1,1,1,0,0,1,1,1,1,1,1,0
1,0,0,1,0,1,0,1,1,1,1,1,0,0,1,1,0,1,0,0,1,1,0,1,1,0,1,1,1,1,1,0,0,0,0,1,1,1,1,1,1,0,0,1,0,1,0,0,0,1,1,1,1,0,1,1,0,0,0,1,0,0,0,0,1,0,1,0,1,1,0,0,1,1,0
1,0,0,1,0,0,0,1,0,0,0,1,0,0,1,1,1,1,0,0,0,1,0,1,0,0,1,0,0,0,1,1,0,0,1,0,1,0,0,1,0,0,0,1,0,1,1,0,0,1,1,0,1,1,0,0,0,0,0,0,0,0,1,1,1,0,0,0,1,1,0,0,1,0,0
1,0,0,1,0,1,0,1,0,1,1,0,0,0,0,1,1,0,1,1,1,1,1,1,0,1,0,1,1,0,0,1,1,0,0,0,0,1,0,0,0,0,1,1,0,0,1,0,1,1,1,1,1,1,0,0,0,1,0,1,0,1,0,1,1,0,0,1,0,1,1,1,0,1,0
1,1,1,1,1,0,1,0,1,0,0,0,1,0,0,0,1,0,1,0,0,1,1,1,0,1,1,0,0,1,1,0,0,0,1,0,1,0,1,0,1,1,0,1,0,0,0,0,0,0,1,1,1,1,0,1,0,1,1,1,0,1,1,0,0,1,0,1,1,1,1,1,1,1,1
1,1,0,0,0,0,0,1,0,1,0,1,0,0,0,1,0,0,0,1,0,0,0,0,0,0,0,1,1,1,1,0,1,0,1,0,0,1,1,0,1,1,0,1,1,0,0,1,0,1,1,1,1,1,0,1,0,1,1,1,0,1,0,0,0,0,1,1,0,1,0,1,1,1,0
1,0,1,1,1,1,0,1,0,1,1,0,1,0,1,1,0,1,0,0,1,1,0,1,0,0,1,0,1,0,1,1,1,0,1,1,1,0,1,0,0,1,0,1,1,0,1,0,0,0,1,1,0,1,1,1,0,1,0,0,0,0,1,0,0,0,1,0,1,1,0,0,0,1,0
0,1,1,0,1,1,0,1,1,1,0,1,1,0,0,0,1,0,0,1,0,1,1,0,0,0,0,0,1,0,0,1,1,0,1,0,1,0,0,1,1,0,0,0,1,1,0,1,0,0,1,1,1,0,0,1,1,0,1,1,0,1,0,1,1,0,0,1,0,1,1,1,0,1,1
0,0,1,1,0,1,1,0,1,1,0,1,0,0,0,1,0,1,0,0,0,1,0,1,0,1,1,0,1,1,0,0,1,0,1,1,1,0,1,0,1,1,0,1,0,1,1,0,1,1,1,1,1,0,1,1,0,0,0,0,0,1,1,0,0,1,0,0,1,1,0,0,0,1,1
1,1,1,0,0,1,0,0,0,0,0,1,1,0,0,0,0,1,0,0,0,1,0,1,0,0,1,1,1,1,0,0,1,0,1,0,1,1,0,0,1,1,1,1,1,1,0,0,0,0,1,1,1,0,0,1,0,1,0,0,1,0,1,0,1,0,1,0,0,1,0,0,1,1,0
1,0,1,1,1,1,0,1,1,0,1,1,0,0,0,0,1,1,0,0,1,0,0,1,1,1,1,1,1,0,0,1,1,0,0,0,0,1,1,0,1,1,1,1,1,0,1,0,0,1,1,1,1,0,1,0,0,0,0,0,1,0,0,0,0,0,1,1,1,1,1,0,1,1,0
1,0,0,0,0,1,0,1,0,0,0,1,1,0,0,0,0,0,1,0,1,0,0,1,0,0,0,0,1,1,1,0,1,0,1,1,1,1,1,0,1,1,0,1,0,1,1,0,1,0,1,1,1,1,1,1,0,0,1,1,1,1,1,0,0,0,1,0,1,1,0,1,1,1,0
1,0,0,0,0,1,1,1,0,1,0,1,0,1,0,0,0,0,1,0,0,0,1,1,0,1,1,1,1,1,1,0,1,0,1,0,1,1,0,1,1,1,1,1,0,0,1,0,0,1,1,0,1,0,1,0,0,0,0,1,1,0,1,0,0,1,0,1,1,1,1,0,1,1,0
1,1,1,1,0,1,1,1,1,0,0,0,1,0,0,0,0,1,1,0,1,1,1,1,1,1,1,1,0,1,1,1,1,0,0,0,1,0,1,0,1,1,0,1,1,0,0,1,0,1,1,0,1,1,0,0,0,0,0,1,0,0,0,1,0,0,0,0,1,1,1,0,1,1,0
1,0,0,1,1,1,0,0,1,0,0,1,0,0,1,1,1,0,0,1,1,0,0,0,0,0,1,1,1,1,1,0,0,0,1,0,1,1,0,1,1,0,0,0,1,0,0,0,1,1,1,1,1,1,0,1,0,1,0,0,0,1,0,0,0,1,1,1,1,1,1,0,0,1,1
1,1,1,0,0,1,0,1,0,1,1,1,0,0,1,0,1,0,1,0,0,1,1,1,1,0,0,0,1,0,0,1,0,0,1,1,0,1,0,1,0,1,0,1,1,1,0,0,1,1,1,0,1,1,0,1,0,1,0,0,1,1,0,0,0,0,1,1,0,1,0,0,0,0,0
1,0,0,1,1,0,0,1,0,1,1,1,1,0,0,1,1,1,0,0,0,1,0,1,0,0,1,0,1,1,1,0,1,0,1,0,1,1,1,0,1,1,0,1,1,1,0,1,0,0,1,1,0,1,0,0,0,1,0,1,0,0,1,0,0,1,0,1,1,1,0,1,0,1,0
1,1,1,1,1,0,0,1,0,0,0,1,0,0,1,1,0,1,0,0,0,1,0,1,0,1,1,0,1,0,1,1,0,0,1,1,1,1,0,1,0,0,1,1,1,0,1,0,0,1,1,1,1,1,1,0,0,1,0,1,0,1,1,1,0,0,1,1,1,1,1,1,0,1,0
1,1,0,0,1,1,0,1,0,1,0,1,1,0,0,0,0,1,1,0,1,1,0,0,1,1,1,0,0,1,1,0,0,0,1,0,0,0,1,0,1,1,0,1,1,0,0,1,0,1,1,1,1,0,0,1,1,1,1,1,1,1,1,0,1,0,0,0,1,1,1,1,1,1,0
1,1,0,1,1,0,0,1,0,0,0,1,1,1,1,0,1,1,0,1,0,1,1,1,1,1,0,0,1,1,0,0,1,0,1,1,1,0,1,0,1,1,0,1,1,0,0,0,1,0,1,0,1,1,0,1,0,0,1,1,1,0,0,0,0,0,0,1,0,1,1,1,0,1,0
1,0,0,0,0,0,0,1,1,0,1,1,1,0,0,0,1,0,0,0,1,1,0,1,1,1,0,1,0,1,1,1,1,0,1,0,0,0,0,1,1,0,1,1,0,0,0,0,1,0,1,1,1,1,1,1,0,1,1,1,1,0,1,1,0,0,0,1,1,1,1,1,0,1,1
1,0,0,1,1,0,0,1,1,0,0,1,0,0,0,1,1,0,0,1,0,1,0,0,1,1,0,0,0,1,1,1,0,0,1,1,1,1,0,1,1,0,0,1,0,1,0,1,0,1,1,1,1,0,1,1,0,1,0,1,1,1,0,0,0,0,0,1,0,1,1,1,1,1,1
1,0,0,1,0,0,0,1,1,0,1,1,0,0,0,1,0,1,1,1,0,1,1,1,0,1,1,1,0,0,1,0,0,1,1,1,0,1,0,1,1,0,0,1,0,0,0,0,0,1,0,1,1,1,0,0,0,0,0,0,1,0,0,0,1,0,0,0,0,1,0,0,1,1,0
1,0,1,0,1,1,0,1,0,1,0,1,1,0,1,0,1,1,1,0,1,1,0,1,1,0,0,1,1,1,1,0,1,0,0,0,1,1,1,0,1,1,1,1,0,0,1,0,1,0,0,1,1,1,0,1,0,1,1,1,1,1,1,0,0,0,1,1,0,1,1,1,0,1,1
1,1,1,0,0,1,0,1,1,0,1,1,0,1,1,1,0,0,1,1,1,1,0,0,0,0,1,1,0,0,0,1,0,0,1,1,0,1,1,0,1,1,1,1,1,0,0,1,1,1,1,0,1,1,1,1,1,0,0,0,0,1,0,0,1,0,0,1,1,1,1,0,0,0,0
1,0,0,0,0,0,0,1,0,0,0,1,1,0,1,1,1,1,0,1,0,0,1,1,0,1,1,1,0,1,1,1,0,0,0,0,0,1,1,0,0,0,0,1,0,1,0,0,0,0,0,1,1,1,0,0,0,1,1,0,0,0,1,0,1,0,0,0,0,1,0,1,0,1,0
1,0,0,1,1,1,0,0,0,0,0,0,0,0,0,1,0,1,0,1,0,1,1,1,1,0,1,0,1,1,1,1,0,0,1,0,1,1,1,0,0,1,0,0,0,1,0,0,1,1,1,0,0,0,1,0,0,0,0,1,0,0,1,1,1,1,1,0,1,1,1,0,1,1,0
0,0,0,1,0,1,0,1,0,0,1,1,0,0,0,0,1,1,0,1,1,1,1,1,1,1,1,0,0,0,1,0,0,0,1,0,0,0,1,0,1,0,1,1,0,1,1,0,1,0,1,0,1,1,0,1,0,1,0,1,1,1,1,0,1,1,0,0,0,1,1,0,0,1,0
0,0,0,1,0,1,0,0,0,1,0,1,1,0,1,1,1,1,0,1,0,1,0,0,1,1,1,1,0,1,1,0,0,1,0,1,0,0,0,0,1,1,1,1,1,0,1,0,0,0,1,0,1,0,1,0,0,0,0,1,1,1,1,1,1,1,1,0,0,1,1,1,1,1,0
0,0,0,0,0,1,0,1,0,0,1,1,0,0,0,1,1,1,1,1,1,0,0,0,0,0,1,1,1,0,1,1,1,0,1,0,0,0,1,0,1,0,1,1,0,1,0,0,1,1,0,1,1,1,0,1,0,1,1,1,0,0,0,0,1,0,0,0,1,0,1,0,0,1,0
0,1,1,1,1,1,0,1,0,1,1,0,0,1,0,0,0,1,1,0,1,1,1,1,1,1,0,0,1,1,1,0,1,1,1,0,1,0,1,0,1,0,0,1,1,0,1,1,0,1,1,0,1,0,0,1,1,0,0,1,1,1,1,0,1,0,0,0,0,1,0,0,0,0,0
1,0,1,1,1,1,1,1,1,1,1,1,1,0,1,0,1,0,1,0,0,1,1,1,1,1,0,1,1,1,0,0,1,1,0,0,0,1,1,0,1,1,0,1,1,0,0,0,1,1,1,0,1,1,0,0,0,1,1,0,0,1,1,0,0,1,0,0,0,1,0,0,0,0,1
1,0,0,1,0,1,0,1,0,0,0,1,0,0,1,1,1,0,1,0,1,1,0,1,0,1,1,1,0,1,1,1,0,0,1,0,0,1,1,0,1,0,1,1,1,1,0,0,1,1,1,1,1,0,1,1,0,1,1,0,0,1,1,1,1,0,0,0,1,1,1,1,0,1,1
1,0,0,1,0,1,0,0,0,0,0,1,0,0,0,0,1,0,0,0,1,1,0,1,0,1,1,1,1,0,1,1,1,1,0,0,0,0,0,1,1,0,0,1,0,1,0,0,1,1,0,1,1,1,0,1,0,1,1,0,0,0,1,0,0,1,0,0,0,0,0,1,0,1,1
1,1,1,1,0,1,1,0,1,0,0,0,0,0,0,0,0,1,1,1,1,1,1,1,1,0,0,0,1,1,1,1,1,0,0,0,0,0,0,1,1,0,0,1,1,1,0,1,1,1,1,0,0,1,0,0,0,0,0,0,0,1,0,0,0,0,0,1,1,1,0,0,1,1,0
1,0,1,1,0,1,0,1,0,0,1,0,0,0,0,1,0,0,0,0,1,1,0,1,0,0,0,1,1,1,1,1,1,0,1,1,1,1,1,0,1,0,0,0,1,0,1,1,0,1,1,1,1,1,0,0,1,0,1,0,0,0,1,0,1,0,0,0,0,1,0,0,1,1,0
0,0,0,0,0,0,0,1,0,0,0,1,0,0,0,0,1,0,1,0,0,1,0,1,0,0,0,0,0,1,0,0,1,0,0,1,1,1,1,0,0,1,0,1,1,0,0,0,0,0,1,1,1,1,0,1,0,0,0,0,0,1,1,0,0,1,1,1,1,1,0,0,1,1,0
1,1,1,1,1,0,0,0,1,1,0,0,0,1,1,1,1,0,0,0,0,1,0,1,1,0,0,0,0,0,0,1,0,1,0,1,1,0,0,1,1,1,1,1,1,0,0,0,0,1,1,1,1,0,0,0,0,1,1,1,0,0,1,1,1,1,1,1,1,1,1,0,1,1,0
1,0,1,0,1,1,0,1,0,1,1,0,1,0,1,1,0,1,1,0,1,0,1,1,0,0,0,0,1,0,1,0,1,1,0,1,1,0,0,0,0,1,0,1,1,0,1,0,1,0,1,1,1,0,1,1,0,1,1,0,0,0,1,0,1,0,1,1,1,1,0,0,0,1,0
1,0,0,0,1,1,0,1,0,1,1,1,0,0,1,0,1,1,0,0,1,0,0,1,1,0,0,1,0,0,1,1,0,0,0,1,1,0,0,1,1,1,0,1,0,1,0,1,1,0,1,1,1,0,1,1,1,1,1,0,1,0,1,0,1,0,1,1,0,1,0,1,1,1,0
0,1,0,1,1,0,0,1,0,1,0,1,1,1,0,0,1,0,0,1,1,1,1,1,0,0,1,0,1,1,1,1,1,0,1,0,0,0,0,0,0,1,0,1,1,0,1,1,1,1,1,0,1,0,0,1,1,0,1,0,0,0,1,0,1,0,1,0,0,0,0,1,0,1,0
1,1,0,1,1,1,0,1,1,0,1,0,0,0,0,1,1,1,0,0,0,1,0,1,0,0,1,0,1,0,0,1,1,0,1,0,0,0,0,1,0,0,0,1,1,1,0,0,0,1,1,1,1,0,0,0,0,0,0,1,0,1,1,0,1,0,1,1,1,0,0,0,0,0,0
1,0,0,1,0,0,0,1,0,0,1,0,0,0,0,1,1,0,0,0,1,0,0,0,0,0,1,0,1,1,1,0,1,0,1,0,1,1,1,0,0,0,0,0,0,1,0,1,0,1,1,1,1,1,0,1,1,0,1,1,1,1,0,0,1,0,1,1,0,1,1,1,1,0,0
1,0,0,0,0,0,1,0,0,1,0,0,0,0,0,1,1,0,1,0,0,1,1,1,1,0,0,1,1,1,0,0,1,0,0,1,1,0,0,1,0,0,0,1,1,1,0,0,0,0,1,0,1,1,1,1,0,1,1,0,1,1,0,0,1,1,1,0,1,1,0,1,1,1,0
1,0,0,1,0,0,1,1,0,1,0,1,1,0,1,1,1,1,0,0,0,1,0,0,1,1,0,0,1,0,1,0,1,0,0,0,0,0,0,1,1,0,1,1,0,0,1,0,1,0,1,0,1,0,1,1,0,1,1,1,1,1,1,0,1,0,1,1,1,1,1,1,0,1,0
1,1,1,0,0,1,0,1,0,0,0,1,0,0,0,0,1,0,0,0,1,1,0,0,1,1,1,1,0,0,1,1,0,0,1,0,0,0,1,0,1,0,0,1,0,1,1,0,1,1,1,1,0,0,1,0,0,1,0,0,0,0,1,0,1,1,1,0,0,0,0,1,1,0,0
1,1,1,1,1,1,0,1,0,0,1,1,0,0,1,0,1,0,1,0,0,1,0,0,0,1,1,1,1,1,1,0,1,0,1,1,1,1,0,1,1,1,0,1,1,0,1,0,1,1,1,1,1,0,0,0,0,0,0,0,0,0,1,0,1,1,0,1,0,1,0,0,0,1,1
1,0,1,1,1,1,0,1,0,0,1,0,0,0,1,0,1,0,0,1,0,1,1,1,0,1,0,1,0,1,0,0,0,1,0,1,0,1,0,0,1,1,0,1,0,1,0,1,0,1,1,0,1,1,0,1,1,0,0,1,0,0,0,0,1,0,1,1,1,1,1,1,1,1,1
0,0,0,0,1,0,1,1,0,1,0,1,0,1,0,0,1,0,1,0,1,1,1,1,0,0,0,1,0,0,1,1,1,0,1,0,1,1,0,1,0,0,1,1,0,1,0,0,0,0,1,0,1,1,0,1,0,1,1,0,0,1,1,1,1,0,0,0,1,1,1,1,0,1,0
1,1,0,1,1,0,0,1,0,1,0,1,0,0,0,0,1,1,1,1,1,0,0,1,0,0,1,1,1,0,0,1,1,0,1,1,1,0,0,1,0,1,1,1,1,1,1,1,0,1,1,0,1,1,0,1,1,1,1,1,0,0,1,0,1,0,0,0,0,1,1,0,0,0,1
1,0,1,0,1,0,1,1,0,0,1,1,1,0,0,1,1,1,0,0,0,1,0,1,0,1,1,0,1,0,1,1,1,0,0,0,0,0,1,0,1,1,1,1,0,1,1,0,0,0,1,1,1,0,1,1,0,0,1,0,1,1,1,1,0,0,0,1,0,1,1,0,1,1,0
0,0,0,0,0,0,0,1,1,0,1,1,1,0,1,1,1,1,0,0,1,1,1,1,0,0,0,0,1,1,1,0,0,0,1,0,1,0,1,0,1,0,0,0,1,1,0,1,0,0,1,0,1,1,0,1,0,0,1,0,1,1,1,0,1,0,0,0,1,1,1,0,0,1,0
1,0,0,1,1,0,0,1,1,0,1,1,0,0,1,0,1,1,1,1,1,1,0,1,0,1,1,1,0,1,0,0,0,1,1,1,0,0,1,0,1,0,0,1,1,0,1,1,0,1,1,1,1,1,0,0,1,0,1,1,1,0,1,0,0,0,0,1,1,1,0,0,1,0,0
1,1,1,0,1,1,1,1,0,1,0,0,0,0,1,0,1,1,0,0,1,1,0,1,0,1,1,0,0,1,1,1,0,0,1,1,0,0,1,1,1,1,0,1,1,1,1,1,1,1,1,0,1,1,0,1,1,0,0,1,0,0,1,0,1,0,1,0,0,0,1,1,0,0,1
1,0,1,0,1,1,1,1,1,0,0,1,0,1,0,1,0,1,0,0,0,1,0,1,0,0,1,0,1,0,1,1,1,0,1,1,0,1,1,0,1,1,0,1,0,1,0,1,1,1,1,1,1,1,0,1,1,1,1,0,0,0,1,0,1,0,0,0,1,0,0,0,0,1,0
1,0,0,1,1,0,0,0,1,0,0,1,1,0,1,0,1,0,1,1,0,1,0,0,1,1,1,1,1,0,1,0,0,1,0,1,0,1,0,1,1,1,1,1,0,1,0,0,0,0,1,1,0,1,1,0,0,0,0,1,0,1,0,0,1,1,0,0,0,1,1,0,0,1,0
1,1,0,1,1,0,1,0,0,1,1,0,0,0,1,0,1,0,0,0,0,0,1,0,0,1,0,1,0,0,1,1,0,0,1,1,0,1,0,1,0,0,1,1,0,1,0,0,1,1,1,0,1,1,0,1,0,1,0,1,0,0,1,0,0,1,1,0,0,1,1,0,0,1,1
1,0,0,1,0,1,1,0,0,1,0,0,0,1,0,1,1,1,1,0,0,1,1,1,1,0,1,0,1,0,0,1,1,0,1,0,1,0,1,0,1,1,0,1,1,0,1,0,0,1,1,1,1,0,1,1,0,0,0,1,1,1,0,1,1,1,0,1,1,1,1,0,1,1,0
1,1,1,0,0,0,0,1,1,1,0,1,1,1,1,0,1,0,1,0,1,0,0,1,0,1,0,1,0,0,1,1,0,0,0,1,0,0,1,0,1,1,0,1,1,1,0,0,0,0,1,1,1,1,0,1,0,0,1,1,1,1,1,0,1,0,0,0,1,1,1,0,0,1,0
1,0,0,0,1,0,0,1,0,0,1,1,1,0,0,1,0,1,0,0,0,1,0,0,1,1,0,1,1,0,1,1,1,0,1,1,1,1,0,1,1,1,0,1,1,1,0,0,1,0,1,0,1,1,0,1,0,0,1,1,1,0,1,0,1,0,0,0,0,1,1,1,0,1,1
1,1,1,1,0,1,0,0,1,1,0,1,0,0,0,1,1,1,0,1,0,0,0,1,1,0,0,0,1,0,0,1,1,1,1,0,0,0,1,0,1,1,1,1,1,1,0,1,0,1,1,0,1,0,0,1,1,1,0,1,1,1,0,0,1,1,0,1,0,0,1,1,0,1,0
1,1,1,0,1,1,1,1,0,1,1,1,0,0,1,0,1,1,1,0,0,1,1,1,1,1,1,0,1,1,1,1,1,0,0,0,1,1,1,0,1,0,1,1,0,0,0,1,0,1,1,0,1,1,0,1,1,1,1,0,1,0,1,1,1,1,1,0,1,1,0,0,1,1,0
1,0,1,1,1,1,0,1,0,0,1,1,0,0,0,0,1,0,1,1,0,1,0,1,0,1,0,1,1,0,0,0,1,0,0,0,1,1,0,1,1,0,0,1,1,1,0,1,0,1,1,1,1,0,1,1,1,1,0,0,1,0,0,0,0,0,0,1,0,0,0,1,0,1,0
1,0,1,1,0,0,0,0,1,0,0,1,0,0,0,1,1,0,0,0,1,1,0,1,1,1,1,1,1,1,0,0,1,0,0,0,1,1,1,0,1,1,1,1,0,0,0,0,0,1,1,1,1,1,0,1,0,1,1,0,0,0,1,1,1,1,0,0,0,1,1,0,1,0,0
1,0,1,1,1,1,1,1,1,1,0,1,0,0,0,1,1,0,0,0,1,0,1,1,0,1,1,0,0,1,0,0,0,0,1,1,0,1,1,1,1,0,0,1,0,1,0,0,0,0,1,1,1,0,1,1,0,1,0,0,1,1,1,0,1,0,1,0,0,1,0,1,1,1,1
1,0,0,1,0,0,1,1,0,1,1,1,1,0,1,0,1,1,1,0,0,1,0,1,0,0,1,0,0,0,1,1,0,1,0,0,1,0,1,0,1,1,0,1,0,0,1,0,0,1,0,1,1,1,0,1,1,0,1,1,0,0,1,0,1,1,0,0,0,1,0,1,1,1,0
1,0,1,1,1,1,1,1,0,0,1,1,1,1,0,1,1,1,0,1,0,0,0,1,1,1,1,0,1,1,0,1,1,0,0,0,1,1,1,0,1,1,0,1,1,1,0,0,0,0,1,0,1,0,1,1,0,1,0,0,1,1,0,0,0,0,1,1,0,1,0,0,1,1,0
1,0,1,0,1,1,0,1,0,0,1,1,1,0,1,1,0,0,0,1,0,1,1,1,0,0,0,1,1,1,0,1,1,0,1,1,1,0,0,1,0,0,1,1,1,0,0,0,0,0,1,1,0,1,0,1,0,1,0,1,0,0,1,0,0,1,0,1,0,1,1,0,0,0,0
1,1,1,0,1,0,1,1,0,0,0,1,0,0,0,0,1,0,0,0,0,1,1,1,0,0,0,1,1,0,1,0,1,0,1,0,0,1,1,0,1,1,1,1,0,1,0,0,0,1,1,0,1,1,0,1,0,0,0,1,0,1,1,0,0,0,1,0,1,1,1,0,1,1,1
1,1,0,0,0,1,0,1,0,0,0,0,1,1,1,0,0,1,0,0,0,1,0,0,0,0,1,0,1,0,1,1,0,1,0,0,1,1,1,0,1,1,1,0,0,1,1,0,0,0,1,0,1,1,0,0,0,0,1,0,0,0,1,0,1,0,0,0,1,1,1,0,1,1,0
0,0,0,0,0,1,0,0,1,0,0,1,0,0,0,1,0,1,1,1,0,1,0,1,0,0,1,0,1,0,1,1,1,0,1,1,1,0,0,1,1,0,0,1,0,0,1,1,1,1,1,1,1,0,1,1,0,1,1,1,1,0,1,0,1,0,0,0,1,0,0,0,0,1,1
0,0,0,1,1,0,0,1,0,0,1,1,0,0,1,1,0,0,0,0,0,1,0,1,0,0,1,0,1,0,0,0,0,0,1,0,0,1,0,1,0,0,1,1,0,1,0,0,1,1,1,0,1,0,1,1,0,1,0,0,0,0,1,0,0,0,1,1,1,1,0,0,0,1,0
0,1,0,1,1,0,0,1,0,0,1,1,1,0,0,0,1,1,0,0,0,0,0,1,0,1,1,1,1,0,1,1,1,0,1,1,1,1,1,0,1,1,0,1,0,1,0,0,0,1,1,1,1,1,0,1,0,0,1,1,0,1,1,1,0,1,1,1,1,1,0,1,1,1,0
0,0,1,1,1,0,0,1,1,1,1,1,1,0,1,1,1,0,0,1,0,0,1,1,0,0,0,1,1,0,0,1,0,0,1,0,1,1,0,1,0,0,0,1,0,1,0,0,1,0,1,0,1,0,0,1,0,1,1,0,1,0,1,0,1,0,0,0,1,0,0,0,0,0,0
0,1,1,0,1,1,0,1,1,0,1,1,1,0,0,0,1,1,0,0,0,0,1,1,1,0,1,0,1,0,1,0,0,0,1,0,1,1,1,0,1,0,0,1,0,1,1,0,0,0,1,0,1,1,0,1,1,0,1,0,0,1,1,0,0,0,1,1,1,1,0,0,0,0,1
1,0,0,1,0,1,0,1,0,0,1,0,1,0,0,0,1,1,0,0,0,1,1,1,1,1,1,1,0,0,1,0,0,0,1,1,0,1,1,0,1,1,1,1,0,0,1,1,0,1,1,0,1,1,0,1,1,1,0,0,0,0,1,0,1,1,0,1,0,1,1,0,0,1,0
1,0,0,1,1,0,0,1,0,0,0,0,1,0,0,0,0,0,0,0,1,1,1,1,1,0,1,0,1,1,1,1,1,0,0,0,1,0,1,0,1,1,0,1,0,1,0,0,0,0,1,0,1,0,1,1,0,1,0,1,0,0,0,0,1,0,0,0,0,1,1,1,1,0,0
1,1,1,0,1,1,0,0,0,0,0,1,0,0,0,0,1,1,0,0,1,1,1,1,0,1,1,0,1,1,0,1,1,0,0,0,1,0,1,0,1,1,0,1,1,1,0,0,1,0,0,0,1,0,1,1,1,1,1,1,0,1,1,0,0,0,0,1,1,1,1,0,0,1,0
1,0,0,1,1,0,0,1,0,1,1,0,1,0,0,1,1,1,0,0,0,1,1,1,0,0,1,1,0,1,0,1,0,0,1,1,0,0,1,0,1,1,0,1,0,1,0,0,1,0,1,1,1,0,1,1,0,1,1,0,1,0,1,1,1,0,0,0,0,1,0,0,0,0,0
1,1,1,0,1,1,1,1,1,1,0,1,0,0,0,1,1,1,0,0,1,1,0,1,0,1,0,1,1,0,1,0,1,0,1,1,0,0,0,0,0,1,0,1,1,1,1,0,1,0,0,1,1,0,0,0,0,1,1,0,1,0,1,0,1,0,1,0,1,1,0,1,0,1,0
1,0,0,1,0,0,1,0,1,1,0,0,0,0,0,0,1,1,0,0,1,0,0,1,1,0,1,0,1,1,0,1,1,1,1,1,0,0,0,1,1,0,0,0,0,1,0,0,0,0,1,1,1,1,0,1,1,1,1,1,0,1,0,0,1,1,1,1,1,1,1,0,0,1,1
0,0,1,0,0,1,0,1,0,0,0,1,0,0,0,0,0,0,0,0,1,0,0,1,0,1,0,1,0,1,1,1,1,0,0,0,0,1,0,0,1,1,1,1,0,1,0,1,1,1,0,1,1,1,1,1,1,1,1,1,1,0,1,0,1,0,1,0,0,1,1,1,0,1,0
1,1,1,1,1,0,0,1,0,1,1,0,0,0,0,0,1,0,0,1,1,0,1,1,0,0,1,1,0,0,1,0,0,0,1,0,0,0,1,0,1,1,0,1,1,0,1,0,1,0,1,0,1,0,0,1,1,0,1,0,0,1,1,0,1,0,0,0,1,1,0,0,0,1,0
1,0,1,0,1,0,0,0,0,0,0,0,1,0,0,1,1,1,1,0,1,1,0,1,0,0,0,1,1,0,1,0,1,1,0,0,1,0,1,0,1,0,0,1,1,1,1,0,0,1,1,1,1,1,0,1,0,1,1,0,0,0,1,0,0,1,1,1,1,1,0,0,0,1,0
1,1,1,0,0,0,0,1,0,1,0,1,1,0,0,0,0,1,0,1,1,0,1,1,0,1,0,1,1,0,1,0,1,0,1,0,0,0,1,0,1,1,0,1,1,0,1,0,0,0,1,1,1,0,0,1,0,0,1,0,1,1,1,0,0,0,1,1,1,1,0,0,0,1,1
1,0,0,0,0,0,0,1,0,1,1,0,0,0,0,0,1,1,0,0,1,1,1,1,0,0,1,1,1,1,1,1,0,0,1,0,1,0,1,0,1,1,0,1,1,0,1,1,1,0,1,0,1,0,0,1,1,1,1,0,0,0,0,0,1,0,0,0,0,1,1,1,0,1,0
1,0,0,1,0,0,0,0,0,0,0,1,0,0,0,0,0,1,1,1,1,0,0,0,0,0,1,0,1,0,1,0,1,0,1,0,1,1,0,1,1,0,0,1,1,1,1,0,1,1,1,1,1,1,0,1,0,1,0,0,0,0,0,0,0,1,1,1,0,1,0,0,0,1,0
1,1,1,0,0,0,0,1,1,0,1,0,1,0,0,0,0,1,1,1,0,1,0,1,0,1,1,1,1,1,0,1,1,0,1,0,1,0,0,0,1,1,0,1,1,1,0,0,1,1,1,1,1,1,0,0,0,1,1,0,0,1,1,0,0,1,1,1,0,1,0,0,0,0,0
1,0,1,1,1,1,0,0,0,0,0,0,0,0,1,1,1,1,0,0,0,1,0,1,1,0,1,0,0,0,0,1,0,1,1,0,1,0,1,0,1,1,1,1,1,1,1,0,1,1,1,1,1,0,1,0,0,0,0,1,0,0,0,1,0,1,0,0,0,1,0,1,0,0,0
0,1,0,1,1,1,0,1,0,1,0,1,1,0,0,1,0,0,0,0,0,1,0,1,0,0,1,0,0,1,1,0,0,1,1,0,0,1,1,0,1,0,0,1,1,0,1,0,1,0,1,1,1,0,0,1,0,1,1,0,1,1,1,1,1,0,0,1,1,1,0,1,0,1,0
0,0,1,1,0,1,0,1,1,0,0,1,1,0,1,0,1,1,1,0,1,1,1,1,1,1,1,0,0,0,0,1,0,0,1,0,0,1,1,0,1,1,0,1,0,1,0,0,1,1,1,0,1,1,1,0,0,1,0,1,1,1,1,0,1,0,0,0,0,0,0,0,0,1,0
1,0,0,0,1,0,0,1,0,0,0,0,1,0,0,0,1,1,0,1,1,0,0,0,1,0,1,1,1,1,1,0,1,0,0,0,1,1,0,0,0,1,1,1,1,1,0,0,0,1,0,1,1,0,1,1,1,1,1,1,1,1,1,0,1,0,1,1,0,1,1,0,1,1,0
1,0,0,0,0,1,0,0,0,0,0,1,1,0,0,0,1,0,1,0,1,1,1,1,1,0,0,0,1,0,0,1,1,0,0,1,1,0,1,1,1,0,1,1,1,1,0,0,1,0,1,0,0,1,0,1,0,0,1,0,1,0,1,1,0,0,1,1,1,1,1,1,1,1,1
1,1,0,0,1,1,0,1,0,0,0,1,0,0,0,0,0,0,0,0,1,1,1,1,1,1,1,0,1,0,0,0,1,1,1,0,0,0,0,1,0,1,0,1,1,1,0,0,0,1,1,0,1,1,0,1,0,0,1,0,0,0,0,0,1,0,0,0,0,1,0,1,1,1,0
0,1,1,0,0,0,0,1,0,0,0,1,0,0,0,0,1,0,0,0,1,0,0,1,1,0,1,0,1,0,1,0,1,0,1,1,0,0,0,1,1,0,1,1,1,0,0,1,0,1,1,1,1,1,0,0,0,1,0,1,0,1,1,0,1,0,1,1,0,0,1,0,0,1,0
1,0,0,0,1,0,0,1,0,1,1,1,0,0,0,0,0,1,0,1,0,0,1,1,1,0,1,0,0,0,0,1,1,0,1,1,0,0,1,0,1,1,1,1,1,0,1,0,0,1,1,1,1,0,0,1,0,1,1,1,0,0,0,0,1,0,0,0,1,0,1,0,0,1,1
0,0,0,1,0,0,0,1,0,0,0,1,0,0,0,0,1,0,1,1,1,1,0,1,0,0,1,1,1,1,0,0,1,0,0,0,0,0,1,1,1,1,0,1,1,1,1,0,0,1,1,1,1,1,0,1,0,0,0,0,1,1,1,0,1,0,1,0,1,1,1,0,1,1,0
1,0,1,1,1,0,1,1,0,0,0,1,0,0,1,0,1,1,1,1,1,1,1,1,0,1,0,1,0,1,0,0,0,0,0,0,0,1,1,0,1,1,1,1,1,1,0,1,0,1,1,0,1,1,0,1,1,0,0,1,0,1,0,1,1,0,0,0,0,1,1,1,1,1,0
1,0,1,1,0,0,0,0,1,0,0,0,1,0,0,1,1,1,1,0,1,0,1,1,0,1,1,0,0,0,0,0,1,0,1,0,1,1,0,0,1,1,1,1,0,1,1,0,1,1,1,0,1,1,0,1,0,0,0,1,1,1,1,0,0,1,0,0,0,1,1,0,0,0,0
1,0,0,1,0,0,1,1,1,1,0,1,1,0,0,0,1,1,0,0,0,1,1,1,0,1,1,1,1,1,1,0,1,0,0,1,1,0,0,1,0,1,1,1,1,1,1,0,1,0,0,0,1,1,0,1,0,1,0,0,0,1,0,0,1,0,0,1,1,1,1,0,0,1,0
0,0,1,1,0,1,0,1,0,0,0,0,0,0,1,0,1,1,0,1,1,1,1,1,1,0,1,1,0,0,1,0,1,0,1,1,1,0,0,0,1,1,1,1,0,1,0,0,1,1,1,1,1,1,0,1,0,1,0,1,0,0,1,0,1,0,1,1,1,0,1,1,0,1,0
1,0,0,0,1,1,0,1,1,1,1,0,0,0,0,1,1,1,0,0,0,1,1,1,1,1,1,1,1,0,0,1,1,0,1,0,0,0,0,1,0,0,0,1,1,1,0,0,0,1,0,1,1,0,1,0,0,0,0,1,0,1,1,0,1,0,0,1,1,1,1,0,1,0,0
1,0,1,1,1,0,0,1,0,0,0,1,0,0,0,1,1,1,0,1,0,1,0,1,1,1,1,0,1,0,0,0,1,0,1,1,1,1,0,1,1,1,0,1,0,0,0,0,0,0,1,1,1,1,0,1,0,1,1,1,1,1,0,0,1,0,0,0,0,1,0,0,1,1,1
1,1,1,1,0,0,1,1,1,1,1,1,0,1,0,1,0,0,1,0,1,1,0,0,0,0,1,0,0,0,1,1,0,1,0,0,0,0,0,0,1,1,1,1,1,0,0,1,0,1,1,0,1,1,0,0,1,1,1,1,1,0,1,0,0,1,0,1,1,1,1,1,1,1,0
1,0,1,0,1,0,0,1,1,1,0,0,0,0,1,0,1,1,1,0,0,0,0,1,1,1,1,1,0,1,1,0,0,0,1,1,0,1,0,1,0,1,0,1,1,1,1,1,0,0,0,0,1,0,0,1,0,1,1,1,0,1,0,0,0,0,0,0,0,1,1,0,1,0,0
1,0,0,1,0,1,0,1,0,0,1,0,1,1,1,1,0,1,0,1,1,1,0,1,0,0,1,1,1,1,1,1,0,0,1,1,0,1,1,0,1,1,0,1,0,1,0,0,1,1,1,1,1,1,0,1,0,1,0,0,0,0,1,1,0,1,1,0,0,1,0,1,0,1,0
1,0,1,1,1,0,0,1,1,0,0,0,0,1,0,0,0,0,0,0,0,1,0,1,0,1,1,1,1,1,1,1,1,1,1,1,1,0,0,1,0,1,0,1,0,1,1,0,1,1,1,0,1,0,1,0,1,1,1,0,0,1,1,0,0,0,1,1,1,1,0,1,0,0,0
1,0,1,1,0,0,0,0,1,1,0,1,0,0,0,0,0,0,0,0,0,1,1,1,1,0,1,0,1,1,1,0,0,0,1,1,0,0,1,1,1,1,0,1,1,1,0,0,0,1,1,0,1,1,1,1,1,1,0,1,0,1,1,0,0,1,0,0,1,1,0,1,0,1,0
1,0,0,0,1,0,0,1,0,1,0,0,1,0,0,0,1,0,1,0,1,1,0,1,0,0,1,0,0,1,1,1,1,0,1,0,1,1,1,0,1,1,1,1,0,0,0,1,0,0,1,1,1,0,0,1,1,1,1,1,0,0,0,1,1,0,0,0,1,1,1,1,0,1,1
1,1,1,1,1,1,0,1,0,1,0,1,0,0,1,1,0,0,1,0,1,1,0,0,1,0,0,0,1,1,1,1,0,1,0,1,1,0,1,1,1,0,1,1,1,0,1,1,1,1,1,1,1,1,0,1,1,1,1,0,0,0,1,0,1,0,0,0,1,1,0,1,0,1,0
1,0,0,0,1,1,0,1,1,1,0,0,0,0,0,1,1,1,1,0,0,1,0,1,0,0,1,0,1,1,0,1,1,0,1,1,0,1,0,1,0,0,0,1,1,1,0,0,1,1,1,1,1,1,1,1,0,1,0,0,0,1,1,0,1,0,1,1,0,1,1,0,0,1,0
1,0,0,0,1,0,0,0,0,0,0,0,0,1,0,1,1,1,0,0,1,1,0,0,1,1,1,0,0,1,0,1,0,0,1,1,1,0,0,1,0,1,1,1,1,1,0,0,0,0,1,0,1,1,0,1,0,1,0,1,0,0,1,1,1,0,1,1,0,1,1,1,0,1,0
0,0,0,0,1,0,0,0,1,1,0,0,0,0,1,1,0,1,1,0,0,0,1,1,0,1,0,1,1,0,1,1,1,0,1,1,1,1,0,1,1,1,0,1,0,0,0,0,0,1,1,0,1,1,0,0,0,1,1,0,1,1,0,0,0,0,1,1,0,0,0,1,1,1,1
1,1,1,1,1,0,0,0,1,1,0,1,0,0,0,1,1,0,0,0,0,1,0,0,0,0,1,1,1,0,1,0,1,0,1,1,0,0,0,1,0,0,1,1,0,1,0,1,0,1,1,1,0,1,0,0,1,1,1,0,1,1,1,0,1,0,0,1,1,1,1,1,0,1,1
1,0,1,0,1,1,1,0,1,0,0,0,1,1,0,0,1,0,0,0,0,1,0,1,1,1,1,1,1,1,1,0,1,0,0,0,1,0,1,0,0,1,0,1,0,0,1,0,1,1,1,1,1,1,1,0,1,1,1,1,1,1,0,1,1,1,0,0,1,1,1,1,0,1,0
1,0,0,1,0,1,1,1,1,0,1,0,0,1,0,1,1,1,1,0,1,1,1,1,0,1,0,1,1,1,1,1,1,0,1,0,1,1,1,0,1,0,0,1,1,0,1,0,1,1,1,0,1,1,0,1,0,1,1,1,0,1,1,0,1,0,1,1,1,1,1,0,0,0,1
1,0,0,0,1,0,0,1,1,0,1,1,1,1,1,0,1,1,0,0,1,1,0,1,1,0,0,1,0,1,1,1,0,0,0,1,0,0,1,0,1,1,1,1,0,1,0,0,1,0,1,1,1,0,0,1,0,1,0,1,1,0,0,0,1,0,0,0,0,1,1,1,0,1,0
1,0,1,1,1,1,1,1,1,0,1,1,1,0,0,1,0,0,0,1,1,1,1,1,0,1,1,0,1,0,1,1,1,0,1,0,0,0,0,0,1,1,0,1,1,0,0,1,1,1,1,0,1,0,1,1,0,1,1,1,0,1,1,0,1,0,1,1,0,1,1,1,0,1,0
1,1,1,0,0,1,1,1,1,1,0,1,0,0,0,1,1,1,1,0,0,0,1,1,1,0,0,0,1,0,0,1,1,1,1,0,0,1,0,0,1,1,1,1,1,1,0,0,0,0,1,0,1,1,1,1,0,1,0,1,1,1,0,0,0,0,1,0,0,1,1,0,0,1,1
0,0,0,1,0,0,1,1,1,0,0,0,0,0,0,1,1,1,0,0,1,0,0,1,0,1,1,0,1,0,1,0,1,0,1,0,1,0,0,1,1,0,0,1,0,1,1,0,0,1,1,0,0,1,0,0,1,0,1,1,0,0,1,0,0,1,0,1,1,1,0,0,1,1,1
1,0,0,1,1,0,0,1,0,0,0,0,0,1,1,1,1,0,0,1,0,1,1,1,0,0,1,1,1,1,1,0,1,0,1,0,0,0,1,0,1,0,0,1,0,1,0,0,0,1,1,0,1,1,0,1,0,1,1,0,0,0,1,0,0,1,1,1,1,1,0,0,0,1,0
0,0,0,1,0,0,0,1,0,0,0,1,1,0,1,0,0,1,0,0,0,1,0,1,1,1,1,1,1,0,0,0,1,0,1,1,1,0,0,1,0,1,1,1,0,1,1,0,0,0,1,1,1,1,0,1,0,0,1,1,0,1,1,0,1,0,0,0,0,1,1,1,1,0,0
1,0,0,0,1,1,0,1,0,0,0,1,1,0,0,0,1,0,1,1,0,1,0,1,0,0,1,0,1,1,1,1,0,0,0,0,1,0,1,0,1,1,1,1,1,1,0,0,0,0,1,0,1,0,0,1,0,0,1,0,1,0,1,0,1,0,0,0,1,1,1,0,1,1,0
1,1,0,1,0,0,0,1,1,0,1,1,0,0,1,0,1,1,0,0,1,1,1,1,0,1,1,0,0,1,0,0,0,1,1,1,1,1,0,0,1,1,0,1,0,0,0,1,0,1,1,0,1,1,0,1,1,1,0,1,0,1,1,0,1,0,1,0,0,0,1,1,1,1,0
0,0,0,0,0,1,0,1,1,0,1,1,1,0,1,1,1,1,0,0,1,1,1,1,0,0,0,0,1,1,1,1,0,0,1,1,0,0,0,1,1,0,0,1,0,1,1,0,0,0,1,1,1,1,0,1,0,1,1,1,1,0,0,1,1,0,0,0,1,1,0,1,0,1,0
1,0,1,0,0,0,0,1,0,1,0,1,0,0,0,0,1,1,0,1,0,1,0,0,1,1,0,0,0,0,0,0,0,0,1,1,0,1,0,1,0,1,1,1,0,1,1,1,0,1,1,1,1,1,0,1,1,0,1,1,1,1,1,0,1,0,0,0,0,1,1,0,0,1,1
1,1,1,0,0,0,0,1,0,1,1,1,1,0,0,0,1,1,0,0,1,1,0,1,0,1,1,0,0,1,0,1,1,1,1,0,0,1,0,0,1,1,0,1,1,0,1,0,1,0,1,1,1,1,0,1,0,1,0,1,1,1,1,0,1,0,1,1,1,1,1,1,0,1,1
1,1,0,1,1,0,0,1,0,1,0,1,0,0,1,1,0,0,0,0,0,1,0,1,1,0,1,1,0,0,0,1,0,0,0,1,0,0,0,1,1,1,0,1,1,0,0,0,0,0,1,1,1,1,1,1,0,1,0,0,0,1,0,1,0,0,0,0,1,1,0,0,0,1,0
1,1,1,1,1,0,0,1,1,0,0,0,0,1,1,1,1,0,1,1,1,1,0,1,1,0,1,0,1,0,0,0,1,0,0,1,0,0,0,1,1,1,0,1,1,1,0,1,1,1,1,0,1,0,0,0,1,1,1,1,0,1,1,0,0,1,1,1,0,1,0,0,0,0,0
0,0,1,1,0,0,0,1,0,0,0,0,1,0,1,0,1,1,0,0,0,1,1,1,0,1,1,0,0,1,0,0,0,0,1,0,1,0,0,0,1,1,1,1,0,1,0,1,0,1,1,0,1,0,1,1,1,1,0,1,0,0,1,0,0,0,0,0,0,1,1,1,0,1,0
1,1,1,0,0,1,0,1,1,0,0,1,0,0,0,1,1,1,0,1,0,0,0,1,0,0,0,0,0,0,1,1,1,0,0,1,0,0,0,1,1,1,1,1,0,1,0,0,1,0,0,0,1,1,0,0,1,1,1,1,1,1,0,0,1,0,1,0,1,1,1,0,0,1,0
1,1,1,1,0,1,1,0,1,0,1,0,0,1,0,1,1,1,0,1,1,1,1,1,0,0,1,1,1,1,0,1,1,0,1,1,1,0,1,1,1,0,1,1,1,1,0,0,0,1,0,0,1,1,0,1,0,0,0,1,0,1,1,1,0,1,0,0,1,1,1,0,0,0,0
0,1,0,0,0,1,0,1,0,1,0,0,0,1,1,1,0,1,1,1,0,1,0,1,1,1,1,0,1,0,1,0,0,0,1,0,1,1,0,1,0,0,0,1,1,0,0,0,0,0,1,0,1,0,0,1,1,1,1,1,0,1,1,0,1,0,0,0,0,0,1,1,0,1,0
1,0,0,1,1,1,0,1,0,1,1,1,1,0,0,1,1,0,0,0,1,0,1,1,0,1,0,0,0,1,1,1,0,0,1,1,1,0,1,1,1,0,0,1,0,0,0,0,0,0,1,0,1,1,0,0,0,0,0,1,1,0,1,0,1,1,0,1,0,1,0,1,1,0,0
0,0,0,0,0,0,0,1,0,0,0,1,1,1,0,1,1,0,1,0,1,1,1,1,0,0,1,1,1,1,1,1,0,0,1,0,1,1,1,1,1,0,0,1,0,1,0,0,0,0,1,1,1,1,0,1,0,1,0,0,0,0,0,1,1,0,1,0,1,1,0,1,0,0,0
1,0,0,1,1,0,0,1,0,1,1,0,0,0,0,1,0,0,1,1,0,1,0,1,0,0,1,0,0,0,0,1,1,1,1,0,1,0,0,1,1,0,1,1,0,0,0,0,0,1,1,0,1,0,1,1,0,0,1,1,1,0,1,1,1,0,0,0,1,1,1,1,1,0,0
1,0,1,0,1,1,1,1,0,0,0,1,1,0,1,0,0,0,0,0,0,1,1,1,1,1,0,0,1,0,0,0,1,0,1,0,1,0,1,0,1,1,1,1,0,1,0,1,0,0,1,0,1,1,1,1,1,1,1,0,1,1,1,0,1,0,0,0,1,1,1,0,0,1,0
0,0,0,0,1,0,0,1,0,0,1,1,1,0,0,1,0,1,0,0,1,1,0,1,1,1,0,0,1,1,1,1,1,0,1,0,0,0,1,1,1,0,0,1,0,1,1,1,0,0,1,1,1,0,1,1,1,0,1,0,1,0,0,0,1,1,0,1,0,1,0,0,1,0,0
0,0,0,0,1,0,0,1,0,1,1,1,0,1,0,1,0,1,0,1,1,1,0,1,0,1,0,0,1,0,0,0,1,1,1,0,1,0,0,1,1,0,0,1,0,0,1,1,0,1,1,1,1,0,1,1,1,0,0,0,0,0,1,0,1,0,0,0,0,1,0,0,0,1,1
0,1,1,0,1,0,1,1,0,0,1,0,0,0,0,1,1,0,0,1,0,0,1,0,0,1,1,0,1,0,0,0,1,0,1,0,1,1,0,0,1,1,0,1,1,1,1,1,0,1,1,0,1,0,0,1,1,0,1,1,0,0,0,0,1,0,1,0,0,1,1,1,0,1,1
1,0,0,1,0,0,0,1,0,1,1,0,1,0,1,0,0,1,0,0,1,1,1,1,0,1,0,1,1,0,0,0,0,0,1,1,1,0,0,1,0,0,0,1,0,1,1,1,0,0,1,1,1,0,0,0,1,0,1,0,0,1,1,1,1,0,0,0,1,1,0,1,1,0,0
1,0,0,0,0,1,0,1,1,0,1,1,0,0,0,1,1,1,1,1,0,1,0,1,0,1,0,1,0,0,0,0,1,0,0,0,0,1,0,1,1,0,0,1,1,1,1,1,0,1,1,1,1,1,0,0,1,1,1,0,0,0,1,0,1,0,0,0,1,1,0,0,0,1,0
1,0,1,1,0,0,0,1,0,0,0,1,0,1,0,0,0,1,1,0,0,1,1,1,0,0,0,1,1,1,1,0,1,0,1,0,1,1,0,0,1,1,0,1,1,1,1,0,0,1,1,0,1,1,1,1,0,0,1,1,1,0,0,0,0,0,0,1,0,1,0,0,1,1,0
0,0,0,0,0,0,0,1,1,1,1,1,0,0,1,0,0,1,1,0,0,1,1,1,0,0,1,1,1,1,1,1,1,0,0,1,0,1,0,1,1,1,1,1,0,1,1,0,0,1,1,0,1,1,1,0,0,1,1,1,0,1,1,0,1,0,0,0,0,1,1,1,0,1,0
1,0,0,0,0,1,1,1,1,0,0,1,0,0,0,1,1,0,0,0,1,1,1,1,1,1,1,1,1,1,0,1,0,0,1,1,1,1,0,1,1,1,0,1,1,0,0,1,0,0,1,1,1,0,1,0,0,1,1,1,1,0,1,0,1,0,1,1,0,1,0,0,1,0,1
1,1,0,0,0,1,1,1,0,1,1,1,0,0,0,1,1,1,0,0,0,1,1,1,1,0,0,0,0,0,0,0,1,0,1,1,1,0,0,1,1,0,0,1,0,1,0,0,0,1,0,0,1,1,1,1,1,1,1,0,0,0,1,1,1,0,0,0,1,1,0,0,1,1,0
1,1,0,1,1,1,0,1,1,0,1,1,1,0,0,0,0,1,0,0,0,1,0,1,0,0,1,1,1,0,1,0,1,0,1,0,1,0,0,0,0,1,1,1,0,1,1,0,1,1,0,1,1,0,0,0,0,1,0,0,0,1,0,0,1,0,1,1,0,1,1,0,1,1,0
1,0,1,0,0,1,0,1,0,1,1,1,1,1,1,0,1,0,1,0,1,1,0,1,1,0,1,0,1,1,1,1,0,1,0,1,0,1,1,1,1,1,0,1,0,1,0,1,0,0,1,1,0,0,0,0,1,0,1,1,1,0,1,1,1,1,0,1,0,1,0,0,0,1,1
1,0,1,0,1,0,1,1,1,0,1,1,1,0,0,1,0,1,0,0,1,1,0,0,1,1,0,0,0,1,0,0,0,1,0,1,0,0,0,1,1,0,1,1,1,1,0,1,0,0,1,0,1,0,1,0,1,1,0,1,1,1,0,1,0,1,0,0,1,1,1,1,0,1,1
1,1,0,1,1,0,0,1,0,0,1,1,0,0,0,0,0,1,0,0,1,1,1,1,0,0,1,1,1,0,1,1,1,0,1,0,1,0,0,1,1,0,1,1,0,1,1,0,0,1,0,1,1,0,0,1,0,0,0,0,1,0,1,0,0,1,1,1,0,1,1,0,1,1,0
1,0,0,0,0,1,0,1,1,1,0,0,1,0,0,0,0,1,0,0,1,1,1,1,0,0,0,1,1,0,1,0,1,0,0,0,0,1,1,0,1,1,1,1,0,1,0,0,0,0,0,0,1,1,1,1,0,1,1,0,0,1,1,1,1,0,1,1,0,1,1,0,0,0,0
1,1,0,1,1,1,0,0,0,0,0,0,1,0,1,1,0,1,1,0,0,1,0,0,1,0,0,1,1,0,0,1,0,0,0,1,0,0,1,1,1,0,1,1,1,1,1,1,0,0,1,1,1,1,1,1,1,0,0,0,0,0,1,1,0,1,0,0,1,1,1,0,1,1,1
1,0,1,0,0,0,0,1,0,0,1,1,1,0,1,1,0,0,0,0,1,1,0,1,0,1,1,0,0,1,0,0,0,0,0,0,1,0,1,0,1,0,0,1,1,1,0,1,0,1,1,1,1,0,1,0,1,1,1,0,0,1,1,0,1,0,0,0,1,1,1,0,0,1,0
1,1,1,0,1,1,0,1,0,0,0,0,0,0,0,0,1,1,1,0,1,1,0,1,0,0,1,1,1,0,1,1,1,0,0,0,1,0,1,0,1,0,1,1,1,1,1,0,1,0,1,0,1,1,0,1,0,1,1,1,0,0,1,1,1,0,0,0,0,1,1,0,0,1,0
1,0,1,1,1,1,1,0,1,0,0,0,1,0,0,1,1,1,1,1,1,1,0,0,0,0,0,1,0,0,0,1,1,1,1,0,1,1,1,0,1,1,1,1,1,0,1,0,1,0,0,1,1,1,0,1,0,1,0,1,0,1,0,1,0,1,1,1,0,1,1,1,0,0,1
1,1,1,0,0,1,0,1,0,1,1,1,0,0,1,1,0,0,1,1,0,1,0,1,0,0,1,0,1,0,1,0,0,1,0,0,0,0,1,0,1,0,1,1,1,0,0,0,0,1,1,1,1,0,0,0,0,1,1,0,0,0,1,0,0,0,0,1,1,1,1,0,1,1,0
1,0,1,0,1,0,0,1,0,0,1,0,1,0,0,0,0,0,1,0,0,1,0,1,0,1,1,1,1,0,1,1,0,0,1,0,1,0,0,1,1,1,0,1,0,1,0,1,0,0,1,0,1,1,1,1,1,1,0,1,0,1,0,0,1,0,1,1,0,0,1,1,1,0,1
1,0,0,0,1,1,0,0,1,1,0,0,1,1,1,0,0,1,1,1,0,1,0,1,0,0,1,1,1,0,0,0,0,0,0,1,0,1,0,1,0,0,0,1,1,1,1,1,1,1,1,1,1,0,1,0,1,1,1,0,0,0,1,1,0,1,0,1,0,1,0,0,0,0,0
1,0,0,0,0,0,0,1,1,0,0,1,0,0,1,0,1,0,1,0,0,1,1,1,1,1,1,1,0,0,0,1,0,1,0,1,0,1,0,1,1,1,1,1,1,1,1,1,0,0,1,0,1,1,0,0,1,1,1,1,1,1,1,0,1,0,0,0,0,1,1,0,0,1,0
1,0,0,1,0,0,0,0,0,1,0,1,0,0,0,0,1,0,1,0,1,1,0,1,0,0,1,0,0,0,1,1,1,1,1,0,0,0,1,0,1,1,1,1,0,0,1,1,0,1,1,1,1,0,0,1,1,0,0,1,1,0,1,0,1,1,0,0,1,1,1,1,1,1,1
1,0,0,0,0,0,0,1,1,1,1,0,0,0,0,1,0,1,0,0,1,0,0,1,0,1,0,1,0,1,0,1,1,0,0,1,0,1,1,1,1,0,1,1,1,1,0,0,1,0,0,1,1,0,1,1,0,0,1,0,0,0,1,0,0,0,1,1,1,1,0,0,0,1,0
1,0,0,0,1,1,0,0,0,1,0,1,0,0,0,0,1,1,0,1,0,1,0,0,0,0,1,0,1,1,0,1,1,0,0,0,0,1,1,0,1,1,0,1,0,1,0,0,1,1,0,0,1,1,0,1,0,0,1,0,0,0,1,0,0,1,1,0,1,1,0,0,0,1,1
1,0,0,1,1,0,0,1,1,1,1,0,0,0,0,1,1,0,0,0,1,1,0,0,0,0,0,1,1,1,1,0,1,0,1,0,1,0,1,1,1,0,1,1,1,1,1,1,0,0,1,1,1,0,1,1,1,0,1,1,0,1,1,0,1,0,1,0,1,1,1,1,1,0,0
1,1,1,0,0,1,0,1,0,1,1,0,0,0,0,1,1,0,0,1,1,1,0,1,0,1,1,0,0,1,0,1,0,1,0,0,0,1,0,1,1,0,1,1,1,0,0,0,0,1,1,1,1,1,1,0,1,0,1,1,0,1,1,1,0,0,0,1,1,1,1,1,1,1,0
1,1,1,0,1,0,1,1,0,0,0,0,0,0,1,1,1,0,1,0,1,1,1,1,0,1,1,0,0,0,0,0,0,0,1,1,1,1,1,0,1,1,0,1,1,0,1,1,0,0,1,0,1,0,0,0,1,1,1,0,0,0,1,0,0,1,0,1,1,1,1,0,1,1,0
1,1,0,0,0,1,0,1,1,1,0,1,0,0,1,1,0,1,1,1,0,1,1,1,1,1,1,0,0,1,1,0,0,0,0,1,0,1,1,1,1,1,1,1,0,0,0,1,1,0,1,1,1,1,1,0,0,1,1,0,1,0,0,0,0,0,1,1,0,1,0,1,0,1,1
1,1,0,1,1,0,0,1,1,0,0,0,1,0,0,0,0,1,0,0,1,1,1,1,0,0,1,0,1,1,0,0,1,0,0,0,0,1,0,0,1,1,0,1,1,0,1,1,0,0,1,0,1,1,0,0,1,1,0,1,0,0,0,0,1,0,1,0,0,1,1,1,1,0,0
1,0,0,1,1,1,0,1,1,0,1,1,1,0,1,1,1,0,0,0,0,1,0,1,0,0,0,1,0,0,0,0,1,0,1,0,0,0,1,0,1,0,0,1,1,1,0,1,0,0,1,1,1,0,1,1,1,1,0,0,1,1,1,0,1,0,0,0,1,1,1,0,0,1,0
0,0,0,0,1,0,1,1,1,1,1,1,0,1,1,0,1,1,1,0,1,0,0,1,0,0,1,0,1,1,1,1,0,0,1,0,0,1,1,0,1,1,0,1,0,1,1,0,0,0,1,1,1,1,1,1,0,0,1,0,1,0,0,0,1,0,0,0,0,0,0,0,0,1,0
1,1,0,0,0,0,0,1,0,0,0,1,1,0,0,1,1,0,0,0,1,0,0,1,0,0,0,0,1,1,1,1,1,1,0,0,1,1,1,0,1,1,1,1,0,1,1,0,0,0,1,1,1,1,1,0,0,1,1,0,0,0,1,0,0,0,1,1,0,1,0,1,1,1,0
1,0,1,1,0,0,0,1,0,0,1,0,1,0,0,0,1,1,0,0,0,1,0,1,0,1,0,1,1,0,0,0,1,0,1,0,0,0,0,0,1,1,1,0,1,1,0,0,1,0,1,1,1,0,0,1,0,0,1,0,0,1,1,0,1,0,1,0,0,1,1,0,0,0,1
1,0,0,1,1,0,0,1,0,0,0,1,0,1,1,0,1,1,0,1,0,1,0,1,0,0,1,1,0,0,1,0,0,1,1,1,1,0,0,1,0,0,1,1,1,1,0,1,1,0,0,1,1,0,0,1,1,1,0,0,1,1,1,1,1,0,0,1,0,1,1,0,0,0,0
1,0,0,0,0,0,0,0,0,1,0,1,1,0,1,1,1,1,0,0,0,1,0,0,0,0,0,0,0,0,0,0,0,0,0,0,1,0,0,1,1,0,0,1,1,0,0,0,0,0,0,1,1,0,1,1,0,0,1,0,1,1,1,0,1,1,0,0,1,1,1,0,1,1,0
1,0,1,0,1,0,1,1,0,1,0,0,0,0,0,1,0,0,1,0,1,1,0,1,0,0,1,0,0,0,0,1,1,0,1,1,1,0,0,1,1,0,0,1,0,1,0,1,0,1,1,1,1,0,1,0,1,0,1,1,0,0,1,0,1,0,1,1,1,1,0,1,0,0,1
1,1,0,0,0,0,0,1,1,0,1,1,1,0,0,0,0,1,1,1,0,1,0,0,0,0,1,1,1,0,0,0,1,0,0,1,1,0,0,1,1,0,1,1,1,0,0,1,0,0,1,1,1,0,1,1,1,0,1,0,1,1,1,0,1,1,0,0,1,0,0,0,1,1,1
0,0,0,1,1,0,0,1,0,1,0,1,1,0,0,1,0,0,0,0,0,1,0,0,1,1,1,1,1,1,0,0,1,0,1,0,1,0,1,0,1,0,1,1,1,1,0,0,0,0,1,1,1,0,1,0,0,0,1,1,0,0,1,0,1,0,0,0,0,1,1,1,1,0,0
1,0,0,1,0,0,0,1,1,0,0,1,0,0,0,0,1,0,0,0,0,1,0,1,1,0,1,1,1,1,1,0,1,0,0,0,1,0,0,0,0,1,0,1,0,1,0,0,1,1,1,1,1,0,1,1,0,1,0,1,1,1,1,0,0,0,1,1,0,1,1,1,0,1,0
1,1,0,1,1,0,1,1,1,0,1,1,0,0,0,1,1,0,0,0,1,1,1,1,1,1,1,0,0,1,1,1,0,1,0,1,1,0,0,1,0,0,0,1,1,1,0,1,1,0,1,0,1,1,0,1,1,0,1,0,1,0,1,0,1,0,1,0,1,0,0,1,0,1,1
1,0,0,1,1,0,1,1,0,1,0,1,0,0,0,1,0,1,0,0,1,1,0,0,0,1,1,0,0,0,1,0,0,1,1,1,0,0,0,1,1,0,0,1,1,0,0,0,0,1,1,1,1,0,1,1,0,1,0,1,0,1,1,0,1,1,0,0,1,1,0,0,1,0,1
1,0,0,1,0,0,1,1,0,1,1,0,0,1,0,0,1,1,0,1,1,0,1,1,0,0,0,0,1,0,1,0,1,0,1,1,0,1,1,0,0,1,0,1,0,1,1,0,1,1,1,0,1,1,0,0,0,0,0,1,0,1,1,0,1,1,1,1,0,1,0,0,1,0,0
1,0,0,1,1,1,1,1,1,0,0,0,1,0,1,1,0,1,1,1,1,1,1,1,0,0,1,1,1,1,1,1,0,0,1,0,0,1,1,0,1,0,1,1,0,1,1,1,0,0,1,0,1,1,0,0,1,0,0,0,0,1,1,1,0,0,1,0,0,1,0,1,1,1,0
1,1,1,0,1,1,0,1,1,1,0,0,1,0,0,1,1,1,0,0,1,1,1,1,0,0,1,0,1,0,0,1,1,0,0,0,1,1,1,0,1,1,1,1,1,0,1,0,1,0,1,0,1,1,1,0,0,0,1,0,0,0,1,0,1,0,0,1,0,1,1,1,0,1,0
1,0,0,0,0,0,0,1,0,1,0,1,0,1,0,1,0,0,1,0,1,1,1,1,0,1,1,0,1,1,0,1,1,1,0,0,1,0,1,0,1,1,1,1,1,0,1,0,0,1,1,0,0,0,1,1,1,1,1,0,0,0,1,1,1,0,0,1,1,1,1,1,0,1,0
1,1,0,0,1,0,0,1,1,0,0,1,0,1,0,1,1,1,1,0,0,1,0,1,0,1,1,0,1,0,1,0,1,0,1,1,0,1,0,1,1,0,0,1,0,0,0,0,0,1,1,0,1,0,0,0,0,1,0,0,1,1,1,0,0,0,1,1,0,1,0,1,1,0,0
1,0,1,1,1,0,0,1,1,0,1,1,0,0,1,1,1,0,1,0,0,1,0,0,1,0,1,1,1,0,1,1,1,0,1,1,0,0,0,0,0,0,0,1,0,1,0,1,0,1,1,1,0,0,1,0,1,1,0,0,0,1,1,1,1,1,1,0,0,1,0,1,0,1,0
1,1,1,1,1,0,0,1,1,0,0,0,0,1,1,1,1,0,0,0,0,1,0,1,0,0,0,0,1,1,0,1,0,0,0,0,0,0,1,0,1,0,0,1,1,0,0,0,0,1,1,1,1,0,1,0,0,0,0,0,1,1,0,0,0,0,1,1,1,1,0,1,1,1,0
1,1,1,1,1,1,0,0,0,0,0,0,0,0,1,0,1,0,1,0,1,1,0,1,0,0,1,0,0,0,0,1,1,1,1,0,1,0,1,0,1,1,1,1,1,1,0,1,1,1,1,1,1,0,1,1,1,1,0,0,0,0,0,0,0,1,1,0,0,1,0,0,0,1,0
1,1,1,1,0,1,0,1,0,1,1,0,0,0,1,0,0,1,1,0,1,1,0,1,0,1,1,1,0,1,1,1,0,0,0,0,0,0,1,0,1,0,1,1,1,0,0,0,1,0,1,1,1,0,0,0,0,1,1,0,0,0,1,0,0,1,0,0,1,1,1,1,0,1,0
1,0,0,1,0,1,0,0,1,0,0,0,1,0,1,1,1,1,0,1,0,1,0,1,0,0,0,0,0,1,0,0,0,0,0,1,1,1,0,1,1,0,0,1,0,1,1,0,1,0,1,0,1,1,0,0,0,1,0,1,0,1,0,0,0,1,1,1,1,1,0,1,0,1,0
1,0,0,1,1,0,0,1,0,0,0,1,0,0,0,1,0,0,0,1,0,1,0,1,0,0,1,1,1,0,1,1,1,0,0,0,1,0,1,0,1,1,0,1,0,1,0,0,1,1,1,1,1,0,1,1,0,0,0,0,0,0,0,0,1,0,0,0,0,0,0,1,0,1,1
1,0,0,0,1,1,0,0,0,0,0,1,0,0,1,1,0,1,0,1,0,1,0,0,1,0,0,0,0,1,1,1,0,0,1,1,1,1,1,1,1,0,0,1,1,1,1,1,0,1,1,1,0,0,1,0,1,1,1,0,0,0,1,0,0,1,0,0,0,1,1,1,0,0,1
1,0,1,1,1,0,0,1,0,0,1,0,0,1,1,0,0,1,1,0,0,0,0,1,0,0,0,0,0,1,0,0,0,0,0,0,1,1,0,0,1,1,1,1,1,1,1,0,0,1,1,1,1,1,1,1,0,1,1,0,1,1,1,0,1,0,1,1,0,1,0,1,0,1,0
1,0,0,1,1,1,0,1,1,1,1,1,1,0,0,1,1,1,1,0,0,1,1,1,0,0,1,1,1,0,0,0,1,0,1,1,1,0,1,0,1,1,1,1,1,0,1,0,1,0,1,0,1,0,1,0,0,1,0,0,1,1,0,0,1,0,0,0,0,1,1,0,0,1,0
1,1,1,0,1,0,0,1,0,1,1,0,0,1,0,0,1,0,0,0,1,1,0,1,0,0,1,0,0,1,1,1,1,0,1,1,0,1,0,1,1,0,1,1,0,1,1,0,1,1,1,1,1,0,0,1,0,0,0,1,0,0,1,1,1,0,0,0,1,1,1,1,0,1,0
0,0,0,1,0,0,0,0,1,0,0,0,0,0,0,0,1,1,0,0,0,1,1,1,1,0,1,1,1,0,0,1,1,0,1,0,1,0,1,0,1,1,0,1,1,0,1,0,1,1,0,1,1,1,0,0,1,1,0,0,1,1,1,0,1,1,1,1,0,0,0,0,0,1,0
1,1,0,1,0,0,1,1,0,1,0,1,0,0,0,1,0,0,0,0,1,0,1,1,1,0,1,1,1,1,1,1,1,0,0,1,0,0,0,1,1,0,1,1,1,0,1,0,1,1,1,1,1,1,1,1,0,0,0,0,1,0,0,0,1,0,0,0,1,1,1,1,1,1,0
0,0,1,0,1,0,1,1,1,1,0,1,0,1,0,1,0,0,0,0,0,1,1,1,0,0,0,0,0,1,0,0,0,0,0,1,1,1,0,1,1,0,0,1,0,1,0,0,0,1,1,0,0,0,1,1,1,1,0,0,0,1,0,0,1,0,1,0,1,1,0,1,0,0,1
0,0,1,1,1,1,0,0,0,0,0,1,1,0,0,0,1,1,1,0,1,1,1,1,0,1,1,0,0,0,1,0,0,0,0,0,1,1,1,0,1,1,0,1,0,1,1,0,1,1,0,1,1,0,0,1,0,0,0,0,1,1,0,1,0,1,1,0,1,1,0,0,1,1,1
0,0,1,1,0,1,1,0,1,1,0,0,0,0,0,0,1,1,0,0,0,0,1,1,1,0,1,0,0,1,0,1,1,1,1,0,0,1,1,0,1,0,1,1,1,1,1,0,0,1,1,0,0,0,0,0,0,0,0,1,0,0,1,0,0,1,0,0,1,1,1,0,0,0,0
1,0,1,1,1,1,0,1,1,1,1,1,0,0,0,1,1,0,0,0,0,1,0,1,0,0,0,0,1,0,1,1,1,1,0,0,1,0,1,0,1,1,1,1,0,0,0,0,0,1,1,1,1,0,1,1,0,0,0,1,0,0,0,0,1,0,0,0,1,1,1,1,1,1,0
1,0,0,0,1,0,0,1,0,0,1,1,1,0,1,0,1,0,1,0,1,1,0,1,1,0,1,0,0,0,0,0,0,0,1,1,0,1,0,0,1,1,0,1,1,0,0,1,0,1,1,1,1,0,0,1,1,1,1,1,1,1,1,0,1,0,1,0,0,1,1,1,0,1,0
1,0,0,0,1,1,0,1,1,0,0,0,1,1,1,0,1,1,0,0,0,1,0,1,1,1,1,0,1,1,0,0,1,0,1,1,0,0,0,1,0,1,1,1,1,0,0,1,0,1,1,1,1,0,1,1,1,1,1,0,0,0,1,1,0,0,0,0,0,1,1,0,1,1,1
1,0,0,0,0,0,0,1,0,0,1,0,0,0,1,1,0,1,1,0,1,0,0,1,0,0,0,0,0,1,1,1,0,0,0,0,1,0,1,0,1,0,0,1,0,1,1,1,1,0,1,1,1,0,1,1,1,0,1,0,0,0,1,0,1,0,0,0,0,0,0,1,0,1,0
1,0,1,1,1,1,0,1,1,0,1,1,0,1,1,1,1,0,1,0,0,0,1,1,0,0,1,1,1,1,0,1,0,0,1,1,0,0,0,0,1,1,0,1,1,0,0,0,1,1,1,0,1,1,0,0,0,1,0,0,0,0,0,0,0,0,0,1,1,1,0,1,0,1,1
1,1,1,1,0,0,0,1,0,1,0,1,0,0,0,0,0,1,1,0,1,1,1,1,0,0,0,1,1,0,1,1,1,0,0,1,0,1,0,1,0,1,0,1,0,1,0,1,1,1,1,1,0,1,0,0,1,0,0,1,0,0,0,1,0,0,0,1,1,1,0,0,1,1,0
1,1,0,0,1,1,0,1,0,1,1,1,0,0,0,0,0,1,1,0,0,1,0,1,0,0,0,1,1,0,0,1,1,0,1,1,1,1,0,0,0,0,0,1,1,1,1,1,1,1,1,0,1,1,0,0,1,1,1,0,1,1,1,0,1,0,1,1,1,1,0,0,0,0,0
0,0,0,0,1,1,0,1,0,0,1,1,0,0,1,1,1,1,1,0,1,0,1,1,0,0,1,1,0,0,0,1,0,0,0,0,1,0,1,1,1,0,0,1,1,1,0,0,1,1,1,0,1,0,1,1,0,1,1,0,1,0,1,0,1,0,0,0,1,1,0,0,0,0,0
1,0,0,0,1,0,0,1,0,0,0,1,1,0,0,1,1,1,1,0,1,1,1,1,0,1,1,0,1,0,1,1,1,0,0,0,1,1,1,0,1,1,0,1,0,1,0,1,0,0,1,0,1,0,1,1,1,0,1,1,1,1,1,1,0,1,1,0,1,1,1,1,1,1,0
1,1,0,0,0,1,0,1,1,1,0,1,0,0,0,0,0,1,0,1,0,0,0,1,1,1,0,0,0,0,1,1,0,0,1,0,1,1,1,0,1,1,0,1,1,0,0,0,0,1,1,1,1,0,0,0,0,1,0,1,0,1,1,0,0,0,1,0,0,1,0,0,1,0,0
1,0,1,1,1,1,0,1,1,0,0,1,0,0,0,0,1,0,0,0,0,1,0,1,1,1,1,0,0,1,1,1,1,0,0,0,0,0,1,0,1,1,0,1,0,1,0,0,1,1,1,0,1,0,0,1,0,1,1,0,0,1,1,0,1,0,0,1,1,1,0,1,0,0,0
1,0,0,0,1,0,0,1,0,0,0,1,1,0,0,1,1,0,1,0,1,0,1,1,0,0,1,1,1,0,0,1,1,0,0,0,1,1,1,0,1,1,1,1,1,1,0,0,0,1,0,0,1,1,0,0,0,1,1,1,0,0,1,0,1,0,0,0,0,1,1,1,1,1,1
0,1,1,0,1,0,0,1,0,1,0,0,0,0,1,0,1,1,0,0,0,1,0,1,0,0,1,0,0,0,0,1,0,1,0,1,1,1,1,0,1,1,0,1,1,1,0,0,0,1,1,0,1,0,0,0,1,1,1,1,0,0,0,1,1,0,0,0,0,0,0,0,1,1,0
1,0,1,0,0,0,0,1,0,0,0,1,0,0,0,0,1,1,0,0,1,1,1,1,0,1,1,1,0,0,1,1,0,0,0,0,1,0,1,0,1,1,1,1,0,1,1,0,1,1,1,0,1,1,0,1,0,1,1,0,0,1,1,0,1,0,0,0,0,1,0,0,0,1,0
1,1,1,1,0,0,0,1,1,0,0,1,1,0,1,0,0,1,1,0,0,1,0,1,1,0,1,0,1,1,1,0,0,0,1,0,0,0,0,0,1,0,0,1,0,1,0,1,1,1,1,1,1,1,0,1,1,1,0,1,0,1,1,1,1,0,1,1,1,1,0,0,0,1,1
1,1,0,1,1,0,0,1,1,1,1,1,1,0,1,1,1,1,1,0,1,1,0,0,0,1,1,1,0,1,0,0,0,1,1,0,0,1,1,0,1,0,1,1,1,0,1,1,0,0,1,1,1,1,0,0,1,1,0,0,1,0,1,0,1,1,0,0,0,1,1,0,1,1,0
1,0,0,0,1,1,0,0,0,0,0,1,1,0,0,0,1,0,1,1,1,1,0,1,0,0,1,0,0,0,1,1,0,0,0,0,1,0,0,0,1,1,0,1,0,1,0,0,0,1,1,1,1,1,0,0,0,1,1,1,0,0,0,0,1,1,1,0,0,1,1,1,1,1,0
1,0,1,1,0,0,0,0,0,0,0,0,1,0,0,1,1,1,0,0,1,1,0,1,0,1,0,1,1,0,1,0,0,0,1,0,0,1,0,1,1,0,0,1,0,1,1,0,0,0,1,1,1,1,0,1,0,1,0,1,0,1,1,0,0,1,0,0,1,1,1,1,0,1,0
1,0,1,0,1,0,0,1,1,1,0,1,1,0,0,1,1,0,1,1,1,1,1,1,1,0,1,0,1,1,1,1,0,0,0,0,1,0,1,0,1,1,1,1,0,1,0,0,1,0,1,0,0,0,0,0,0,1,1,1,1,0,1,1,1,0,1,0,1,1,1,0,1,1,0
1,0,0,0,1,0,0,1,0,1,0,1,0,0,1,1,1,0,0,0,1,0,1,1,0,0,1,1,0,1,0,1,1,0,1,1,0,0,0,1,1,1,1,1,0,1,0,0,0,1,1,0,1,1,0,1,0,1,1,0,1,1,0,0,1,0,0,1,0,1,1,1,0,1,1
1,0,1,0,0,0,1,1,0,0,0,0,0,0,0,0,0,1,0,0,0,1,1,1,0,0,0,1,0,0,1,1,1,0,0,1,0,0,1,0,1,1,1,1,0,0,0,0,0,0,0,1,1,1,1,1,0,1,1,1,0,1,1,1,1,0,0,0,1,1,1,1,0,1,0
1,0,0,1,0,0,1,1,0,0,0,1,1,0,1,0,1,1,0,0,1,1,1,1,0,0,1,1,0,0,1,0,1,0,1,0,1,1,1,0,1,1,0,1,0,1,1,0,1,0,1,1,1,1,0,1,0,1,1,1,0,1,1,1,1,0,0,1,0,1,1,1,0,0,0
1,1,1,0,1,0,0,1,0,1,1,0,1,1,1,0,1,0,1,0,1,1,1,1,0,0,1,0,0,0,1,0,0,1,1,0,1,0,1,0,1,1,1,1,0,0,1,1,1,0,1,0,1,0,0,0,0,1,0,1,0,1,1,1,1,0,0,0,1,1,1,0,0,0,0
1,0,0,1,0,0,0,0,0,0,0,1,0,0,1,1,1,1,1,0,1,1,0,1,1,0,1,1,1,1,1,0,1,0,1,1,0,1,0,1,1,0,0,1,0,0,0,0,0,0,0,1,1,1,0,1,0,0,1,1,1,1,0,1,1,1,0,0,0,1,0,1,1,0,0
1,0,0,0,0,0,0,1,0,1,0,1,0,1,0,1,1,0,1,0,1,1,1,1,1,0,0,1,1,1,1,1,0,0,1,1,1,0,0,1,1,0,0,1,0,1,0,0,0,0,1,1,1,1,0,1,0,1,1,0,1,1,1,1,1,0,0,0,1,1,0,1,0,0,0
1,1,1,1,1,0,1,1,0,1,0,1,0,0,0,0,1,1,0,0,1,0,1,1,0,1,0,1,1,0,0,0,1,1,0,0,0,1,1,1,1,1,0,1,1,0,1,0,0,1,1,1,0,0,0,1,0,0,0,1,1,0,0,1,1,0,0,0,0,1,1,0,0,1,0
1,0,0,1,0,0,0,1,0,1,1,1,1,0,1,1,0,1,0,0,1,1,1,1,1,1,1,1,0,1,1,1,0,1,0,1,0,1,1,1,1,0,0,1,0,1,1,1,0,0,0,0,1,1,0,1,1,1,0,0,1,1,0,1,1,0,1,0,1,0,0,0,1,0,0
1,0,0,0,1,0,0,1,0,1,1,0,0,0,0,0,1,0,1,0,1,1,0,1,0,0,0,1,1,1,0,1,1,0,1,0,1,1,1,0,1,0,0,1,0,0,0,0,1,1,1,1,1,0,0,1,0,1,1,1,0,0,0,0,1,0,0,0,1,1,0,1,0,0,0
1,0,1,1,0,0,0,1,0,1,0,1,0,0,1,0,1,1,0,0,0,1,0,1,0,1,1,1,0,1,0,0,0,0,1,0,1,1,1,0,1,1,0,1,1,0,1,0,0,0,0,1,1,0,0,1,0,1,0,0,1,0,1,1,1,0,0,1,0,1,0,1,0,1,0
1,0,0,1,1,0,0,1,0,1,0,0,0,0,0,0,1,1,0,0,0,1,1,1,0,0,1,0,1,0,0,0,0,0,1,1,1,0,0,0,1,1,0,1,1,1,1,0,0,1,1,0,1,1,0,1,0,1,0,0,0,1,0,1,1,0,0,1,0,1,0,0,0,1,0
1,0,0,1,0,0,0,1,0,1,0,1,0,0,1,1,0,1,1,0,0,1,0,0,1,0,1,1,1,0,1,1,1,1,1,1,0,1,0,1,1,0,0,1,0,0,0,1,0,0,1,1,1,1,0,0,1,0,1,0,1,1,1,1,1,0,0,0,1,1,0,0,0,0,1
1,0,1,0,0,0,0,1,0,0,0,0,0,0,1,0,0,0,0,0,0,1,0,1,1,0,0,1,0,0,1,1,0,0,0,1,1,1,0,1,1,1,0,1,0,1,0,0,0,1,1,1,1,1,0,1,0,0,1,0,0,0,1,1,1,1,1,1,1,1,0,1,1,1,0
1,0,0,0,0,1,0,0,1,1,0,1,0,1,0,0,0,1,0,1,0,1,0,1,0,1,1,1,1,1,1,0,1,0,0,1,0,1,0,1,1,1,1,1,1,1,1,1,0,1,0,1,1,1,1,1,1,1,1,0,1,1,1,0,0,1,0,1,0,1,0,1,0,1,0
0,0,1,0,1,1,0,1,0,0,0,1,0,0,0,0,1,0,1,0,0,1,0,0,0,1,0,1,1,0,1,0,1,1,0,0,0,1,0,0,1,1,0,1,1,1,0,1,0,1,1,1,1,0,0,1,1,0,1,1,0,0,1,0,1,1,1,0,0,1,1,1,1,1,0
1,1,0,1,1,0,0,1,1,0,0,0,0,0,1,0,1,1,1,1,1,0,0,0,0,1,1,0,1,0,0,1,0,0,1,1,0,0,1,0,1,1,1,1,1,1,0,0,1,1,1,0,1,0,0,1,0,1,0,1,1,1,1,0,1,0,1,1,0,1,1,1,0,1,0
1,0,1,0,1,0,0,1,0,0,0,1,1,0,1,1,0,1,0,1,1,1,1,1,0,1,1,0,0,0,1,0,0,0,0,1,0,1,0,1,1,1,0,1,1,1,0,1,0,1,1,0,1,1,0,1,1,1,1,0,0,1,1,0,1,0,1,1,0,1,0,0,0,1,0
1,1,1,0,0,0,0,0,0,0,0,1,0,0,1,0,1,1,1,1,0,0,0,1,0,0,1,0,0,0,1,1,0,0,1,1,1,0,1,0,1,1,1,1,1,0,0,0,0,1,1,1,1,1,0,0,0,0,0,0,0,0,0,0,1,1,0,1,1,1,1,1,1,0,1
1,0,1,0,0,1,0,1,0,1,0,0,0,0,0,0,1,1,1,0,0,1,1,1,0,1,1,1,1,1,1,1,1,0,0,1,1,1,0,0,0,1,0,1,0,1,1,0,0,1,1,1,1,1,0,0,0,1,1,1,0,1,1,0,1,0,1,0,0,0,1,0,0,1,0
1,1,1,1,0,1,0,1,1,0,1,1,1,0,0,0,1,1,1,0,1,1,0,1,0,0,1,1,1,0,0,1,1,1,1,1,1,1,0,1,0,1,0,1,1,0,1,1,0,1,1,1,1,0,0,1,0,1,0,0,1,0,1,0,1,1,0,0,1,1,0,0,1,1,0
1,1,0,0,1,0,0,1,0,1,0,0,1,0,1,1,0,1,0,0,1,1,1,1,0,0,1,0,1,1,0,1,0,0,1,0,1,1,1,0,1,0,1,1,1,1,1,0,0,1,0,0,1,0,0,1,0,0,1,1,0,0,0,1,1,0,1,1,1,1,0,1,1,1,0
1,1,0,0,0,0,0,1,0,1,0,1,0,0,0,1,0,1,0,0,0,1,0,0,0,0,1,1,1,0,1,1,1,0,1,0,1,1,1,0,1,1,0,1,1,0,1,1,0,1,1,1,1,0,0,1,1,0,0,0,0,0,1,1,1,0,0,1,0,1,0,0,0,0,0
1,1,1,0,0,0,0,1,0,0,0,1,1,0,1,0,1,0,0,0,0,1,0,1,0,0,1,0,0,1,1,1,0,0,0,0,0,1,1,0,1,0,0,1,1,1,1,0,1,1,0,1,1,0,0,0,0,0,1,0,0,0,1,1,1,0,0,0,1,1,0,1,0,1,0
1,0,1,0,1,1,0,1,0,0,0,1,0,0,1,1,1,0,0,0,0,1,1,1,1,0,1,1,1,0,0,0,0,1,1,1,1,1,0,0,0,1,0,1,1,0,1,0,0,1,1,1,1,1,0,0,0,1,0,0,0,1,1,0,1,0,1,0,0,1,0,0,1,0,0
1,1,0,0,0,0,0,1,1,0,1,1,0,0,1,0,0,1,1,0,1,1,0,1,1,0,0,0,0,1,0,0,0,0,1,0,0,1,1,0,0,1,0,1,1,0,1,1,1,1,1,0,1,1,0,1,1,0,0,0,0,1,0,0,1,0,0,0,1,1,0,1,0,0,1
1,0,0,0,1,0,0,1,0,1,1,1,0,0,1,0,0,1,0,0,0,1,1,1,1,1,1,0,0,1,1,0,0,1,1,0,0,0,1,0,0,1,0,1,0,1,1,1,1,1,1,0,1,0,1,0,1,0,1,0,1,1,1,0,1,0,0,0,0,1,0,1,0,1,0
1,0,0,1,1,0,0,1,1,1,1,1,0,0,1,1,0,1,0,0,0,1,1,1,1,1,1,1,0,0,0,1,1,0,1,1,0,0,0,1,1,0,0,1,1,1,1,1,1,1,1,1,1,0,1,0,1,0,0,1,1,1,1,0,1,0,0,0,0,1,1,0,0,1,0
0,0,0,1,1,0,1,1,0,1,0,1,1,0,1,0,1,1,0,1,0,1,1,1,1,0,0,0,0,1,0,1,0,0,0,1,0,1,1,0,1,0,0,1,1,0,1,0,0,1,1,0,1,1,0,1,0,0,0,1,0,0,0,0,0,0,0,1,1,0,1,1,1,1,0
1,0,0,1,0,1,1,1,1,0,1,0,0,0,1,1,1,1,0,1,1,1,0,0,0,0,1,0,1,1,0,1,1,1,1,0,1,0,1,1,1,0,1,1,1,1,0,1,1,1,1,1,1,1,0,0,1,1,0,1,0,0,1,0,1,0,0,0,0,1,1,1,0,1,0
1,0,0,0,0,0,0,1,1,1,1,1,1,0,0,1,1,1,0,0,0,1,0,1,0,1,1,0,0,0,1,0,1,0,1,1,1,0,1,0,1,1,0,1,1,1,0,1,0,0,1,1,1,0,1,1,0,0,1,0,1,0,1,1,1,0,0,0,0,1,1,0,1,1,0
1,0,0,1,0,1,0,0,0,1,0,1,1,0,1,1,1,0,1,0,1,1,0,1,1,1,1,0,0,0,1,0,0,0,1,1,0,0,0,1,1,0,0,1,0,0,1,1,0,1,1,0,1,1,0,1,1,0,0,1,1,0,1,0,1,1,1,1,1,1,1,0,1,0,1
1,0,1,0,1,0,1,0,0,0,0,0,1,0,0,0,1,1,0,0,0,1,1,1,0,1,0,0,1,0,0,0,1,0,0,0,0,1,0,1,1,1,0,1,1,1,0,1,1,0,1,0,1,0,0,1,1,1,0,0,0,0,0,1,0,1,1,0,1,1,1,0,0,1,0
0,0,0,1,0,1,0,1,0,1,0,1,1,0,0,1,0,1,0,0,0,1,1,1,1,0,1,1,1,1,1,1,1,0,1,1,1,1,0,1,0,0,1,1,1,1,0,0,1,1,1,0,1,1,0,1,0,1,0,1,0,1,0,0,1,0,0,0,0,1,1,0,0,1,1
1,0,1,0,0,0,0,0,1,1,0,1,0,0,0,1,1,1,0,0,1,1,0,0,0,1,0,1,1,0,1,1,1,0,0,1,0,1,0,1,1,1,1,1,0,1,1,1,0,1,0,1,0,0,1,0,1,0,1,1,0,1,1,0,0,1,0,1,0,1,1,0,0,1,1
0,0,0,1,1,1,1,1,0,0,1,1,1,0,0,1,0,0,0,1,1,1,1,1,0,0,1,0,0,0,0,1,1,1,1,0,0,0,1,0,1,0,1,1,0,1,0,1,0,1,1,1,1,0,1,1,1,1,1,1,0,1,1,0,0,0,1,0,0,1,1,1,1,0,1
1,0,0,1,0,0,0,0,0,1,0,1,0,0,0,0,1,1,0,0,0,1,1,1,1,1,0,1,1,1,0,0,1,1,0,1,0,1,1,0,0,1,0,1,0,1,1,0,0,1,0,1,1,1,0,1,0,0,1,0,0,0,1,0,1,1,1,0,1,1,0,0,0,1,0
1,0,0,0,1,1,1,1,0,1,0,1,0,0,0,0,1,1,0,1,0,1,1,1,0,1,1,1,1,1,0,1,1,0,0,0,0,0,0,0,1,1,1,1,1,0,0,0,0,1,0,1,1,1,0,1,0,1,1,0,0,0,1,1,0,1,0,1,0,1,1,0,1,1,1
1,0,0,0,1,1,0,1,0,1,0,1,0,0,1,0,1,1,1,1,0,0,1,1,1,0,0,1,1,1,0,1,1,0,0,1,1,0,0,1,1,0,1,1,1,0,0,1,0,1,1,1,1,0,0,1,1,1,0,1,1,1,0,0,1,0,0,1,1,1,1,1,0,0,1
0,0,1,1,1,1,0,1,0,1,1,1,0,1,0,1,0,1,1,0,0,1,0,1,0,1,0,0,1,1,1,1,1,1,0,0,0,1,0,1,0,0,0,1,0,0,1,1,1,1,1,1,1,1,0,1,1,1,1,0,0,1,0,0,1,0,0,0,1,1,0,0,0,1,0
0,1,0,1,0,1,1,1,0,1,1,1,1,0,0,0,0,1,0,0,1,1,1,1,1,0,1,0,1,1,1,0,1,1,0,0,0,0,1,0,1,0,0,1,0,1,1,0,1,0,1,0,1,1,0,0,0,1,0,0,1,1,0,0,1,0,0,1,1,0,0,1,0,1,0
1,0,0,1,0,0,0,0,0,1,0,1,1,1,0,0,1,0,0,0,1,1,0,1,0,0,0,1,0,0,1,1,0,0,1,0,0,0,1,0,1,0,1,1,1,0,0,0,0,0,1,1,1,1,1,1,0,1,0,0,1,0,0,0,1,1,0,0,1,1,1,0,0,1,1
1,0,0,0,0,0,0,1,0,1,1,1,1,0,0,1,1,0,0,0,1,1,0,1,1,0,0,0,1,1,1,0,1,0,1,0,1,1,1,0,1,0,1,1,1,0,0,0,1,1,1,1,1,1,0,1,0,1,1,1,0,0,1,0,0,0,0,1,1,1,1,1,0,1,0
0,0,0,0,0,0,0,0,0,0,0,1,0,1,0,0,1,0,0,0,1,1,0,0,0,0,1,0,1,0,1,0,1,0,1,0,0,1,1,0,0,1,0,1,0,1,0,1,0,1,1,0,1,1,1,1,1,0,0,0,1,1,1,1,0,1,0,0,0,0,0,1,0,1,0
1,0,0,1,1,0,0,1,1,0,1,0,0,0,0,0,1,0,0,1,0,1,1,1,1,0,1,1,1,0,0,1,1,0,1,0,1,1,0,1,1,1,0,1,0,1,0,0,0,0,0,0,1,0,1,0,0,0,1,0,0,1,1,1,0,1,0,0,0,1,1,0,1,0,0
1,0,1,1,1,0,0,1,0,1,1,1,0,0,1,1,0,1,0,0,0,1,1,1,0,1,1,0,0,1,1,1,0,0,0,1,0,1,0,1,1,0,0,1,0,0,1,0,0,0,1,1,1,0,1,0,0,0,1,1,1,0,1,1,1,0,0,0,1,1,1,1,1,1,0
0,0,0,0,1,0,0,1,0,1,0,1,0,0,1,0,1,0,1,0,0,0,0,1,0,0,1,1,0,1,1,1,0,0,0,0,0,0,0,1,0,0,0,1,0,0,0,0,1,1,1,1,1,0,0,1,1,1,1,0,0,0,1,0,1,0,0,0,1,1,0,0,0,1,1
0,1,1,0,1,0,0,0,0,1,0,0,0,0,0,1,1,0,1,1,1,0,0,0,0,0,1,0,1,0,1,0,0,0,1,0,1,0,1,0,1,0,0,0,1,0,0,0,0,0,1,1,1,0,1,0,0,1,1,0,0,1,0,0,1,1,0,1,0,1,0,1,1,1,0
1,0,0,1,1,1,0,1,0,0,1,0,0,0,1,0,1,1,1,1,0,1,0,0,0,1,0,1,1,1,1,0,1,0,0,1,1,1,0,1,0,0,0,1,0,0,1,1,0,0,1,1,1,1,0,0,1,0,0,0,0,0,0,0,0,0,0,1,1,1,0,1,0,1,1
0,0,0,0,0,1,0,1,1,0,1,1,1,0,1,1,1,0,0,0,0,0,0,0,1,1,1,0,0,1,1,0,0,0,0,0,1,0,1,0,1,1,1,1,0,1,1,1,1,1,0,1,1,1,0,0,0,1,1,1,0,1,1,0,1,0,0,1,1,0,1,1,0,0,0
1,0,0,1,0,0,0,0,0,1,0,0,0,0,0,0,0,0,1,1,0,1,0,1,1,0,0,0,1,0,1,1,1,0,0,1,1,0,0,1,1,0,0,1,0,1,0,1,0,1,1,1,1,1,1,1,1,1,1,1,0,0,1,1,1,1,0,1,0,1,1,1,1,1,1
1,1,1,0,1,1,0,1,0,1,1,1,0,0,1,0,1,1,1,0,1,1,1,1,0,1,1,0,1,1,0,1,0,0,0,0,1,0,0,0,1,1,1,1,1,0,1,0,0,0,1,0,1,1,0,1,0,1,0,0,1,1,0,0,1,0,1,0,0,1,1,0,1,0,0
1,0,1,1,1,0,1,1,1,1,0,1,0,0,1,1,1,0,0,0,1,1,0,1,0,1,0,1,0,0,0,0,0,1,0,0,1,1,1,0,1,0,0,1,1,1,0,0,1,1,1,0,1,1,0,0,0,0,0,0,0,1,0,0,1,0,0,0,0,1,0,0,0,1,1
0,0,0,1,1,0,0,1,0,1,0,1,0,0,1,0,1,1,0,0,0,1,1,1,0,0,1,1,1,1,1,0,0,0,1,1,1,1,0,1,0,0,0,1,0,1,0,0,1,1,0,1,1,0,1,1,0,1,0,1,1,1,1,0,1,0,1,1,0,1,1,1,0,1,0
1,0,1,1,0,0,0,1,1,1,1,1,1,0,1,1,1,0,1,1,0,1,0,1,1,1,0,0,0,0,1,0,0,0,1,0,0,0,1,0,1,1,1,1,0,1,0,0,1,0,1,1,1,1,0,1,1,1,0,1,1,1,1,0,1,0,0,1,0,1,1,0,0,1,0
1,0,0,1,1,0,0,1,0,0,0,1,0,0,1,1,0,0,0,1,1,1,0,1,1,0,1,0,1,1,0,1,0,0,1,1,1,0,1,1,1,0,0,1,1,0,0,0,1,1,1,1,1,0,1,0,0,1,0,1,1,1,1,0,1,0,0,1,0,1,1,1,0,1,1
1,0,0,1,1,1,0,0,1,0,0,1,1,0,1,0,1,1,0,0,0,1,1,1,0,0,1,0,1,0,1,0,0,0,0,0,0,1,0,1,1,0,1,1,1,0,1,0,0,0,1,1,1,1,0,0,0,0,0,1,0,1,1,0,0,1,1,1,1,1,1,0,0,1,0
1,0,1,0,1,0,0,1,0,1,1,0,0,0,0,1,1,1,0,0,1,1,1,1,0,1,1,1,1,1,1,1,1,0,1,1,0,1,0,1,0,1,1,1,0,1,1,0,0,1,1,1,1,1,0,1,0,1,0,0,0,1,1,0,0,1,0,0,1,1,1,0,1,0,1
1,0,1,1,1,1,0,1,0,0,1,1,1,1,0,0,0,0,1,0,0,1,0,1,0,0,1,1,1,0,1,0,1,0,1,0,1,0,1,0,1,1,0,1,0,1,0,1,0,0,1,0,1,0,1,1,1,1,0,0,1,0,1,0,0,1,0,1,0,1,1,0,0,0,1
1,0,0,1,0,1,0,1,0,1,0,1,0,0,0,0,0,0,0,0,0,1,0,1,0,0,0,0,1,1,1,0,0,0,1,1,0,1,0,1,1,0,0,1,0,0,0,1,1,1,1,1,1,1,0,0,1,1,0,0,0,1,1,0,1,0,0,0,1,1,0,1,0,1,0
1,0,0,0,0,1,0,1,0,1,0,1,0,0,0,0,1,1,1,1,0,1,0,1,0,0,0,0,0,0,1,1,1,1,0,1,0,0,1,0,1,1,0,1,0,1,0,0,1,1,0,1,1,1,0,1,1,1,1,0,1,0,1,0,1,0,0,0,1,1,1,0,0,1,0
1,0,0,0,1,0,1,0,0,1,0,1,0,0,0,1,1,0,0,0,0,0,1,1,0,0,0,0,1,0,0,1,1,0,0,0,1,0,1,0,1,1,0,1,1,0,0,0,0,1,1,0,1,0,1,1,0,0,1,1,1,1,1,0,0,1,1,0,0,1,0,1,1,1,0
1,1,1,0,1,0,1,1,0,0,0,1,0,0,0,1,1,1,1,0,1,1,1,1,1,1,0,0,1,1,1,1,1,1,1,1,1,0,1,1,1,0,0,1,1,1,1,1,1,1,1,0,1,1,1,1,1,0,1,1,0,0,1,1,1,1,1,0,0,1,0,0,0,1,0
1,1,1,1,0,1,0,1,0,1,1,1,0,0,0,1,1,1,0,0,0,1,1,1,0,0,1,0,1,0,0,1,1,1,1,1,1,0,1,0,0,1,1,1,1,0,0,0,0,1,1,0,1,1,0,1,0,1,0,1,0,0,1,0,1,0,0,1,1,1,0,1,0,0,0
1,1,1,1,1,0,0,1,0,0,0,0,1,0,1,1,0,1,0,0,1,1,0,1,0,0,0,1,0,0,1,0,0,0,1,0,0,0,1,0,1,1,0,1,1,1,0,1,0,0,1,1,1,0,0,1,0,1,0,0,0,1,1,0,1,0,0,1,1,1,0,1,0,1,0
0,0,0,0,1,0,0,0,0,1,0,1,0,0,0,1,0,1,0,0,1,1,0,1,0,1,1,1,1,1,1,1,1,0,0,0,0,0,1,0,0,1,0,1,0,0,1,0,1,1,1,1,1,0,1,0,0,1,1,1,1,1,1,1,1,0,0,0,1,1,1,0,0,1,0
1,0,0,1,0,0,1,1,1,1,0,1,1,0,0,0,1,0,0,1,1,1,1,1,1,1,1,0,1,0,1,0,1,0,0,0,1,1,0,0,1,0,0,1,0,1,0,1,1,1,1,1,1,1,1,1,1,1,0,1,1,0,1,1,1,0,1,0,1,1,1,1,0,1,0
0,0,0,1,0,1,0,1,1,1,1,0,0,0,0,1,1,0,1,0,0,1,0,0,1,0,1,1,1,1,1,0,1,0,0,1,1,0,0,1,1,0,1,1,1,0,0,1,0,1,1,0,1,1,0,1,0,0,1,0,1,0,1,1,0,0,1,1,1,1,1,0,1,1,1
1,1,0,0,1,0,0,1,0,1,0,1,0,1,0,1,0,1,1,0,0,1,1,1,0,0,0,0,1,0,1,1,1,0,1,0,0,1,0,1,1,0,0,1,1,0,0,1,1,1,1,0,1,1,0,0,1,1,0,0,1,1,0,1,0,0,0,0,1,1,0,1,0,1,1
0,0,0,1,1,0,0,0,0,0,0,0,1,0,0,1,1,0,0,1,0,1,1,1,0,0,0,0,1,1,0,1,1,0,1,0,0,1,1,0,1,0,0,1,0,1,0,0,1,1,0,1,1,0,1,1,1,1,0,1,0,0,1,1,0,1,0,0,1,0,1,1,0,1,0
1,1,1,1,1,1,1,1,0,1,1,1,0,0,0,1,1,0,0,0,0,1,0,0,0,0,0,0,1,1,1,1,0,0,1,1,0,1,1,0,1,0,0,1,1,0,0,1,1,1,1,1,1,1,1,0,1,1,1,0,1,0,1,0,1,0,0,0,1,1,0,1,0,1,0
0,0,1,1,1,0,0,1,0,0,0,1,1,0,1,0,1,0,0,0,1,0,0,1,0,1,0,0,0,1,1,1,0,0,0,0,0,0,1,0,1,1,1,1,0,1,1,0,0,1,1,1,1,1,1,1,0,0,0,0,0,0,1,0,0,0,0,0,1,0,1,1,1,1,0
0,1,0,0,0,0,0,0,1,1,0,0,1,1,0,1,0,1,1,1,0,1,0,1,1,0,1,0,1,0,0,1,1,1,1,0,1,1,0,0,1,0,0,1,1,0,1,1,0,0,1,1,1,1,0,1,1,0,0,0,0,1,1,0,0,1,1,1,1,1,0,0,1,1,1
1,0,1,1,0,0,1,1,0,1,1,0,0,0,1,0,1,0,1,1,1,0,1,1,0,1,1,1,0,0,0,0,0,0,1,0,0,0,1,0,1,1,0,1,1,0,0,0,0,0,1,0,1,0,0,1,0,1,0,1,0,1,1,0,1,0,0,0,0,0,0,0,0,1,0
1,0,1,1,1,0,1,1,0,0,0,1,0,0,0,0,1,0,1,0,1,0,1,1,0,1,1,0,1,0,1,0,1,1,1,0,1,0,1,0,1,1,0,1,0,1,0,0,0,1,1,1,1,0,1,1,0,0,1,1,1,0,0,0,1,0,0,0,1,1,0,1,1,1,0
1,1,0,0,0,1,0,1,1,0,0,0,0,0,0,1,0,1,1,0,1,1,0,1,1,1,0,0,1,1,0,1,1,0,0,0,0,1,1,0,1,0,0,1,1,0,1,0,0,1,1,1,1,1,0,0,0,0,1,0,1,0,1,0,0,0,1,1,0,1,0,0,1,1,0
1,0,0,0,0,0,0,1,1,0,0,1,0,0,1,1,0,1,0,0,0,1,0,1,0,0,0,1,1,1,1,0,0,0,1,0,1,1,1,0,1,0,0,1,0,1,1,0,1,0,1,1,1,0,1,0,0,1,1,0,1,1,0,0,1,0,0,1,1,1,0,1,0,1,1
1,0,0,1,1,1,0,0,1,1,0,0,0,0,0,1,0,0,0,0,0,1,1,1,0,1,0,1,1,0,1,0,1,0,1,1,0,1,0,1,1,0,0,1,0,1,0,0,1,1,1,0,1,1,0,0,0,1,0,0,0,0,1,1,0,0,0,0,0,1,0,1,0,0,1
0,0,0,0,1,0,0,1,0,0,0,1,1,0,0,1,1,0,0,0,0,1,1,1,0,0,1,0,1,0,0,1,0,0,0,0,1,1,0,0,1,0,0,1,0,1,1,0,0,1,1,0,1,0,1,1,0,0,1,0,0,0,1,0,1,1,1,0,1,1,0,1,1,1,0
1,1,1,1,1,0,0,1,0,1,0,1,0,0,0,0,1,0,1,0,1,1,0,1,0,1,1,0,0,1,1,0,0,0,0,0,0,0,1,0,1,1,1,1,1,0,1,0,0,1,1,1,1,0,0,0,1,0,0,1,1,1,0,1,0,0,0,0,0,0,1,1,0,1,1
1,0,0,1,0,1,0,1,0,0,0,1,0,0,0,1,1,0,1,1,0,1,0,0,0,1,1,1,1,0,1,1,1,1,1,0,1,0,0,1,0,0,0,1,0,1,0,1,0,1,1,1,1,1,0,1,0,0,0,1,1,0,1,0,1,1,0,0,1,1,0,1,1,1,0
1,0,0,0,1,0,0,1,0,1,0,0,0,0,1,0,1,1,0,0,0,0,0,1,0,0,1,0,1,1,0,1,1,0,0,1,1,0,1,0,1,1,0,1,0,0,1,0,0,0,1,0,1,0,1,0,0,1,1,1,0,1,1,1,1,1,0,1,1,1,1,1,1,1,0
1,0,1,1,1,0,0,1,0,0,1,1,0,0,0,1,1,0,0,0,0,1,0,0,0,1,1,0,1,0,0,0,1,0,0,0,1,0,0,0,1,1,0,1,0,1,0,1,1,1,1,1,1,1,0,1,1,0,1,0,1,1,1,0,1,0,1,0,0,1,0,1,0,1,1
1,0,1,0,0,1,0,1,0,0,0,1,0,0,1,1,1,1,0,0,0,1,0,0,0,1,1,0,0,1,1,0,0,0,1,1,1,1,0,1,1,0,1,1,0,1,1,0,0,1,1,0,1,1,0,1,0,0,0,1,0,1,1,0,1,0,1,1,1,0,0,1,0,0,1
0,0,1,1,0,0,0,1,0,0,0,1,1,0,0,0,0,0,1,1,0,0,0,0,0,1,0,1,1,1,0,0,1,0,0,0,0,1,0,0,0,1,0,1,0,1,1,0,0,1,1,0,1,1,1,0,0,0,0,0,1,1,0,0,1,0,1,0,0,1,0,1,1,1,0
1,1,0,1,1,0,0,1,0,1,0,0,0,0,0,0,1,0,0,1,1,1,0,1,0,1,0,0,1,0,1,1,1,0,0,0,1,0,0,1,1,1,0,1,1,1,0,1,1,1,1,1,1,0,0,1,1,0,0,1,0,0,0,1,1,0,0,0,1,1,0,1,0,1,1
1,0,0,1,1,1,0,1,1,0,1,1,0,0,0,0,1,0,0,0,1,1,0,1,0,1,1,0,1,0,0,1,1,0,1,0,0,0,1,0,1,0,0,1,0,0,0,0,0,1,1,1,1,0,0,0,0,1,0,0,1,1,0,0,1,1,0,0,0,1,0,1,1,1,0
0,0,0,1,0,1,0,1,0,0,0,0,0,0,0,1,1,0,0,1,1,1,0,1,0,1,1,0,1,1,1,0,1,0,1,0,0,0,1,1,1,0,0,1,0,1,0,1,1,1,1,1,1,1,0,1,1,1,1,0,0,0,1,0,1,0,0,0,0,0,0,1,0,1,1
0,0,0,1,0,1,0,0,0,1,0,0,1,0,0,0,1,0,0,0,1,1,0,1,0,1,1,1,0,1,1,0,0,0,1,0,1,0,0,0,1,0,0,1,0,1,1,0,0,0,1,1,1,1,0,1,0,0,0,1,0,1,1,0,1,1,1,0,1,0,0,1,1,1,0
0,0,0,1,1,1,1,1,0,0,1,0,0,0,0,0,1,1,0,1,1,1,0,1,0,1,0,0,0,1,1,0,0,0,0,0,1,1,1,1,1,1,0,1,0,1,0,1,1,1,1,1,1,1,0,1,1,1,0,1,0,0,0,0,1,0,1,0,0,0,0,0,0,1,0
1,0,1,0,1,1,0,0,1,1,0,1,1,0,1,1,1,1,1,0,0,1,0,1,0,0,0,0,0,1,1,1,0,0,1,0,1,0,0,0,1,1,1,1,0,1,0,1,0,0,0,0,0,0,0,0,0,0,1,0,0,0,0,0,0,1,0,1,0,1,1,1,0,1,0
1,0,1,1,1,1,0,1,0,1,1,1,1,0,0,0,0,0,1,1,0,1,1,1,0,0,1,1,0,0,1,0,1,0,1,1,1,0,0,0,1,1,1,1,1,0,0,0,1,1,1,0,1,1,1,1,0,1,0,0,1,1,0,0,1,0,1,1,0,1,1,0,0,0,0
1,0,1,1,0,0,0,1,0,0,0,1,1,0,0,1,0,0,0,1,0,1,0,0,0,1,1,1,1,0,1,1,1,0,1,0,0,0,1,0,1,0,1,1,0,1,1,0,0,1,1,0,1,0,1,1,0,0,0,1,0,0,1,0,1,0,0,0,0,1,1,1,1,0,0
1,0,0,1,0,0,0,1,1,0,0,0,0,0,0,0,1,0,1,0,1,1,1,1,1,1,1,1,1,1,1,0,1,0,0,0,0,0,1,0,1,0,0,1,1,0,1,0,1,1,0,0,0,0,1,0,0,0,0,0,0,1,0,0,1,0,0,0,1,1,0,1,1,1,0
1,1,0,1,0,1,0,0,0,1,0,1,1,0,0,1,1,0,0,0,1,1,0,0,0,0,0,1,0,1,0,0,0,0,1,0,0,1,1,0,1,1,1,1,1,0,1,1,1,0,1,1,1,1,1,1,1,0,0,1,0,1,1,0,0,1,1,0,0,1,1,1,0,1,0
1,0,0,1,0,1,0,1,0,0,1,0,0,0,0,0,1,1,1,0,1,0,0,1,0,1,1,0,0,0,1,0,0,0,1,0,0,1,1,0,1,1,0,1,0,1,0,0,0,1,0,1,1,1,1,1,0,1,0,0,0,0,1,0,1,0,0,1,0,1,0,0,0,1,0
0,0,0,1,1,1,1,1,1,0,0,1,0,0,0,1,1,0,0,0,1,1,1,1,0,0,1,0,1,1,1,0,1,0,1,1,0,0,1,0,1,1,1,1,0,1,1,0,1,1,1,1,1,0,1,1,1,0,1,1,0,1,1,0,1,0,0,0,1,0,1,1,1,0,0
1,1,1,1,0,1,0,1,0,1,0,0,0,0,1,1,0,0,1,0,0,1,0,0,0,0,1,0,0,1,0,1,1,1,1,1,0,1,0,1,1,0,0,1,1,0,0,1,0,1,1,0,1,1,0,1,1,1,0,1,0,0,1,0,0,1,0,0,1,1,0,0,1,1,0
1,1,1,0,0,1,0,1,0,1,1,0,0,0,1,0,1,1,0,1,0,1,0,0,1,0,1,0,1,0,1,0,0,1,1,1,1,0,0,1,1,1,0,1,0,1,0,1,0,0,1,0,0,1,0,1,1,1,0,1,0,1,0,1,0,0,1,1,1,1,0,0,0,0,0
1,0,1,1,1,0,0,0,0,0,0,0,0,0,1,0,1,1,1,0,0,1,0,0,0,1,0,1,0,1,1,0,0,0,0,1,1,0,0,1,1,1,0,1,0,0,1,0,0,0,1,0,1,1,0,0,0,0,1,1,0,1,0,1,0,1,0,1,1,1,0,1,1,1,1
1,0,1,1,1,0,0,1,0,1,1,1,0,0,1,1,0,1,0,0,1,1,0,1,0,0,1,0,0,0,0,1,1,1,0,1,1,1,1,1,1,0,1,1,1,0,1,1,0,1,1,1,1,0,0,0,0,0,1,0,0,0,1,0,1,1,0,0,0,1,1,0,1,1,0
0,0,1,1,1,0,0,1,0,1,0,1,0,0,0,0,0,1,0,0,1,1,1,1,1,1,1,0,1,1,0,0,1,0,1,1,0,0,0,1,1,0,0,1,1,1,1,0,1,1,0,0,1,0,1,0,0,0,1,0,0,1,0,1,1,0,0,0,1,0,0,0,0,0,1
1,1,0,0,0,1,0,1,0,0,1,0,1,1,0,1,0,1,0,0,1,1,0,0,0,1,1,0,1,1,1,0,1,0,1,0,1,0,0,1,1,0,1,1,1,1,1,0,0,0,1,1,1,0,0,0,0,1,0,0,0,1,1,0,0,0,1,1,0,1,1,1,1,0,0
1,1,0,0,0,0,0,1,0,0,0,1,0,0,1,1,0,1,1,0,0,1,0,1,0,0,1,0,1,1,0,0,0,0,1,1,0,1,0,1,1,0,0,1,1,0,0,0,1,1,1,1,1,1,0,1,1,0,0,0,0,0,1,1,0,1,0,0,1,1,0,1,0,1,1
1,0,1,0,1,0,0,1,0,1,0,1,0,0,0,1,0,1,0,0,0,1,1,1,0,1,1,1,1,1,0,0,1,0,0,0,0,1,0,1,1,0,1,1,1,0,0,1,0,1,1,0,1,1,0,1,1,0,1,1,0,1,0,0,0,0,0,0,0,1,0,0,0,1,1
1,1,0,1,0,1,0,1,0,1,0,0,0,0,0,1,1,1,0,1,1,1,1,1,0,1,1,1,0,0,0,0,0,1,0,0,0,0,1,0,1,0,0,1,1,0,0,0,0,1,1,1,1,0,1,0,0,1,1,1,0,0,1,1,0,1,1,0,1,0,1,0,0,1,0
0,0,0,1,0,0,1,1,1,0,0,1,1,0,0,1,0,0,0,0,1,1,1,1,0,0,0,0,1,1,1,1,1,0,1,0,0,1,1,0,1,1,0,1,0,1,0,0,1,1,1,0,1,1,0,0,0,0,0,0,1,0,0,0,0,0,0,1,0,1,0,1,1,0,0
1,0,1,0,0,0,1,0,1,1,0,0,1,0,0,1,1,1,0,1,0,1,1,1,0,1,1,0,1,1,0,0,1,1,1,0,1,1,1,0,1,0,1,1,0,1,1,1,1,0,1,0,1,1,0,1,1,0,1,0,0,1,1,1,1,0,0,0,1,1,1,0,0,1,1
1,0,1,1,1,0,0,1,0,0,0,1,1,0,1,1,1,1,1,1,1,1,0,0,0,0,1,0,0,0,1,0,1,0,1,1,1,1,0,1,0,0,1,1,0,0,0,1,0,0,1,1,1,1,0,0,1,1,1,1,0,1,0,0,1,0,1,1,1,1,1,1,1,0,1
1,1,0,0,1,1,0,1,0,1,0,1,0,0,0,0,0,0,0,0,0,1,0,1,0,1,0,0,1,0,1,0,1,0,1,0,0,1,1,0,1,1,0,1,1,0,0,0,1,1,1,1,1,1,0,1,0,0,1,1,0,1,0,0,1,0,1,1,1,1,0,1,0,1,0
0,0,1,0,1,1,0,1,1,1,0,1,1,0,1,0,1,1,1,1,1,1,1,1,1,0,1,0,1,0,1,1,1,0,1,1,1,0,1,0,1,1,0,1,0,1,0,1,0,1,1,0,0,1,0,0,1,1,0,1,0,1,1,1,1,0,1,0,0,0,0,1,0,0,0
1,1,0,1,0,0,0,1,1,1,0,1,0,0,0,0,0,1,0,1,1,0,0,0,0,0,1,1,1,0,1,1,1,0,0,1,0,1,0,1,0,1,1,1,0,1,1,0,0,1,1,1,1,0,0,0,0,1,0,0,1,0,0,0,1,0,0,0,1,1,0,0,1,1,0
1,0,0,1,0,1,0,1,1,1,1,1,0,0,0,0,1,1,1,0,1,1,1,1,0,0,0,1,0,0,1,0,0,0,1,1,1,1,0,1,0,0,0,1,0,1,0,0,1,1,1,1,1,0,0,1,1,1,0,1,1,1,1,0,1,0,0,0,0,1,1,0,0,1,1
1,1,0,0,1,0,0,1,0,0,1,1,0,0,0,1,0,1,0,1,1,1,1,1,0,0,0,1,1,1,0,1,0,0,1,0,1,1,0,1,0,0,0,1,1,1,1,0,1,1,0,0,1,1,0,1,0,0,1,1,0,0,1,0,1,0,0,0,1,1,0,0,0,1,1
1,1,0,1,1,1,0,1,0,1,1,0,0,0,0,1,0,0,0,0,0,0,1,1,0,1,1,1,1,0,1,0,1,0,0,0,1,0,1,0,0,0,0,1,1,0,0,0,1,1,1,0,1,1,0,1,1,0,1,0,1,1,1,0,1,0,0,0,1,1,1,1,1,1,1
1,0,0,0,0,1,0,1,0,0,1,1,0,1,0,0,1,1,0,0,1,1,0,1,1,1,0,1,0,0,0,1,0,0,0,0,0,1,1,0,1,1,0,1,0,1,1,0,0,1,1,1,1,0,0,1,0,1,1,1,0,0,1,1,0,0,1,1,0,1,0,0,0,1,0
1,0,0,1,0,0,0,1,0,1,0,0,0,0,0,1,0,1,0,0,1,0,1,1,1,1,0,1,1,1,0,0,1,0,1,1,0,1,1,0,1,1,1,1,0,1,0,0,1,1,0,1,1,1,0,1,0,1,1,0,0,0,1,0,1,0,0,0,0,1,0,0,0,1,0
0,0,0,0,0,0,0,1,0,0,0,0,1,0,0,1,1,1,1,1,0,1,1,1,0,1,1,1,0,0,0,1,0,0,1,1,1,1,0,1,1,0,0,1,1,0,0,0,0,0,0,1,1,1,0,1,1,0,1,0,0,1,0,0,0,0,1,1,1,0,0,0,1,1,0
1,0,0,1,1,1,0,1,1,0,0,1,1,0,0,0,1,1,0,0,1,0,0,1,0,0,0,1,1,0,0,0,1,0,1,1,0,1,0,1,1,1,1,1,0,0,1,0,0,0,0,1,1,0,0,1,0,0,1,1,1,0,1,0,0,0,1,1,1,1,1,0,0,1,1
1,0,0,1,1,1,1,0,1,1,1,1,0,0,0,1,1,1,1,0,0,1,1,1,0,1,0,1,0,1,1,0,0,0,1,0,0,1,0,1,1,0,0,1,0,1,0,1,0,0,1,1,1,1,0,1,1,1,1,0,1,1,1,0,0,1,0,0,1,1,0,1,0,0,0
1,0,1,1,0,1,0,0,1,1,1,1,0,1,0,0,1,0,1,1,1,0,1,1,0,0,1,0,1,1,0,1,1,0,0,0,1,1,1,1,1,1,1,1,1,1,1,0,1,0,0,1,1,1,0,0,0,1,0,1,1,1,0,0,0,1,1,0,0,1,1,1,0,1,0
1,1,0,1,0,0,1,1,1,0,1,1,0,0,1,1,1,0,0,1,0,1,1,1,1,1,1,1,0,0,0,1,0,0,1,1,0,0,0,1,1,0,0,1,1,1,0,1,0,1,1,0,1,0,1,1,0,1,0,0,0,1,1,0,1,1,1,0,1,1,0,0,0,0,0
1,0,0,1,1,0,0,1,0,0,0,1,0,1,1,1,1,1,1,0,0,1,0,1,0,0,0,0,1,0,0,1,0,0,1,1,0,0,0,1,1,0,0,1,1,1,0,0,1,0,1,1,1,1,1,1,0,1,1,1,1,1,0,0,1,0,0,0,1,1,1,1,0,0,1
1,1,0,0,1,1,0,0,1,0,0,0,0,1,1,0,1,0,1,0,0,1,0,1,1,1,1,0,0,0,1,1,0,0,1,1,0,0,0,1,1,0,0,1,1,0,0,0,0,1,1,0,1,1,0,1,0,1,0,1,1,0,1,0,1,1,0,1,1,1,1,0,0,1,0
0,0,1,0,1,1,0,0,0,0,0,1,1,1,1,0,1,0,0,1,1,0,0,0,0,1,1,0,0,0,1,0,0,0,1,0,1,1,0,0,1,1,1,1,0,1,0,0,0,0,1,1,1,0,0,1,1,1,1,0,1,1,0,0,1,0,1,1,1,1,1,0,0,1,0
1,1,0,0,1,0,0,0,0,0,0,1,0,0,1,1,0,0,0,1,0,1,0,0,0,0,1,0,1,1,0,1,0,0,0,1,1,0,0,1,1,0,0,1,1,0,1,0,0,1,1,1,1,1,1,1,0,1,0,0,0,0,0,1,1,0,0,0,1,1,0,1,1,1,0
1,1,0,1,1,0,0,0,0,0,0,0,0,1,1,0,1,1,0,1,0,1,0,1,0,0,0,0,1,1,0,0,0,0,1,0,0,0,1,1,1,0,0,1,1,1,1,0,0,1,1,0,1,0,0,0,0,0,0,1,0,1,0,0,0,1,1,1,0,1,1,1,0,1,1
1,0,0,0,1,1,0,1,0,0,0,0,0,0,0,0,1,0,1,0,0,0,0,1,0,0,0,0,1,1,1,0,0,1,0,0,0,1,1,0,0,1,0,1,1,1,0,1,1,1,1,1,1,0,1,0,1,1,1,0,0,0,1,0,0,1,1,1,0,1,1,1,0,1,0
1,0,1,0,1,1,0,1,0,1,1,0,1,0,0,0,1,1,1,1,1,1,0,0,0,1,1,1,0,0,0,0,0,1,1,0,0,0,1,0,1,1,1,1,0,1,1,1,0,1,1,1,0,0,1,0,1,1,1,1,0,0,0,0,0,0,1,0,0,0,1,0,0,1,0
1,1,1,0,1,0,0,1,0,1,0,1,0,0,1,0,1,0,0,0,1,1,1,1,0,0,1,1,0,0,0,1,0,0,0,0,1,0,0,0,1,0,0,1,0,0,0,1,0,1,1,0,1,0,1,0,1,1,1,1,1,1,0,0,1,0,1,0,1,1,0,1,1,1,0
0,0,0,1,1,0,0,1,1,0,1,0,0,1,0,0,1,0,1,0,1,1,0,1,0,0,0,1,0,1,0,0,0,0,0,1,1,1,0,1,1,0,0,1,1,0,1,0,0,1,1,1,1,1,1,0,1,0,1,1,1,1,1,1,1,1,0,0,1,1,0,1,1,1,0
0,1,1,0,0,0,0,1,1,1,0,0,0,0,1,1,1,1,0,0,1,0,1,1,0,0,1,0,0,0,1,0,0,1,0,1,1,1,0,1,1,0,0,1,1,1,1,1,1,1,1,0,1,1,1,1,1,0,0,1,0,1,0,0,0,0,0,1,0,1,0,1,0,1,0
1,0,0,1,1,0,0,1,0,0,0,1,0,1,0,0,0,0,0,0,1,0,0,1,0,0,0,1,1,1,0,0,1,0,1,0,1,1,0,1,0,0,0,1,0,1,1,1,1,1,1,1,1,0,0,0,0,0,0,0,0,1,0,0,0,1,0,1,1,1,0,1,0,1,0
1,0,1,1,1,1,0,1,0,1,1,0,1,0,1,0,1,0,0,1,0,1,0,1,1,1,1,0,1,0,1,0,1,0,0,1,0,1,1,1,1,1,0,1,0,1,0,0,1,1,1,1,1,1,0,1,0,1,1,1,0,0,1,1,0,0,1,1,1,1,0,0,0,0,0
1,0,0,1,0,1,0,1,0,1,1,0,0,0,0,1,1,1,1,1,1,1,0,1,0,0,1,1,1,0,0,1,0,0,0,1,1,0,1,0,1,0,1,1,1,0,1,0,0,0,0,1,1,0,1,1,0,1,1,1,0,0,0,0,1,0,0,0,0,1,1,0,0,0,0
1,1,1,1,0,0,0,1,0,0,0,1,0,0,0,1,1,1,1,1,0,1,1,1,0,0,1,1,1,1,0,1,1,0,0,1,1,0,0,1,1,0,1,1,1,1,0,1,0,1,1,0,1,0,0,1,1,1,0,0,0,0,0,0,1,0,0,0,1,1,0,0,0,1,1
1,1,1,1,1,0,1,1,0,0,0,1,0,0,0,1,0,1,0,0,1,1,1,1,0,0,1,0,1,0,1,0,0,0,0,0,1,0,0,1,1,0,0,1,1,1,0,0,0,1,1,0,1,0,0,0,1,1,1,0,0,0,1,1,1,0,0,0,1,1,0,0,0,1,0
1,0,0,1,1,1,0,1,1,0,0,0,1,0,0,1,1,1,0,0,1,0,0,1,1,1,1,1,0,0,0,1,1,0,1,0,0,0,0,1,1,0,1,1,1,0,0,1,1,1,1,1,1,0,0,0,1,1,0,1,0,1,1,0,0,0,0,1,1,1,1,0,0,0,0
1,1,1,0,0,0,0,1,1,0,1,0,1,1,0,1,1,1,1,1,1,1,1,1,1,0,1,0,1,0,1,0,1,0,1,0,1,1,1,0,0,0,1,1,1,1,1,1,0,1,1,0,1,1,1,1,1,0,0,1,0,1,1,0,1,1,0,1,0,1,1,0,1,0,0
1,1,0,1,1,1,0,1,1,0,1,1,1,0,0,0,0,0,1,0,0,1,1,1,0,1,1,0,1,0,0,0,1,0,0,1,1,0,1,1,1,0,0,1,0,0,0,0,0,0,1,0,1,0,0,0,0,0,0,0,1,1,0,1,1,0,1,0,0,1,0,1,1,1,1
1,0,0,1,0,0,0,1,1,1,1,1,0,0,1,0,1,0,0,0,0,1,0,0,1,0,1,0,1,0,0,1,0,0,1,1,0,0,0,1,0,0,1,1,0,1,0,0,0,1,1,1,1,0,0,1,0,1,0,0,0,1,1,0,0,1,0,1,1,1,0,1,0,1,0
0,0,0,1,0,0,0,1,0,0,1,1,0,0,0,1,0,0,0,0,0,1,0,0,1,0,1,1,1,0,0,0,0,0,0,1,1,1,1,0,1,1,0,1,0,0,0,1,1,0,1,1,0,1,0,0,1,0,1,0,0,1,1,0,1,0,1,0,0,0,1,1,1,1,0
1,0,0,1,1,0,0,1,0,1,0,1,0,0,0,1,1,1,0,0,0,1,1,1,0,0,1,1,1,0,0,0,1,0,0,0,1,1,1,0,1,0,1,1,1,0,1,0,0,1,0,0,1,1,0,0,1,0,0,1,1,0,1,0,0,0,1,1,1,1,0,0,1,1,0
1,1,1,1,1,0,1,0,0,1,1,1,0,0,0,1,1,0,1,0,0,0,0,1,1,0,0,1,0,1,1,0,1,0,1,0,1,0,1,0,1,1,1,1,0,0,1,1,0,1,1,0,1,0,0,0,1,0,0,1,1,1,1,0,1,1,0,1,0,1,1,1,1,0,0
1,0,0,0,1,1,0,1,0,1,0,1,0,0,1,0,1,0,1,0,1,1,0,1,0,0,0,1,1,0,1,0,1,1,1,1,0,0,1,0,1,1,1,1,0,1,1,1,0,1,1,0,0,1,0,1,1,0,1,1,0,1,1,0,1,0,0,1,0,1,1,0,0,1,1
1,0,0,0,1,1,0,1,0,1,0,0,0,0,0,0,1,1,1,0,1,1,0,1,1,1,1,0,0,0,0,0,1,1,1,1,0,0,0,1,0,1,1,1,0,0,0,0,1,1,1,1,1,1,0,1,0,1,1,0,0,0,1,0,1,0,0,0,0,1,1,0,0,1,1
1,0,1,1,0,0,0,1,0,1,0,0,1,0,1,1,0,0,0,0,0,1,1,1,0,0,0,0,0,0,1,0,0,0,1,1,0,0,0,1,0,0,1,1,0,1,0,1,0,0,1,1,1,1,0,1,1,0,1,1,0,1,1,0,1,0,1,1,1,1,0,0,1,0,0
1,0,0,1,1,0,0,1,0,0,1,0,1,0,1,1,1,1,0,0,1,1,0,1,0,0,0,1,1,0,1,0,0,0,0,0,0,0,1,0,1,0,1,1,0,0,1,0,1,0,1,0,1,0,1,1,0,1,0,0,0,1,0,0,1,0,0,0,1,1,1,0,0,0,0
0,0,0,0,1,0,0,1,0,0,0,0,1,0,1,1,1,1,0,0,0,0,0,1,0,0,1,0,0,0,0,1,0,0,0,1,1,1,0,1,1,0,1,1,1,1,1,1,0,1,1,1,1,0,0,1,1,1,1,0,0,0,1,0,0,0,0,1,1,0,0,0,0,1,1
1,1,0,1,0,1,0,1,1,1,0,0,0,0,0,1,1,0,1,0,0,1,1,1,0,1,0,0,0,1,1,1,0,0,1,1,0,0,0,1,1,0,0,1,1,1,0,1,1,1,1,1,1,0,1,1,1,0,0,1,0,1,1,1,1,0,0,0,1,1,1,1,0,1,0
1,0,0,1,1,0,0,1,1,1,0,0,0,0,1,0,0,1,0,0,1,1,1,1,0,0,0,0,1,0,0,1,0,1,1,1,1,0,0,1,1,0,0,1,1,1,0,0,0,0,1,1,0,0,0,0,1,0,1,1,0,1,1,1,1,0,1,1,0,1,0,0,0,0,0
1,0,0,0,1,0,1,1,1,1,0,1,0,0,0,1,1,1,0,1,1,1,1,1,0,1,1,0,0,0,1,1,0,0,1,0,0,1,0,1,0,0,1,1,0,1,0,1,0,0,1,1,1,1,0,1,1,0,0,0,0,0,1,0,0,1,1,1,1,1,1,0,1,1,1
1,1,1,0,1,1,0,1,1,0,1,1,0,0,0,0,1,1,0,0,0,1,1,1,0,0,0,0,1,1,0,0,1,0,1,1,0,1,0,1,0,0,1,0,1,0,1,0,0,1,1,0,1,1,0,1,0,1,1,1,0,1,1,0,0,1,0,0,0,1,1,0,1,1,0
1,1,1,1,0,1,1,0,0,1,0,1,1,0,0,0,0,1,0,1,0,1,1,1,1,0,0,0,0,0,0,1,0,0,1,0,0,0,0,1,1,1,0,1,1,0,1,1,0,0,1,0,1,1,0,1,1,0,1,1,1,1,0,0,0,1,0,1,0,1,0,0,0,0,0
0,0,0,1,1,0,0,0,1,0,0,1,0,0,1,0,1,1,1,0,0,1,1,1,0,0,0,0,0,1,0,1,0,0,0,1,0,0,0,1,1,1,1,1,0,1,0,1,0,1,1,1,1,1,1,1,1,0,0,1,0,1,0,0,0,1,1,1,1,1,1,0,1,1,0
1,0,1,1,1,1,0,1,1,0,0,0,0,0,1,1,1,1,0,0,1,1,1,1,1,1,1,1,1,0,1,1,0,0,0,0,1,0,0,0,0,0,1,1,1,0,0,1,0,1,1,0,0,1,0,1,1,1,1,1,0,1,1,0,0,0,0,1,0,1,1,0,0,1,1
1,1,1,1,0,0,0,0,1,0,0,1,0,0,1,0,1,0,1,0,1,1,1,1,0,0,0,1,1,0,0,1,0,0,1,0,1,0,0,1,0,1,0,1,1,1,0,1,0,1,1,1,1,1,0,0,1,0,0,1,0,0,1,1,0,1,0,0,1,1,0,0,1,1,0
0,0,1,1,1,0,0,1,0,1,1,1,1,0,0,1,1,1,1,0,1,1,0,1,0,0,0,1,1,1,0,1,1,0,0,0,0,0,0,0,1,1,1,1,1,1,1,1,0,0,1,1,1,1,0,0,0,0,1,1,1,0,1,0,1,0,0,1,0,1,1,0,0,1,1
1,0,0,1,1,0,0,0,0,1,0,1,0,0,1,1,1,0,1,0,0,1,0,1,1,1,1,1,1,1,0,1,1,0,1,0,1,1,1,0,1,0,0,1,0,0,0,1,1,1,1,1,1,1,0,1,0,1,0,1,0,0,1,0,1,1,1,1,0,1,0,1,0,1,0
1,0,0,0,1,1,0,0,0,1,1,1,0,0,0,1,0,1,0,0,0,1,0,1,0,1,1,0,1,1,0,0,1,0,0,0,0,0,0,1,0,1,0,1,1,0,1,0,0,1,1,1,1,0,1,1,0,1,1,0,1,1,1,0,0,1,1,0,0,1,0,0,0,1,0
1,0,0,0,1,1,0,1,0,0,0,1,0,1,1,1,1,0,0,0,0,1,0,1,0,0,1,0,1,1,0,1,0,0,1,1,0,0,1,1,1,0,0,1,1,1,1,0,1,1,1,1,1,0,1,1,0,0,1,0,0,0,1,0,1,0,1,0,1,1,0,1,0,1,1
1,0,1,0,1,0,1,0,0,0,0,1,1,1,0,0,0,1,1,0,0,0,1,1,0,0,1,0,1,0,1,1,1,0,1,0,0,1,0,0,1,1,0,1,0,1,0,0,0,0,1,1,1,1,1,1,0,0,0,0,1,0,1,0,0,1,1,1,0,0,0,0,0,1,0
1,1,1,1,0,0,0,1,0,1,1,1,1,0,1,0,0,0,1,0,0,1,0,1,1,0,0,1,0,0,1,1,0,0,1,0,1,1,0,0,1,1,1,1,1,0,0,1,0,1,1,0,1,1,0,1,1,1,0,0,1,0,1,0,1,1,1,1,1,1,0,0,1,1,0
1,0,0,0,1,0,0,0,0,0,0,1,1,0,0,1,1,1,1,0,1,1,1,1,0,0,1,0,0,0,0,1,0,0,0,0,1,0,0,0,1,0,0,1,1,1,1,0,0,0,1,0,1,0,1,1,0,1,1,1,1,1,1,1,0,1,1,1,1,1,0,1,0,1,0
1,0,0,0,1,0,1,1,0,1,1,1,0,0,1,1,0,1,1,1,1,1,1,1,1,1,1,0,0,1,0,0,0,0,1,1,1,0,0,0,0,1,0,1,0,1,1,0,0,1,0,0,1,0,1,0,0,0,0,0,0,0,1,0,0,1,0,1,0,1,0,0,1,0,0
0,0,0,1,1,1,1,1,0,1,1,1,1,0,0,1,0,0,0,1,0,0,1,1,1,1,1,1,0,1,1,0,1,0,0,0,1,0,0,0,0,0,1,1,0,0,0,1,1,0,1,0,1,0,1,0,1,1,0,0,1,0,1,0,0,0,0,1,0,1,1,1,0,0,0
1,0,0,0,1,0,0,1,0,1,1,1,1,0,0,0,1,0,0,0,0,1,0,1,0,1,0,0,0,1,1,1,0,0,1,0,0,0,1,0,1,1,0,1,0,0,0,0,0,0,1,1,1,1,0,1,0,1,1,1,1,0,0,0,0,0,1,1,0,0,1,1,0,1,0
1,1,1,0,1,1,0,0,0,1,0,0,0,0,1,0,1,0,1,0,1,1,0,1,1,0,1,1,1,1,0,1,1,0,0,0,0,0,1,0,1,1,1,1,1,0,0,0,0,1,1,1,1,1,0,0,0,1,1,0,0,0,1,0,0,1,0,0,1,1,1,0,0,1,0
0,1,0,0,1,1,0,1,0,1,0,1,1,0,1,0,1,1,0,0,0,0,0,0,0,1,0,1,0,1,0,0,0,1,0,0,0,0,1,0,1,0,0,1,1,0,0,0,1,1,0,1,1,0,0,1,1,1,1,1,1,1,1,0,1,0,0,0,1,1,0,1,0,1,0
1,1,0,0,0,1,0,1,1,1,0,1,1,0,0,1,1,0,0,1,1,1,0,0,1,0,1,1,1,1,1,1,1,1,1,0,1,0,1,0,1,1,0,1,1,0,1,0,1,0,1,1,1,0,0,0,0,1,0,0,1,0,0,0,1,1,0,0,1,1,0,1,0,1,0
1,0,1,1,0,0,0,1,0,1,0,1,0,0,1,0,0,1,1,0,0,1,0,0,0,0,1,1,1,0,1,1,0,1,1,1,1,1,0,1,1,0,1,1,0,0,0,0,0,0,0,1,0,0,1,1,0,1,1,0,1,0,1,0,1,0,1,0,1,1,1,1,0,1,0
0,0,0,0,0,0,1,1,0,1,1,1,0,0,0,1,1,1,0,0,1,0,0,0,1,1,0,1,1,1,1,1,1,0,0,1,0,1,0,1,1,0,0,1,0,1,0,1,1,1,0,1,1,1,0,0,1,1,1,1,0,1,1,0,1,0,0,0,1,1,1,0,0,0,0
1,0,1,1,0,1,0,1,0,0,1,0,1,0,1,0,1,0,0,1,0,1,0,1,1,0,1,1,0,0,0,0,0,0,1,0,1,0,1,0,1,0,0,1,1,1,1,0,0,0,0,1,1,1,1,1,0,0,0,0,0,1,1,1,1,0,0,0,1,1,1,0,1,0,0
0,1,1,1,0,1,0,1,0,1,0,1,1,0,1,0,1,1,1,0,1,0,0,1,1,0,1,1,0,0,1,0,0,1,1,1,1,0,0,1,1,0,1,1,0,1,1,1,1,0,1,0,1,1,0,0,0,0,1,1,1,1,1,0,1,0,0,0,1,1,1,0,0,0,0
1,0,1,0,1,1,0,1,1,1,0,0,1,0,0,0,0,1,0,0,1,1,0,1,0,1,1,0,1,1,0,0,1,1,1,1,1,1,0,1,1,1,1,1,1,1,0,1,0,1,0,1,1,1,1,1,1,1,1,1,0,1,1,1,1,0,0,0,1,1,1,0,0,1,0
1,0,1,1,1,0,0,1,0,1,0,1,0,0,0,1,1,1,1,0,1,1,0,1,0,0,1,1,0,1,1,1,1,0,1,0,0,0,0,1,1,0,0,1,0,0,1,0,1,1,0,1,1,1,0,1,0,0,1,1,1,0,1,0,1,0,0,0,1,1,0,0,0,0,1
1,0,0,1,0,0,0,1,0,0,1,1,0,1,0,1,1,1,1,0,1,0,1,1,0,1,1,1,1,0,1,1,1,0,1,0,1,0,1,0,1,1,1,1,0,1,0,1,1,1,1,1,1,0,0,1,1,0,1,0,1,1,1,0,1,0,0,0,0,1,1,0,0,0,0
1,0,1,1,1,0,0,1,0,0,1,1,0,0,0,0,0,1,0,0,0,1,0,0,0,0,1,1,1,0,0,0,1,0,1,0,0,0,1,0,1,1,0,1,1,1,1,0,0,1,1,0,1,1,1,1,0,0,0,1,0,1,1,1,1,0,1,1,1,1,0,0,0,1,1
1,0,0,0,0,0,1,1,0,1,0,1,0,0,0,1,1,0,1,1,1,0,1,1,1,0,1,0,1,0,1,0,1,0,0,1,1,0,0,1,1,1,0,1,0,1,0,0,1,0,1,0,1,1,0,0,0,1,1,1,1,1,1,0,0,0,1,1,0,1,0,0,0,1,0
0,1,0,0,1,1,0,1,0,1,1,1,1,1,0,1,0,0,0,0,0,1,1,1,1,0,1,1,1,1,1,1,1,0,0,1,0,1,0,1,1,0,0,1,0,1,0,0,0,0,1,0,1,1,0,1,0,1,1,1,0,0,1,0,0,0,1,0,1,1,1,0,0,1,1
0,0,0,0,1,1,0,1,0,0,1,0,1,0,1,1,1,1,1,0,1,1,0,1,1,1,1,0,0,1,0,1,0,1,1,1,1,1,1,1,1,0,0,1,1,0,0,0,0,0,0,1,1,1,0,1,0,0,1,0,0,1,1,0,0,0,1,1,0,0,0,1,0,1,1
1,0,1,0,1,0,1,1,0,1,1,1,0,0,0,1,1,0,0,1,1,1,1,1,0,1,1,1,1,1,1,1,0,0,0,1,1,0,1,0,1,1,1,1,1,1,1,1,0,1,1,1,1,0,1,1,1,0,1,1,0,0,1,0,1,1,0,0,1,1,1,1,1,1,0
1,0,1,1,1,0,0,1,0,0,1,0,1,0,0,0,0,1,1,0,0,0,1,1,1,1,0,0,0,1,0,0,0,0,1,1,0,0,1,0,0,1,0,1,1,0,1,0,0,0,1,0,1,0,1,1,1,1,1,1,0,0,1,0,0,0,0,0,0,1,0,1,0,0,1
1,1,1,1,1,1,0,1,0,0,0,1,1,0,1,0,1,0,0,0,1,1,0,1,0,0,1,0,0,0,1,0,0,0,0,0,0,1,1,0,1,1,1,1,0,1,0,0,0,1,1,1,1,0,1,1,1,0,0,1,1,1,0,0,1,0,0,1,0,1,1,1,0,1,0
0,0,1,1,1,1,0,1,1,0,0,0,0,0,1,0,1,1,0,1,1,1,0,1,0,1,1,1,1,1,0,0,1,0,1,0,1,0,1,0,1,1,1,1,1,0,1,1,0,1,1,1,1,1,0,0,1,1,0,0,0,0,0,0,1,0,1,1,0,1,0,0,0,1,0
1,0,0,1,0,0,0,1,1,0,0,0,0,0,1,0,0,0,1,0,1,1,0,1,1,0,1,1,0,0,1,0,0,0,1,1,1,0,0,1,0,1,1,1,0,0,0,0,0,1,1,1,1,0,0,1,0,1,1,0,0,1,1,0,1,0,0,0,0,1,1,0,0,1,0
0,0,0,1,0,0,0,1,0,1,0,1,1,0,1,1,1,1,0,0,0,1,1,1,1,0,1,1,1,1,1,0,0,0,1,0,1,1,1,0,1,0,1,1,1,0,1,0,0,0,0,0,1,1,1,1,0,0,1,1,1,1,1,0,0,0,0,1,0,0,1,1,1,1,0
1,1,1,0,1,0,0,1,1,0,0,0,1,0,0,1,1,0,1,0,0,1,0,1,1,0,0,0,1,1,1,0,1,1,1,0,0,0,1,0,1,1,0,1,0,1,0,0,0,0,1,1,1,0,1,1,0,0,1,1,0,1,0,0,1,0,0,1,0,1,1,1,1,1,0
1,1,1,0,1,1,0,1,1,0,0,1,0,0,0,0,1,1,1,0,1,1,0,1,1,0,0,1,1,0,0,0,0,0,1,1,1,0,0,1,1,1,0,1,1,0,0,0,1,1,1,1,1,0,0,1,0,1,0,0,1,1,0,0,0,0,0,0,0,1,0,0,0,1,1
1,1,0,1,0,0,0,1,0,0,0,0,0,0,1,1,1,1,0,0,1,1,0,1,0,0,0,0,0,0,1,1,0,0,0,1,1,0,0,1,1,0,0,1,0,1,1,0,0,1,1,1,1,0,1,0,0,0,1,0,0,0,1,0,1,0,1,1,1,1,0,1,0,1,0
1,0,1,0,0,0,0,1,0,0,0,1,0,0,0,1,0,1,0,1,0,0,0,1,0,1,1,0,0,0,1,1,1,0,1,1,1,0,0,1,1,0,1,1,1,1,0,0,1,1,1,1,0,0,1,0,0,0,1,1,0,0,1,0,1,0,0,0,1,1,1,0,1,1,0
1,0,0,0,1,1,0,1,0,0,0,1,0,0,1,1,1,0,0,0,1,1,0,1,0,1,0,0,0,1,1,1,0,0,1,1,1,0,0,1,1,0,0,1,0,0,0,0,0,0,1,1,1,1,0,1,0,0,1,0,1,1,0,0,1,0,0,1,1,1,0,0,0,1,1
1,0,1,1,1,0,0,1,0,0,1,0,0,0,0,0,0,0,0,0,1,1,1,1,1,0,1,0,0,0,1,0,1,0,1,1,1,1,1,0,0,1,1,1,0,1,0,1,1,0,1,1,1,1,0,1,0,1,0,0,0,1,1,0,0,0,1,1,0,1,0,1,0,1,0
1,0,0,0,0,1,0,1,0,0,0,0,0,1,1,0,1,0,0,1,0,1,0,1,0,0,1,0,0,0,1,1,0,0,0,1,1,0,0,1,1,0,0,1,0,1,0,1,0,0,1,1,1,1,0,1,1,1,0,0,0,0,0,0,1,0,0,0,1,1,0,0,1,1,1
1,1,0,1,1,1,0,1,0,1,1,0,1,0,1,1,1,1,0,0,1,0,0,1,0,0,1,0,0,1,1,0,0,0,1,1,1,1,0,1,1,0,1,1,1,1,1,0,0,0,1,1,1,1,1,0,0,0,1,1,0,1,0,0,1,0,0,0,1,1,1,1,0,1,0
0,1,1,1,1,0,0,1,0,1,0,0,1,1,1,1,1,1,0,0,1,1,0,0,0,0,1,0,0,1,0,1,1,0,0,1,0,0,0,1,0,0,1,1,0,1,1,0,0,0,1,1,1,1,1,0,0,0,1,1,0,0,1,0,1,0,0,0,1,1,1,0,0,1,1
0,0,0,1,0,1,0,1,0,1,1,1,1,0,0,0,1,1,0,0,0,1,0,1,0,0,1,0,1,1,0,0,1,0,1,0,0,0,1,0,1,0,0,1,1,0,1,1,1,0,1,1,1,0,1,1,1,1,1,1,0,0,0,1,1,0,1,1,1,1,1,1,0,1,0
1,1,1,0,1,0,1,1,0,1,1,0,0,0,0,0,1,0,1,0,1,1,1,1,0,0,1,0,1,0,1,1,1,0,1,0,1,0,1,0,1,1,0,1,0,0,0,1,0,1,1,1,1,1,0,1,1,1,1,0,0,0,1,0,0,0,0,0,1,1,0,1,1,1,0
1,0,0,0,1,1,0,1,0,0,0,0,1,0,0,0,1,1,1,0,1,0,0,0,1,0,0,0,1,0,0,0,1,0,1,0,1,0,1,0,1,1,1,1,0,1,0,1,0,0,1,1,1,0,1,1,1,1,1,0,0,1,0,0,0,0,0,1,0,1,1,0,0,1,0
0,1,1,1,1,1,1,1,0,1,0,0,1,1,1,0,1,0,0,1,0,0,0,0,0,0,0,1,0,0,1,1,0,1,0,1,0,1,1,0,0,1,1,1,1,0,0,1,1,1,1,1,1,1,0,1,1,0,0,1,0,0,0,1,0,0,1,0,0,1,1,0,0,1,1
0,0,0,0,1,1,0,1,0,0,0,1,1,0,0,1,0,1,1,0,1,1,0,1,0,0,0,0,1,0,0,1,1,1,1,0,1,1,1,0,1,0,0,1,1,0,1,0,0,1,0,0,1,0,1,0,1,0,0,0,0,0,1,0,1,1,0,1,1,1,0,0,1,0,0
1,0,0,1,0,1,0,1,0,0,1,1,0,0,0,1,1,0,0,1,0,1,0,0,0,0,1,0,1,0,0,0,1,0,0,1,1,0,0,1,1,0,0,1,1,1,0,0,1,0,1,1,1,1,0,1,1,1,1,0,0,1,1,1,1,0,1,1,1,1,0,1,0,1,0
0,0,0,1,1,0,0,1,0,0,1,0,1,0,1,0,1,1,0,0,0,1,0,0,0,0,1,1,1,1,1,1,0,0,1,1,0,0,1,0,1,0,0,1,0,1,1,1,0,1,1,0,1,1,0,1,1,1,1,1,0,0,1,0,1,0,1,1,1,1,1,1,0,0,0
1,1,0,1,1,0,1,1,0,0,1,0,1,1,1,0,0,0,0,0,1,1,1,1,0,0,1,1,1,0,0,1,0,0,1,0,1,1,1,0,1,1,0,1,1,1,1,1,0,0,1,0,1,0,0,1,1,0,1,1,0,1,1,0,1,0,1,0,0,1,0,0,0,0,1
1,0,0,0,1,0,0,0,0,1,0,1,0,0,1,1,1,1,1,0,1,0,0,1,0,1,1,1,0,1,1,0,0,0,0,0,0,0,1,0,1,0,0,1,0,0,1,1,0,1,0,1,1,1,1,1,0,0,1,0,1,0,1,0,1,1,0,0,1,1,0,1,1,1,0
1,0,1,0,1,0,0,1,1,1,0,1,0,0,1,1,0,1,0,0,0,1,0,1,0,1,1,0,0,0,0,0,0,0,1,1,1,0,1,1,0,1,1,1,1,1,0,0,0,1,1,1,1,0,1,1,0,0,0,1,0,1,1,0,0,0,1,0,0,1,0,0,1,0,0
0,1,1,1,0,1,1,1,0,0,0,1,1,0,0,0,0,1,0,1,0,1,1,1,0,0,1,0,1,1,1,0,1,0,1,0,1,1,1,0,1,1,0,1,0,1,1,1,0,0,1,0,1,1,0,1,0,0,1,0,1,1,0,1,1,0,0,1,0,1,0,0,1,1,0
1,0,0,0,0,0,0,1,0,0,0,1,0,0,0,1,1,1,0,1,1,1,0,1,1,1,0,1,1,1,1,0,1,1,0,0,0,1,1,0,1,0,0,1,0,1,0,0,1,1,1,1,1,1,0,1,0,1,0,0,1,1,0,0,1,0,0,1,0,1,0,0,0,1,0
1,0,0,1,0,1,0,0,0,0,0,0,1,0,0,0,1,1,0,0,1,0,0,1,1,1,1,1,0,0,1,1,0,0,0,0,0,0,1,0,1,0,1,1,0,1,1,1,0,0,1,1,1,0,1,1,0,0,0,0,0,0,1,0,1,1,0,1,1,1,1,0,1,1,0
1,0,1,0,1,0,1,1,1,0,0,0,1,1,1,0,1,0,1,1,1,1,0,1,0,0,0,1,1,1,1,1,0,0,1,1,0,1,0,1,1,1,0,1,0,0,0,0,0,1,1,1,1,0,0,0,1,1,0,0,0,0,0,0,1,1,1,1,1,0,0,0,0,1,0
1,0,1,1,1,1,0,1,1,0,1,0,0,1,1,0,1,0,1,0,1,1,0,1,0,0,0,0,0,0,0,1,0,0,1,1,1,1,1,0,1,1,0,1,1,0,0,0,1,1,0,1,0,1,0,1,0,0,1,1,0,0,1,0,1,1,0,1,0,1,0,0,1,1,0
1,0,0,1,1,0,0,1,0,1,0,1,1,0,0,0,1,0,1,1,1,0,1,1,0,0,0,1,1,1,1,1,1,1,0,0,1,1,1,0,1,1,1,1,1,0,1,0,0,1,1,0,1,1,1,0,0,0,0,1,0,1,0,0,1,0,0,0,0,1,1,1,1,1,0
0,1,1,0,0,0,0,1,0,0,1,0,0,1,1,1,1,1,1,0,0,1,1,1,0,0,1,0,1,0,0,1,0,1,1,1,0,0,0,1,0,0,0,1,1,0,1,0,0,1,0,0,1,1,1,1,0,0,0,1,0,1,0,0,0,1,1,1,1,1,0,0,1,0,0
0,0,1,1,1,1,0,1,0,1,0,1,0,1,0,1,1,1,0,1,0,1,1,1,1,0,1,1,1,1,1,1,1,1,1,1,0,1,0,1,1,0,0,1,1,1,1,1,0,0,1,0,1,1,0,1,0,1,1,1,1,0,1,0,1,1,0,1,1,1,1,1,1,1,1
1,1,0,1,0,1,0,1,0,0,0,0,1,0,0,1,1,0,0,0,1,1,0,1,1,0,1,1,0,0,1,0,1,0,0,0,1,0,0,0,0,0,0,1,1,1,1,0,0,0,1,1,1,0,0,1,0,0,0,1,0,0,1,0,1,1,1,1,1,1,0,1,0,1,0
0,0,0,0,1,1,0,1,0,0,0,1,0,0,0,1,1,1,0,0,0,1,1,1,1,0,1,0,1,0,1,0,0,0,1,0,1,0,1,0,1,0,0,1,0,1,0,0,1,1,0,0,1,0,1,1,0,0,1,0,0,1,1,0,1,0,1,1,1,0,0,0,0,1,0
1,1,0,1,0,1,0,1,0,1,0,0,0,0,1,0,0,0,1,1,1,1,0,1,0,0,1,1,0,1,0,1,0,1,1,0,1,0,1,0,1,1,1,1,1,0,0,0,0,1,1,0,0,1,0,1,0,0,0,1,0,0,1,0,0,0,1,1,0,1,1,0,0,1,0
0,0,1,0,1,0,1,1,1,1,1,1,1,0,1,1,1,0,0,1,1,1,0,1,1,1,1,1,1,0,1,1,0,0,1,1,1,1,1,0,1,0,1,1,0,1,0,0,1,0,0,1,1,1,0,1,0,1,1,1,1,1,1,1,1,1,0,1,1,0,1,1,0,1,0
0,0,1,1,0,1,1,1,0,1,0,1,0,1,0,1,0,1,1,1,1,1,1,1,0,0,0,0,0,0,1,0,1,0,0,0,0,0,1,0,1,1,1,1,1,0,0,0,0,1,0,0,1,1,0,1,1,0,0,1,1,0,0,1,0,0,1,1,1,1,1,0,1,1,0
1,0,0,1,0,1,1,1,1,1,1,0,0,0,0,1,1,0,0,0,0,1,0,1,0,0,0,0,1,0,1,0,1,0,0,1,0,0,0,1,1,0,0,1,0,1,0,0,0,0,0,1,1,0,0,1,0,1,0,0,0,1,0,1,0,0,0,1,0,1,0,0,1,1,1
1,0,0,0,0,1,0,0,1,1,0,1,0,0,0,0,1,0,0,1,1,1,1,1,1,0,0,0,0,0,1,0,0,0,0,0,0,1,1,0,0,1,0,1,1,1,0,0,0,1,1,0,1,1,0,1,1,1,1,0,0,1,1,0,1,1,0,1,1,0,0,1,1,1,1
1,1,0,1,0,0,0,1,0,0,1,1,0,0,1,1,1,0,1,1,1,1,1,1,1,0,0,1,1,0,1,1,0,1,1,1,0,1,0,1,1,0,1,1,0,0,0,1,0,1,1,0,1,0,0,0,1,1,1,1,0,0,1,0,0,0,0,0,1,1,1,0,1,0,0
1,0,0,1,1,0,0,1,1,1,1,1,0,0,0,1,1,0,1,0,1,1,0,1,0,1,0,1,1,0,1,1,1,0,1,0,1,0,0,1,1,0,0,1,0,1,0,0,1,0,1,1,1,0,0,1,0,1,1,0,1,1,0,1,1,1,1,1,1,1,0,0,0,1,0
1,1,1,1,0,1,0,1,0,1,1,0,0,0,0,1,0,0,0,0,1,0,0,1,0,0,1,0,0,0,0,0,1,0,1,1,0,0,0,1,1,0,0,1,1,1,1,0,1,1,1,1,1,1,0,0,0,0,0,0,0,0,1,0,1,1,0,0,1,1,0,1,1,1,0
0,0,0,1,1,1,1,0,0,1,0,0,1,0,0,0,1,1,0,0,0,1,0,1,1,1,1,0,1,1,1,0,0,0,0,1,1,1,0,1,1,0,0,1,0,0,1,0,0,0,0,0,1,1,0,1,0,1,0,0,0,1,0,0,0,0,0,0,1,1,0,0,0,1,0
1,0,1,1,0,1,0,1,0,1,0,1,1,1,0,1,0,1,0,0,1,1,1,1,1,1,1,0,0,0,1,1,1,0,0,1,1,0,1,1,1,0,0,1,0,1,1,0,1,0,0,1,1,1,0,1,0,0,0,0,1,0,1,1,1,1,1,0,1,0,0,0,1,1,0
1,1,0,1,1,1,0,1,0,1,0,1,0,0,0,1,1,0,1,0,0,1,1,1,1,1,1,1,1,1,0,1,1,1,1,0,1,0,0,1,1,1,0,1,1,0,0,1,0,1,1,1,1,1,0,1,1,1,0,0,1,0,0,0,1,0,0,1,0,1,0,1,1,1,0
1,0,1,0,1,1,0,1,0,0,1,1,1,0,0,0,1,0,0,0,0,1,0,0,0,0,1,0,1,0,0,1,1,1,0,0,1,1,1,0,0,1,0,1,1,1,0,1,0,0,1,1,0,0,1,0,1,1,0,1,1,0,0,0,1,0,0,1,0,1,1,0,0,0,0
1,0,0,1,0,1,0,0,0,0,0,1,1,0,0,1,1,1,0,0,0,1,0,1,0,1,1,1,0,0,1,0,1,0,1,0,0,1,0,1,1,0,0,1,0,1,0,0,0,1,1,0,1,1,0,1,0,1,0,0,1,0,0,0,0,1,1,1,0,1,1,0,0,1,0
1,0,0,0,1,1,0,1,1,1,0,1,0,0,1,0,1,1,1,0,0,1,0,1,0,1,1,1,1,1,1,1,1,0,1,1,1,0,0,1,1,1,1,1,0,1,0,0,1,1,1,1,1,1,1,1,1,1,1,1,0,0,1,1,0,1,0,1,1,1,1,1,0,1,0
1,0,0,0,1,1,0,1,0,0,1,1,0,0,0,1,1,0,1,0,1,1,0,1,1,0,1,1,1,1,1,1,0,0,0,1,0,0,1,1,1,0,0,1,1,0,0,1,0,1,1,1,1,0,1,1,1,1,1,0,0,0,1,0,1,0,1,0,0,1,0,1,0,1,1
1,0,1,0,1,0,1,0,0,0,0,1,0,1,0,1,0,1,0,0,1,1,1,1,0,1,1,1,1,0,1,0,1,1,1,0,0,0,1,0,1,1,1,1,0,1,0,1,1,0,1,0,1,0,0,1,1,1,1,0,1,0,1,0,1,0,0,1,1,1,1,0,0,1,0
0,0,0,0,0,0,0,1,0,1,0,0,0,0,1,0,0,1,0,0,0,1,1,1,0,1,0,0,1,0,1,0,1,1,1,1,1,1,0,1,1,1,0,1,1,0,0,0,0,1,1,1,1,0,1,1,0,1,1,1,0,1,0,1,0,0,1,0,1,1,0,0,0,1,0
1,0,0,1,1,0,1,1,0,0,0,1,0,1,0,1,1,1,0,0,1,1,0,1,1,0,1,0,1,1,1,1,1,0,0,0,0,1,1,0,0,0,1,1,0,1,0,0,1,1,1,1,1,0,0,1,0,1,1,0,0,0,1,0,0,1,0,1,0,1,0,0,0,1,1
1,1,0,1,0,1,0,0,1,1,0,1,0,0,0,1,1,0,1,0,0,1,0,1,0,1,1,0,1,1,1,1,1,0,1,0,1,1,0,1,1,0,1,1,1,1,0,0,1,1,0,0,1,1,0,1,1,1,1,1,1,0,1,0,0,1,1,1,0,1,1,1,1,0,0
1,0,0,0,0,1,0,1,0,1,0,0,1,0,1,0,0,0,0,0,0,1,0,0,1,1,0,0,0,0,0,0,0,0,0,0,1,1,1,0,1,0,1,1,1,0,1,0,1,1,1,1,1,1,1,1,1,0,1,1,0,1,1,1,1,0,0,0,1,1,1,1,1,1,0
1,0,0,0,1,1,0,1,0,1,0,0,0,0,0,0,1,1,0,0,0,1,0,1,0,0,1,0,0,1,0,1,1,1,0,0,1,0,1,0,1,0,1,1,0,0,0,0,1,1,1,1,1,1,0,1,0,1,1,1,0,1,1,0,1,0,0,0,1,1,1,0,0,1,0
1,0,1,0,1,1,0,1,0,0,0,1,1,0,0,0,1,1,0,1,1,0,0,1,0,0,1,0,1,1,0,0,0,1,0,1,0,1,1,0,1,1,1,1,1,1,1,1,1,1,1,1,1,0,0,1,0,1,1,0,0,0,1,0,0,1,1,1,0,1,0,0,0,1,0
1,0,1,1,0,0,1,1,0,1,0,0,1,0,0,1,1,0,1,0,1,0,0,0,0,1,0,0,1,1,1,0,1,0,0,0,1,0,1,0,1,0,0,1,0,0,1,1,0,1,1,1,1,0,1,0,1,1,1,1,0,0,1,0,1,0,1,0,0,1,1,0,0,1,1
1,0,0,1,0,1,0,1,0,0,0,0,0,0,1,0,0,1,1,0,0,1,0,0,1,0,1,1,0,1,1,0,0,0,0,1,1,0,0,1,1,1,0,1,0,1,0,1,1,1,1,1,0,0,1,1,1,0,0,1,1,1,0,0,0,0,0,0,0,1,0,0,1,1,0
1,0,0,0,1,0,0,1,0,0,1,1,1,0,0,1,1,0,1,1,0,1,0,0,0,0,1,1,0,1,1,1,1,0,0,0,1,1,1,0,1,0,0,1,0,1,0,1,0,1,1,1,1,0,1,1,1,1,1,1,1,0,1,1,1,0,0,1,0,1,1,1,0,1,0
1,0,0,1,1,0,0,1,0,0,0,1,1,0,0,0,0,1,0,0,0,1,0,0,1,1,1,1,1,0,1,0,1,0,0,0,1,0,0,1,0,0,1,1,0,1,1,0,1,0,0,1,1,0,1,0,0,0,0,0,1,0,1,0,0,0,0,1,1,1,1,0,1,1,0
1,1,1,1,1,1,1,1,0,1,0,1,0,1,1,1,0,0,1,0,0,0,1,0,1,0,1,1,0,1,0,1,0,0,0,1,1,0,0,1,1,0,1,1,1,1,0,1,1,1,1,0,1,0,1,1,1,1,1,1,1,0,1,0,1,0,0,0,1,1,1,0,0,1,0
1,0,1,1,1,1,0,0,0,0,0,1,0,1,1,1,1,1,1,0,1,1,0,1,0,1,0,1,0,0,1,1,0,0,1,1,1,0,1,0,0,1,1,1,0,0,1,0,1,1,1,1,1,1,0,0,1,1,0,1,1,0,1,1,0,1,0,1,1,1,1,0,0,1,1
0,1,0,1,1,1,0,1,1,0,0,0,0,0,1,1,1,0,1,1,0,1,0,0,0,1,1,0,0,1,0,0,0,0,1,1,1,0,0,1,0,1,0,1,1,0,0,0,1,1,1,1,1,1,0,1,0,0,0,1,0,1,0,1,0,0,1,0,0,1,0,1,0,0,0
1,1,0,0,0,1,0,1,0,0,0,0,0,0,0,0,1,1,0,1,1,1,0,0,0,1,1,1,0,0,1,1,0,0,1,0,1,0,1,0,1,0,0,1,1,1,0,1,1,1,1,1,1,0,0,1,1,1,1,1,0,0,1,0,1,0,0,0,0,1,0,0,0,1,0
1,0,1,0,1,0,1,1,0,0,1,1,1,0,0,1,1,0,1,0,0,1,1,1,1,1,0,1,1,1,1,0,1,1,1,0,0,0,1,0,1,1,1,1,1,0,0,0,1,0,1,0,1,0,1,1,0,1,1,1,1,0,0,1,1,0,0,1,1,0,1,1,0,0,0
1,0,0,1,1,1,0,1,0,1,1,0,0,1,1,0,1,0,0,0,0,1,0,1,0,0,1,0,0,0,1,1,1,1,1,1,0,1,1,0,1,1,1,1,0,1,0,0,0,1,1,1,1,1,0,1,0,0,0,1,0,0,1,1,1,0,0,0,0,1,1,1,1,1,0
1,0,1,1,1,0,0,1,1,1,0,1,0,1,0,0,1,1,1,0,1,1,1,1,1,0,0,0,0,0,1,1,1,1,0,0,1,1,1,0,1,1,0,1,0,0,0,1,0,1,1,0,1,0,0,0,0,1,1,0,0,0,1,0,0,0,0,0,0,1,0,0,0,1,0
1,1,1,0,1,0,0,0,1,1,0,1,0,0,0,0,1,0,0,0,0,1,1,1,0,0,1,0,0,0,0,0,1,1,1,0,1,1,1,0,1,1,0,1,1,1,0,0,0,0,1,1,1,1,0,1,0,1,0,1,1,0,0,1,0,1,1,1,0,1,1,1,0,0,0
1,0,1,1,0,0,0,1,1,0,1,0,0,0,1,0,1,0,1,1,1,0,0,0,0,0,1,1,0,1,0,1,0,0,1,0,1,1,1,0,1,1,0,1,0,0,0,1,0,0,1,1,1,1,0,1,1,1,0,1,0,1,1,0,0,0,0,1,0,1,0,0,1,1,1
1,1,1,0,1,0,0,1,0,0,1,0,0,0,1,0,1,1,0,1,0,1,0,0,0,0,1,0,1,1,0,0,1,0,0,0,1,1,0,1,0,0,0,1,0,1,0,0,1,0,0,1,1,0,0,1,0,1,1,1,0,1,1,0,1,0,0,0,1,1,0,1,0,1,0
1,0,1,1,1,1,0,1,0,0,1,1,0,0,0,1,1,1,0,0,1,1,0,1,0,0,1,1,0,0,1,1,1,0,1,0,1,1,1,0,1,1,1,1,0,1,0,0,0,1,1,1,1,1,0,1,1,1,0,0,1,0,1,0,0,0,0,1,1,1,1,0,0,1,0
1,0,1,0,1,0,0,1,1,1,0,1,1,0,0,0,1,0,1,0,1,1,0,1,0,1,1,0,1,0,1,1,1,0,0,1,1,0,1,0,1,1,0,1,0,1,1,0,0,1,1,1,1,0,0,0,0,0,1,0,0,1,1,0,1,0,0,1,0,1,0,1,0,1,0
1,0,0,0,0,1,1,0,0,1,0,1,1,0,0,0,0,1,1,0,0,1,1,1,0,0,1,0,1,1,0,0,1,0,0,0,0,1,0,0,1,1,1,1,0,0,0,0,0,0,1,0,1,0,1,0,0,0,1,1,1,1,1,0,0,1,1,0,0,1,1,1,1,1,1
1,1,0,1,1,1,1,1,1,0,0,1,0,0,1,1,1,1,0,1,0,1,0,1,0,1,1,1,0,1,1,1,0,1,1,0,1,0,1,0,1,0,0,1,0,1,1,1,0,1,1,1,1,0,1,0,1,0,0,0,1,1,0,0,0,1,0,1,1,1,0,0,0,0,1
1,0,0,0,0,1,0,1,0,0,1,1,0,0,0,1,1,1,1,1,1,1,0,1,0,0,1,0,0,1,1,1,0,1,0,0,1,0,1,0,1,0,1,1,0,1,1,0,1,0,1,1,1,1,0,1,0,1,1,0,1,0,1,0,1,0,1,0,1,1,0,1,0,1,1
1,0,0,0,0,0,0,1,1,1,1,1,0,1,1,1,1,1,0,0,1,1,1,1,0,0,1,0,1,1,1,0,1,0,1,1,1,0,0,1,1,1,1,1,1,1,0,1,0,0,1,0,1,1,0,1,1,0,0,0,1,0,1,0,0,1,0,1,1,1,0,1,1,1,0
0,1,1,0,0,0,0,1,0,1,1,1,0,0,0,1,1,0,0,0,1,1,0,0,0,0,1,0,1,0,1,0,1,0,0,1,0,0,0,1,1,0,0,1,0,1,0,1,1,0,1,0,1,1,1,1,1,1,1,0,0,1,1,0,0,0,0,1,1,1,0,1,0,1,0
1,0,1,0,1,1,0,1,0,0,0,0,0,0,1,0,1,1,0,0,0,0,1,1,0,1,0,0,1,0,1,1,1,0,0,1,0,1,0,1,0,1,1,1,0,1,1,1,1,1,1,1,1,1,1,1,1,1,0,0,0,1,0,0,1,0,1,1,0,1,0,1,0,0,0
1,1,1,1,0,0,0,0,0,0,0,1,0,0,0,0,0,1,0,0,0,0,0,1,0,0,0,1,0,0,0,1,1,0,1,0,1,0,0,1,0,0,1,1,1,1,0,0,0,1,0,1,1,0,0,1,0,0,1,0,0,0,1,0,0,0,0,1,1,1,1,0,0,0,1
1,1,1,1,1,0,0,0,0,0,0,1,0,0,0,0,1,0,0,0,0,0,1,1,1,0,0,1,1,1,1,1,1,0,0,0,1,0,0,0,1,1,0,1,1,1,0,0,0,1,1,1,1,0,0,1,0,1,0,0,0,0,0,0,0,1,1,1,1,1,0,1,1,1,0
0,0,0,0,1,1,0,1,0,1,0,0,0,0,0,0,0,0,1,0,1,1,0,1,1,0,0,0,1,1,1,0,1,0,0,1,1,1,1,0,1,1,1,1,0,1,0,1,0,1,1,1,1,1,1,1,0,1,1,0,0,1,1,0,0,0,1,0,0,1,0,1,0,1,0
0,0,1,1,0,0,0,1,0,0,1,1,0,0,1,1,1,0,0,1,1,1,1,1,0,0,1,0,0,1,0,1,0,0,0,0,1,0,1,0,1,0,1,1,0,1,0,1,1,1,1,0,0,0,0,1,1,1,0,1,0,0,0,0,0,0,1,1,1,1,0,0,1,1,0
0,0,0,0,0,0,1,1,0,0,0,1,1,0,1,1,1,1,0,0,0,1,1,1,1,1,1,0,1,0,1,0,1,1,1,0,0,0,1,0,1,0,1,1,1,1,0,1,0,1,1,0,1,1,0,1,1,1,1,1,0,0,1,0,1,0,0,1,1,1,1,1,0,1,0
1,0,0,0,1,0,0,1,0,1,0,1,0,0,0,1,1,0,0,0,1,0,0,1,0,1,1,0,1,1,1,0,1,1,1,1,0,0,0,1,1,0,0,1,0,1,0,0,1,1,1,1,1,0,0,1,0,1,1,1,1,0,1,0,1,0,0,0,1,1,0,1,0,1,1
1,0,0,1,0,0,0,1,0,0,0,1,0,0,0,1,0,0,0,0,0,0,1,1,1,1,0,0,1,0,1,1,1,0,0,0,1,1,0,1,1,0,1,1,0,1,0,1,1,1,1,0,1,0,1,1,1,1,1,1,1,1,1,0,1,0,0,0,1,1,1,1,0,0,0
1,1,0,0,0,1,0,0,0,1,0,1,1,0,0,0,1,1,0,0,1,1,0,1,0,0,0,0,0,0,0,0,1,0,1,1,0,0,0,1,1,1,0,1,1,1,1,1,0,0,1,1,1,1,0,1,1,1,1,0,0,1,1,0,0,0,1,0,0,1,0,0,1,0,1
1,0,0,0,0,0,0,1,0,1,1,0,0,0,0,1,0,1,1,0,0,1,0,1,0,0,1,1,0,0,1,0,0,0,1,0,1,1,1,0,1,1,0,1,0,0,1,0,0,1,1,0,1,0,1,0,1,1,1,0,0,1,1,1,1,0,1,1,0,1,0,0,0,1,0
1,0,1,1,1,1,0,1,0,0,0,1,1,1,0,1,1,1,1,0,0,1,1,1,1,1,1,0,0,0,1,0,0,0,0,0,1,0,0,0,1,1,0,1,0,1,1,0,1,0,1,0,1,1,0,0,0,0,1,0,1,1,1,0,1,0,0,1,1,1,0,0,0,1,1
0,0,1,1,0,0,0,0,0,1,0,1,0,1,0,1,1,0,0,0,0,1,1,1,1,0,1,0,1,1,1,1,1,0,0,1,1,1,0,1,0,1,1,1,0,1,0,0,1,1,0,0,1,1,0,1,0,1,1,1,1,0,1,0,1,1,1,1,0,1,1,1,0,1,0
1,0,0,0,0,1,0,0,1,0,0,0,1,0,1,1,1,1,1,0,0,1,0,1,1,1,1,1,0,1,0,0,0,0,0,0,0,0,1,0,0,1,1,1,0,0,0,0,1,0,0,1,1,1,0,1,0,1,1,1,0,1,1,1,0,1,0,0,0,1,1,1,0,1,0
1,0,0,1,1,0,1,1,1,0,1,0,1,0,0,1,1,1,0,0,1,1,1,1,0,0,1,1,1,1,1,1,1,0,1,0,0,0,0,1,1,0,1,1,1,1,0,0,1,0,1,0,1,0,1,0,0,0,0,0,0,1,1,0,0,1,1,0,1,1,1,1,0,1,1
0,1,0,0,1,1,0,0,0,1,0,1,1,0,1,0,0,0,1,1,1,1,1,1,1,0,1,0,0,0,1,0,0,1,1,1,0,1,1,0,0,1,0,1,0,1,1,0,0,1,1,1,1,1,0,1,1,0,0,0,0,0,1,1,1,1,0,1,0,1,1,0,1,0,1
0,1,0,1,1,0,0,1,1,1,1,0,0,0,1,1,0,0,0,1,1,1,1,1,1,0,0,1,1,0,1,1,1,1,1,1,0,0,1,1,1,0,1,1,0,1,0,1,1,1,1,1,1,1,0,0,1,1,1,1,0,0,1,0,1,0,0,0,1,1,1,1,0,1,0
1,1,1,0,0,0,0,0,0,0,0,0,0,0,0,1,1,0,0,0,0,1,1,1,0,1,0,0,0,1,1,1,1,0,0,0,1,0,1,0,1,0,0,1,1,1,1,1,0,0,1,0,1,0,0,0,1,0,1,1,0,0,1,0,0,0,1,1,1,1,0,1,1,1,1
1,0,1,1,1,0,0,1,0,1,0,1,0,0,0,1,1,1,1,1,1,1,1,1,1,1,1,1,1,0,0,0,1,0,1,0,1,0,1,0,1,1,1,1,0,0,0,0,0,0,1,1,1,0,1,1,0,0,1,0,1,0,0,1,1,0,1,1,0,0,0,0,1,1,1
1,0,0,0,0,0,0,1,0,0,0,0,0,0,1,0,1,1,1,0,1,1,1,1,1,1,1,0,1,0,0,0,1,0,1,0,1,0,1,0,1,0,0,1,0,1,1,0,0,0,0,0,1,0,1,0,0,0,1,0,0,0,0,1,1,0,0,0,1,1,0,1,1,1,0
0,0,0,0,1,0,1,1,1,1,1,1,0,0,0,0,1,1,0,0,1,1,0,0,0,0,0,1,1,0,1,1,1,1,1,1,0,0,0,1,1,0,0,1,0,1,0,1,0,1,1,1,1,0,0,0,1,1,1,1,0,1,1,0,0,0,0,0,1,1,1,0,0,1,0
1,0,0,0,1,1,0,1,0,0,1,1,1,0,1,0,1,0,1,1,1,0,0,0,0,1,1,1,0,1,0,0,0,0,0,0,0,0,1,0,1,1,1,1,1,1,0,0,0,1,1,1,1,1,0,1,0,1,0,1,0,0,0,0,1,0,0,0,0,1,1,1,0,1,0
1,1,1,0,0,1,0,1,1,1,1,1,1,0,1,1,1,1,1,0,1,0,1,1,0,0,1,1,0,0,1,1,0,0,1,0,0,0,1,0,1,0,1,1,0,0,0,0,1,1,0,1,1,0,1,1,0,0,0,1,1,0,1,0,1,0,0,0,0,1,1,1,0,0,0
1,1,1,0,1,0,1,1,0,1,0,1,0,0,0,1,1,1,0,0,1,0,1,1,0,1,1,0,1,1,0,1,1,0,1,0,1,0,0,1,1,0,0,1,1,0,0,0,0,1,1,1,1,0,1,1,0,1,0,1,0,1,1,0,1,0,1,1,1,1,0,0,0,0,1
1,0,0,0,1,1,1,1,0,1,1,1,1,1,0,1,1,0,0,1,1,1,1,1,1,0,1,1,0,1,0,1,1,0,0,1,0,0,0,1,1,0,0,1,0,0,0,0,0,1,1,0,1,1,0,1,0,0,1,0,0,0,1,0,0,0,0,1,0,1,0,1,1,1,0
1,1,1,0,1,1,0,1,0,1,0,0,0,1,1,0,1,1,0,0,1,1,0,1,1,0,0,1,1,0,1,0,1,0,1,1,0,0,0,1,1,0,1,1,1,1,1,1,0,1,0,1,1,1,0,1,0,1,0,1,0,1,0,1,1,1,0,1,1,1,1,1,1,1,0
1,0,0,0,0,1,0,1,0,1,0,0,0,0,0,0,1,1,0,0,1,1,0,1,1,1,1,0,0,1,1,1,0,0,1,1,1,1,0,1,1,0,0,1,0,1,1,1,0,0,1,0,1,1,0,0,1,1,1,0,0,1,0,1,0,0,1,1,0,1,0,1,0,1,0
0,0,1,0,1,0,0,0,1,0,0,0,0,0,1,0,0,1,0,0,1,1,0,1,0,1,1,1,1,0,0,0,1,0,0,0,0,0,0,0,1,1,0,1,1,1,0,0,0,0,1,1,1,0,1,1,0,1,1,1,0,1,1,0,1,0,1,0,0,1,0,1,0,1,0
1,0,1,0,1,0,0,1,0,0,0,0,0,0,0,0,0,1,0,0,1,1,0,0,1,0,1,0,0,0,1,1,1,0,0,1,1,0,0,1,1,1,1,1,0,1,0,0,1,1,1,1,1,0,1,1,1,1,1,1,0,0,1,1,0,0,0,0,0,1,1,0,0,1,1
1,1,1,1,0,0,0,1,0,1,0,0,0,0,1,1,1,0,0,1,0,1,0,0,0,0,1,1,0,0,1,1,0,0,1,1,0,0,1,1,1,0,0,1,1,1,0,0,1,1,1,0,1,1,1,1,1,1,0,1,0,0,1,0,1,0,0,0,1,1,0,1,0,1,0
1,0,1,0,0,1,0,1,1,1,1,1,1,0,0,0,1,1,0,0,0,1,0,1,1,1,1,0,1,1,1,1,1,1,0,0,0,0,1,0,1,1,1,1,1,0,1,0,1,0,1,0,1,1,0,1,0,1,1,0,1,1,1,1,0,0,1,1,1,1,1,0,0,1,0
1,0,0,0,0,1,0,1,1,0,1,1,1,0,0,1,1,1,0,1,1,1,0,1,1,0,1,0,0,0,1,0,1,0,1,0,1,1,1,0,1,0,0,1,0,1,0,0,0,0,1,0,1,1,0,0,0,0,0,0,1,0,0,0,1,0,1,1,1,1,0,0,1,0,0
1,0,0,0,0,0,0,0,0,1,0,1,0,0,1,1,0,1,1,0,1,1,1,1,0,0,1,0,0,1,0,1,0,0,0,0,1,1,1,0,1,0,0,0,0,0,1,1,1,1,1,1,1,0,1,1,1,1,1,0,0,0,1,1,0,1,1,1,1,1,0,0,0,1,0
0,0,1,1,0,0,0,1,0,0,1,1,0,0,0,0,1,1,0,0,1,1,0,0,0,1,0,1,1,0,0,0,1,0,0,0,1,0,0,0,0,1,1,1,1,1,0,0,1,1,1,1,1,1,0,1,0,1,1,1,1,1,1,1,1,0,1,0,1,0,0,0,0,1,0
1,1,1,1,1,0,0,1,0,0,0,0,0,0,1,1,1,0,0,0,0,1,0,1,0,1,1,0,0,0,0,0,0,0,0,0,1,0,0,1,1,0,0,1,1,0,0,0,0,1,1,0,1,0,0,1,0,0,0,0,0,0,1,0,1,0,0,0,1,1,0,0,1,1,0
1,0,1,0,0,1,0,0,1,0,0,1,1,0,1,1,1,1,1,0,1,1,1,1,0,1,0,1,1,0,0,0,1,0,0,0,0,0,1,0,1,1,0,1,0,1,1,0,0,0,1,1,1,0,1,0,1,1,1,0,1,0,1,0,0,1,1,1,1,1,0,1,0,0,0
1,1,1,0,0,0,0,1,0,1,0,1,1,1,1,0,0,1,1,1,1,1,1,1,0,0,1,0,1,1,0,1,0,0,0,0,0,1,1,0,1,1,1,1,1,0,1,0,0,0,1,0,1,1,0,0,0,0,1,1,1,1,1,0,1,0,0,1,0,1,0,0,0,1,0
1,0,1,1,1,0,0,1,1,1,0,1,0,0,1,0,1,0,0,0,1,0,0,1,1,1,0,1,1,0,1,0,0,0,0,1,0,1,0,1,1,1,0,1,0,1,1,0,0,1,1,1,1,1,1,1,1,0,0,0,1,1,0,0,1,0,1,1,0,1,0,0,1,1,0
1,0,0,1,0,1,0,1,0,0,0,1,0,0,0,1,1,0,0,1,0,1,1,1,0,1,1,1,1,1,1,0,0,0,1,0,1,1,0,1,1,1,0,1,0,1,0,0,1,0,1,0,1,0,1,1,0,1,0,0,0,0,1,1,1,0,0,0,0,1,0,0,0,1,1
1,0,0,1,1,0,0,1,0,0,0,1,0,0,1,1,0,1,1,0,1,1,0,1,0,1,0,1,0,1,0,0,0,0,0,1,1,0,0,1,1,0,1,1,1,1,0,0,0,0,1,1,1,1,0,1,0,0,1,0,1,0,1,1,0,1,0,1,1,1,1,1,1,1,0
1,0,1,0,1,1,1,0,0,1,0,1,0,1,0,1,0,1,1,0,0,1,0,1,1,0,1,0,0,0,1,1,1,1,1,1,1,1,0,1,1,1,0,1,1,0,0,1,1,1,1,1,1,1,0,1,1,1,1,1,1,1,0,0,1,0,0,0,0,1,1,0,0,0,0
1,0,0,0,0,1,1,1,0,0,1,1,0,1,0,1,1,1,0,0,0,0,1,1,0,1,1,0,1,0,1,1,1,0,0,0,1,1,0,1,1,0,0,1,1,1,1,0,1,1,0,1,1,0,1,1,0,1,1,1,0,0,1,0,0,0,1,1,1,1,0,0,0,1,0
1,0,0,0,1,1,1,1,1,1,0,1,1,0,1,0,1,0,0,1,1,1,1,1,0,0,0,1,1,1,0,0,0,0,1,1,0,1,1,0,1,1,1,1,1,1,0,1,0,1,1,0,1,1,1,0,0,1,1,1,0,0,0,0,1,0,0,1,0,1,1,1,1,1,0
1,1,1,0,0,0,0,1,1,1,0,0,1,0,0,1,1,1,1,1,1,0,0,1,0,0,1,0,1,0,1,0,1,0,0,1,0,0,0,0,0,1,1,1,1,1,0,0,1,0,1,1,1,0,1,1,0,1,1,1,0,1,1,0,1,1,1,0,0,1,1,0,0,1,0
0,0,0,1,0,0,0,0,0,1,0,1,1,0,0,0,0,1,0,0,0,1,0,1,0,0,0,0,1,0,1,0,0,0,0,1,0,0,0,1,1,1,0,1,0,1,1,0,0,0,1,1,1,1,0,1,0,0,0,1,1,0,1,0,1,0,0,1,1,0,1,0,1,1,0
1,0,0,1,0,0,1,1,0,1,0,1,0,0,0,0,1,0,0,0,1,1,1,1,0,0,1,0,1,0,0,1,1,0,1,1,1,1,0,1,0,0,1,1,0,1,0,1,0,1,1,1,1,1,1,1,1,1,0,1,0,0,0,1,0,1,0,1,1,1,1,1,0,1,0
1,0,0,0,0,1,0,1,1,1,0,1,1,0,1,1,1,1,0,0,1,1,0,1,1,1,1,0,0,1,1,0,0,0,1,0,0,1,1,0,1,0,0,1,0,1,1,0,0,0,1,1,1,1,0,1,0,1,0,1,1,1,0,0,1,0,0,1,1,1,1,1,0,0,1
1,1,1,0,0,0,1,1,1,1,1,0,0,0,0,0,1,1,0,0,0,1,1,1,0,0,1,0,1,0,1,0,1,0,1,0,0,1,1,0,1,0,1,1,1,1,1,1,0,0,1,0,1,1,0,1,1,0,1,0,0,1,0,0,1,0,0,0,1,1,0,0,1,0,0
1,0,1,1,1,1,0,1,1,1,0,1,0,1,1,1,1,0,0,0,0,1,0,1,1,0,0,0,1,1,1,0,1,0,0,1,0,1,1,1,1,0,0,1,0,1,0,0,0,1,1,1,1,1,1,0,0,1,1,0,0,1,1,0,0,0,1,1,1,0,0,0,0,1,0
1,0,1,0,1,1,0,1,0,0,1,1,1,0,1,0,0,1,1,0,0,1,0,1,0,1,1,1,0,0,1,1,0,0,1,1,1,1,0,1,1,1,0,1,0,1,0,1,1,1,1,0,0,1,1,0,1,0,1,0,0,1,0,0,1,0,1,1,0,1,0,1,1,0,0
1,1,0,1,1,0,0,1,1,0,0,1,0,0,0,0,0,0,0,1,0,1,0,1,0,1,0,1,1,1,0,0,1,0,1,1,1,1,0,1,0,1,0,0,1,0,0,0,0,1,1,1,1,1,0,1,1,0,1,1,0,1,0,0,1,0,0,1,1,0,1,1,0,0,0
1,0,1,1,0,1,0,1,0,0,1,0,0,0,1,1,1,1,0,1,1,1,0,0,0,1,1,1,0,0,1,0,0,0,1,0,0,1,0,1,1,1,1,1,0,1,0,0,1,1,1,1,1,1,1,1,0,0,0,0,0,0,1,0,0,1,1,0,0,1,1,0,0,1,0
1,1,1,1,0,1,0,1,0,1,1,0,1,1,0,0,1,1,0,0,1,0,0,0,0,0,0,0,0,0,1,1,0,0,0,0,1,0,1,0,1,0,0,1,0,1,1,0,1,1,1,1,0,1,0,0,0,1,1,1,0,0,1,0,1,1,1,0,0,1,0,0,1,1,0
1,0,0,0,1,0,0,1,0,0,0,0,0,0,1,0,1,1,0,0,1,1,0,1,1,0,1,0,1,1,1,0,0,0,0,0,0,1,0,0,1,1,1,1,0,1,0,0,0,0,1,1,1,1,0,0,0,0,1,1,0,1,1,0,0,1,1,1,1,1,1,1,1,1,0
1,0,0,1,1,0,0,0,0,1,0,1,0,0,0,1,1,0,0,0,0,1,0,1,1,0,0,1,1,1,1,1,1,0,1,0,0,1,1,0,1,0,1,1,0,0,0,0,0,1,1,0,1,0,0,0,1,1,0,0,0,0,1,1,1,1,0,0,0,1,0,1,0,0,0
0,1,1,0,1,1,0,1,0,1,1,0,0,0,1,0,1,0,0,0,0,1,1,1,1,1,0,1,0,0,1,0,0,0,1,1,1,1,0,1,0,1,0,1,0,1,0,1,1,1,1,1,1,0,0,0,1,1,1,0,1,0,0,0,1,0,0,0,1,1,0,0,0,1,0
1,0,0,1,0,0,0,0,0,1,0,1,0,0,1,0,1,0,1,0,1,1,0,1,0,1,1,1,0,0,1,1,0,0,0,0,1,1,0,0,1,1,1,1,1,0,0,0,0,1,0,0,1,0,0,1,0,1,1,1,1,0,1,1,1,0,1,0,0,1,1,0,1,1,1
1,1,1,0,1,0,1,1,0,0,0,1,0,1,0,1,1,1,0,1,0,1,1,1,0,1,1,1,0,0,1,1,0,0,1,0,0,0,1,0,1,1,0,1,1,1,1,0,1,1,1,1,1,0,1,1,0,1,1,0,0,0,1,0,1,0,0,0,0,1,0,0,0,1,0
1,1,1,1,1,1,1,1,0,1,1,1,0,0,0,0,1,0,0,1,0,1,1,1,0,0,1,1,1,1,0,1,1,0,0,0,0,0,0,1,1,0,1,1,1,0,0,1,0,1,1,1,1,0,0,1,1,0,0,1,0,1,0,0,1,0,0,0,1,1,1,1,1,1,1
1,1,1,1,1,0,1,1,0,0,0,1,1,1,0,0,0,1,1,0,1,1,1,1,0,0,1,1,0,0,0,1,1,0,1,0,0,0,1,0,1,1,0,1,1,1,1,0,0,1,1,1,1,0,0,0,0,1,1,0,0,1,1,0,1,0,0,0,1,1,0,0,1,0,0
1,0,1,0,1,0,0,1,0,1,0,1,0,0,1,1,1,1,0,0,0,1,0,1,0,1,0,1,0,0,0,0,0,1,0,1,1,1,1,0,1,1,0,1,1,0,0,1,0,1,1,0,1,1,0,1,0,1,1,1,0,0,1,0,0,0,0,1,0,1,0,0,1,1,1
0,0,1,1,0,0,0,0,1,1,0,1,0,0,0,0,0,0,1,1,0,0,0,1,0,1,1,0,0,1,0,1,1,0,0,1,1,0,0,1,1,0,0,1,0,1,0,1,0,1,1,1,1,1,0,1,1,1,1,1,1,1,1,0,1,1,0,0,1,0,1,1,1,1,0
1,0,1,1,0,0,0,1,0,0,1,1,1,0,0,0,1,1,1,1,0,0,0,1,0,1,1,0,0,0,0,1,1,0,1,0,1,0,1,0,1,1,1,1,0,1,1,0,0,1,0,0,1,1,0,1,0,0,1,0,1,1,1,0,1,0,0,0,1,1,1,0,1,0,1
0,1,0,1,1,0,0,1,1,1,1,1,0,1,1,1,0,0,0,0,1,1,1,1,1,1,1,1,1,0,1,0,1,0,0,0,1,0,1,0,1,0,0,1,1,0,0,1,0,1,1,0,1,0,0,0,1,1,1,1,0,1,0,0,0,0,0,1,1,1,0,1,1,0,0
1,0,1,1,1,0,0,1,0,0,0,1,0,0,0,0,0,0,0,0,0,1,1,1,0,0,1,1,1,1,0,1,1,0,1,1,1,1,1,0,1,1,1,1,0,1,0,0,1,1,1,0,1,1,1,1,0,1,0,1,1,0,1,1,1,0,0,0,0,1,1,1,0,1,0
1,0,1,0,0,0,0,0,1,0,1,1,0,0,0,0,0,0,1,0,0,0,0,1,0,0,1,1,0,0,0,0,1,1,1,1,1,0,1,0,1,1,0,1,0,0,0,0,0,0,1,1,1,0,0,1,0,0,1,1,1,1,1,0,0,0,0,0,0,1,1,1,1,1,0
0,1,1,0,0,0,0,1,0,1,1,1,0,0,1,1,1,1,0,0,0,0,0,0,0,0,0,1,1,1,1,1,0,0,1,0,1,0,0,1,1,0,0,1,1,0,1,0,1,0,1,1,1,0,1,1,0,1,1,0,1,0,1,0,0,1,0,1,0,0,0,1,0,1,0
1,1,0,0,1,0,0,1,0,1,1,1,0,1,1,0,0,1,0,1,0,1,0,1,0,0,1,0,0,0,0,0,0,1,1,0,1,0,0,0,1,1,1,1,1,0,1,1,0,1,0,1,1,1,0,1,1,1,0,0,1,1,1,0,1,1,1,1,0,1,1,0,1,1,0
1,0,0,0,1,1,1,1,1,0,0,0,1,0,0,0,0,1,1,1,1,1,1,1,0,0,1,0,1,1,1,0,0,0,0,1,0,0,1,0,1,1,1,1,0,1,1,0,1,0,1,1,0,0,1,0,1,1,0,1,0,1,0,0,0,0,0,1,1,1,1,0,0,1,0
1,0,0,0,0,0,0,1,0,0,0,1,1,0,0,1,1,1,1,0,1,1,0,1,0,0,1,0,0,0,1,0,0,0,1,0,1,0,1,0,0,0,1,1,0,1,0,0,0,1,1,0,1,0,1,1,0,1,1,1,1,1,1,0,1,0,0,1,1,1,1,0,0,1,0
1,0,0,0,1,0,0,1,0,1,1,0,0,0,1,1,0,0,0,0,0,0,0,1,1,0,1,1,1,0,1,1,0,0,0,1,0,0,1,1,0,1,0,1,1,1,1,0,0,1,1,1,1,0,1,0,0,0,1,0,0,0,1,0,1,0,1,0,0,1,0,0,0,1,1
1,1,1,1,0,1,0,1,1,1,0,1,0,0,1,1,1,1,0,0,0,0,0,0,1,1,0,1,1,0,1,0,1,0,1,1,1,0,1,1,1,1,0,1,1,1,0,0,0,0,1,1,1,0,0,1,0,1,0,1,1,1,1,0,0,0,1,1,1,1,0,0,1,1,1
0,0,1,0,1,1,0,1,0,0,0,1,1,0,0,1,1,1,1,0,1,1,0,1,0,0,1,1,0,0,1,0,1,1,0,1,1,0,0,0,1,1,0,1,1,0,1,0,1,1,0,1,1,1,0,0,0,1,1,1,0,0,1,0,0,0,0,1,1,0,0,0,0,1,0
1,1,1,1,0,0,1,1,0,0,0,1,1,0,1,1,0,1,1,0,0,0,1,1,1,0,1,0,0,1,0,1,0,0,1,1,1,1,0,1,0,0,0,1,1,0,1,0,1,0,1,1,1,0,0,1,0,1,1,0,1,0,0,0,1,1,0,0,1,1,0,1,0,1,1
0,0,1,1,0,0,0,1,0,1,1,0,1,0,0,0,1,0,0,0,1,1,0,1,1,0,1,0,1,1,0,1,1,0,0,1,0,0,0,1,1,1,0,1,1,0,0,0,0,0,0,1,1,1,0,1,0,0,1,1,0,0,0,0,1,0,0,0,0,1,0,1,1,1,0
0,0,1,1,1,0,0,1,0,0,1,0,0,0,0,1,1,0,0,1,1,0,0,1,0,0,0,1,1,0,1,1,1,0,0,0,0,0,1,0,1,0,1,1,0,1,0,0,0,1,1,0,1,0,1,1,0,1,1,0,0,0,1,0,1,0,1,0,1,1,1,1,0,0,0
1,0,1,0,1,0,0,1,1,0,1,1,1,0,0,1,1,0,1,0,0,1,1,1,1,1,1,0,1,1,1,0,0,1,0,0,1,1,1,0,1,0,0,1,1,0,0,1,0,0,1,0,1,1,0,1,1,0,1,0,1,0,1,1,0,0,1,1,1,1,0,0,1,1,0
1,1,1,0,1,1,0,1,0,1,0,1,0,1,0,1,1,1,1,0,1,1,0,1,0,1,1,1,1,1,1,0,1,0,1,0,0,0,1,0,1,0,0,1,1,0,1,1,1,0,1,1,1,1,0,1,1,0,1,0,1,1,1,0,1,0,0,1,1,1,0,0,0,1,1
0,1,1,0,0,1,0,1,1,0,0,1,1,0,1,0,1,0,0,0,0,1,0,1,1,1,0,1,1,0,1,0,1,0,0,1,1,1,1,0,1,1,0,1,1,1,1,1,0,1,1,1,1,1,0,0,1,0,1,1,0,1,1,0,1,1,0,0,0,1,0,0,1,1,0
1,0,0,1,1,0,1,1,0,1,0,1,1,1,1,0,0,1,1,0,1,1,0,1,1,0,0,1,1,0,0,1,0,1,1,1,1,0,1,1,1,1,0,0,0,1,0,0,1,0,1,1,1,0,1,1,0,0,1,0,1,1,1,0,1,0,0,1,1,1,0,1,0,0,0
1,0,1,0,1,1,0,1,1,1,1,1,1,0,0,1,0,1,0,1,0,1,0,1,0,1,0,1,1,0,1,1,1,0,0,1,0,0,0,1,0,1,1,1,1,1,0,0,0,0,1,1,1,0,1,1,0,0,1,1,1,0,0,1,0,0,1,1,0,0,1,0,1,1,0
1,0,0,1,1,0,0,1,1,0,1,1,1,0,1,1,1,1,0,0,1,1,0,1,1,1,1,1,0,1,1,1,0,0,0,1,1,0,0,1,1,0,0,1,0,1,1,0,0,0,0,1,1,1,0,0,0,0,0,1,1,0,0,1,1,1,0,0,1,1,0,1,1,1,0
1,0,0,1,0,1,0,1,0,1,0,1,1,0,0,1,0,1,1,0,1,1,0,1,1,1,1,1,1,0,0,1,1,0,1,1,0,1,0,1,1,0,0,1,1,1,0,0,0,0,1,0,1,1,0,1,0,1,1,0,1,1,1,1,1,0,1,1,1,1,0,0,0,1,0
1,0,0,1,0,0,0,1,1,0,0,1,0,0,0,1,1,0,1,0,1,1,0,1,1,0,0,1,1,1,0,1,1,0,1,0,1,1,0,1,1,0,0,1,1,0,0,1,0,1,1,1,1,1,0,1,1,1,0,0,1,1,1,1,1,0,0,0,0,1,0,1,1,1,1
1,0,0,1,0,1,0,1,0,1,0,0,0,1,1,1,1,0,0,0,0,1,1,1,1,0,1,1,0,0,0,1,0,0,0,1,1,1,0,1,1,0,0,1,1,1,1,0,0,1,1,1,1,1,0,1,0,0,1,0,1,0,1,1,1,0,0,0,0,1,1,0,1,1,0
0,1,1,1,0,0,1,1,0,1,0,1,1,0,0,0,1,1,0,0,1,1,0,1,1,1,0,1,1,1,1,0,1,1,0,1,0,0,0,0,0,1,0,1,1,1,0,0,0,1,1,1,1,1,0,1,0,0,0,0,0,0,0,0,1,0,1,0,0,1,0,0,1,1,0
1,0,1,1,0,1,0,1,0,1,1,0,0,0,1,0,1,0,1,0,0,1,1,1,0,1,0,0,0,1,1,0,0,1,0,1,1,0,0,1,1,1,0,1,1,1,0,1,1,0,1,1,1,1,0,1,1,1,0,0,0,0,0,1,0,1,1,1,0,1,0,1,0,1,0
0,0,0,1,0,1,0,0,1,0,0,1,0,0,0,1,1,0,0,0,0,1,0,1,1,1,1,1,1,1,1,0,1,0,1,0,1,0,0,1,1,0,0,1,0,1,0,1,0,1,1,0,1,0,1,0,1,1,0,0,0,1,1,0,1,1,0,0,1,1,0,0,0,1,0
1,0,1,1,0,0,1,0,0,1,0,1,1,0,1,0,1,1,0,0,0,1,1,1,0,1,0,1,1,0,1,0,1,0,1,1,0,0,0,1,1,1,0,1,0,1,0,0,0,0,0,1,1,1,1,1,1,0,0,0,1,0,1,0,0,1,1,1,0,0,0,1,1,0,0
1,1,1,1,0,1,0,1,0,1,0,1,1,0,1,1,1,0,1,0,1,1,1,1,0,1,1,0,0,1,0,0,0,1,0,0,1,1,1,0,1,0,0,1,1,0,0,0,0,1,1,0,1,1,0,1,0,1,1,1,0,0,1,0,1,1,0,0,1,1,0,1,1,0,1
1,0,0,0,1,0,0,1,0,1,0,0,1,0,1,1,0,0,1,0,1,0,0,1,1,1,0,1,0,0,1,1,0,0,1,1,1,1,0,1,0,0,0,1,0,1,1,0,0,1,1,1,1,0,0,1,0,0,1,0,1,0,1,0,0,0,0,1,0,1,0,0,0,1,1
0,1,1,0,1,0,0,0,0,0,1,0,1,1,1,1,1,0,0,1,0,0,0,1,0,0,1,0,1,0,1,1,1,0,0,1,0,1,0,1,1,0,0,1,0,1,1,0,0,0,1,1,1,0,0,1,0,0,0,0,0,0,0,0,0,1,0,0,1,1,0,1,1,1,0
0,0,0,0,1,1,0,1,0,1,0,1,0,1,0,0,1,0,0,0,0,1,0,1,0,1,1,0,0,1,0,1,0,1,0,1,0,0,0,1,1,0,0,1,0,1,1,1,1,1,1,1,1,0,1,0,1,1,0,0,1,0,0,1,1,0,0,1,1,1,0,1,0,1,1
1,0,1,0,0,0,0,1,0,0,0,1,1,0,1,1,0,1,0,0,0,1,1,1,0,1,0,0,0,0,1,1,1,0,0,0,0,0,0,0,0,0,1,1,0,1,0,0,0,0,1,1,1,1,1,1,0,1,1,1,1,0,1,0,0,0,0,1,0,1,1,0,0,1,0
0,0,1,1,0,0,0,1,0,1,1,0,0,1,0,1,1,0,0,1,0,1,0,0,0,0,0,0,0,1,1,1,1,1,0,0,0,1,0,0,1,1,0,1,0,0,0,1,0,1,1,1,1,1,0,0,1,0,0,1,0,0,0,0,1,0,1,0,1,0,0,1,1,1,0
0,0,1,1,1,1,0,0,0,1,0,0,1,0,0,1,0,1,1,1,1,0,0,0,0,1,1,1,1,0,1,0,1,0,1,1,1,0,1,0,0,1,0,1,0,1,0,1,0,0,1,1,1,0,1,1,1,0,0,0,0,0,1,0,1,1,0,0,1,0,1,0,1,1,0
1,0,1,1,1,0,1,1,1,1,1,1,1,0,0,1,1,0,0,1,0,1,1,1,1,1,1,1,1,1,1,1,1,0,1,0,0,0,1,0,1,0,0,0,0,1,0,0,1,1,1,0,1,1,0,1,0,1,0,0,0,0,0,1,1,0,0,1,1,1,0,0,0,0,0
1,0,0,0,0,1,1,1,0,1,1,1,0,0,0,1,1,0,1,0,1,1,1,1,0,0,0,0,0,0,0,0,0,0,0,0,0,1,1,0,1,0,0,1,1,0,1,1,0,1,1,0,1,1,1,0,1,0,1,1,0,1,1,0,1,1,0,0,1,1,0,0,1,1,0
1,0,0,0,1,0,0,0,0,1,0,0,1,0,0,1,1,0,0,0,0,1,0,1,0,1,1,0,0,1,1,1,0,0,1,0,1,0,1,0,1,0,1,1,0,1,0,0,0,1,1,1,1,0,1,1,0,0,1,1,1,0,1,0,0,1,0,1,0,1,1,1,1,1,0
1,1,1,1,0,0,0,1,0,0,0,0,0,0,0,0,0,1,0,0,0,1,1,1,0,0,0,1,0,0,1,1,1,0,0,0,0,1,1,0,1,1,1,1,0,1,1,1,0,1,1,0,1,1,0,1,1,1,0,0,0,0,0,1,1,0,0,0,0,1,1,0,0,1,1
1,0,1,0,1,0,0,1,0,1,1,1,0,1,1,0,0,1,0,0,1,1,1,1,0,1,0,0,0,0,1,1,0,0,1,1,0,0,0,1,1,0,0,1,0,0,0,0,1,0,1,1,1,0,1,0,0,1,0,1,1,0,1,0,1,0,0,0,1,1,1,0,0,1,0
1,0,0,1,0,0,0,1,0,0,0,0,0,0,0,0,0,0,0,1,0,1,0,1,1,0,1,1,1,1,1,1,1,0,0,0,1,1,0,1,0,1,0,1,0,1,0,0,0,1,1,1,1,0,1,1,0,1,0,1,0,0,0,0,1,0,0,0,0,0,0,1,0,1,0
1,0,0,0,0,1,0,1,0,0,0,1,0,0,1,1,0,1,1,1,1,0,0,0,1,1,1,0,0,0,0,0,1,0,1,0,0,1,0,1,1,0,1,1,0,1,1,0,0,1,0,1,1,0,1,1,0,1,1,1,0,1,1,0,1,0,0,0,0,1,1,0,0,0,0
1,1,0,0,0,0,0,1,0,0,1,1,0,0,0,0,0,1,0,0,1,0,1,1,0,0,1,0,1,0,1,1,1,0,1,0,1,0,1,0,1,1,0,1,1,1,1,1,0,1,1,1,1,1,0,0,1,1,1,1,0,0,1,0,0,0,0,1,0,1,1,0,0,1,1
1,1,1,1,1,0,1,1,0,1,0,1,0,0,0,1,1,0,1,1,0,1,1,1,0,1,1,1,1,1,0,0,1,0,0,0,1,0,1,0,1,0,0,1,1,0,0,0,1,1,1,0,0,0,1,0,0,1,1,0,0,0,1,0,1,0,1,0,1,0,0,1,1,0,0
1,1,0,1,1,1,0,1,0,1,1,0,0,0,1,1,1,1,1,1,1,1,0,1,0,0,0,1,1,0,1,1,0,0,0,0,1,1,1,0,1,0,1,1,1,0,1,0,0,1,1,0,1,0,1,1,0,1,1,1,1,0,0,0,1,0,0,0,1,1,1,1,1,0,0
1,1,1,0,0,1,1,1,1,1,0,1,1,0,0,0,1,0,0,0,1,1,1,1,1,1,1,0,0,0,0,1,0,0,0,1,1,1,0,1,1,0,1,1,1,0,0,0,0,0,1,0,1,1,0,1,0,1,1,0,1,1,1,1,1,0,0,1,1,1,1,0,1,1,1
1,1,0,1,0,0,0,0,1,1,0,1,0,0,1,1,1,1,1,0,1,1,0,1,0,1,1,1,0,0,1,0,0,0,1,1,0,0,0,1,1,0,0,1,1,0,0,0,0,1,0,1,1,1,0,1,0,1,1,0,1,1,0,1,1,0,1,1,0,1,0,0,1,0,0
1,0,0,0,0,1,0,1,1,1,1,1,0,0,0,0,1,0,0,0,0,1,1,1,0,1,0,0,0,1,0,1,1,1,1,0,0,0,1,1,1,1,0,1,0,1,0,0,0,0,1,0,1,0,1,1,0,0,0,1,1,1,1,0,0,1,1,1,1,1,0,1,1,0,0
1,0,0,0,0,0,0,1,1,1,1,1,0,0,0,1,0,1,1,0,1,0,0,1,0,1,0,0,0,0,1,1,1,0,0,1,1,1,0,1,1,0,0,1,0,1,0,0,1,1,1,0,1,0,1,1,1,1,1,1,0,0,1,0,1,0,0,0,0,1,0,0,0,1,1
1,0,0,1,1,0,0,1,0,1,1,1,0,0,0,1,1,0,1,1,0,1,1,1,1,1,1,1,1,0,0,0,1,1,1,1,1,1,0,1,1,0,0,1,1,0,0,1,0,1,1,0,1,1,0,1,1,1,0,0,1,0,1,1,1,0,1,1,1,1,0,1,0,1,0
1,0,0,1,0,1,0,1,0,1,1,1,0,0,0,0,0,0,1,0,0,1,0,1,0,1,1,1,1,1,1,1,1,1,0,0,0,1,1,0,1,1,0,1,1,0,0,0,0,1,0,1,0,1,0,0,1,1,1,0,0,0,1,0,1,0,1,0,0,1,1,1,0,0,0
1,0,0,0,0,1,0,1,1,0,1,1,0,0,0,1,0,1,1,0,0,1,0,1,1,1,1,0,0,1,0,1,0,0,1,1,1,0,0,1,0,0,0,1,0,0,1,0,1,0,0,0,1,1,0,1,0,0,1,0,1,0,0,0,1,0,0,0,0,1,0,1,0,0,1
1,0,0,1,1,0,0,1,0,1,1,0,0,1,0,0,1,1,0,0,0,1,0,1,0,0,1,1,1,1,0,1,1,0,1,1,0,0,1,1,1,1,0,1,0,1,1,0,0,1,0,1,1,1,0,1,0,0,0,1,0,0,0,0,0,1,1,0,0,1,0,0,0,1,1
1,0,0,1,0,0,0,1,1,0,0,1,1,1,0,0,0,1,1,1,1,0,0,1,1,1,0,0,1,0,1,0,1,0,0,0,1,1,1,0,1,1,0,1,0,1,0,1,0,0,1,1,1,1,1,1,1,0,1,0,0,1,1,0,1,1,0,0,0,1,0,1,1,1,0
1,0,0,0,0,0,1,1,1,0,0,1,0,0,1,1,1,1,0,0,1,1,0,1,0,0,0,1,1,0,1,0,0,0,1,0,1,0,0,1,1,0,1,1,0,0,1,1,0,0,1,0,0,0,0,0,1,1,1,1,1,1,1,0,1,0,1,0,0,1,1,0,0,0,0
1,0,1,0,1,0,1,1,0,0,1,1,1,0,0,0,1,1,0,0,1,1,1,1,0,1,0,0,1,1,0,1,1,0,0,0,0,0,1,0,1,1,0,1,0,1,1,0,0,1,1,0,1,0,0,0,0,1,0,0,0,1,1,1,1,0,0,0,1,1,0,0,0,0,0
0,1,0,1,0,1,0,1,1,0,0,1,0,0,0,1,1,1,1,0,1,1,1,1,1,0,0,1,0,0,1,0,0,0,0,0,0,1,1,0,1,0,0,1,0,1,1,0,0,1,1,0,1,1,0,1,0,1,1,0,1,1,1,1,1,1,0,0,1,1,0,0,1,1,0
1,0,0,0,1,1,1,0,0,1,0,0,0,0,0,1,1,1,1,0,1,1,1,1,0,0,0,0,0,0,0,1,1,0,0,0,0,0,0,1,1,0,0,1,0,0,0,1,0,1,1,1,1,0,1,0,0,0,1,0,0,1,1,0,0,1,1,1,1,1,0,0,0,1,1
0,0,0,0,0,0,0,1,0,0,0,1,0,0,0,0,0,0,0,0,1,1,0,1,1,1,0,1,1,0,0,1,1,0,0,0,1,0,1,0,1,1,1,1,1,1,1,0,1,0,1,0,1,0,1,0,1,0,0,0,0,1,0,0,0,1,0,0,0,1,0,0,1,1,0
1,0,0,0,1,1,0,1,1,1,0,1,1,1,0,0,1,1,1,0,0,1,0,1,0,0,0,1,1,0,1,1,1,0,0,0,0,1,1,0,0,1,0,1,0,1,1,0,0,1,1,0,1,1,1,1,0,0,0,0,1,0,1,0,0,0,1,1,1,1,0,0,1,1,0
1,0,1,1,1,0,0,0,1,1,0,0,0,1,0,1,0,0,0,0,0,1,1,1,1,1,1,1,1,1,1,1,1,0,0,1,0,0,0,1,1,0,0,1,0,1,0,1,1,1,1,0,0,0,1,0,1,1,1,0,1,0,1,1,0,0,0,0,0,1,1,1,1,1,1
1,0,0,0,1,0,0,1,0,1,1,1,0,0,0,1,1,1,1,0,1,1,0,1,0,1,0,0,1,0,1,0,1,0,1,0,0,1,0,1,1,0,0,1,1,0,0,1,1,0,1,1,0,1,0,1,1,1,1,1,1,1,1,0,0,0,0,0,1,1,0,0,1,1,0
1,0,0,0,0,0,1,0,0,0,0,1,0,0,1,1,1,1,0,1,1,0,0,0,0,1,1,0,0,0,0,0,0,0,1,0,0,0,0,0,0,1,0,1,0,1,0,1,1,0,1,1,1,0,1,0,1,1,1,0,1,0,0,0,0,1,0,1,0,1,0,0,0,1,1
0,0,0,1,0,1,0,1,0,1,0,0,1,0,1,1,1,0,0,1,0,0,0,0,1,1,1,0,0,0,1,1,0,0,1,1,0,0,1,0,1,0,1,1,0,0,1,0,1,1,1,1,0,1,0,0,0,0,0,1,1,1,1,0,0,0,1,1,1,1,1,0,1,1,0
1,0,0,1,1,0,0,1,1,1,1,1,0,0,0,0,1,0,1,0,1,1,1,1,0,0,1,0,1,1,1,1,1,0,1,0,0,1,0,0,1,1,1,1,0,1,0,1,0,1,1,0,1,0,0,1,1,1,0,1,1,1,0,1,1,1,1,0,1,1,1,1,1,1,1
0,0,0,0,1,1,0,1,0,1,0,1,0,0,0,1,1,1,0,0,1,1,0,1,0,0,0,0,0,0,0,1,1,1,1,0,1,0,1,0,1,0,1,1,0,0,0,0,0,1,0,1,0,1,0,0,0,1,1,1,1,1,0,0,1,0,1,1,1,1,0,0,0,1,0
1,1,0,0,0,1,0,1,0,1,0,0,0,0,0,0,0,0,1,1,0,1,0,0,1,1,1,1,1,1,1,1,1,1,0,0,0,1,1,0,1,0,0,1,1,0,0,1,1,0,1,1,1,0,0,1,1,1,1,0,0,0,1,1,1,0,1,0,1,1,0,1,0,1,1
0,0,0,1,1,1,0,0,0,0,0,1,0,0,1,1,1,1,1,0,1,1,0,1,0,1,1,0,0,1,1,0,0,0,0,0,0,0,1,0,1,0,0,1,0,1,0,0,1,0,0,1,1,0,1,1,0,1,1,0,1,0,1,0,1,0,1,1,1,1,0,1,0,1,0
1,0,0,0,1,0,0,1,0,1,1,1,0,1,1,1,1,1,1,0,0,1,1,1,1,1,0,0,1,1,1,1,1,0,0,1,0,0,0,1,1,0,1,1,1,0,0,0,0,1,0,0,1,0,0,1,1,1,1,0,0,0,1,0,1,1,0,0,1,1,1,0,1,1,1
1,1,1,1,0,0,0,1,1,1,0,1,0,0,0,1,1,1,0,0,0,0,0,1,0,0,1,0,1,1,0,1,0,0,0,1,0,0,0,1,1,0,1,1,1,1,0,0,1,1,0,1,1,1,1,1,0,0,1,1,0,1,1,0,0,1,1,1,1,1,1,1,0,1,0
1,0,1,0,1,1,0,0,0,1,0,0,0,1,0,1,1,0,1,0,1,1,1,1,0,1,1,0,1,0,1,0,1,1,0,0,1,1,1,0,1,1,1,1,0,0,0,0,1,1,1,1,0,1,0,0,0,1,1,1,1,1,1,0,0,1,0,1,0,1,1,0,1,1,1
1,0,0,1,1,1,0,0,0,0,0,1,0,0,0,1,0,1,0,1,0,1,1,1,1,1,1,0,1,1,1,1,1,1,0,0,1,0,1,0,1,1,1,1,0,1,0,0,0,1,1,0,1,1,0,1,0,1,1,1,1,0,1,1,1,1,0,0,0,1,1,0,0,1,0
1,1,1,0,1,1,0,1,0,0,0,1,0,0,0,0,1,0,1,0,1,1,1,1,0,0,1,0,1,1,0,1,1,0,0,0,0,1,1,0,1,1,0,1,1,1,0,0,0,0,1,0,1,0,0,0,0,1,1,0,1,1,1,0,1,0,0,1,0,1,0,1,1,1,0
1,0,1,1,1,1,1,0,1,1,0,1,0,0,0,1,1,0,1,0,0,1,1,1,1,0,0,0,1,1,1,0,1,0,1,1,1,0,0,1,1,1,1,1,1,1,0,1,0,1,1,1,1,0,0,0,0,0,0,1,1,1,1,0,0,1,0,0,0,1,1,1,0,1,1
1,0,0,1,1,0,0,1,0,0,0,0,0,0,0,1,1,0,1,0,1,1,1,1,0,0,1,0,1,0,0,0,1,0,1,0,0,0,1,0,1,1,0,1,0,1,1,1,0,1,1,0,1,1,0,1,0,0,0,0,0,1,1,0,1,0,0,0,0,1,1,1,1,1,0
1,1,1,1,1,1,1,1,1,1,0,0,1,0,1,0,1,1,0,0,0,1,1,1,0,1,1,1,0,1,0,1,0,0,1,1,0,1,1,1,1,1,1,1,1,1,1,0,0,0,1,1,0,1,0,0,0,1,0,0,1,1,1,1,1,0,1,0,0,1,1,1,0,0,0
1,0,0,1,1,0,0,1,1,1,0,1,0,0,0,1,0,0,0,1,0,0,1,1,0,1,1,0,1,0,0,0,1,0,0,1,1,0,0,1,1,0,0,1,0,1,0,0,0,1,1,0,1,0,1,0,0,0,1,1,1,1,1,0,1,0,0,0,1,1,1,1,1,1,0
1,0,0,1,1,0,0,1,0,1,0,1,0,0,1,1,1,1,0,0,0,1,0,1,0,0,1,1,0,1,1,1,1,0,0,1,0,0,0,1,1,1,1,1,1,1,1,0,0,0,1,1,1,1,0,0,0,0,0,1,0,0,0,0,1,0,0,0,0,1,0,1,1,1,0
1,0,0,0,1,0,0,1,0,1,0,1,0,0,0,1,1,1,1,1,0,1,0,1,1,1,1,0,1,1,1,1,1,1,0,1,0,1,0,1,1,1,1,1,1,1,0,0,1,1,1,0,1,1,0,1,0,1,1,0,1,0,1,0,0,0,1,0,1,1,1,0,0,1,1
1,0,1,1,0,0,0,1,0,0,0,0,0,0,1,0,0,0,0,1,1,1,0,1,0,0,1,0,0,0,0,0,0,0,0,1,0,1,1,0,1,1,0,1,1,0,0,1,0,0,1,0,1,1,0,0,1,1,0,1,0,1,0,0,1,1,0,0,1,1,0,0,1,1,0
1,1,0,1,1,0,0,0,1,0,0,1,0,0,1,1,1,0,1,0,0,1,0,1,0,1,1,1,1,1,1,0,1,0,1,1,0,0,0,1,1,0,1,1,1,0,0,1,1,1,1,0,1,0,0,1,1,1,0,0,1,1,1,0,0,1,1,1,1,1,1,0,0,1,0
1,0,0,0,0,1,0,0,1,1,0,1,1,0,0,0,1,0,0,0,0,1,1,1,0,0,0,1,1,1,0,1,1,0,1,1,1,0,0,0,1,1,0,1,1,1,0,1,0,0,1,0,1,1,0,1,0,1,1,0,1,0,1,0,0,1,0,1,0,1,0,1,0,1,0
0,1,0,1,0,0,0,1,1,0,1,1,0,0,0,1,1,0,0,1,0,0,0,0,0,0,1,1,1,1,0,0,0,0,0,1,1,0,0,1,0,0,0,1,1,1,0,1,1,1,1,1,1,0,1,1,1,0,0,0,1,1,0,0,1,0,0,0,1,0,0,1,0,1,0
1,0,0,0,1,1,0,1,0,1,0,1,1,0,0,0,1,1,1,1,0,1,0,0,1,1,1,0,1,1,1,0,1,1,0,0,1,0,0,0,0,1,0,1,1,0,1,1,0,0,1,1,1,0,0,0,1,0,1,0,1,1,1,0,1,0,1,0,0,1,0,0,0,1,0
1,1,0,1,0,0,1,1,0,1,1,1,0,0,0,0,0,0,1,0,1,1,1,1,0,0,1,1,0,0,0,0,1,0,0,0,0,0,1,0,1,1,0,1,1,0,1,0,1,1,1,0,1,0,0,1,0,0,0,1,1,1,0,0,1,0,0,0,1,1,0,1,0,1,0
1,1,1,0,1,1,0,1,0,1,0,0,0,1,1,0,0,1,0,0,0,1,0,1,0,0,1,0,1,1,0,0,0,0,1,0,0,0,1,0,1,1,0,1,0,0,1,0,0,1,1,1,1,0,0,1,0,0,1,1,0,0,0,1,0,0,0,1,1,1,0,1,0,0,0
0,0,0,1,0,1,1,1,1,1,0,0,0,0,1,1,1,0,0,1,0,1,1,1,1,1,0,1,0,1,1,1,0,1,0,1,0,1,0,1,1,0,1,1,0,1,0,0,1,1,0,1,1,1,0,0,0,1,0,0,0,0,0,0,1,0,1,1,1,1,0,0,0,1,0
1,1,0,1,1,1,0,1,1,1,1,1,1,0,1,1,1,1,0,0,1,1,0,1,1,0,0,1,1,0,1,0,0,0,0,0,0,0,1,1,1,0,1,1,0,1,1,0,0,0,0,0,1,0,1,0,0,1,1,1,1,1,1,1,1,0,0,1,1,0,1,0,0,1,0
1,1,1,0,0,1,1,1,0,0,0,1,0,0,0,0,1,0,0,0,1,1,0,0,1,1,0,1,0,1,1,1,0,0,1,0,1,0,1,0,1,0,1,1,0,1,0,1,1,1,1,1,1,1,0,1,1,1,1,1,0,0,1,0,1,0,0,0,1,1,1,1,0,1,0
1,0,1,1,1,1,0,1,0,0,0,1,0,0,0,1,1,0,1,0,1,1,1,1,1,1,0,1,1,0,0,1,1,0,0,0,0,0,1,0,1,0,0,1,1,1,1,0,0,0,1,0,1,0,1,1,0,0,0,0,1,1,1,0,0,1,0,1,1,1,1,0,1,1,0
1,0,1,0,0,0,0,1,0,1,1,0,0,1,0,0,0,0,0,0,1,1,1,1,0,1,0,0,1,0,1,0,0,0,1,1,0,0,1,0,1,1,0,1,0,1,1,0,1,0,1,0,1,0,1,0,0,0,1,0,0,1,0,0,0,0,1,1,0,1,0,1,0,0,1
0,1,0,1,0,1,1,1,0,0,1,1,0,0,0,1,1,1,1,0,0,0,1,1,0,1,1,1,1,0,0,1,1,1,1,1,1,1,0,1,1,0,1,1,1,0,0,0,0,0,1,0,1,1,1,1,0,1,0,1,1,1,1,0,0,0,0,1,1,1,1,1,1,1,0
1,0,0,0,1,0,1,1,0,1,0,1,1,0,0,1,1,0,0,0,0,1,0,0,0,0,0,0,1,1,0,1,1,0,1,0,0,1,1,0,1,0,0,1,1,1,0,1,1,1,1,1,1,0,1,0,1,1,1,0,0,1,1,0,0,0,1,0,1,1,0,1,0,1,1
1,0,0,0,0,1,0,1,0,0,1,1,0,0,0,1,1,0,1,1,1,1,0,1,0,1,0,0,1,1,1,0,1,1,1,0,1,0,1,0,1,1,0,1,0,1,0,0,1,1,1,1,1,0,1,1,0,1,1,1,1,1,1,0,1,1,1,1,1,0,0,1,0,1,0
0,1,1,0,0,1,0,1,1,0,1,0,0,1,0,0,1,0,1,0,0,1,0,1,1,0,1,1,1,0,0,1,1,1,1,0,1,0,0,0,0,1,0,1,1,1,0,0,0,1,1,1,0,0,1,0,0,1,0,1,1,1,1,1,1,0,1,0,0,1,0,1,0,0,0
1,1,1,1,0,1,0,1,0,1,1,1,0,0,0,1,1,0,1,0,0,1,0,1,0,0,0,1,1,1,0,1,0,1,0,1,0,1,0,1,0,0,0,1,1,1,0,0,1,1,1,1,1,1,0,1,0,0,0,1,1,1,0,1,1,0,0,0,1,1,0,1,0,1,0
1,0,1,0,1,0,0,1,1,0,0,1,0,1,0,1,1,1,1,0,0,0,1,1,0,1,0,0,1,0,1,1,1,0,0,0,1,0,0,0,1,1,1,1,0,1,1,0,1,1,1,0,1,1,0,0,0,1,0,0,0,0,0,0,0,0,0,1,0,1,1,0,0,0,0
1,0,0,1,1,0,1,1,0,1,1,1,0,0,0,1,0,1,1,0,0,1,1,1,0,0,0,1,1,0,0,1,1,0,1,1,0,1,0,1,0,0,1,1,1,1,1,0,1,1,1,1,1,0,1,0,0,1,0,1,1,0,1,0,1,0,0,0,1,1,1,0,0,1,1
0,1,1,1,0,0,1,1,0,0,1,1,0,1,0,1,0,0,0,0,1,1,1,1,0,0,1,0,1,1,0,1,1,0,1,1,1,0,0,1,1,0,0,1,0,1,0,0,0,1,1,0,1,1,1,1,1,1,0,0,0,0,1,0,0,0,0,1,0,1,0,1,1,0,0
0,0,0,0,1,1,1,1,0,1,0,1,0,0,0,0,1,0,1,1,0,1,0,0,1,0,1,1,1,1,1,0,1,0,1,1,0,1,0,0,1,1,1,1,1,0,1,0,1,1,1,1,1,1,1,1,0,1,1,1,0,1,1,1,1,0,1,1,0,1,1,1,0,1,0
1,0,1,0,0,0,0,0,0,1,0,1,0,0,0,0,1,1,0,0,0,1,0,0,0,0,0,0,1,0,0,0,1,0,1,0,0,1,1,0,1,1,1,1,1,0,1,0,0,1,1,1,1,0,1,0,0,1,1,1,0,1,1,1,0,1,0,0,0,0,1,0,1,1,0
1,0,1,1,0,1,0,1,1,1,1,1,1,0,1,1,1,1,1,0,1,1,0,1,0,0,0,1,0,1,1,0,1,0,1,0,0,1,1,0,1,1,0,1,1,0,0,0,0,1,1,1,0,1,0,0,0,1,0,1,0,1,0,0,1,0,1,0,0,1,0,1,0,0,0
0,1,1,1,0,0,0,1,0,1,0,0,0,0,1,1,1,1,0,0,1,1,0,1,0,0,1,1,1,0,1,1,0,0,0,0,0,0,0,1,1,0,1,1,1,0,0,1,0,1,1,1,1,0,1,1,1,1,0,0,0,0,0,0,1,0,0,0,0,1,1,0,1,0,0
0,0,0,1,1,0,1,1,0,1,1,1,0,1,0,1,0,1,0,1,0,1,0,1,0,0,0,0,0,1,1,0,0,1,1,0,1,1,0,1,1,0,0,1,0,1,1,1,1,1,1,1,1,0,1,1,1,1,1,1,0,0,1,0,1,0,1,1,1,0,0,0,0,1,0
1,0,1,1,1,1,0,1,0,1,0,0,0,0,1,1,1,0,0,0,0,1,0,1,0,0,0,1,1,1,0,0,0,0,0,1,1,0,0,1,1,0,1,1,0,1,0,0,0,0,1,0,1,1,0,1,0,0,1,1,0,1,1,0,1,1,0,1,1,1,0,0,1,1,0
0,0,1,1,1,0,0,1,0,1,0,1,1,0,1,0,1,1,0,1,0,1,0,1,1,0,1,0,0,0,0,0,0,0,1,0,0,1,1,0,0,1,1,1,1,0,0,0,1,0,0,1,1,0,1,1,0,1,0,1,1,1,1,0,1,0,0,1,0,1,1,1,0,1,0
1,1,1,1,0,0,0,1,1,1,0,1,0,0,0,1,1,0,1,1,1,1,0,1,0,0,0,1,0,0,0,0,1,0,0,0,0,1,0,1,1,1,1,1,1,1,0,1,1,1,1,0,1,1,1,0,1,0,0,0,0,1,0,0,1,0,0,0,0,1,0,1,0,1,1
1,1,1,0,0,0,1,1,0,1,0,1,1,1,1,1,0,0,1,0,0,1,1,1,0,1,1,0,1,0,0,0,1,0,1,1,0,1,0,1,1,1,1,1,1,0,0,1,1,1,0,0,1,1,0,1,1,0,0,0,1,0,1,0,1,0,0,0,0,1,1,0,0,1,1
1,0,0,0,1,1,0,0,0,1,0,0,0,0,1,0,1,0,0,0,1,1,1,1,0,1,1,0,0,0,1,1,0,0,0,1,1,0,0,0,0,1,1,1,1,0,0,1,1,1,1,0,1,0,0,1,1,0,1,0,0,0,0,1,0,1,0,0,0,1,1,0,1,1,0
1,0,0,1,0,0,1,1,1,0,0,1,1,0,0,1,0,0,1,0,0,1,1,1,0,0,1,0,0,1,0,0,0,0,1,1,1,0,1,0,1,1,1,1,1,0,1,1,1,1,1,0,0,1,0,0,1,0,1,1,0,1,1,0,0,0,1,1,1,1,1,0,1,1,0
1,0,0,0,0,0,0,1,1,1,0,1,1,0,0,1,1,1,1,1,1,1,0,1,0,0,1,1,0,0,1,0,0,0,1,0,1,1,0,0,1,1,1,1,1,1,1,1,1,0,1,1,1,1,0,0,0,1,1,1,1,0,1,0,0,0,0,1,1,1,1,1,0,0,0
0,1,1,1,1,0,0,1,0,1,0,1,1,1,1,1,0,1,0,1,0,0,0,0,0,0,1,1,1,0,1,0,0,1,0,1,1,1,0,1,0,0,1,1,1,1,0,0,0,0,0,1,0,0,1,1,0,1,0,0,0,1,0,0,1,0,1,0,1,1,1,1,0,1,0
0,1,0,1,1,0,1,1,1,0,1,1,0,0,1,0,1,1,0,1,1,1,1,1,1,1,1,0,1,0,1,0,0,0,1,1,0,1,0,0,1,1,1,1,0,1,1,0,1,1,0,0,1,0,0,1,0,0,1,0,0,0,1,1,1,0,1,0,0,1,0,1,0,0,1
1,0,0,0,0,0,0,0,0,0,0,1,1,1,0,1,1,1,1,1,0,1,1,1,0,1,1,1,1,0,1,0,1,0,0,0,0,0,0,0,1,0,1,1,0,1,0,1,0,0,0,0,1,0,1,1,1,0,0,1,1,1,0,0,0,1,0,1,1,1,1,1,1,1,0
1,1,1,0,1,0,0,1,0,1,1,1,1,0,1,0,1,1,0,0,0,1,0,1,0,0,1,0,0,0,1,0,0,0,1,1,1,1,1,0,1,1,1,1,1,0,0,0,0,0,1,0,1,0,1,0,0,1,1,0,1,0,1,1,0,1,0,1,1,1,1,0,1,1,0
1,1,0,0,0,0,0,1,1,0,1,0,0,0,0,0,0,0,0,0,0,1,1,1,1,1,1,0,1,0,1,1,1,1,1,0,1,1,1,0,0,0,1,1,0,1,0,1,0,1,0,1,1,0,0,0,1,1,1,0,0,1,1,0,1,0,0,0,1,1,1,0,1,1,0
1,0,1,1,1,1,0,1,1,0,1,0,0,0,1,1,0,1,0,0,1,1,1,1,0,1,1,0,1,0,0,1,1,0,1,0,0,1,1,0,1,1,1,1,0,1,1,1,1,1,0,1,1,0,1,0,0,1,1,1,0,1,1,1,0,0,0,1,1,1,1,1,0,0,0
0,0,1,1,1,0,0,1,0,0,1,1,1,0,1,0,1,0,1,0,1,1,1,1,0,0,1,1,1,1,0,1,1,0,0,1,1,1,0,1,1,0,0,1,1,1,0,0,0,0,1,0,1,1,0,1,0,1,1,1,1,0,1,0,1,0,0,0,1,1,1,1,0,1,1
1,0,0,0,1,1,0,1,0,1,0,1,0,0,1,1,0,1,0,0,1,1,1,1,1,1,1,0,0,1,0,1,0,0,1,0,1,1,1,0,1,0,0,1,0,0,1,0,0,0,1,0,1,1,0,1,0,0,1,0,1,1,1,0,0,0,0,0,1,1,0,0,1,1,0
0,1,0,0,1,0,0,1,1,1,1,0,0,0,0,1,1,1,0,0,0,1,0,1,0,1,1,0,1,0,1,0,1,0,0,1,1,0,0,1,0,0,0,1,0,1,0,0,0,1,1,1,1,0,0,0,0,1,0,0,0,1,0,0,1,0,0,1,0,0,0,0,1,1,0
1,1,1,1,1,0,1,1,0,0,1,0,0,0,0,0,0,0,0,1,0,0,1,1,0,0,1,1,1,1,1,0,0,1,0,0,0,1,1,0,1,1,0,1,0,1,0,0,0,0,1,1,1,1,0,0,1,0,0,0,0,1,0,0,0,0,0,0,0,1,0,0,1,1,1
1,0,0,1,1,1,1,1,0,1,0,0,0,0,1,1,1,0,0,1,1,1,1,1,0,1,1,1,0,1,1,1,0,0,1,1,1,1,0,1,1,0,1,1,0,0,0,1,0,1,1,0,1,0,1,0,1,1,1,0,0,0,1,0,0,0,0,0,0,1,1,1,0,1,0
1,0,1,0,1,1,0,1,0,1,0,1,0,0,0,0,0,1,0,0,1,1,0,1,1,1,1,0,0,1,0,0,0,0,1,1,0,1,0,1,0,0,0,1,1,1,0,1,1,0,1,1,1,0,0,1,1,0,0,1,1,1,0,0,1,1,0,0,1,1,0,1,0,0,1
1,0,1,0,1,0,0,1,1,0,0,1,0,1,0,0,1,1,0,0,0,1,0,0,0,1,1,1,0,0,1,1,1,0,0,0,0,0,0,0,1,0,0,1,0,0,1,0,1,1,0,1,0,0,1,0,0,0,1,1,0,1,1,0,0,1,1,0,1,1,0,0,1,1,0
1,1,0,1,1,0,0,1,0,0,1,1,1,0,0,1,0,0,0,0,0,1,1,1,0,1,1,0,1,1,0,0,1,0,1,0,0,1,0,0,1,0,1,1,0,1,0,1,0,1,1,0,1,1,0,1,1,0,1,0,0,0,0,0,0,0,0,0,1,0,0,1,0,0,1
1,0,1,1,1,0,0,1,0,0,0,1,1,0,1,1,1,1,0,0,0,1,1,1,0,0,1,1,1,1,1,1,0,0,1,0,1,0,1,0,1,1,0,1,0,1,0,1,0,1,1,0,1,0,0,1,1,0,0,0,1,0,1,1,1,0,0,0,1,1,0,1,0,1,1
1,0,1,1,1,0,0,0,0,1,0,1,0,0,1,0,0,1,1,0,0,1,0,1,0,1,0,0,0,0,1,1,0,0,1,1,1,0,0,1,0,0,0,1,0,1,1,0,1,0,1,0,1,1,1,1,0,1,0,1,1,0,1,1,0,1,0,1,1,1,1,0,0,1,1
1,0,0,1,0,1,0,0,0,1,0,1,1,1,1,0,1,0,0,1,1,1,0,1,0,0,0,1,0,1,1,0,0,0,1,1,0,0,0,1,1,1,0,1,0,1,0,1,0,0,1,1,1,1,0,1,1,1,0,1,1,1,1,0,1,1,0,0,1,1,1,0,1,1,1
0,1,1,1,0,0,0,1,0,1,0,1,0,0,1,0,1,0,0,1,0,1,1,1,1,0,0,1,1,1,1,1,0,0,1,1,0,1,0,1,0,1,0,1,1,0,0,1,0,1,1,1,1,1,0,0,1,1,0,0,1,1,1,0,1,0,0,0,0,1,0,1,1,1,0
1,1,1,0,0,1,0,1,0,0,0,1,1,0,1,0,0,1,0,1,0,1,0,1,1,0,1,0,0,0,0,1,0,1,0,0,1,1,0,0,1,0,0,1,1,1,0,1,0,1,1,1,1,1,0,1,0,1,0,1,0,0,0,0,0,0,1,1,0,1,0,0,0,0,0
1,0,1,0,1,1,0,0,0,1,0,1,1,0,0,0,1,0,1,0,0,1,0,1,1,0,0,1,0,0,1,0,1,0,0,0,1,0,0,1,1,1,0,1,0,1,1,0,0,0,1,1,1,1,0,1,0,0,1,1,0,1,1,0,1,1,0,0,1,1,1,0,1,1,0
1,0,0,0,0,0,0,1,1,1,1,1,1,1,1,1,1,0,1,0,1,1,0,1,1,1,1,0,1,0,1,0,1,0,1,1,0,0,0,1,1,0,1,1,1,1,0,1,0,0,1,1,1,1,0,1,1,1,0,0,1,0,1,0,1,0,0,0,0,1,1,0,0,1,0
1,0,0,0,0,1,0,0,0,1,0,1,0,0,1,1,1,0,0,1,0,1,0,0,0,0,1,1,1,1,0,0,0,0,1,1,0,0,0,1,0,0,1,1,1,1,0,0,0,1,1,1,1,0,1,1,0,1,1,1,0,1,1,0,0,1,1,1,1,1,1,1,0,1,0
1,1,1,0,1,1,0,0,0,0,1,1,1,1,0,0,1,1,1,0,1,1,1,1,1,0,0,0,0,1,0,0,1,0,1,0,1,1,0,0,1,1,0,1,1,1,0,0,0,1,1,0,1,1,0,1,0,1,0,0,0,0,1,0,0,0,0,1,0,1,1,0,1,0,0
1,0,0,1,0,0,0,0,1,1,0,0,0,0,0,0,1,0,0,0,1,1,0,1,0,1,1,0,1,0,1,1,1,1,0,0,0,1,1,0,1,0,1,1,1,1,0,0,0,1,1,1,1,0,1,1,0,0,0,1,0,0,1,0,1,1,0,0,1,1,1,1,1,1,0
1,0,0,0,1,0,0,1,1,0,0,1,0,1,0,1,1,1,1,0,0,1,0,1,0,1,0,0,1,0,0,0,1,0,1,1,0,1,0,1,1,0,0,1,0,1,0,0,0,0,1,0,1,0,1,1,1,1,0,0,0,1,0,1,1,0,0,0,0,1,0,0,1,0,1
1,0,0,0,1,0,1,1,1,1,0,1,0,0,1,1,1,0,0,1,0,1,1,1,1,1,0,0,1,0,1,1,1,0,1,1,0,1,0,1,1,1,1,1,0,1,0,0,0,0,1,1,1,0,0,1,0,0,1,0,1,0,1,0,1,0,0,0,0,1,1,0,1,0,1
1,0,0,1,0,0,0,1,0,0,0,0,1,0,0,0,1,1,0,0,0,1,1,1,0,0,0,1,0,1,0,1,1,0,0,0,1,1,1,0,1,1,0,1,1,1,1,1,0,0,1,0,1,1,0,1,1,1,0,0,0,1,0,0,1,0,0,1,0,0,0,1,0,1,1
1,0,0,1,0,0,1,1,1,0,0,0,1,0,0,0,1,1,1,0,0,1,1,1,0,0,1,1,1,1,1,0,1,0,1,0,0,1,1,0,1,1,0,1,0,1,0,0,1,1,1,0,1,1,0,0,0,1,0,0,1,1,1,0,0,1,1,1,1,1,0,0,0,1,1
1,1,1,1,1,1,0,1,1,1,1,1,1,0,1,0,1,0,1,0,1,1,1,1,0,1,1,0,0,0,1,0,0,0,1,1,1,0,1,0,1,1,0,1,1,1,0,1,1,0,1,1,1,0,0,0,1,1,0,1,0,1,1,0,0,1,1,1,0,1,0,0,0,1,1
1,0,0,0,0,1,0,1,0,1,0,0,0,1,1,0,1,1,0,1,0,1,1,1,0,0,1,1,0,1,0,1,1,1,1,1,1,0,0,1,0,1,0,1,0,1,1,1,1,0,1,0,1,0,1,0,1,1,1,1,0,1,0,1,1,0,1,0,1,1,0,1,0,1,0
1,0,1,1,0,1,0,1,1,0,1,0,0,0,1,0,0,1,1,0,1,1,0,1,0,0,0,1,1,0,1,0,0,0,1,0,0,0,1,0,1,1,0,1,1,0,0,0,1,0,1,1,1,1,0,1,0,0,1,0,0,1,0,1,1,0,0,0,0,1,0,1,0,0,0
0,0,0,0,1,1,0,1,0,1,0,1,1,1,0,1,1,1,0,1,1,0,0,1,1,1,1,0,1,1,1,0,1,0,0,0,1,0,1,0,0,1,1,0,0,0,1,1,0,0,1,1,1,0,1,0,1,1,1,0,1,1,1,0,0,0,0,1,0,1,1,0,0,1,0
1,1,1,1,0,0,1,0,1,0,0,0,0,0,1,1,1,1,1,1,0,1,1,1,0,0,1,1,1,1,0,1,0,0,1,1,1,0,0,1,1,0,0,1,1,0,0,1,0,1,1,1,1,1,1,1,1,1,0,0,0,0,1,0,0,1,0,1,1,1,0,0,1,1,0
1,0,0,0,0,1,0,1,0,0,1,1,0,1,0,0,1,1,0,0,0,1,0,1,0,0,0,1,1,0,1,0,1,0,0,0,1,1,1,0,1,1,0,1,0,1,1,0,0,1,1,1,1,1,0,1,0,0,1,0,1,1,1,0,1,1,0,0,0,1,0,0,1,1,0
0,1,1,0,0,1,0,1,1,1,1,0,1,0,0,0,1,0,0,0,0,1,0,1,0,0,1,0,0,0,0,1,1,0,1,0,0,1,1,0,1,1,0,1,1,1,0,0,0,0,1,1,1,1,0,1,0,0,1,0,0,1,1,0,1,0,0,1,0,0,0,1,0,1,0
0,0,1,1,0,0,0,0,0,0,0,0,1,1,0,0,0,1,0,0,0,1,0,1,0,1,0,1,0,0,1,0,1,0,1,0,1,1,1,0,1,1,0,1,0,1,1,0,1,1,1,1,1,1,0,1,1,1,0,0,1,1,0,1,0,1,0,1,0,0,0,0,0,1,0
1,1,1,1,1,1,1,1,1,0,0,0,0,0,0,1,1,1,1,0,0,1,0,1,1,0,0,0,0,1,0,0,1,0,0,1,0,0,0,0,1,1,0,1,1,0,1,1,1,0,1,1,0,0,1,0,1,0,0,1,0,1,1,1,0,0,0,0,1,1,0,1,1,1,1
1,0,0,1,1,0,0,1,0,0,0,1,0,0,0,0,1,0,0,0,0,1,0,0,1,1,1,0,1,0,1,0,1,1,0,0,1,1,0,1,1,1,0,1,0,1,1,1,0,0,1,1,1,0,0,1,1,1,0,1,1,0,1,1,0,0,0,1,1,1,0,1,1,1,1
0,1,0,1,1,1,0,1,0,0,1,0,1,0,0,1,1,0,1,0,0,1,0,0,0,0,0,1,1,1,0,1,1,1,1,1,0,1,0,0,1,1,1,1,1,0,1,0,0,1,0,1,1,0,1,0,0,1,1,1,1,0,1,1,1,0,1,0,0,1,1,1,0,0,0
1,0,0,0,1,1,0,1,0,1,0,1,1,0,1,0,1,0,1,0,1,1,0,1,1,1,1,1,1,1,0,0,1,0,0,0,0,0,1,0,1,1,1,1,1,0,0,0,0,1,1,1,1,0,0,1,0,1,1,1,1,0,1,0,0,0,1,1,0,1,1,0,0,1,1
1,0,0,0,1,0,0,1,0,1,0,1,0,0,0,0,0,1,0,0,0,0,1,1,0,0,0,0,1,0,0,0,0,0,0,1,1,0,0,1,0,0,0,1,1,0,1,0,0,1,1,1,1,1,0,0,0,1,1,0,1,0,1,0,1,1,0,0,1,1,1,0,1,1,0
1,1,1,1,1,0,0,1,0,1,0,0,0,0,1,1,1,1,1,0,0,1,0,1,0,0,1,1,0,1,1,1,0,1,0,1,0,0,0,1,1,0,1,1,0,0,0,0,0,1,1,0,0,0,0,0,0,1,0,0,0,0,0,0,0,0,1,0,0,1,1,1,0,1,0
1,1,0,0,1,1,1,1,0,0,1,1,0,0,0,1,1,1,1,0,1,1,1,1,0,0,1,1,0,0,1,1,1,0,0,0,1,1,1,0,1,1,0,1,1,1,1,1,1,1,1,0,1,1,1,1,1,0,0,0,0,0,0,0,1,0,1,1,0,1,0,0,0,1,0
1,1,1,1,1,0,1,1,1,1,1,0,0,0,1,0,1,0,1,0,1,1,1,1,0,0,0,1,1,1,1,0,0,0,1,1,1,1,1,0,1,1,0,1,1,1,0,1,1,1,1,0,1,0,0,1,0,1,0,1,0,1,1,0,0,1,0,1,0,1,0,1,0,0,1
1,1,1,1,0,0,1,1,0,1,0,1,0,0,0,0,1,0,0,0,1,1,1,1,0,1,1,1,0,0,0,1,1,0,0,1,1,1,0,1,1,1,0,1,0,1,0,0,1,0,1,0,0,1,0,1,0,1,0,1,1,1,0,0,0,1,0,1,1,1,0,1,1,1,0
1,1,1,0,1,1,0,1,0,0,0,1,0,0,1,0,1,1,0,0,0,1,0,1,1,0,1,0,1,0,0,1,0,0,1,0,0,1,1,1,1,1,1,1,1,1,1,1,0,0,1,0,0,0,0,0,1,0,1,0,1,0,1,1,1,0,1,0,0,1,1,1,0,1,0
1,0,0,1,0,0,0,0,0,0,0,1,1,0,0,1,1,1,0,0,0,1,0,0,1,1,1,0,1,0,0,1,1,0,1,0,1,0,1,0,1,1,1,1,0,1,0,1,0,0,1,1,0,0,1,0,1,1,0,1,1,1,1,0,1,0,1,0,0,1,1,0,0,1,0
1,1,0,0,1,0,0,1,0,1,0,0,1,0,0,0,0,0,1,0,1,1,0,1,1,0,0,1,1,0,1,1,1,0,0,1,1,0,1,1,1,1,0,1,0,1,0,1,1,0,1,1,1,1,0,1,1,1,1,0,0,0,1,1,0,1,0,0,0,1,0,0,0,1,0
0,0,0,1,1,0,0,1,1,0,1,1,0,0,1,1,0,1,0,0,0,0,0,1,0,0,1,0,0,0,1,0,0,0,1,0,1,0,1,0,1,0,0,1,0,0,1,0,1,0,1,0,1,0,1,0,0,1,0,1,1,1,1,0,1,0,0,0,0,1,1,1,0,1,0
0,0,0,1,0,0,0,1,1,1,0,0,1,1,0,0,1,1,0,0,1,1,0,1,1,0,1,1,1,0,0,0,1,0,1,0,0,1,1,0,1,0,0,1,0,1,1,1,1,0,1,0,0,1,0,0,1,0,1,0,0,1,1,1,1,1,1,0,1,0,0,1,1,0,0
1,0,0,1,1,0,0,1,1,1,0,0,1,0,0,1,1,1,1,1,1,1,0,0,1,1,0,0,1,0,0,1,1,1,1,0,0,1,1,0,1,1,1,1,1,0,1,0,1,1,0,1,0,1,0,0,1,0,0,1,0,1,0,0,0,0,0,1,0,1,1,0,1,0,0
1,1,1,1,1,1,0,1,1,1,0,0,0,1,0,0,1,0,0,1,1,0,1,1,0,1,1,1,0,1,1,1,0,0,1,1,1,1,1,0,1,1,1,1,1,1,0,0,0,1,1,0,1,1,0,1,0,1,1,1,0,0,1,0,1,0,0,0,1,1,1,1,1,1,0
0,0,1,1,0,0,1,1,1,1,0,1,0,1,0,1,1,0,1,0,1,0,1,1,0,0,0,1,0,1,1,0,1,1,1,0,0,1,1,0,1,1,0,1,1,1,1,0,1,0,1,0,1,1,0,0,0,1,0,0,1,1,1,0,0,1,0,0,1,0,0,1,0,1,0
1,0,0,1,1,0,0,0,0,0,0,1,1,0,0,0,0,0,0,0,0,1,0,0,0,0,1,1,0,0,1,0,0,0,1,0,0,0,1,0,0,1,1,1,0,1,1,1,0,1,1,1,1,0,1,1,1,0,0,0,0,1,1,0,0,1,0,0,1,1,1,0,1,1,0
1,0,0,0,1,1,0,1,0,0,0,0,1,0,0,1,1,1,0,0,0,1,0,1,1,1,1,0,0,1,1,1,1,0,0,0,1,0,1,0,1,0,0,0,0,1,1,0,0,0,1,1,1,0,1,0,0,1,1,1,0,1,1,0,0,0,0,0,1,1,1,1,0,1,0
1,1,1,1,1,1,0,1,0,0,1,0,0,1,0,0,1,1,1,0,1,1,0,0,0,0,1,0,1,0,1,1,1,0,1,0,1,1,1,0,1,1,1,1,1,1,0,1,0,1,1,1,1,1,0,1,1,1,0,0,0,0,1,1,1,0,0,0,0,1,1,0,0,1,1
1,0,1,1,1,0,0,1,0,0,1,1,1,0,1,0,1,1,1,0,0,1,0,0,1,1,0,0,0,1,0,0,0,0,1,0,1,0,0,0,0,1,0,1,0,1,0,1,1,0,0,1,1,1,0,1,0,1,0,0,1,1,1,0,1,0,1,0,1,1,0,0,0,1,0
1,0,0,1,0,0,0,1,0,0,0,1,0,1,0,1,1,0,0,0,0,1,0,1,1,1,1,1,1,1,1,0,1,0,1,0,0,0,1,0,0,0,1,1,0,1,0,0,0,1,1,1,1,0,0,1,0,1,0,0,0,0,1,0,1,1,0,0,0,1,1,0,1,1,1
1,0,1,1,1,0,0,1,0,1,0,0,0,0,1,0,1,0,0,0,1,1,1,1,1,1,0,0,0,0,0,1,0,0,0,0,1,0,1,0,1,1,0,1,1,0,0,1,1,1,1,0,1,1,0,1,0,1,1,0,1,0,1,0,0,0,1,1,0,1,0,0,0,1,0
0,0,0,1,0,0,0,0,0,1,0,1,1,0,1,0,0,1,1,0,0,1,0,0,1,1,0,1,1,1,1,0,0,1,1,0,0,1,0,0,0,1,0,1,0,0,0,1,1,1,1,1,1,1,0,1,1,1,0,1,1,1,1,0,1,1,1,0,0,1,0,1,0,1,0
1,0,0,0,0,0,0,1,0,0,1,1,0,1,1,0,1,1,1,1,0,1,0,1,0,0,1,0,0,0,1,0,0,0,1,1,0,0,0,1,1,0,0,1,0,0,0,1,1,1,1,0,1,1,0,1,1,0,1,1,1,1,1,0,1,0,0,0,1,1,0,1,0,1,0
1,0,1,0,0,0,1,0,0,1,1,1,0,0,1,1,0,1,0,0,0,1,1,1,0,0,1,1,1,1,1,1,0,0,1,1,1,0,1,0,0,1,0,1,0,1,0,0,0,1,1,0,1,0,1,0,0,0,1,1,0,0,1,0,1,1,0,0,1,1,1,1,1,1,1
1,0,0,0,0,0,0,1,0,1,0,1,0,0,1,1,1,1,0,0,1,1,0,1,0,0,1,0,1,1,1,0,1,0,0,0,1,0,0,1,1,0,0,1,0,1,1,0,0,1,1,1,1,1,0,0,1,1,0,1,0,0,0,1,1,0,1,1,1,1,0,1,0,0,0
1,0,1,1,1,0,0,1,0,0,0,0,1,0,0,0,0,0,1,0,1,0,0,1,1,1,1,0,1,0,0,1,1,0,1,1,0,0,1,1,1,1,0,1,0,0,0,1,1,1,1,1,1,1,0,1,1,1,1,0,0,1,0,0,1,0,1,0,1,1,0,1,0,1,0
1,0,0,0,0,0,0,1,0,0,0,1,1,0,1,1,0,0,1,1,0,1,0,1,0,0,1,0,1,0,0,0,1,0,1,1,0,0,1,1,0,0,0,1,1,1,1,0,0,0,1,0,1,1,0,0,1,0,1,1,1,1,1,0,1,0,0,0,0,1,1,0,1,1,0
1,0,1,1,0,0,0,1,1,0,1,1,0,0,0,1,1,0,0,0,0,1,1,1,0,0,1,1,0,1,1,0,1,1,0,1,0,0,0,1,1,0,1,1,0,0,0,1,0,1,1,1,0,1,0,0,0,1,0,0,0,0,1,0,1,0,1,1,1,1,1,1,0,1,0
1,0,0,1,1,1,0,1,0,0,1,1,0,0,0,1,1,0,0,0,1,1,1,1,0,0,0,1,0,1,1,1,1,1,1,0,1,1,0,1,1,0,0,1,0,1,0,0,0,1,1,0,1,1,0,1,0,0,0,1,0,1,1,1,1,1,0,0,1,1,0,1,1,0,0
1,1,0,1,1,0,0,1,0,0,1,0,1,0,0,0,0,1,0,1,1,1,0,1,0,1,1,1,0,0,0,0,0,0,1,0,0,0,1,0,1,1,0,1,0,1,1,1,0,1,1,1,1,1,0,1,1,1,1,0,1,1,0,1,0,0,1,0,0,0,1,0,0,1,1
0,1,1,1,1,0,0,1,1,0,0,0,1,0,0,0,0,0,1,1,1,1,0,1,0,0,0,0,1,1,0,1,0,0,1,1,1,1,0,0,0,1,0,1,1,0,0,1,1,1,1,1,1,1,0,1,0,0,0,0,0,1,0,0,1,0,1,0,1,0,0,1,0,1,0
0,1,0,0,1,0,0,1,0,1,0,1,0,0,0,1,0,1,0,1,0,1,0,1,0,0,1,1,0,1,1,1,1,0,0,0,1,0,1,0,0,0,1,1,1,0,0,1,0,0,1,1,1,0,0,1,1,0,1,0,0,1,1,0,0,0,0,0,0,1,1,0,1,1,1
0,1,1,0,1,0,0,0,0,1,0,0,0,0,0,0,0,1,0,0,0,1,0,1,0,1,1,0,1,0,1,1,1,0,0,0,0,0,1,0,1,1,0,0,1,0,1,1,1,1,1,0,1,0,0,1,1,1,1,0,0,0,1,0,0,1,1,1,0,0,1,0,0,1,0
1,0,1,1,1,0,0,1,0,0,0,1,0,1,0,0,1,1,1,1,0,1,0,1,0,0,0,1,1,0,0,1,1,1,1,0,1,1,0,1,1,0,0,1,1,1,0,0,1,1,1,1,1,0,1,1,0,1,0,0,1,0,0,0,1,0,0,0,1,1,0,0,0,1,0
0,0,1,0,0,1,1,1,0,0,1,1,0,0,0,1,0,0,0,0,0,1,0,1,0,0,1,1,0,1,1,1,0,0,0,0,0,0,0,1,1,1,0,1,0,1,0,0,1,1,0,0,1,1,0,1,0,1,0,1,1,0,0,0,1,0,0,0,1,0,1,1,0,0,0
0,0,1,1,0,1,0,1,1,1,0,0,0,0,0,1,1,0,0,0,0,1,1,1,0,1,1,0,0,1,0,0,0,0,1,1,1,0,1,0,1,1,0,1,0,1,0,0,1,1,1,1,0,0,0,1,0,0,0,1,0,0,1,0,1,0,0,0,0,0,0,1,1,1,0
1,0,1,0,1,0,0,1,0,0,0,1,1,0,0,0,1,1,0,1,1,1,1,1,1,0,1,1,0,0,0,1,0,0,0,0,0,0,1,0,1,1,1,1,1,1,1,0,1,0,1,0,1,0,0,0,0,0,1,1,0,1,1,1,0,0,1,0,1,1,1,1,0,1,1
1,0,1,0,0,0,0,1,0,1,0,1,1,1,0,1,0,0,1,0,0,0,0,0,0,0,1,1,0,0,0,1,1,0,1,0,1,0,0,1,1,0,0,1,1,0,0,1,1,0,1,1,1,0,1,1,1,0,1,1,0,1,1,0,0,0,1,1,0,0,1,1,0,0,1
0,1,1,1,1,1,1,1,1,0,1,1,0,0,0,1,0,1,1,0,1,1,1,1,0,1,0,1,0,0,0,1,0,0,1,1,0,1,0,1,1,0,0,1,1,1,1,0,0,1,1,0,1,1,0,0,0,0,1,0,1,1,1,0,1,0,1,1,1,0,1,0,0,0,1
1,0,0,0,1,0,0,1,0,1,1,0,1,0,0,0,1,1,1,0,1,0,1,1,0,0,1,0,1,1,0,1,0,0,1,0,0,0,1,0,1,1,0,1,0,0,1,1,0,0,1,0,1,0,0,0,1,1,1,0,1,0,1,0,1,0,0,1,1,1,0,1,1,1,0
1,1,0,1,1,0,1,1,1,1,0,1,0,0,1,1,1,1,1,1,1,1,0,0,0,0,1,0,1,0,1,0,1,1,1,1,1,0,1,1,1,0,0,1,0,1,1,0,0,0,1,1,1,1,1,0,0,1,0,0,1,0,0,0,0,0,0,1,0,1,0,0,1,1,0
1,0,0,0,1,0,0,1,0,0,1,1,1,1,1,1,0,1,0,0,1,1,0,1,0,1,1,0,0,1,1,1,0,0,1,1,0,1,0,1,0,1,0,1,0,1,1,1,1,0,1,0,1,0,1,1,0,1,0,0,1,0,1,0,1,0,0,0,1,1,0,1,0,0,0
1,0,0,1,0,0,0,1,0,0,1,0,1,0,1,0,1,1,0,1,1,1,0,0,1,1,1,1,0,0,0,0,0,0,0,0,0,0,0,0,0,1,0,1,0,1,1,1,1,1,1,1,1,0,0,1,0,0,0,1,1,0,0,1,0,0,1,1,0,1,1,0,0,1,0
1,0,0,1,0,1,0,1,0,1,1,1,0,0,1,1,0,1,0,0,0,1,0,1,0,1,1,1,0,0,1,1,0,1,0,0,0,0,0,1,0,0,0,1,0,1,0,0,0,1,1,0,1,0,1,0,0,0,0,0,1,1,0,0,1,1,1,0,1,1,0,0,1,1,0
1,0,1,1,1,0,0,1,0,1,0,0,0,0,0,0,0,1,0,1,0,1,0,0,0,1,1,1,1,1,1,0,1,0,1,0,1,0,0,1,1,1,0,1,0,1,0,0,1,0,0,1,1,0,1,0,1,1,1,0,0,1,0,0,1,0,0,0,0,1,0,0,0,1,1
1,0,0,1,1,1,0,1,0,1,1,0,1,0,0,1,1,0,0,1,0,0,0,1,1,1,0,1,1,0,1,1,1,1,0,1,0,0,0,1,0,0,0,1,0,1,1,0,1,0,0,1,1,1,0,1,0,1,1,1,0,1,1,0,1,1,0,0,1,1,1,1,0,1,1
1,1,0,0,1,0,0,1,0,0,0,1,0,0,0,1,0,1,1,0,0,1,0,1,1,0,0,1,1,0,1,0,1,0,1,0,0,1,1,0,1,1,0,1,1,1,1,0,0,1,1,1,1,0,0,1,0,1,1,1,1,1,1,0,0,1,1,0,1,1,0,0,1,1,0
1,0,0,1,0,0,1,0,0,1,0,1,0,0,0,1,1,1,1,0,0,0,0,1,0,0,1,1,0,0,1,0,0,1,1,0,1,0,0,0,1,1,1,1,0,0,0,0,1,1,1,1,1,0,1,1,0,0,0,0,0,1,1,0,0,1,1,1,0,1,1,0,0,0,0
0,1,0,0,1,0,0,0,1,0,0,1,0,0,1,0,0,1,0,0,0,0,0,1,0,0,1,0,0,0,1,0,0,1,1,1,1,0,0,0,1,0,0,1,1,0,1,1,0,1,1,0,1,0,0,1,1,0,0,0,0,1,0,0,1,1,1,1,0,1,0,1,1,0,1
1,0,0,0,0,0,0,1,1,0,0,0,0,0,0,0,1,1,0,0,1,1,0,1,1,1,0,1,1,0,1,0,1,1,1,0,1,1,1,0,1,1,0,1,1,1,0,1,0,1,1,1,1,0,0,1,0,0,1,1,0,0,1,0,1,0,0,0,1,1,1,1,1,1,0
1,0,1,1,1,0,0,0,1,1,1,1,0,0,0,0,1,0,0,0,1,1,0,1,0,1,1,1,1,0,0,1,1,1,1,1,1,1,1,1,1,1,0,1,1,1,0,0,0,1,1,1,1,1,0,1,0,0,0,0,1,1,1,0,0,1,0,1,0,1,0,1,1,1,0
1,1,1,0,0,1,0,1,1,0,1,0,0,0,1,1,1,0,1,0,0,1,1,1,0,0,1,0,1,0,1,0,1,0,1,1,0,1,0,1,0,0,1,1,1,0,0,0,0,1,1,0,1,1,1,1,0,1,1,0,0,1,1,0,1,0,1,1,1,1,1,0,1,1,0
1,0,1,0,1,1,0,1,0,0,0,1,0,0,0,0,0,1,0,0,1,0,0,1,1,0,0,0,1,0,1,0,1,0,1,0,0,0,1,0,1,1,0,1,0,1,0,0,0,0,1,1,1,0,1,1,0,1,1,1,0,1,1,0,1,1,1,1,1,1,0,0,1,1,1
1,0,0,0,1,1,0,1,0,0,1,1,1,1,1,0,1,1,1,0,1,1,0,1,1,1,0,0,0,1,0,1,0,0,0,0,1,0,1,0,1,1,0,0,1,1,1,1,0,0,1,0,1,0,0,1,1,0,1,1,1,0,1,0,0,0,1,1,1,1,0,0,1,1,1
0,0,0,0,1,0,0,1,0,1,0,0,0,0,1,1,1,1,0,0,0,1,0,0,0,1,1,1,0,1,0,1,0,1,0,0,1,0,1,1,0,0,0,1,0,1,1,0,1,1,1,1,1,1,0,0,0,1,1,0,0,0,1,0,1,0,0,1,1,1,1,0,0,1,0
1,0,1,0,1,0,0,1,1,0,1,0,0,0,1,1,1,0,0,1,0,1,0,0,0,1,0,0,0,0,1,0,1,0,0,0,1,1,1,0,1,1,1,1,0,0,0,1,0,1,1,1,0,0,1,0,0,0,1,0,0,1,0,0,1,0,1,1,0,1,1,1,0,1,0
0,1,0,1,1,1,1,1,0,0,0,0,1,0,0,1,1,0,0,0,0,1,1,1,0,1,1,1,1,0,1,0,1,1,1,0,1,0,1,0,1,1,1,1,0,1,0,0,1,1,1,0,1,0,1,0,0,1,1,1,1,0,1,0,1,0,0,0,0,1,1,1,0,0,0
1,0,1,1,1,1,1,1,0,0,0,0,0,1,0,1,1,0,1,0,1,1,1,1,1,1,1,0,1,0,0,1,1,0,0,0,0,0,0,0,1,0,1,1,0,1,0,1,1,0,1,0,1,0,1,1,1,1,1,0,0,1,0,0,1,1,1,1,1,1,0,1,0,1,1
1,0,1,1,1,1,0,1,0,0,1,0,0,0,0,1,1,0,0,0,0,1,0,1,1,0,0,0,1,0,0,1,0,0,1,0,0,0,0,1,0,0,0,1,0,1,0,0,1,1,1,1,1,0,1,1,0,1,0,1,0,0,1,0,0,0,0,0,1,1,0,1,0,1,0
1,0,0,1,1,0,1,0,0,0,0,0,1,0,1,1,0,1,0,0,1,1,1,1,0,1,1,0,0,1,1,1,0,0,1,0,1,0,1,0,1,0,0,1,0,1,0,0,0,1,1,0,1,0,1,1,0,1,0,0,0,0,1,0,0,1,1,0,1,1,0,1,1,1,1
1,1,1,0,1,1,0,1,1,0,1,1,0,1,1,0,1,1,0,0,0,1,1,1,0,1,0,0,1,1,0,0,1,1,1,1,1,1,0,1,0,0,0,1,1,0,1,0,0,0,0,1,1,1,0,1,0,0,1,0,1,1,1,0,1,0,0,0,1,0,0,0,1,1,0
1,0,0,1,1,1,0,1,0,1,1,0,0,0,1,1,1,1,1,0,1,0,1,1,0,0,0,1,1,0,0,1,1,0,1,0,1,1,0,1,1,0,1,1,0,0,1,0,0,0,1,0,1,1,0,0,0,0,1,1,0,1,1,0,1,0,0,0,1,1,1,1,1,0,0
1,0,0,0,0,0,0,1,0,0,0,0,0,0,0,0,1,0,0,0,1,1,1,1,0,1,1,0,1,0,0,0,1,0,0,0,1,0,1,0,1,1,1,1,0,1,1,0,0,0,1,0,1,1,0,1,1,0,1,0,0,0,0,0,1,0,0,0,1,1,1,0,1,1,0
1,0,0,1,1,0,1,0,1,1,0,1,0,0,1,1,1,0,1,0,1,1,1,1,0,0,0,1,1,0,0,1,0,0,1,1,0,1,1,0,1,1,0,1,1,0,1,0,1,1,1,0,1,0,0,0,0,0,0,1,0,0,1,0,0,1,0,1,0,1,0,1,0,1,1
1,0,0,1,1,0,0,1,0,0,0,1,0,0,1,0,1,1,0,0,0,1,0,1,0,0,1,0,1,0,1,0,0,0,1,1,0,0,0,1,1,1,0,1,0,1,1,0,1,1,1,0,1,0,1,0,0,1,0,0,0,0,1,0,1,0,1,1,0,1,0,0,0,1,0
1,0,0,0,1,1,1,1,0,0,1,1,1,0,1,0,1,1,1,1,0,1,0,1,1,1,1,1,1,1,0,0,1,0,0,0,1,0,1,0,1,1,1,1,1,1,0,0,1,0,0,0,1,0,1,1,1,1,1,0,1,0,1,0,1,0,0,0,0,1,1,0,0,0,0
1,1,0,1,1,0,0,1,0,1,1,1,1,0,0,0,0,0,1,0,0,1,1,1,0,1,0,0,1,1,1,0,1,0,1,1,0,0,0,1,0,1,0,1,1,1,1,1,0,0,1,0,1,0,0,1,1,0,1,1,1,0,1,0,1,0,0,0,0,1,0,0,1,0,0
1,1,0,1,1,0,0,0,0,1,0,1,0,0,0,1,1,1,1,0,0,0,1,1,0,1,0,0,1,1,0,1,0,0,0,0,1,1,1,0,1,0,1,1,1,0,0,0,1,1,1,1,1,1,0,1,0,0,1,1,0,0,1,0,0,1,1,1,1,1,1,0,0,1,0
1,0,0,1,0,1,0,1,0,0,1,0,0,0,0,0,1,0,1,0,1,1,0,0,0,0,1,1,1,0,0,1,1,0,1,0,0,0,1,0,1,1,1,1,0,0,0,1,1,1,1,1,1,1,0,1,1,1,1,0,0,0,0,1,1,0,0,0,1,0,1,1,0,0,0
1,0,1,1,1,1,0,1,0,1,0,1,0,0,0,1,1,1,0,0,0,1,1,1,1,0,1,1,0,0,1,1,0,0,0,1,1,0,0,1,1,1,1,1,1,1,1,1,0,1,1,0,1,1,0,1,1,0,0,0,0,0,0,0,0,0,1,1,0,0,1,0,1,1,0
1,0,0,0,1,1,0,1,0,1,1,1,1,0,1,0,1,0,0,1,0,0,0,0,1,0,0,0,1,1,1,1,0,0,1,1,1,0,1,0,0,1,0,1,0,1,0,0,0,0,0,1,1,1,1,1,1,0,1,1,0,0,0,0,0,0,1,1,0,1,0,0,1,1,0
1,0,0,0,0,0,0,0,0,1,0,0,0,0,1,1,1,1,1,0,1,1,0,1,0,0,1,0,0,1,0,1,1,0,0,0,1,0,1,0,1,0,1,1,0,0,1,0,0,1,1,0,1,1,0,1,0,1,1,0,0,0,0,0,1,1,0,0,0,1,1,0,0,1,0
1,1,1,0,1,0,0,1,1,0,0,0,1,0,0,1,1,0,0,0,0,1,0,1,0,1,1,0,1,1,1,1,0,0,0,1,0,0,0,1,1,1,0,1,1,0,0,0,0,0,1,1,1,1,0,1,0,1,0,0,0,0,0,0,1,0,0,0,1,1,0,1,0,1,0
0,0,1,0,0,1,0,1,0,0,0,1,0,0,0,1,1,0,0,1,0,1,0,0,0,0,1,0,0,1,1,1,1,1,0,0,1,0,0,1,1,0,1,1,0,1,0,1,0,1,1,1,0,1,0,1,1,1,1,1,1,0,1,1,1,0,0,0,0,1,0,1,0,1,0
1,0,1,0,0,1,1,0,0,1,0,1,0,1,1,0,1,0,1,1,0,1,0,0,0,0,1,0,1,0,0,1,1,0,0,0,1,1,0,1,1,1,1,1,1,0,0,0,1,1,1,1,0,0,1,0,0,1,1,0,0,0,1,1,0,1,0,1,0,1,1,1,1,1,1
1,1,0,1,0,0,0,1,1,0,0,1,0,0,0,1,1,0,0,0,1,1,0,1,1,1,1,1,1,1,1,0,1,0,1,1,0,0,0,1,1,0,0,1,0,0,1,1,0,1,1,1,1,1,1,0,1,0,1,0,0,0,1,1,0,0,1,1,1,1,0,1,1,1,0
1,0,0,1,1,0,1,0,1,1,0,1,0,0,0,0,1,0,0,0,0,1,1,1,0,0,1,1,1,0,1,0,0,0,0,1,1,0,0,1,0,1,1,1,0,1,1,0,0,1,1,0,1,0,0,1,0,0,0,1,0,1,0,1,0,0,1,0,0,1,1,1,1,1,1
1,0,0,1,0,0,0,1,0,1,1,1,0,0,0,0,0,1,1,0,1,1,0,1,0,0,1,0,1,0,0,1,1,0,0,1,1,1,1,0,1,1,0,1,1,1,0,1,1,1,1,1,1,1,0,1,1,1,0,0,0,1,0,0,0,0,0,1,1,1,0,0,0,1,0
1,0,0,1,1,1,0,1,0,1,0,1,1,0,1,1,0,0,1,0,1,1,1,1,0,0,1,0,0,1,1,1,0,0,1,0,1,0,1,0,1,0,1,1,0,1,0,0,1,1,0,1,1,0,1,1,0,1,1,1,1,0,1,0,0,1,0,1,1,1,1,1,0,1,1
1,1,0,0,1,0,0,0,0,1,0,0,0,0,1,0,0,1,0,1,1,1,1,1,0,1,1,0,0,1,0,0,0,0,0,1,1,0,1,0,1,1,1,1,1,0,0,0,1,1,1,1,1,1,0,1,0,0,1,1,0,0,1,0,0,1,0,0,0,1,1,1,0,1,1
1,1,0,0,1,0,0,1,0,0,0,1,0,1,0,1,1,0,0,0,1,1,0,1,0,1,0,0,1,0,0,0,1,0,0,0,0,1,1,0,1,0,0,1,0,1,0,0,1,1,1,1,1,0,0,0,0,1,1,1,0,0,1,0,0,1,1,1,1,1,1,1,0,1,0
1,1,1,1,1,1,0,1,0,1,1,1,0,0,1,1,0,1,1,0,1,1,0,0,1,0,0,1,1,1,0,1,0,0,1,1,1,1,1,0,1,0,0,1,1,0,0,1,1,1,1,1,1,0,0,1,1,1,0,0,1,0,1,1,1,0,0,0,1,1,0,0,0,1,0
1,0,1,1,1,1,0,0,0,0,0,1,0,1,0,1,1,0,1,0,1,0,0,1,0,0,0,0,0,1,1,1,1,0,0,0,1,0,1,1,1,0,0,1,0,1,0,0,0,1,1,1,1,0,1,1,0,1,1,1,1,0,1,0,0,1,1,1,1,1,0,1,1,1,1
1,0,0,1,1,0,1,0,0,1,0,1,0,0,0,1,0,1,0,0,0,1,0,1,0,0,1,1,1,0,1,0,1,0,1,1,1,1,0,1,1,1,0,1,0,1,0,0,1,0,1,1,1,1,0,1,1,1,0,1,0,1,1,0,0,1,0,1,0,1,0,0,0,1,1
1,0,0,0,0,1,0,1,0,1,0,1,0,0,1,1,1,1,0,0,0,1,0,0,1,1,0,0,0,1,1,1,0,0,0,1,1,0,0,1,1,0,1,1,1,1,0,1,1,0,1,1,1,1,0,1,1,1,1,1,0,0,1,1,0,0,1,1,1,1,1,1,0,0,0
1,0,0,1,1,1,0,1,0,0,0,0,0,0,1,1,1,0,0,0,0,1,0,1,1,1,0,1,1,1,1,0,1,1,0,0,1,1,1,0,0,0,0,1,0,1,1,1,1,1,1,1,1,0,1,1,1,1,1,0,1,0,1,1,1,0,0,0,1,1,0,0,0,1,1
1,0,0,0,1,1,0,0,0,0,0,1,1,0,0,0,1,1,0,0,1,1,1,1,1,0,1,1,1,1,0,1,0,0,1,0,1,0,1,0,1,1,1,1,1,1,1,0,1,0,1,0,1,0,0,1,0,1,1,1,0,0,0,0,1,1,0,0,0,0,1,0,1,1,0
1,1,0,1,0,0,0,0,1,1,1,1,1,0,0,0,1,0,1,1,0,0,0,1,0,1,0,0,1,0,0,1,1,0,1,0,1,0,1,0,0,0,1,1,1,0,0,0,1,1,1,1,1,1,0,1,1,1,0,1,0,0,1,0,0,1,1,1,1,1,1,1,1,0,0
1,1,0,1,1,1,0,1,1,1,1,0,0,0,0,0,0,1,0,1,0,1,0,0,1,0,1,0,0,0,1,1,0,0,1,0,1,0,1,0,1,1,1,1,0,1,0,0,1,1,0,1,1,1,0,1,0,1,1,1,0,0,1,0,1,0,0,0,1,1,1,0,0,1,0
0,0,0,0,0,1,1,1,0,1,0,0,0,0,0,1,1,0,1,0,1,1,0,1,0,0,1,0,1,0,1,0,1,0,0,0,1,1,1,1,1,0,1,0,1,0,1,0,0,1,1,1,1,0,0,0,0,0,0,1,0,1,0,1,0,0,1,1,0,1,1,1,1,1,0
1,0,0,1,0,1,0,1,1,0,1,1,0,0,1,0,0,1,0,0,1,1,0,1,1,1,1,0,0,1,1,0,0,0,1,1,0,0,0,1,0,1,1,1,0,1,1,1,0,1,1,1,1,0,1,0,1,1,1,0,0,1,0,0,1,0,0,0,0,1,1,0,0,0,0
1,0,1,1,0,1,0,1,0,0,0,1,1,0,0,0,1,0,0,1,0,0,1,1,0,0,1,0,0,0,0,0,1,1,1,0,0,0,1,0,1,1,1,1,1,1,1,0,0,1,1,1,1,0,0,1,0,0,1,1,1,1,1,0,1,0,0,0,0,1,1,1,1,1,0
1,0,1,1,1,0,0,1,1,0,0,1,0,0,0,1,1,0,0,1,0,1,0,1,0,0,1,0,0,0,1,0,0,1,0,0,0,1,1,0,1,1,0,1,0,1,0,0,0,1,1,0,1,0,1,1,1,1,1,1,0,1,1,0,0,1,1,1,1,1,1,1,1,0,0
1,0,0,1,0,0,0,1,0,1,1,0,0,0,0,0,0,0,1,0,1,1,1,1,1,0,1,1,0,0,0,1,1,0,1,0,0,0,1,0,0,1,0,1,0,0,0,0,0,1,1,0,1,0,1,1,0,0,0,0,0,0,1,0,1,0,1,1,0,1,0,0,1,0,0
1,1,1,1,0,0,0,0,0,0,0,1,1,0,0,0,1,1,0,1,1,1,0,1,0,0,1,1,0,1,1,0,1,0,0,0,0,0,1,0,1,1,0,1,1,1,0,1,0,0,1,0,1,1,0,1,0,0,0,0,1,1,0,1,0,1,0,1,0,1,0,1,0,1,1
1,1,0,1,1,0,1,1,1,0,1,1,0,0,0,0,1,1,1,0,1,1,1,1,1,0,0,1,1,0,1,0,1,0,1,1,0,1,0,1,0,0,0,1,1,0,1,1,0,1,1,0,1,1,0,1,1,1,0,1,0,1,0,0,1,0,0,0,1,1,0,0,1,0,0
0,1,1,1,1,0,0,1,0,1,1,1,0,0,0,1,0,0,0,1,1,1,0,0,0,1,1,1,0,1,0,1,0,0,1,0,0,1,1,0,1,0,1,1,1,0,1,1,1,1,1,0,0,1,0,0,1,0,1,0,1,1,1,0,0,0,1,1,1,0,1,1,1,0,0
1,1,1,1,1,0,0,1,1,1,0,1,0,0,0,1,1,1,1,1,0,1,0,0,0,1,1,1,1,1,0,1,1,1,0,1,1,0,0,1,0,0,0,1,1,0,0,1,1,1,1,1,0,0,1,1,1,1,1,1,0,1,1,0,1,1,0,1,1,1,0,0,1,0,1
1,1,1,1,1,1,0,0,1,1,0,1,1,0,1,1,1,0,0,1,1,1,1,1,1,1,1,1,0,1,1,1,0,0,1,0,0,0,1,0,1,1,1,1,0,1,0,1,1,1,1,1,1,1,1,1,1,1,0,0,0,1,0,1,1,1,0,1,0,1,1,0,0,1,1
1,1,0,1,1,0,0,0,0,0,0,0,1,0,1,0,1,0,1,0,1,1,0,1,0,0,1,0,0,0,0,1,0,0,1,1,1,0,1,0,0,0,1,1,1,0,0,0,1,1,1,1,1,1,0,0,0,1,1,1,0,0,1,0,0,1,1,0,0,1,1,0,0,1,0
1,0,0,0,1,0,0,1,0,0,0,1,0,0,1,0,0,1,0,0,1,0,1,1,0,1,0,0,0,0,0,1,0,0,0,1,0,1,0,1,1,1,0,1,0,0,0,0,0,1,1,0,1,1,1,1,0,1,1,1,0,1,1,0,0,0,1,1,0,1,0,0,1,1,1
1,0,1,0,1,0,0,0,0,1,0,1,0,0,1,0,0,1,1,0,0,1,0,1,0,1,1,0,0,0,1,1,0,0,0,0,0,0,0,1,1,0,1,1,1,0,0,1,0,1,1,0,1,0,1,0,1,0,1,0,0,1,0,0,1,1,1,1,1,1,1,0,1,1,0
1,1,0,0,1,0,0,1,0,0,0,1,1,0,1,1,1,0,1,0,1,0,0,1,0,0,1,0,0,1,0,0,0,0,1,0,1,1,1,0,1,0,0,1,1,1,0,0,0,0,1,1,1,1,0,1,0,1,1,1,1,0,1,0,1,1,0,0,1,1,0,0,1,1,0
1,0,1,1,1,1,0,0,0,1,0,1,1,0,0,0,1,0,1,0,0,1,0,1,0,0,1,1,0,1,1,1,1,0,1,0,0,0,0,0,1,0,0,1,0,0,0,0,0,0,1,1,1,0,0,1,0,0,0,0,1,0,1,0,1,1,1,0,0,1,0,1,1,1,0
0,1,1,1,0,0,0,1,0,1,0,0,1,1,0,0,0,0,1,0,1,0,0,1,0,0,0,0,1,1,0,1,1,0,0,0,0,0,1,0,1,1,1,1,1,0,0,0,0,0,1,0,1,1,0,1,0,0,0,1,0,0,0,0,0,1,1,0,0,0,1,1,1,1,1
1,0,0,0,1,0,0,1,1,1,0,1,0,0,0,1,1,0,0,0,0,1,0,1,0,1,1,1,1,0,1,1,1,0,1,0,1,1,1,0,1,0,1,1,0,0,0,0,1,0,1,1,1,1,0,0,0,1,1,1,1,1,0,0,0,1,0,1,1,1,1,1,0,1,1
0,0,1,0,1,0,0,1,0,1,0,1,0,0,0,1,1,0,1,0,0,1,0,1,1,1,0,1,1,0,1,0,1,0,0,1,0,0,0,1,1,0,1,1,0,1,1,1,0,1,1,1,1,1,1,0,1,1,1,1,0,0,1,0,0,0,1,1,0,1,1,1,0,1,1
1,0,1,1,1,0,0,0,1,1,0,0,0,0,1,1,1,1,1,0,0,1,0,1,0,1,0,0,1,0,1,1,1,0,1,1,0,0,0,1,1,1,0,1,0,1,1,0,0,0,0,1,1,0,0,1,0,1,1,1,0,1,1,0,1,0,0,1,1,1,1,1,0,1,0
1,0,0,1,0,0,0,1,1,0,0,1,0,0,1,1,1,0,0,1,0,1,1,1,0,0,1,1,1,1,1,0,0,0,1,0,1,0,0,0,1,1,1,1,0,0,1,0,1,1,1,1,1,0,1,1,0,0,0,0,0,1,0,0,0,0,1,1,1,1,0,1,0,0,1
0,0,0,1,1,1,0,1,0,1,1,1,0,0,0,0,1,1,0,0,1,1,0,1,0,1,1,0,1,1,0,1,1,0,1,0,1,0,0,0,0,0,0,1,0,0,0,0,0,1,0,1,1,0,0,1,0,0,0,1,0,0,1,0,0,0,0,1,1,1,0,0,1,1,0
1,1,1,0,0,0,0,1,1,0,0,1,1,0,0,0,1,0,1,0,1,1,0,0,0,0,1,0,1,1,0,0,1,0,1,0,0,0,1,0,1,1,1,1,1,0,0,1,0,1,1,1,1,1,0,1,0,1,0,1,0,1,1,0,0,0,1,0,1,1,1,1,1,1,0
0,0,1,0,0,0,1,0,1,0,0,1,1,0,1,1,1,0,0,1,0,1,1,1,0,1,0,1,0,1,1,1,0,0,0,0,1,1,1,0,1,1,1,1,0,1,1,1,1,1,1,1,1,0,1,1,1,1,0,1,1,1,0,0,0,0,0,1,0,1,1,1,0,0,0
1,0,1,1,0,1,0,1,1,1,0,0,0,0,1,1,0,1,1,0,0,1,0,1,0,0,1,0,0,0,0,1,1,0,0,0,0,0,1,0,1,1,0,1,1,0,0,1,1,0,1,0,1,0,1,0,0,1,0,1,0,1,1,0,0,0,0,1,1,1,1,1,0,1,0
1,0,1,1,1,0,0,1,1,0,1,0,0,0,0,1,1,0,0,0,1,1,1,1,1,0,1,0,0,0,1,0,1,0,0,0,1,0,0,1,1,0,0,1,1,0,0,0,0,1,0,1,1,0,1,0,0,0,0,0,0,0,0,0,1,0,0,1,1,1,0,1,1,1,0
1,0,1,0,0,1,0,1,0,1,0,1,1,0,0,1,0,1,0,0,1,1,1,1,0,1,0,0,0,1,0,0,0,0,1,0,0,1,1,0,1,0,0,1,1,0,0,0,0,0,1,0,1,1,0,0,1,1,0,0,1,1,1,0,1,0,0,0,1,1,0,1,0,0,0
0,0,1,1,1,1,0,1,0,0,0,1,0,1,0,1,1,0,1,0,0,0,1,1,1,0,0,0,0,0,0,1,1,0,0,1,1,1,0,1,1,0,0,1,1,0,1,0,0,0,0,0,1,1,1,1,0,0,1,0,1,1,1,0,0,1,1,1,0,0,0,1,1,1,0
1,0,0,1,0,0,0,0,0,1,0,1,0,0,1,1,0,0,0,1,0,0,0,0,1,1,1,1,1,0,0,0,1,0,0,1,1,1,0,1,0,0,0,1,0,1,0,1,0,0,1,0,1,1,0,1,1,0,0,0,1,1,0,0,1,1,1,1,1,1,0,0,1,1,0
1,0,1,1,0,1,0,1,0,1,0,1,0,1,0,1,0,0,1,0,0,1,1,1,0,0,1,0,0,0,0,0,0,1,0,1,1,1,0,1,1,0,0,1,1,1,1,0,1,0,1,0,1,1,1,0,0,1,0,0,0,1,0,1,1,0,1,1,1,1,0,0,0,1,0
1,0,1,0,1,0,1,1,0,1,1,1,0,0,0,0,0,0,1,0,1,1,0,1,0,0,1,0,1,1,1,0,1,0,0,0,0,0,0,1,1,0,0,1,0,0,0,1,0,1,1,1,1,1,0,1,1,0,1,1,1,1,1,0,0,0,1,1,1,1,0,1,1,1,0
0,0,1,0,0,1,0,1,0,1,1,0,0,0,0,0,1,1,0,0,0,1,0,1,1,0,1,1,0,1,0,1,0,0,1,0,1,1,1,0,1,1,0,1,0,0,1,0,1,0,1,0,1,0,1,0,0,1,0,1,0,0,1,0,1,0,1,0,0,0,0,1,0,0,0
1,1,1,0,1,0,0,0,0,0,0,0,0,0,0,1,1,0,0,1,1,1,0,1,0,0,1,0,1,0,0,1,0,0,1,0,1,0,1,0,1,1,0,1,1,1,1,0,1,1,1,0,1,0,1,1,0,0,0,0,0,1,0,0,0,1,0,1,1,1,0,0,0,1,0
1,1,0,0,1,0,0,1,0,0,1,0,1,0,1,0,0,1,1,0,1,1,0,1,0,0,1,0,0,1,1,1,0,0,1,0,0,0,1,0,1,1,0,1,1,1,1,1,1,0,1,1,1,0,0,1,0,1,1,0,0,0,1,0,1,0,0,0,0,1,1,0,0,1,0
1,0,1,0,0,0,0,1,0,0,1,0,0,0,0,1,1,0,0,0,0,1,1,1,0,0,0,1,1,1,1,0,1,0,1,0,1,1,1,0,1,0,0,1,0,1,0,1,0,1,1,1,1,1,0,1,1,0,0,1,0,1,1,1,1,0,0,1,1,1,1,1,1,0,0
1,1,1,0,0,1,0,1,0,1,0,0,1,0,0,0,1,0,1,0,1,1,0,1,1,0,1,1,0,0,1,1,1,0,1,0,1,0,1,0,1,1,1,1,1,0,0,0,0,0,1,1,1,0,0,1,1,1,1,1,0,0,1,0,1,0,0,1,1,1,1,0,1,1,0
1,0,1,1,1,1,0,1,1,0,1,0,1,0,0,1,1,0,0,0,0,1,0,1,0,1,1,1,1,0,0,1,1,0,0,0,0,0,1,0,1,1,1,1,0,1,0,0,1,0,1,1,1,1,0,0,0,0,1,1,0,1,1,0,1,0,1,0,1,1,1,1,1,1,1
1,1,1,1,1,1,0,1,0,0,0,1,0,0,0,1,1,1,0,0,1,1,0,0,1,0,0,1,1,0,1,1,1,0,0,0,1,0,1,0,1,0,1,1,0,1,1,1,0,0,1,1,1,0,0,0,1,1,1,0,1,0,1,0,0,0,0,1,1,1,0,0,1,0,0
0,0,0,0,1,0,0,1,0,1,0,1,0,1,1,1,0,1,1,0,0,1,1,1,0,0,1,1,0,1,0,1,0,0,1,0,1,1,1,0,0,0,0,1,1,0,1,0,0,1,1,0,1,0,1,1,0,1,1,0,0,0,1,0,1,0,0,1,1,0,0,0,1,1,1
1,0,0,0,1,1,0,1,0,0,0,1,0,0,1,0,1,1,0,1,0,1,0,1,1,0,1,0,0,0,1,0,0,0,1,1,1,1,0,1,1,1,0,1,0,0,0,1,1,0,1,0,1,1,0,1,1,1,0,1,0,1,0,0,1,1,0,0,0,1,1,1,0,1,0
0,0,1,1,0,1,0,1,1,1,1,0,1,0,0,0,1,1,0,0,0,0,1,1,0,1,1,0,1,0,0,0,1,0,0,0,0,1,0,0,0,1,1,1,1,0,0,0,0,0,1,1,1,1,0,1,0,1,0,1,0,1,0,0,1,0,1,0,1,1,1,1,0,0,0
1,0,0,0,1,0,0,1,0,0,0,1,1,1,0,1,1,0,0,0,1,1,0,1,0,1,0,0,1,0,0,1,1,0,0,0,0,1,1,0,1,0,1,1,0,1,0,0,0,1,0,0,1,1,0,1,0,1,1,1,0,1,1,1,0,1,1,1,1,1,1,1,1,1,1
0,1,1,0,1,0,1,1,0,1,1,1,0,0,1,0,0,1,0,0,1,1,1,1,0,0,1,1,0,0,1,1,0,0,1,1,1,0,0,1,1,1,0,1,1,1,1,1,0,0,1,1,1,0,1,1,0,1,1,0,1,0,1,0,0,0,1,1,1,1,0,0,0,1,1
1,1,1,1,1,0,0,1,0,1,1,1,1,0,1,1,0,1,0,0,1,1,0,1,0,0,1,0,0,1,1,1,0,1,0,0,0,1,1,0,1,1,0,1,1,0,0,0,1,0,1,1,1,0,0,1,0,1,0,0,0,0,1,1,1,0,0,0,0,1,0,0,0,0,0
1,0,1,1,0,1,0,1,0,1,1,0,0,1,1,0,0,1,0,0,1,1,1,1,0,0,1,0,0,1,1,1,0,0,1,1,1,0,1,1,1,1,0,1,0,1,0,0,1,1,1,1,1,0,1,1,0,0,0,1,1,1,1,1,1,0,0,0,1,1,1,0,0,1,1
1,1,0,0,0,0,0,0,1,0,0,1,1,0,1,0,1,0,1,0,1,0,0,1,0,1,1,0,1,1,1,1,1,0,0,0,1,0,1,0,1,0,0,1,1,1,0,1,0,1,1,0,1,1,0,1,1,1,1,0,1,0,1,0,1,1,0,0,1,1,0,0,1,0,0
1,0,0,0,1,0,0,0,0,1,0,1,1,0,1,0,1,1,1,0,1,1,0,0,0,0,0,0,0,1,1,1,1,0,0,0,1,0,1,0,1,0,0,1,1,0,1,1,1,0,0,1,0,1,0,0,1,0,0,0,1,0,1,1,0,1,0,0,1,1,0,0,1,1,0
0,0,1,1,1,1,1,1,1,0,1,0,0,0,1,0,1,0,0,1,1,1,1,1,0,0,0,1,1,1,0,1,0,0,1,0,0,0,0,0,1,1,0,1,0,1,0,0,0,1,0,1,1,0,0,1,0,1,1,0,0,1,1,1,1,0,1,1,0,0,0,1,0,0,0
1,0,0,1,1,0,0,0,0,0,0,1,0,1,0,1,1,0,0,0,0,1,1,1,0,1,0,1,0,1,0,1,0,1,0,0,0,1,0,1,1,0,1,1,1,1,0,0,0,1,1,1,1,1,0,1,0,1,1,1,0,1,1,0,1,0,1,1,1,1,1,1,0,0,0
1,0,0,0,1,0,0,1,1,0,1,0,0,0,0,1,1,1,0,0,0,1,0,0,0,0,0,0,1,1,1,0,0,0,0,1,0,1,1,1,1,0,1,1,0,1,1,1,1,1,1,1,1,0,1,1,1,1,1,1,0,1,1,0,1,0,1,1,1,1,1,1,0,1,0
0,1,0,1,0,1,0,0,1,0,0,1,0,0,0,1,0,0,0,1,0,1,0,0,1,0,1,1,1,0,1,0,1,0,0,1,1,0,0,1,1,1,0,1,1,0,1,1,0,0,1,1,0,0,1,0,1,0,0,1,1,1,0,0,0,0,1,1,0,1,0,1,0,1,0
0,0,1,0,1,1,0,1,1,0,1,0,1,0,0,1,1,1,0,0,1,1,0,1,0,0,1,0,1,0,1,0,1,0,0,1,0,0,0,1,1,0,0,1,1,1,1,1,0,0,1,0,0,1,0,0,1,1,1,1,0,1,1,0,1,0,1,0,1,1,0,0,0,0,0
1,1,1,1,0,0,0,1,0,0,1,1,0,0,0,1,1,1,0,0,1,0,0,0,1,0,0,1,0,1,0,1,1,0,1,0,1,0,0,0,1,1,0,1,1,1,0,0,0,1,1,0,1,0,1,0,0,0,0,1,1,0,1,0,1,0,1,0,0,1,0,0,0,0,1
0,0,1,0,1,1,0,1,1,0,1,1,0,0,1,0,1,1,1,0,1,1,0,1,0,1,1,1,0,0,1,1,0,0,1,1,1,0,0,1,1,1,0,1,1,0,1,0,1,1,0,0,0,1,0,0,0,0,0,1,1,0,1,0,0,0,0,1,0,0,0,0,1,0,0
1,0,0,0,0,1,0,0,1,0,0,1,0,0,1,0,1,0,0,0,0,1,0,1,0,0,1,0,1,1,0,1,0,0,1,0,1,1,1,0,1,1,1,0,0,1,1,0,1,1,1,1,1,1,1,1,0,0,1,0,0,1,1,0,0,1,1,1,0,1,1,0,0,1,1
1,0,0,0,1,0,0,1,0,0,1,1,0,0,0,1,1,1,1,0,1,1,1,1,1,0,1,1,1,0,1,1,1,0,0,1,1,0,1,1,1,0,1,1,0,0,1,0,0,1,1,0,1,0,1,1,0,1,1,0,0,0,1,0,1,0,1,0,1,1,1,0,0,1,1
1,0,1,0,1,1,0,1,0,0,1,1,0,0,0,1,0,1,0,1,1,1,1,1,1,1,0,0,1,1,1,0,1,0,0,0,1,0,0,1,0,0,0,1,0,1,0,0,0,1,1,1,1,0,1,1,0,0,1,0,0,1,1,0,1,0,1,1,1,0,0,0,1,1,0
0,1,1,1,0,1,0,1,0,1,1,1,0,1,0,0,1,1,0,0,0,1,1,1,1,0,1,1,1,0,1,0,1,1,0,0,0,1,1,0,1,1,0,1,1,0,0,1,0,1,1,1,1,1,0,1,1,1,0,0,1,1,0,0,0,0,0,1,1,1,0,0,0,1,0
0,0,0,1,0,1,1,1,1,0,1,1,0,0,0,0,1,1,0,0,0,1,1,1,0,0,1,1,1,0,1,0,0,0,1,0,0,1,1,0,1,1,0,1,0,0,1,0,0,1,0,0,1,1,0,1,0,0,1,1,0,1,1,0,1,0,0,0,0,1,0,0,1,0,0
1,0,0,0,0,1,0,1,0,0,1,1,0,0,0,1,0,0,1,0,1,1,0,1,0,0,1,1,1,0,1,1,1,1,0,0,0,1,0,1,1,0,0,1,0,1,1,0,1,1,1,0,1,0,1,0,0,1,1,1,0,0,1,0,1,0,1,1,0,1,0,0,0,0,1
1,0,0,1,1,0,0,1,0,0,0,0,0,1,1,1,1,0,0,0,0,1,0,0,0,0,0,0,0,1,1,0,0,0,1,0,1,1,1,1,1,0,0,1,0,1,1,0,1,1,1,0,0,1,0,0,0,0,0,1,0,1,1,0,0,1,1,1,1,1,0,0,1,1,0
1,0,1,1,1,1,0,1,0,1,0,1,0,0,1,1,0,0,0,1,0,1,0,0,0,1,1,0,0,0,1,1,0,0,0,1,1,1,1,1,1,0,0,1,0,1,0,1,0,0,1,1,0,1,1,1,0,1,0,1,1,0,0,0,0,1,1,1,1,1,0,0,0,1,0
1,0,1,1,0,0,0,1,1,0,0,1,1,0,1,1,1,1,1,0,1,1,0,1,1,1,1,1,1,1,1,0,1,0,1,1,1,1,0,1,1,0,1,1,1,0,0,0,0,0,1,1,1,1,0,1,0,1,0,1,1,1,1,0,0,1,1,0,0,1,1,1,0,1,0
1,0,0,0,1,0,0,1,0,0,0,1,1,1,0,0,1,0,1,0,0,1,0,1,0,0,1,1,1,1,0,1,0,0,1,0,0,1,1,0,1,0,1,1,1,1,1,1,0,0,1,1,1,1,0,1,1,0,0,1,0,1,1,1,1,1,0,0,0,1,1,1,1,1,1
1,0,0,0,1,1,0,1,0,0,0,1,0,0,0,0,0,0,1,1,0,0,1,1,0,0,1,1,0,1,1,1,1,0,0,1,0,1,0,1,0,0,0,1,0,1,1,0,0,1,1,1,1,1,1,1,1,0,1,1,1,0,1,0,0,1,1,0,1,1,0,1,0,1,1
1,0,0,0,0,0,0,0,0,0,0,1,1,0,1,1,1,1,0,0,0,0,0,0,1,1,1,0,0,1,0,1,0,0,0,1,1,0,0,1,0,1,0,1,1,0,0,1,0,0,1,1,1,1,0,1,1,1,0,1,0,0,0,0,0,1,0,1,1,1,0,1,0,0,1
1,1,1,0,0,0,0,1,0,0,1,1,0,0,1,1,1,1,1,0,0,1,1,1,0,1,1,0,0,0,1,1,1,0,1,1,1,0,0,0,0,1,0,1,0,0,0,0,1,1,1,1,0,1,0,1,0,1,0,1,0,0,1,0,1,1,1,0,0,1,1,0,1,0,0
0,0,0,0,1,1,0,1,1,0,0,1,1,0,0,0,1,0,1,0,0,1,0,1,0,1,0,0,0,1,1,1,0,0,1,0,1,1,1,0,1,1,0,1,0,1,0,1,1,0,1,1,1,1,0,1,1,1,1,0,1,1,0,0,1,0,1,1,1,0,0,1,0,1,1
1,0,0,1,0,1,0,1,0,1,1,0,0,0,0,0,0,1,0,0,1,1,1,1,1,0,1,0,1,1,1,1,1,0,0,1,1,1,0,1,0,0,0,1,0,1,0,1,1,1,1,0,1,1,1,1,1,1,1,0,0,0,1,0,0,1,1,0,1,1,0,1,0,0,0
1,0,1,0,0,1,0,1,0,0,0,0,1,0,1,0,1,1,0,0,0,1,0,1,0,0,1,1,0,1,1,1,0,0,1,1,1,0,1,0,1,1,0,1,0,1,1,0,0,0,0,1,1,0,0,1,0,1,1,1,0,0,1,0,1,0,0,0,0,1,1,1,0,1,0
1,0,0,0,0,1,0,1,1,0,1,0,0,0,0,1,1,1,1,0,1,1,0,0,0,1,1,0,1,1,1,0,1,0,1,0,0,1,1,0,1,1,0,1,0,1,0,0,0,1,1,1,1,1,0,1,0,1,1,0,0,1,1,0,0,1,0,0,0,1,0,0,1,1,0
1,1,0,1,1,0,1,1,0,1,0,1,0,0,0,0,1,1,0,0,0,1,1,1,0,0,0,1,1,0,1,0,0,0,0,0,1,1,1,0,1,0,0,1,1,0,1,0,0,1,0,0,1,1,0,1,0,0,1,1,0,0,1,0,0,1,0,1,0,1,0,0,1,1,1
1,0,0,1,1,0,0,0,0,1,0,1,0,1,1,1,1,1,0,0,0,1,1,1,0,0,0,0,0,0,1,1,0,0,1,0,0,1,0,0,1,0,0,1,0,0,1,1,1,1,0,0,1,0,1,1,1,1,0,1,0,0,1,0,0,1,0,0,1,1,1,1,0,1,0
1,0,0,0,0,0,0,1,1,0,1,1,0,0,1,1,1,1,0,0,1,0,0,1,0,1,0,0,0,0,1,0,0,0,0,1,0,1,0,1,0,0,0,1,1,0,0,1,0,1,1,1,0,1,0,0,1,1,1,1,1,1,1,0,1,0,1,0,0,1,0,0,0,1,0
1,0,0,1,1,0,0,0,0,0,0,0,1,0,1,0,1,1,0,0,1,1,1,1,0,0,1,0,0,1,1,0,0,0,0,1,0,1,1,0,1,0,1,1,0,1,0,0,1,0,1,0,1,1,0,1,1,1,1,1,0,1,1,0,0,1,1,1,1,1,1,1,1,0,1
1,1,0,0,0,1,0,1,0,0,1,1,0,0,1,1,1,1,0,0,0,1,1,1,0,1,1,1,1,0,0,0,0,1,0,1,0,1,0,1,0,0,0,1,1,0,0,0,0,1,1,0,1,1,0,0,1,1,1,1,0,0,1,0,1,1,1,1,0,1,1,1,1,1,0
1,0,0,1,0,1,0,1,0,0,0,0,1,0,0,1,1,0,0,1,0,1,0,0,0,0,1,1,0,0,1,0,1,0,0,0,0,0,0,0,1,0,0,1,0,1,0,1,1,1,1,0,1,1,0,1,0,1,0,0,0,0,0,1,1,0,1,1,0,1,0,1,0,1,0
1,0,0,0,1,0,1,0,0,0,0,1,1,0,0,0,1,1,0,1,0,1,1,1,0,0,1,0,1,1,1,0,0,0,0,0,0,1,0,0,1,1,0,1,0,1,1,0,0,0,1,0,1,0,0,1,1,1,1,0,1,1,0,0,0,1,0,0,0,0,0,0,1,1,1
1,0,0,1,1,0,0,1,1,0,0,1,0,0,1,0,1,1,1,1,0,0,0,1,0,1,0,1,1,0,0,1,0,0,1,1,1,0,0,1,1,0,1,1,1,0,1,1,1,0,1,1,1,0,1,1,1,1,0,0,0,1,1,0,1,0,0,0,0,1,1,1,0,0,1
1,0,1,1,0,1,1,1,0,1,0,0,1,0,0,0,1,0,1,0,1,1,1,1,1,0,0,1,0,0,1,1,0,0,0,0,0,0,1,0,1,0,0,1,0,0,0,1,0,0,0,0,1,1,0,1,1,1,1,0,0,1,1,0,1,1,0,0,1,1,0,1,0,0,0
1,0,1,0,1,0,0,1,0,0,1,1,0,1,1,0,1,1,0,0,0,1,0,1,0,1,0,1,0,1,1,0,0,0,0,0,0,0,1,0,1,1,0,1,0,1,1,0,0,0,1,1,1,1,0,1,0,0,1,0,0,1,1,0,1,0,1,0,1,1,0,1,1,1,0
0,1,0,1,0,1,0,1,0,1,1,1,0,0,0,1,1,1,0,1,1,1,0,1,1,1,1,1,1,1,0,0,1,0,0,1,1,0,0,1,0,0,0,1,0,1,1,0,1,1,1,0,1,1,1,1,0,1,0,0,0,0,1,0,0,0,1,0,1,0,0,0,0,0,0
1,1,1,0,0,0,0,1,0,1,1,0,0,0,0,1,1,1,0,1,0,1,0,0,1,1,1,1,1,0,0,0,1,0,1,1,0,0,0,1,1,0,0,1,1,1,1,1,1,1,1,1,1,1,0,0,1,1,1,0,0,0,1,0,0,0,0,0,1,1,0,0,0,1,0
1,0,1,1,0,1,1,1,0,1,0,1,1,0,1,0,1,0,0,0,1,1,0,1,0,0,1,1,0,0,0,1,0,0,0,1,1,0,1,0,0,1,0,1,0,1,0,1,0,1,1,1,1,1,0,1,1,1,1,0,0,0,1,1,0,0,1,1,1,1,1,0,1,0,0
1,0,1,1,1,0,1,1,0,1,0,1,0,0,0,1,1,1,1,1,1,0,0,1,0,0,1,0,1,1,1,1,1,0,1,0,0,0,0,0,1,0,1,1,0,1,0,0,1,1,1,0,0,0,1,1,0,0,1,1,0,0,1,0,0,0,0,0,0,1,1,0,1,1,0
1,0,0,1,0,1,1,0,0,1,0,1,0,0,0,0,0,1,0,1,0,1,0,0,0,0,1,1,0,0,1,0,1,0,1,1,1,0,0,1,1,0,1,1,0,1,1,0,0,0,0,1,1,1,0,1,0,0,0,1,1,1,1,0,0,1,1,0,1,0,1,1,1,0,0
0,0,0,1,0,0,0,1,0,0,0,0,0,0,0,1,1,1,0,0,0,1,0,1,1,1,1,1,0,0,0,0,1,0,1,1,0,0,0,1,0,0,0,1,0,1,1,0,1,1,0,0,1,1,0,0,0,1,0,0,0,0,0,0,0,0,0,0,1,1,0,0,0,1,0
1,0,0,1,1,1,1,1,0,1,0,0,0,1,1,1,1,0,0,0,1,1,1,1,0,0,1,0,0,1,0,0,0,0,0,0,1,0,0,1,1,0,0,1,0,0,0,0,1,1,1,0,1,1,0,0,0,1,1,0,0,0,1,0,1,1,1,1,1,1,0,0,1,1,0
1,0,0,0,0,1,0,1,0,0,0,0,1,0,0,0,1,0,1,0,1,0,0,0,0,1,1,0,1,1,1,1,1,0,0,0,0,0,1,0,1,1,0,1,0,1,0,0,0,1,1,1,1,1,1,0,0,1,1,1,1,1,1,1,0,0,1,1,0,1,0,1,0,1,0
0,0,0,1,0,1,0,0,0,1,0,0,0,0,0,0,1,0,0,0,1,1,0,1,1,1,1,0,1,0,0,0,1,0,0,1,0,0,1,1,1,1,0,1,0,1,1,0,1,1,1,0,1,1,0,1,0,0,0,1,0,0,1,0,1,0,0,1,1,1,1,1,0,1,0
0,0,0,0,1,1,0,1,0,0,1,1,0,0,0,1,1,0,1,0,1,1,0,1,0,0,1,0,1,1,0,1,1,0,1,0,0,1,1,0,1,0,1,1,1,1,0,0,0,1,1,1,1,0,1,0,0,1,0,1,1,1,1,0,1,0,0,0,1,1,1,1,0,0,0
1,0,1,0,1,0,0,1,1,1,0,1,1,1,1,0,0,1,1,1,1,1,0,1,1,1,0,0,0,1,1,0,0,0,1,1,1,0,1,0,0,1,0,0,1,1,0,0,1,1,1,1,1,0,1,1,0,1,0,0,0,1,1,0,0,1,0,1,0,1,1,0,0,1,0
1,0,0,1,1,0,0,1,0,0,0,1,0,0,0,0,1,1,1,0,0,1,0,1,0,1,1,1,1,1,1,1,1,0,1,0,0,0,0,0,1,1,0,1,0,1,1,1,0,1,1,1,1,1,1,1,1,1,0,0,1,0,1,0,1,0,1,0,0,1,0,0,1,1,1
0,0,1,0,0,0,0,1,1,1,1,0,1,1,0,1,1,1,1,0,1,1,1,1,0,1,0,0,1,0,1,1,1,1,1,0,0,1,1,0,1,0,1,1,0,1,1,0,1,1,0,0,0,1,0,0,0,0,0,1,0,1,1,0,0,0,1,1,0,1,1,0,1,0,0
0,0,1,0,1,1,1,1,0,0,1,1,1,0,0,0,0,1,0,0,0,1,1,1,1,1,1,0,1,1,1,1,1,0,1,0,0,1,1,0,1,1,0,1,0,1,0,1,1,1,1,1,1,0,1,1,1,1,1,0,0,0,0,1,1,0,0,0,0,0,0,0,0,1,0
1,1,0,1,1,1,0,1,1,1,0,0,1,0,1,1,1,0,0,0,1,1,1,1,1,0,1,1,0,1,0,0,0,0,1,1,1,0,0,1,1,0,0,1,1,1,1,0,1,1,1,0,1,0,1,0,0,0,1,1,0,1,0,0,0,0,1,1,0,1,0,1,0,1,0
1,0,0,1,1,0,1,1,0,0,1,1,1,0,1,0,0,1,0,1,1,1,1,1,1,1,1,0,0,1,0,1,0,0,1,1,1,0,0,1,0,1,1,1,0,1,1,0,0,0,1,1,1,1,0,0,0,0,1,1,1,0,1,0,1,0,1,1,1,1,0,1,0,0,1
1,0,1,0,1,0,0,1,0,1,1,0,0,0,0,1,0,0,1,0,1,0,1,1,1,0,1,0,0,1,0,1,0,0,0,0,0,0,1,0,1,1,0,0,1,0,0,1,0,1,1,0,1,0,0,0,1,1,1,0,0,0,1,0,1,0,0,0,1,1,0,1,0,1,0
1,0,0,1,0,0,0,0,0,1,0,1,1,0,0,1,1,1,1,0,1,1,0,1,0,0,1,1,1,0,1,0,0,0,0,0,1,0,1,1,1,0,0,1,0,0,1,0,0,0,1,1,1,0,1,0,0,0,1,1,0,1,1,1,0,1,1,1,1,1,1,0,1,1,0
1,0,0,1,1,0,0,1,1,1,0,0,0,0,1,1,0,1,0,1,1,1,0,0,0,0,0,0,0,0,1,1,0,0,0,1,0,0,0,1,1,0,0,1,1,1,0,1,0,0,1,1,1,0,1,0,1,1,0,0,0,0,0,0,1,0,0,0,1,0,0,0,0,1,0
1,0,1,0,0,0,0,1,0,0,1,1,0,0,0,1,1,1,1,0,1,1,0,0,1,1,1,0,1,1,1,0,1,0,0,1,0,1,1,0,1,1,0,1,0,1,0,0,1,0,1,0,1,1,0,0,1,1,1,0,1,1,1,0,0,1,1,0,1,1,1,0,0,1,0
0,1,0,0,0,1,0,0,0,1,0,1,0,0,1,0,0,0,1,0,0,1,1,1,1,1,1,0,1,1,0,0,1,0,0,0,0,0,1,0,1,1,1,1,1,0,0,1,0,1,1,0,1,1,0,1,1,1,1,0,1,0,0,1,0,1,1,0,1,1,1,0,1,1,0
1,1,0,0,1,0,1,0,0,1,0,1,1,0,0,1,1,1,1,0,1,1,1,1,1,1,0,0,0,1,0,1,0,0,1,1,1,0,1,0,1,1,0,1,1,1,0,0,0,0,1,0,0,1,0,1,0,1,1,1,1,1,1,0,1,0,1,0,1,1,0,1,0,0,0
1,1,1,0,1,0,0,1,0,0,1,0,0,1,1,1,1,1,1,0,1,1,0,1,1,0,1,0,0,0,0,1,0,0,0,1,1,1,1,1,1,0,0,1,1,0,1,0,0,1,1,1,1,1,1,1,0,0,0,0,0,0,0,0,0,1,0,0,1,1,1,0,1,1,0
1,0,0,1,0,1,0,1,1,0,0,0,1,0,0,1,1,1,0,1,1,0,0,0,1,1,1,0,1,1,0,1,1,0,0,0,0,1,1,0,1,0,0,1,0,0,1,0,0,0,1,1,1,0,1,1,0,0,1,1,0,1,1,0,1,0,1,1,1,1,0,1,1,1,0
1,0,1,1,0,0,0,1,0,1,0,0,0,0,1,1,1,0,1,1,1,1,0,1,1,1,0,1,1,0,1,1,1,0,0,0,1,0,0,0,0,0,0,1,1,0,1,1,0,1,1,1,1,1,0,0,0,0,1,0,0,1,1,0,1,1,1,0,1,1,1,0,1,1,0
0,0,0,0,1,0,0,1,0,0,1,1,1,0,0,0,1,1,0,0,0,1,1,1,0,0,1,0,1,0,0,1,0,1,1,0,1,0,0,0,1,1,0,1,1,1,0,0,1,0,0,1,1,1,0,1,0,1,1,0,1,1,1,0,0,0,0,0,1,1,0,0,0,1,0
1,0,0,0,1,1,0,0,0,1,0,0,1,0,0,0,1,1,0,0,1,1,0,1,1,1,0,1,1,1,0,1,1,1,0,1,1,1,0,1,1,0,0,1,1,0,0,1,0,1,1,1,1,1,0,1,1,1,1,1,1,1,1,0,0,1,1,1,0,1,0,0,1,0,1
1,0,0,0,0,0,1,0,0,1,0,0,0,0,0,1,1,0,1,0,0,0,1,1,0,0,0,1,0,0,1,1,1,0,0,1,1,0,0,1,0,0,1,1,0,1,0,0,0,0,1,0,1,1,0,1,1,0,1,1,0,0,1,0,1,0,0,0,1,1,1,1,0,1,0
1,0,1,1,1,1,0,1,1,0,1,0,0,1,0,0,1,1,1,0,1,1,0,1,0,0,1,1,1,1,0,1,1,0,1,0,0,0,1,1,1,1,0,1,1,0,0,1,1,1,1,0,1,0,0,1,1,1,1,0,0,1,0,1,0,0,0,1,0,1,0,0,0,0,0
1,0,0,1,1,1,1,1,0,0,1,1,1,0,1,0,1,1,0,0,0,1,1,1,0,1,1,0,1,0,0,0,1,1,0,1,0,1,1,1,1,0,1,1,0,0,1,0,0,0,1,0,1,1,1,1,1,0,0,1,1,1,0,0,1,0,1,0,1,1,1,1,0,1,0
1,0,0,0,1,1,1,1,0,1,1,1,0,0,0,0,1,1,1,0,1,1,0,0,0,1,0,0,1,1,1,1,1,0,1,0,0,1,1,0,1,1,1,1,0,0,0,0,1,1,1,0,1,1,0,0,0,1,0,0,0,1,1,0,0,1,0,0,1,1,1,0,1,1,1
1,0,0,1,0,0,0,1,1,1,0,1,0,0,1,0,1,1,0,1,0,1,0,0,0,0,1,1,0,0,1,0,0,0,1,1,0,0,0,1,1,0,0,1,1,1,1,0,0,1,1,1,1,1,1,0,0,1,0,1,0,0,0,0,0,0,1,1,1,1,1,1,0,1,0
1,0,1,1,0,0,0,1,1,1,0,0,0,0,0,0,1,1,1,0,1,1,1,1,0,1,1,1,1,1,1,1,1,0,1,1,0,1,1,0,0,1,0,1,0,1,0,1,0,0,1,0,1,1,0,1,1,1,0,0,0,1,1,0,1,0,0,1,0,1,0,1,0,1,0
1,0,0,1,0,0,0,1,0,1,0,1,0,0,0,0,1,1,0,0,1,1,1,1,0,0,1,1,0,1,0,0,1,0,0,1,0,0,1,0,0,1,1,1,1,1,1,1,0,1,1,0,1,1,0,0,1,0,0,0,0,1,0,0,1,0,0,0,1,1,0,0,0,1,0
1,0,0,1,0,0,0,1,0,0,0,0,1,0,0,1,0,1,1,0,1,1,1,1,1,0,1,1,0,1,0,0,0,0,0,1,1,0,0,0,0,0,0,1,1,0,0,0,0,0,1,0,1,1,0,1,1,1,0,1,0,1,0,0,1,0,0,1,1,1,0,1,0,0,0
1,1,1,1,1,0,1,1,0,1,1,1,0,0,1,0,1,1,0,0,0,0,1,1,0,1,0,1,0,1,1,1,0,0,1,1,1,0,0,1,1,1,1,1,1,1,1,0,1,0,1,0,1,0,0,1,0,0,0,0,1,1,1,0,0,1,0,0,1,1,1,1,0,0,0
1,0,0,0,1,1,1,1,0,0,0,1,1,0,0,0,1,0,0,0,1,0,1,1,1,1,1,0,1,0,0,1,1,1,1,0,0,1,1,0,1,0,1,1,1,1,0,1,0,1,1,0,1,0,0,0,1,1,1,1,0,0,1,0,1,1,0,1,0,1,1,1,0,0,0
1,0,0,1,1,0,0,1,0,1,0,0,1,0,1,0,0,0,1,1,0,1,0,1,0,1,0,1,0,0,1,1,1,1,1,0,0,1,1,0,1,0,1,1,0,0,0,1,0,1,1,1,1,1,1,1,0,0,0,0,0,0,0,0,1,0,0,1,1,1,1,0,1,1,0
0,0,0,1,0,1,0,1,1,0,1,0,0,0,0,1,0,1,0,1,0,0,0,0,0,0,1,1,1,0,1,0,1,1,1,1,0,0,0,1,1,0,0,1,1,0,1,1,0,1,1,0,1,0,1,1,1,0,1,0,0,1,0,0,0,0,1,0,1,1,0,0,1,0,0
1,1,1,0,0,1,0,1,0,0,1,1,1,0,1,0,1,1,0,1,0,1,1,1,0,1,0,0,0,0,0,0,0,0,0,0,0,1,1,1,1,1,0,1,1,1,1,0,0,1,0,1,0,1,0,0,0,1,1,0,0,0,1,0,1,0,1,1,0,1,0,1,0,1,1
1,1,0,0,1,1,0,1,0,1,0,1,0,0,1,1,0,1,1,0,0,1,0,1,1,1,1,1,1,1,1,1,1,0,0,1,1,0,0,1,1,1,0,1,1,0,0,1,1,1,1,1,1,1,1,1,1,0,1,1,0,0,0,0,0,1,0,1,1,1,0,0,0,1,0
1,0,0,0,1,1,0,0,0,0,1,1,0,0,0,0,1,0,1,0,1,1,0,1,0,0,1,0,0,0,0,1,0,0,0,0,1,0,1,0,1,1,0,1,0,1,1,0,0,1,1,1,1,0,0,0,1,0,1,0,1,1,1,1,0,1,0,1,1,1,0,1,1,1,0
1,1,1,0,1,1,0,1,0,0,1,1,0,0,0,1,1,1,1,0,1,1,0,1,0,0,0,1,1,0,1,0,1,0,0,0,0,1,1,0,0,0,0,1,1,1,0,1,1,1,1,1,1,1,1,1,1,1,0,1,0,0,1,0,1,0,0,1,1,1,0,0,0,0,0
1,0,1,1,0,0,0,0,0,1,0,1,0,1,0,1,1,1,0,1,1,1,0,1,1,1,1,0,1,1,0,0,1,0,1,1,0,0,0,1,1,0,0,1,1,0,0,0,0,0,0,1,1,1,0,0,0,1,1,1,1,1,0,1,0,1,0,1,0,1,0,0,1,1,1
1,0,0,1,1,0,0,0,0,1,1,0,0,0,1,1,0,1,0,0,1,1,0,1,1,0,0,0,0,1,1,1,1,0,1,1,1,1,1,0,1,1,1,1,0,1,0,1,0,1,1,1,0,0,1,0,1,0,0,0,0,1,1,0,1,1,0,0,0,1,1,1,0,1,1
0,0,0,1,1,0,0,1,0,0,1,0,0,0,0,1,1,1,0,0,0,1,0,1,1,1,0,1,1,1,0,0,1,0,0,0,1,1,1,0,1,0,0,1,0,1,1,0,0,1,1,1,1,0,1,0,0,0,0,0,1,0,0,1,0,0,0,1,0,0,0,0,1,1,0
1,1,0,1,0,1,0,0,0,1,0,0,0,0,0,1,1,1,1,0,0,1,0,1,0,0,1,1,0,0,0,0,1,0,1,1,0,1,0,1,1,1,0,1,1,1,0,0,0,0,1,1,1,1,0,1,0,1,1,0,0,1,1,0,1,1,0,0,0,1,1,0,1,0,0
1,0,1,1,0,0,0,1,0,0,1,1,0,0,1,1,0,1,1,1,0,1,0,0,1,1,1,0,1,0,0,0,0,0,1,1,1,1,0,1,1,0,1,1,1,0,1,0,0,1,1,1,1,1,0,1,0,0,1,1,0,0,1,0,0,0,1,0,1,0,1,1,0,0,0
0,0,0,1,1,0,0,1,1,0,0,1,0,0,1,1,1,0,0,1,1,0,0,1,0,0,0,0,0,0,0,0,0,0,0,1,1,0,1,1,1,0,0,1,1,0,1,0,0,1,1,1,1,1,0,0,0,0,0,0,0,1,1,0,1,0,0,0,1,0,0,0,1,1,0
0,0,1,0,0,0,0,1,0,1,0,0,1,1,0,0,0,1,0,0,1,0,1,1,1,0,1,1,0,0,1,1,0,1,0,1,0,1,1,0,1,1,0,1,0,1,0,1,1,0,1,1,1,1,0,0,0,1,1,0,0,0,1,0,1,0,0,0,0,0,0,1,0,0,0
1,1,1,0,1,1,0,0,0,1,0,1,1,1,1,0,1,1,1,1,0,1,1,1,1,0,0,0,0,1,1,0,0,0,0,0,0,0,1,0,1,0,1,0,1,1,1,1,0,0,1,1,1,0,1,0,1,0,1,1,1,1,1,0,0,0,1,1,1,1,1,1,1,1,0
1,0,0,0,1,1,0,0,0,0,0,1,0,0,0,1,1,1,1,0,0,1,0,1,0,0,1,0,1,0,1,1,1,0,1,0,1,1,0,1,1,0,0,0,0,1,0,1,0,0,0,1,1,0,1,0,1,0,0,1,1,0,0,1,1,1,0,0,1,1,1,0,1,0,0
1,0,0,1,1,0,0,0,0,0,0,1,1,1,0,0,1,1,0,0,0,1,0,0,1,1,1,1,1,1,1,0,1,1,1,1,0,0,0,1,1,0,1,1,1,1,0,0,0,0,1,1,1,1,0,1,1,0,1,0,1,1,1,0,1,1,0,0,1,1,0,0,1,1,0
1,0,0,1,1,0,1,1,0,1,0,0,0,0,0,0,1,1,0,0,0,0,0,0,0,1,1,1,1,0,1,0,1,0,0,1,1,0,0,1,0,0,0,1,0,1,0,1,0,1,1,1,1,1,0,1,0,0,0,0,0,1,0,0,1,0,0,1,1,1,0,0,0,1,1
1,1,1,0,1,0,0,1,0,0,0,0,0,0,0,1,1,0,1,0,1,1,0,1,0,1,1,1,0,1,1,1,0,0,1,0,1,0,1,0,1,1,1,1,1,1,1,0,0,1,1,1,1,1,0,1,0,0,1,1,0,0,1,0,1,0,0,0,0,0,1,1,1,1,1
1,0,1,0,1,1,0,1,1,0,0,1,0,0,0,1,1,1,0,0,1,1,0,0,1,0,0,1,1,1,1,1,0,0,1,1,1,0,0,1,0,1,0,1,1,0,1,1,0,1,1,1,1,1,0,0,1,0,0,0,1,0,0,0,1,1,1,1,0,1,0,0,1,0,1
1,0,1,1,1,0,0,1,1,1,1,1,1,0,0,1,1,0,1,0,0,0,0,1,0,1,1,0,1,1,1,1,1,0,1,0,1,1,1,0,1,1,0,1,0,1,0,1,1,1,1,1,1,1,0,0,1,1,1,1,1,0,1,0,1,0,0,1,1,0,0,1,0,0,0
1,0,1,0,1,1,0,1,0,1,0,1,1,0,0,0,0,1,0,1,1,1,0,0,1,1,1,0,1,0,1,1,1,1,1,1,1,0,1,1,1,1,0,1,0,0,1,1,0,0,1,1,1,1,0,1,0,0,1,0,1,1,1,0,1,0,0,0,1,0,0,1,1,1,0
1,0,1,1,1,1,1,1,1,0,0,1,0,0,0,0,1,0,0,0,0,1,1,1,0,1,1,1,0,1,1,1,0,1,0,1,0,0,1,0,1,1,1,1,0,1,1,0,1,1,1,0,1,1,0,1,0,1,0,1,0,0,0,0,1,0,0,1,0,1,1,1,0,1,0
1,0,0,0,1,1,0,1,0,1,1,0,1,0,0,0,1,1,0,0,0,1,1,1,0,0,0,0,1,0,0,1,1,1,1,0,1,1,1,0,1,1,1,1,0,0,1,1,0,1,1,0,1,0,1,1,1,0,0,0,0,0,1,1,0,0,1,0,0,1,1,0,1,0,0
1,1,1,0,1,1,0,1,0,1,0,0,0,0,0,0,1,1,1,1,1,0,0,1,0,1,0,0,1,1,1,1,1,0,1,0,1,0,0,0,1,0,0,1,1,0,1,1,0,1,1,1,1,0,0,1,1,0,1,1,1,1,0,0,0,0,1,1,1,1,0,0,1,1,0
0,1,1,1,0,0,0,1,0,1,1,1,1,0,0,1,1,0,0,1,0,1,0,0,0,1,1,0,1,0,1,1,1,0,1,1,0,1,0,1,1,0,0,1,0,1,0,1,0,0,1,1,1,0,1,1,1,1,0,1,1,0,1,1,1,0,0,0,1,1,1,1,0,1,0
1,0,0,1,0,0,1,1,0,0,1,1,0,0,0,1,1,1,0,0,1,1,1,1,1,1,1,0,1,1,1,0,1,0,1,1,0,0,0,1,1,0,0,1,0,1,1,0,0,1,1,0,1,1,0,1,0,0,0,1,1,0,1,0,0,0,0,1,0,1,0,0,0,0,1
1,0,0,1,0,1,0,1,0,1,1,0,0,0,1,1,0,1,0,0,1,1,0,1,0,0,1,1,1,1,0,0,1,0,1,1,1,0,0,1,1,0,0,1,0,1,1,0,0,1,1,1,1,1,1,0,0,0,0,1,1,1,0,1,0,1,1,0,1,1,0,1,1,0,0
0,1,0,1,1,0,0,1,0,0,0,1,0,1,0,1,1,1,1,1,1,1,1,1,0,0,1,1,1,0,1,0,1,0,0,1,0,0,0,1,1,0,1,1,0,0,1,0,0,1,1,1,1,1,0,0,0,1,1,1,0,0,1,0,0,1,1,1,1,1,1,0,1,1,0
1,0,1,1,1,1,0,1,1,0,1,0,0,0,0,0,1,1,0,0,0,0,0,0,0,1,1,1,0,0,0,0,0,0,1,1,1,0,0,1,0,1,0,1,0,1,0,0,1,1,1,1,1,0,1,1,0,0,1,0,0,1,1,0,1,0,1,1,1,1,0,0,0,0,1
1,0,0,1,0,1,0,1,0,0,1,1,1,0,1,1,0,0,0,0,1,0,0,1,0,0,1,1,0,0,1,1,0,0,1,0,1,1,1,0,1,0,0,1,0,1,0,0,1,0,1,1,1,0,1,1,1,0,0,0,0,0,1,0,0,1,0,1,1,1,0,0,0,0,0
0,0,1,1,0,0,1,1,1,0,0,1,0,0,0,1,1,0,1,0,1,1,0,0,0,1,1,1,1,1,1,1,1,0,1,1,0,1,0,1,1,0,1,1,0,0,1,1,1,1,1,1,0,1,0,0,0,0,0,0,0,1,1,0,1,0,1,1,1,1,1,1,1,1,0
1,1,1,1,1,0,0,1,1,0,0,0,0,0,1,1,0,1,0,0,0,1,0,1,0,1,1,1,0,1,1,0,0,0,1,0,1,1,1,0,1,0,1,1,1,1,1,1,0,0,1,1,1,1,1,0,0,0,1,1,0,1,1,1,1,1,0,1,1,1,1,1,1,0,0
1,0,0,0,1,1,1,1,1,1,1,0,0,1,1,0,1,0,0,0,1,1,1,1,1,1,1,0,0,1,0,0,0,0,1,1,1,0,1,0,0,0,0,1,1,1,0,0,0,1,1,0,1,0,0,1,0,1,0,1,0,0,1,1,1,1,0,0,1,1,0,1,1,1,1
1,0,1,1,0,0,0,0,0,0,0,1,0,0,1,0,1,1,0,1,0,1,0,1,0,1,1,1,0,1,0,1,0,0,1,0,0,0,1,0,0,1,0,1,0,1,0,0,1,1,0,1,1,1,0,1,0,1,0,1,0,1,0,1,0,1,0,0,0,1,1,1,0,1,0
0,0,1,0,1,0,0,0,0,1,0,1,0,0,0,1,0,1,0,0,1,1,0,1,1,0,0,1,1,1,1,0,0,0,0,1,1,0,0,1,0,0,0,1,0,1,0,1,0,0,1,1,1,1,0,1,1,1,0,0,1,1,0,0,1,1,0,0,1,0,1,0,1,1,1
1,1,1,0,0,1,0,1,1,1,0,1,0,1,0,1,1,0,0,0,1,0,1,1,1,0,1,1,0,1,1,0,1,0,0,0,0,1,1,0,1,0,0,0,0,0,0,0,1,0,1,1,1,0,1,1,0,0,1,0,1,1,1,0,0,0,1,0,1,1,0,0,0,1,0
1,0,0,1,1,1,0,1,1,0,1,1,0,0,1,0,1,1,0,1,0,1,1,1,0,0,1,1,1,0,1,0,0,0,0,0,1,0,0,0,1,1,1,1,0,0,1,1,0,1,1,1,1,0,1,1,1,0,0,0,0,0,0,0,0,0,0,1,0,1,1,0,1,1,0
1,0,0,1,0,1,1,1,1,1,0,1,0,0,0,1,0,1,0,1,0,1,1,1,0,0,1,0,0,1,0,0,0,0,0,0,0,1,1,0,1,0,0,1,1,1,1,1,0,0,1,1,1,1,0,0,1,0,0,1,1,1,0,1,1,1,0,0,1,1,1,1,1,1,0
1,0,1,1,1,0,0,1,0,1,1,1,1,0,0,0,0,1,1,1,1,1,0,1,0,1,1,0,0,1,0,1,0,0,0,1,1,1,1,0,1,1,0,1,1,0,0,0,1,1,1,1,1,1,1,1,0,1,1,1,1,1,1,1,1,1,0,0,0,1,1,1,0,0,0
1,0,0,1,0,0,0,1,1,1,1,0,1,0,1,1,1,0,0,0,0,1,0,1,1,1,1,0,1,1,1,0,0,0,1,0,1,1,1,0,1,1,0,1,1,1,1,1,0,1,1,1,1,1,0,1,1,0,1,0,0,1,0,1,1,1,0,1,1,1,0,0,1,0,0
1,0,0,1,1,0,1,1,0,1,0,0,0,0,0,0,1,0,1,0,1,0,0,1,0,1,1,1,0,1,1,0,0,1,1,0,0,0,0,0,1,1,1,1,1,0,1,0,0,1,1,1,1,0,0,1,0,0,0,1,0,0,1,0,1,0,1,1,0,1,1,1,1,0,0
0,1,1,1,1,0,0,0,1,1,0,1,1,1,1,0,1,1,0,0,0,1,0,0,0,0,1,0,1,0,1,0,0,0,1,0,0,0,1,0,1,1,1,1,1,1,0,1,1,1,1,1,1,0,0,0,1,1,0,0,0,1,1,1,1,1,0,0,0,0,1,0,1,1,0
1,1,1,0,1,0,0,1,1,0,0,0,0,0,0,0,1,1,0,0,1,1,1,1,1,1,1,1,1,1,1,1,1,0,0,1,0,1,0,1,1,1,1,1,0,1,1,1,0,0,1,1,1,1,0,1,0,1,1,1,0,1,1,0,1,0,0,1,0,1,1,1,0,1,0
1,0,0,1,1,0,0,1,0,1,0,1,0,0,1,1,1,1,0,0,1,1,0,1,0,0,1,0,1,1,1,0,1,0,1,1,0,0,0,1,0,0,0,1,1,0,0,0,1,0,1,1,1,1,0,0,0,1,1,0,1,1,1,0,0,1,1,1,1,1,0,0,0,1,1
1,0,0,1,0,1,0,1,0,0,1,0,1,1,1,0,1,1,1,0,1,0,0,1,0,0,1,1,1,1,0,1,0,0,0,1,1,0,0,1,1,1,1,1,1,0,1,1,0,0,1,0,1,0,1,1,0,0,1,0,0,1,1,0,1,0,0,1,0,1,1,1,1,1,0
1,0,1,1,1,0,0,1,0,0,0,0,1,0,0,0,1,1,0,0,1,1,0,1,0,1,1,1,1,1,1,0,1,0,1,0,0,0,1,0,1,1,1,1,1,1,0,0,1,0,0,1,1,0,1,1,0,0,1,0,0,1,0,1,1,0,0,0,0,0,0,0,0,1,1
1,0,0,0,0,0,1,0,0,0,0,1,1,0,0,1,0,1,0,0,0,0,1,1,0,0,0,0,1,0,1,0,1,0,0,0,1,1,1,0,1,0,0,1,0,1,1,0,1,0,1,0,1,1,0,1,0,0,1,1,1,1,0,0,0,1,0,0,0,1,1,1,0,1,1
1,1,1,0,1,0,1,1,0,0,1,1,0,1,0,0,1,1,1,0,1,0,1,1,1,1,1,0,1,1,0,1,1,0,1,1,1,1,1,0,1,1,1,1,1,0,0,0,1,1,1,0,1,1,0,0,0,1,1,0,1,1,0,0,1,0,1,1,0,1,1,0,0,1,0
1,0,0,0,0,1,0,0,0,1,0,1,0,0,0,0,1,1,1,0,1,0,0,0,1,0,1,1,1,1,0,1,1,0,0,1,1,1,0,1,1,1,0,1,0,0,0,0,1,1,0,1,1,1,0,1,0,1,1,1,0,0,1,0,0,1,1,1,0,1,1,0,0,1,1
1,1,0,1,0,0,1,1,0,0,0,1,1,0,0,0,1,0,0,1,1,1,1,1,1,0,0,1,1,0,1,0,0,0,1,1,1,0,1,1,1,0,0,1,0,1,0,1,1,0,1,0,1,0,1,1,1,1,0,1,0,1,0,0,1,0,1,0,1,1,0,0,0,1,1
0,0,0,0,0,0,0,0,0,0,0,1,0,0,0,0,1,0,1,1,0,1,0,1,0,1,1,1,1,0,0,0,1,0,0,0,1,0,1,0,1,1,0,1,0,1,0,1,0,1,1,1,1,1,1,1,1,0,1,1,0,0,1,1,1,1,0,0,0,0,0,1,1,1,0
1,0,1,0,1,1,0,1,0,1,1,1,0,0,1,0,1,1,0,0,1,1,1,1,1,1,1,1,1,1,1,1,1,0,1,1,0,0,0,1,1,1,1,1,0,1,1,0,0,1,1,1,1,0,0,0,0,1,0,0,1,0,0,0,0,0,0,1,0,1,1,0,0,0,0
1,1,0,0,1,0,0,1,0,1,1,1,1,0,0,0,1,0,1,0,0,1,0,0,0,1,1,0,1,1,0,1,1,0,1,0,1,0,0,1,1,0,1,1,1,0,0,1,0,0,1,1,1,0,0,1,0,1,1,0,1,0,0,0,0,0,1,1,1,1,1,0,1,0,0
1,0,0,1,0,1,1,1,1,0,0,1,0,0,1,0,1,0,1,0,1,1,1,1,1,1,0,1,1,0,1,0,1,0,1,0,1,1,1,0,1,0,0,1,0,1,0,0,1,1,1,0,0,0,0,0,0,0,0,0,1,0,1,1,1,1,0,1,0,1,1,1,1,1,0
1,0,0,1,1,1,0,1,1,1,0,0,0,1,1,1,0,0,1,0,1,1,1,1,1,1,1,0,0,0,0,1,0,0,1,1,1,0,0,1,0,1,0,1,1,1,0,0,0,1,1,0,1,0,1,0,0,0,1,1,0,1,1,0,0,1,1,1,0,1,0,0,1,1,0
1,0,1,1,0,1,0,1,0,0,0,0,1,1,0,0,0,1,0,0,0,1,0,0,1,0,1,1,0,0,1,1,1,0,0,0,0,0,1,0,1,1,0,1,0,1,1,1,0,1,1,0,1,0,1,0,1,0,0,1,0,0,0,0,0,1,1,0,1,1,1,0,1,1,0
1,0,1,0,0,1,0,1,0,0,0,1,0,0,1,0,1,1,1,1,1,1,0,1,0,0,0,1,1,0,1,0,0,1,0,0,0,1,0,1,0,1,0,1,0,1,0,0,0,1,1,1,1,0,1,0,0,1,1,0,1,0,1,0,1,0,1,1,1,1,0,1,0,1,0
1,1,0,0,0,0,0,1,0,1,0,1,1,0,1,0,0,1,1,0,0,1,0,0,0,1,1,0,0,1,1,1,0,1,0,1,0,0,0,0,1,1,0,1,1,0,0,0,0,0,1,1,1,1,1,1,0,1,1,1,1,1,0,0,1,0,0,1,0,1,0,1,0,1,1
1,1,1,0,1,1,0,1,1,0,1,0,1,0,0,0,1,0,1,0,1,1,0,1,1,1,1,0,0,1,1,0,0,0,1,0,0,0,1,0,1,1,0,1,0,1,0,0,0,0,1,1,1,1,0,1,0,1,1,1,0,1,0,1,0,0,1,0,0,1,0,1,1,1,0
1,1,1,1,1,1,0,0,0,0,0,0,1,0,0,1,1,1,1,0,1,1,0,1,0,0,0,0,1,1,1,0,1,0,0,0,1,0,0,0,1,1,1,1,0,1,1,1,1,0,1,1,1,0,0,0,1,0,1,1,1,1,1,1,0,1,1,1,0,1,1,1,0,1,1
0,0,1,1,0,1,0,1,1,0,0,1,0,0,0,1,0,1,1,0,1,1,0,1,1,1,1,1,0,1,0,1,0,0,1,0,1,0,1,0,1,0,1,1,1,0,1,1,0,1,1,1,1,0,1,0,1,1,0,1,1,1,1,0,0,0,0,1,1,1,1,1,1,1,0
1,1,1,0,1,0,0,1,1,0,0,1,1,0,0,1,0,1,0,0,1,1,1,1,0,0,0,1,0,1,1,1,0,0,0,0,1,0,1,0,1,1,0,1,1,1,0,1,0,1,1,0,0,0,0,1,1,0,1,1,0,0,1,0,1,0,0,0,0,1,0,0,0,1,0
1,1,0,1,1,0,0,1,0,0,1,0,1,0,0,0,1,0,1,0,0,1,0,1,1,1,1,0,0,1,1,1,1,0,0,0,1,0,0,0,1,1,0,1,1,1,1,1,1,1,1,0,1,0,1,1,1,0,0,0,1,0,0,1,1,0,1,1,1,1,0,1,0,1,0
1,1,1,1,0,1,0,0,0,1,0,1,1,0,0,1,0,0,0,0,0,1,1,1,0,1,1,0,0,0,1,0,1,0,1,1,0,1,1,0,1,1,1,1,1,0,0,0,1,1,1,0,1,1,0,1,0,0,0,1,0,0,1,0,0,1,0,1,0,1,1,0,0,1,0
0,0,1,0,0,1,0,0,0,1,0,1,0,0,0,1,1,1,0,0,1,1,0,0,1,1,1,1,0,0,1,1,0,1,1,0,0,0,1,0,1,1,0,1,0,0,1,1,0,1,1,1,1,1,0,0,1,0,0,1,0,0,1,1,1,1,0,0,0,0,1,0,1,0,0
1,0,0,0,0,1,0,1,0,1,1,1,1,0,0,0,1,1,1,0,0,0,0,0,0,0,0,0,1,0,1,1,1,0,1,0,1,0,0,1,1,1,0,1,0,0,1,1,0,0,1,1,1,1,0,0,1,1,0,0,1,1,1,0,0,1,1,0,1,1,1,0,1,0,0
1,0,0,1,1,0,0,1,0,0,1,1,0,0,0,1,0,1,0,0,0,1,0,1,0,1,1,1,1,0,1,0,1,0,1,0,0,0,1,0,1,0,0,0,0,1,0,1,0,0,1,1,1,0,1,0,1,1,0,0,0,1,1,0,1,0,0,0,1,1,0,0,1,1,0
1,1,0,1,1,0,1,0,1,1,0,1,1,0,0,1,0,0,1,0,0,1,1,1,0,1,0,1,1,1,1,1,1,0,0,1,1,1,1,0,1,1,0,1,0,1,0,0,1,0,0,0,1,1,0,1,0,0,1,0,0,1,1,0,0,1,0,1,0,1,0,1,1,1,1
1,0,1,1,1,0,0,1,0,1,1,0,1,0,0,0,1,0,0,0,0,1,0,1,0,0,0,0,1,1,0,1,1,0,0,0,0,1,1,0,1,1,0,1,1,1,0,0,0,1,1,1,1,0,0,1,0,0,1,0,0,0,1,0,1,0,0,0,1,1,0,1,1,1,0
0,1,1,0,0,0,0,0,0,0,0,1,0,1,0,1,1,0,1,0,0,1,1,1,1,1,1,1,1,1,1,1,1,0,1,0,0,1,0,0,0,0,0,0,1,1,0,1,0,0,1,1,1,0,0,1,1,1,1,1,1,0,1,0,1,1,1,0,1,0,1,1,1,1,1
1,1,1,1,0,0,0,1,1,0,1,1,0,0,0,0,0,1,1,0,1,0,0,1,0,1,0,0,1,0,0,1,1,0,0,1,0,1,0,1,1,1,0,1,1,1,1,1,0,1,0,1,1,0,0,0,1,1,1,1,0,1,1,0,0,0,1,1,0,1,0,0,1,1,0
1,1,0,1,0,1,0,0,0,1,0,1,0,0,0,0,0,1,1,1,0,0,0,0,0,1,1,1,0,0,1,0,0,0,1,0,0,0,0,1,1,0,1,1,1,0,0,1,1,1,1,0,0,0,0,1,1,0,0,1,1,1,0,0,1,0,0,0,1,1,0,0,1,1,1
1,0,0,1,0,0,0,1,0,1,1,0,0,0,1,1,0,0,0,1,0,1,0,1,0,0,1,0,0,1,1,0,0,0,0,1,1,0,0,1,0,0,0,1,0,1,0,0,1,1,1,1,1,1,0,0,0,0,1,0,1,0,1,0,0,1,0,1,0,1,0,0,0,1,1
1,0,1,1,1,0,0,1,0,1,0,0,1,1,0,0,1,0,1,1,1,1,0,1,0,1,1,0,1,0,1,0,1,0,0,1,1,1,0,1,0,1,1,1,0,1,0,1,1,0,1,1,1,0,0,1,1,1,1,0,0,0,1,0,0,0,1,1,1,1,1,0,0,1,1
1,0,1,0,0,0,0,1,1,1,0,1,1,1,0,1,1,1,1,0,1,1,1,1,1,0,1,1,1,0,0,1,0,0,1,0,1,0,1,0,1,1,1,1,1,1,0,0,0,0,1,1,1,0,1,0,0,0,1,1,1,1,1,1,0,0,0,1,0,1,1,1,1,0,0
1,0,0,0,1,0,1,1,0,0,0,0,1,0,0,1,1,1,0,0,0,1,1,1,1,1,0,0,1,0,1,1,1,0,1,0,0,1,1,0,1,0,1,1,0,1,1,1,0,1,1,0,1,0,1,1,1,1,1,0,0,0,0,0,1,0,0,1,1,1,1,0,0,1,0
1,0,0,0,0,1,0,1,0,0,1,1,0,0,0,1,0,1,1,0,1,1,1,1,1,1,1,0,1,0,0,0,1,0,0,1,0,1,1,1,1,0,0,1,1,0,1,1,1,1,1,0,1,0,1,1,1,1,1,0,0,1,1,0,1,0,1,0,1,1,0,0,0,1,1
0,0,0,0,0,0,0,1,1,1,1,0,1,0,0,0,1,1,0,0,0,0,0,1,0,1,1,1,1,1,1,0,1,0,0,0,1,1,1,0,1,1,0,1,0,1,0,1,1,1,1,0,1,1,0,1,1,1,1,0,1,0,1,0,0,1,0,1,0,0,0,0,0,1,0
1,1,1,1,0,0,1,1,1,0,0,0,0,0,0,0,0,1,1,1,1,1,0,0,0,0,1,0,1,0,0,1,1,0,0,0,1,0,1,0,1,1,0,1,1,0,0,0,1,1,1,1,1,1,0,1,0,1,0,1,0,1,0,1,1,0,0,1,0,1,0,0,0,1,0
1,1,0,1,0,1,0,0,0,1,1,0,1,0,0,1,0,0,0,0,1,1,0,1,0,1,1,1,1,0,0,1,1,0,1,1,0,0,1,0,1,1,1,1,1,1,0,0,0,1,0,1,1,0,0,1,0,1,0,0,0,1,1,0,0,1,0,0,1,1,0,1,1,1,0
1,0,0,0,0,1,0,0,1,1,0,1,0,0,1,1,1,0,1,0,0,1,1,1,0,0,0,0,1,0,1,1,0,0,0,1,0,0,1,0,1,1,0,1,0,0,1,0,0,1,1,1,1,0,1,0,0,0,0,1,0,0,0,1,0,1,1,0,0,1,0,1,1,1,1
1,0,0,1,1,0,1,1,0,1,1,0,1,0,1,0,0,0,1,0,1,1,1,1,0,0,1,1,0,0,1,1,0,0,1,0,1,1,1,0,1,1,1,1,1,0,0,0,1,1,0,1,1,1,1,1,0,1,0,0,0,0,1,0,0,1,0,0,0,1,1,0,0,1,0
1,1,0,1,1,0,0,1,0,0,0,0,0,1,0,1,1,1,0,1,0,1,1,1,1,1,1,0,0,0,0,1,0,0,1,0,1,0,1,0,1,1,0,1,1,1,1,0,1,1,1,0,1,0,1,1,0,0,1,1,1,1,1,1,0,0,0,1,1,1,1,0,0,1,0
1,0,0,0,1,0,0,1,0,0,0,0,0,0,0,1,1,1,1,0,1,1,0,1,0,0,1,1,1,0,0,0,1,0,1,1,0,1,0,1,1,0,0,1,1,1,0,0,1,1,1,1,1,1,0,1,0,1,1,1,1,1,1,1,0,0,0,0,1,1,1,0,1,1,1
1,1,1,0,1,0,0,1,0,0,0,1,0,0,0,0,1,1,1,0,1,1,1,1,1,1,1,1,1,0,1,0,1,0,0,0,0,1,1,0,1,0,0,1,0,1,0,0,0,0,1,0,1,0,0,1,0,1,0,0,1,0,0,0,1,0,1,0,1,1,0,0,1,1,0
1,0,0,0,1,0,0,0,0,0,0,0,0,0,1,0,0,0,0,0,0,1,0,1,0,0,0,1,0,0,1,1,1,0,0,1,0,1,1,1,1,1,1,1,0,0,0,0,1,1,1,1,1,1,0,1,1,1,1,1,0,0,1,0,0,1,1,1,1,1,1,0,0,1,1
1,0,0,1,1,1,0,0,0,0,0,1,1,0,0,1,1,1,0,1,1,1,0,1,0,0,0,1,1,0,0,1,1,0,1,0,0,0,1,0,1,0,0,1,1,1,1,1,0,0,1,1,1,0,1,1,1,0,0,1,1,0,0,0,1,1,0,0,0,1,1,0,1,1,0
1,0,1,0,1,1,0,1,0,0,0,0,1,0,1,0,1,0,0,1,0,1,1,1,0,1,0,0,0,0,0,0,0,0,0,0,1,0,1,0,0,1,1,1,0,1,0,1,1,1,1,0,1,0,0,1,1,1,1,0,0,0,1,1,0,1,0,0,0,0,1,0,0,1,0
0,0,0,1,1,1,0,1,0,1,0,1,0,0,0,1,1,0,0,1,0,1,0,0,0,0,1,1,0,0,0,0,1,0,1,0,0,0,0,1,0,0,1,1,1,0,0,0,0,1,1,1,1,0,1,1,0,0,0,0,0,1,0,0,1,1,0,1,1,1,0,1,1,0,0
0,0,0,0,0,1,1,1,0,0,0,1,1,0,1,0,0,1,0,0,1,0,0,0,0,0,0,1,1,1,1,0,0,0,0,0,1,1,0,0,0,1,0,1,1,1,1,1,0,0,1,0,1,1,1,1,1,0,1,0,1,1,1,0,1,1,1,0,0,0,1,0,1,1,0
1,0,0,1,1,0,0,1,0,1,1,1,0,0,0,0,0,1,1,0,0,1,0,1,1,1,0,1,1,1,1,1,1,0,1,0,0,1,0,1,1,0,1,1,1,1,0,1,1,1,1,1,1,0,1,0,1,1,0,0,0,0,1,0,1,1,0,0,1,1,1,0,0,1,1
1,1,0,1,0,1,0,1,0,1,1,0,0,0,0,1,1,1,1,0,1,1,0,1,0,1,1,1,1,1,0,1,0,0,0,1,0,1,0,1,1,1,0,1,1,0,0,0,1,1,1,1,1,1,1,1,1,1,1,0,0,1,1,0,1,1,0,1,1,1,0,0,1,0,0
0,0,0,1,1,1,0,1,1,1,0,0,1,1,0,1,1,0,1,0,0,1,1,1,1,1,1,1,0,1,1,0,0,0,0,0,0,1,0,0,1,1,1,1,0,1,0,1,0,0,1,0,1,1,0,1,0,0,1,0,0,1,1,1,0,0,0,1,0,0,1,1,1,1,0
1,0,0,1,0,0,0,0,1,0,0,1,0,0,1,0,1,1,1,0,1,0,0,1,0,0,1,0,1,1,1,1,0,0,1,1,0,0,1,0,1,1,0,1,0,1,0,0,0,1,1,1,1,1,0,1,0,1,0,1,1,0,0,0,0,1,0,1,0,1,1,1,0,0,0
1,0,0,1,0,1,0,1,0,0,0,1,0,0,1,1,1,0,0,1,1,1,0,1,0,0,1,1,0,1,1,1,0,0,1,0,1,0,1,0,1,1,0,1,0,1,0,1,1,1,1,1,1,0,1,1,1,0,0,0,0,0,0,0,1,0,1,0,0,1,0,0,1,1,0
1,1,0,1,0,0,0,1,1,0,0,0,1,1,0,1,1,1,0,1,0,1,0,0,0,1,0,1,1,0,1,0,1,1,1,0,0,0,1,0,1,0,1,1,1,1,0,0,1,0,0,1,1,1,1,0,0,1,1,0,1,1,1,1,1,0,0,1,1,1,1,0,0,1,0
0,0,0,0,0,0,0,0,0,0,0,0,1,0,0,1,1,0,0,0,0,1,0,1,0,0,1,1,1,1,1,1,0,0,0,0,0,1,1,0,0,0,1,1,1,1,1,1,0,1,1,1,1,0,1,1,1,0,0,1,1,0,0,0,0,1,1,0,1,0,1,1,0,1,1
1,1,1,0,0,0,0,1,0,1,1,1,0,0,1,1,1,0,1,1,0,0,0,0,1,0,1,0,1,0,0,1,1,1,1,1,0,0,1,1,1,0,1,1,1,1,0,0,0,0,1,1,1,1,0,1,0,0,1,0,1,0,0,0,0,0,0,0,1,1,1,0,0,0,1
1,1,1,1,1,1,0,1,0,1,1,1,0,0,0,1,1,1,1,0,0,0,0,1,0,0,1,1,0,0,1,0,1,0,1,0,1,1,1,0,0,0,1,1,1,1,1,0,1,0,0,1,1,1,1,1,1,0,1,1,1,1,0,0,1,0,1,1,0,1,1,1,0,0,1
1,0,0,0,1,0,0,1,0,0,0,1,1,0,1,1,1,1,0,1,0,1,0,1,1,0,1,1,1,0,0,0,1,1,0,0,1,0,0,1,1,0,0,1,1,1,1,1,0,0,1,1,1,0,1,1,1,0,1,1,0,1,1,1,1,0,0,0,1,1,1,1,1,1,0
1,0,1,1,1,0,1,1,0,1,0,1,0,1,1,0,1,0,1,1,1,1,1,1,0,1,1,1,0,0,1,1,1,0,1,1,0,0,1,0,0,1,1,1,1,0,1,0,0,1,1,1,1,1,0,0,0,0,0,0,0,0,1,0,0,1,0,1,0,1,1,0,1,1,0
0,1,1,1,1,0,1,1,0,0,1,1,1,0,0,1,0,1,1,1,0,1,0,1,0,0,1,0,1,0,0,0,1,0,0,0,0,1,1,0,1,0,0,1,1,1,0,0,1,0,0,1,1,1,0,1,0,1,0,0,0,0,0,0,1,0,0,0,1,1,0,0,0,1,0
1,0,0,1,0,1,0,1,0,1,0,1,0,1,0,1,1,0,1,0,0,1,0,1,1,0,1,1,0,1,0,1,0,1,1,1,1,1,1,0,1,0,0,0,1,1,0,0,1,1,1,0,1,1,0,1,1,1,0,0,1,0,0,0,1,0,0,0,1,1,0,1,0,1,0
0,1,1,0,1,0,1,1,1,1,0,1,0,0,1,0,1,1,0,0,0,1,1,1,0,0,1,0,1,1,1,1,1,0,1,0,1,1,1,0,1,0,1,1,0,0,1,1,0,1,1,0,1,1,0,0,1,1,0,0,1,1,1,0,1,0,0,0,0,0,1,0,1,1,0
1,0,0,0,0,0,0,1,0,1,0,0,1,0,1,1,1,0,0,0,0,1,1,1,0,1,0,0,0,1,0,0,0,0,0,1,1,0,0,1,1,0,1,1,0,0,0,1,1,1,1,0,1,1,0,0,1,1,1,1,0,0,1,0,1,0,0,0,0,1,0,1,0,1,0
1,1,1,0,1,1,0,1,1,1,1,0,0,1,1,0,1,1,0,0,0,1,1,1,0,1,1,1,0,1,1,0,0,0,0,0,0,1,1,0,0,1,0,1,1,1,1,1,1,1,1,0,1,1,0,1,1,0,1,1,0,1,1,0,0,0,0,1,0,1,0,1,0,1,1
1,0,0,0,1,1,0,1,1,0,1,0,0,1,0,0,0,1,1,0,1,1,0,0,0,0,1,0,1,1,1,1,1,0,1,1,1,0,1,1,1,0,0,1,0,0,0,0,1,1,1,1,1,0,0,0,1,1,0,1,0,0,1,0,1,0,1,0,0,1,0,0,0,0,0
1,1,0,0,1,0,0,0,0,1,0,1,1,0,0,0,0,0,1,0,1,0,0,1,0,1,0,0,0,0,1,0,0,0,1,0,0,0,1,0,1,0,1,1,1,0,0,0,0,0,1,0,1,1,0,0,0,0,1,0,0,0,1,0,1,0,0,0,1,1,0,0,0,1,1
1,1,0,1,0,1,0,1,0,1,1,1,0,0,0,0,1,1,1,0,1,1,0,1,0,1,0,0,1,0,0,0,1,0,1,0,1,1,1,0,1,0,0,1,1,0,0,0,1,1,1,1,1,1,0,1,0,0,0,0,0,0,0,1,0,0,0,0,0,1,0,0,0,1,1
1,1,0,0,1,1,0,1,0,0,0,1,1,0,1,1,0,0,0,0,0,1,0,1,0,1,1,0,0,0,0,1,0,0,0,1,0,0,1,0,1,1,0,1,1,0,0,1,1,1,1,1,1,1,1,1,1,1,1,0,0,0,0,0,0,0,0,0,0,1,0,0,0,1,0
1,1,1,1,1,0,1,1,0,1,0,1,0,0,0,0,1,0,0,0,0,1,1,1,0,0,0,1,0,0,1,1,1,0,0,1,0,0,0,1,1,1,0,1,0,1,0,0,0,1,1,1,1,1,0,1,1,1,1,1,0,1,1,1,1,0,0,0,1,1,1,1,0,1,0
1,1,1,0,0,1,0,1,1,0,1,1,1,0,0,0,1,0,0,1,0,1,0,1,0,0,1,0,1,0,0,0,1,0,1,0,1,1,1,0,1,1,1,1,1,0,0,1,1,0,1,1,1,1,0,1,0,0,0,0,0,1,1,0,1,0,0,1,0,0,1,0,0,0,1
1,0,0,1,0,0,1,1,0,0,0,1,0,0,1,0,0,1,1,0,0,1,0,1,1,0,1,0,1,1,0,1,0,0,1,1,0,0,0,1,1,1,0,1,1,0,0,0,0,0,1,1,0,1,0,1,0,1,0,1,1,1,1,1,1,0,1,1,0,1,0,0,0,1,0
1,0,1,1,0,0,0,1,0,0,1,1,1,0,1,1,1,0,0,0,0,1,0,1,0,0,1,1,1,0,1,0,0,0,0,1,1,0,1,0,1,1,0,1,0,1,0,1,1,1,1,1,1,1,0,1,1,1,1,0,1,1,1,0,1,0,0,0,1,1,0,0,0,1,0
0,1,0,1,0,0,0,1,0,1,1,1,1,0,1,1,1,0,0,0,1,1,0,1,0,1,0,0,0,1,0,0,0,1,1,1,0,0,1,0,1,1,0,1,0,1,0,0,1,0,1,0,1,1,0,1,1,0,1,1,1,0,1,1,1,0,0,0,0,1,0,1,1,0,0
1,0,1,1,1,1,0,1,0,0,1,1,0,1,0,1,1,0,0,1,1,0,0,1,0,1,1,1,0,1,1,1,0,0,0,1,0,0,0,1,1,0,0,1,0,1,0,0,0,1,1,1,1,1,0,1,0,1,1,1,0,1,1,0,1,0,1,0,1,0,1,1,1,0,1
1,0,0,0,1,0,0,1,0,0,0,1,0,0,1,0,1,1,0,0,0,0,1,1,0,0,0,0,0,1,1,0,0,0,0,0,1,1,0,1,0,0,0,1,0,1,1,0,0,1,1,0,1,0,0,1,1,1,1,0,1,0,1,0,0,0,1,1,1,1,0,0,1,1,1
0,0,1,0,1,0,1,1,1,0,0,1,1,0,0,0,0,1,0,0,0,0,1,1,1,0,1,1,1,0,0,1,0,0,1,1,1,1,1,0,1,1,1,1,0,1,1,0,1,1,1,0,1,0,0,0,0,1,1,0,0,1,1,0,1,0,0,1,0,1,0,0,0,1,0
0,0,0,1,0,0,0,1,1,0,0,1,1,1,1,0,1,1,0,0,1,1,0,0,0,1,0,1,0,1,1,0,0,0,0,0,0,1,1,0,1,1,0,0,0,1,0,1,0,0,1,1,1,1,0,1,0,1,1,0,1,1,1,0,1,0,1,0,0,1,0,0,0,1,0
1,0,0,0,1,0,0,1,1,0,1,0,1,0,1,0,1,1,0,1,0,1,1,1,0,0,1,0,1,1,0,1,1,0,1,1,0,1,1,0,1,1,0,1,1,0,1,1,0,1,1,0,1,0,0,0,0,0,0,1,0,1,0,1,0,1,0,1,0,1,1,1,1,0,0
1,0,0,0,0,1,0,1,0,1,1,1,0,0,0,0,1,0,0,1,0,1,1,1,1,0,0,1,1,1,0,1,1,0,0,1,1,0,1,0,1,1,1,1,0,1,0,1,1,1,1,0,1,1,1,1,1,1,1,1,1,1,0,0,1,1,0,1,0,1,1,1,0,1,0
1,0,0,1,0,1,0,1,1,0,0,1,0,1,1,1,1,1,0,1,0,1,0,1,1,0,0,1,0,1,1,0,1,0,1,1,0,0,0,1,1,0,0,1,0,1,1,0,0,1,0,0,1,1,1,1,0,1,1,0,1,1,1,0,1,0,1,1,1,1,0,1,0,1,0
1,0,0,1,1,1,0,1,1,1,1,1,1,0,1,1,1,1,0,0,0,0,0,1,0,0,1,0,1,0,1,1,0,0,1,1,1,1,0,1,1,0,1,1,0,1,1,0,0,1,1,1,1,1,0,0,0,0,0,1,0,1,0,0,0,0,1,0,1,1,1,1,1,1,0
1,0,1,0,1,0,0,1,1,1,0,1,1,0,0,1,0,1,0,0,0,1,0,1,0,0,0,1,0,1,1,0,1,0,1,1,0,0,1,0,1,1,0,1,0,1,0,1,1,0,1,0,1,1,0,1,0,0,1,0,0,1,1,0,1,0,0,0,1,1,0,0,0,0,1
0,1,0,0,1,0,0,0,1,0,0,1,0,0,1,1,1,0,0,0,0,1,0,1,0,1,1,0,0,1,0,0,0,0,0,1,0,0,0,1,1,0,0,1,1,1,0,0,0,1,0,1,0,0,0,0,1,1,1,0,0,0,1,0,0,1,0,1,1,0,0,1,0,1,0
1,1,1,0,0,0,0,1,0,1,1,1,1,1,0,0,1,0,0,0,1,0,0,1,1,0,0,1,0,0,1,1,1,0,1,1,1,0,0,0,1,1,0,1,0,1,0,1,0,0,1,1,1,1,0,1,1,1,1,1,1,1,1,0,1,1,1,0,0,1,1,1,1,0,0
1,1,1,0,1,0,1,1,0,0,1,0,0,0,0,1,0,0,0,0,1,1,1,1,0,0,1,0,1,1,1,1,1,1,1,1,0,0,0,1,0,0,0,1,1,0,0,1,1,1,1,1,1,0,0,1,1,0,0,0,0,0,1,0,1,0,0,0,0,1,0,1,0,0,0
1,1,0,1,0,1,1,1,1,0,1,0,0,0,0,1,1,1,1,0,0,1,1,1,0,1,1,1,1,1,0,1,1,0,0,0,0,1,0,1,0,0,1,1,0,0,0,0,0,0,1,1,1,1,0,0,0,1,0,1,0,1,0,0,1,0,0,1,0,1,1,1,1,0,0
0,0,1,0,1,0,1,1,0,1,1,1,0,1,0,1,0,1,0,1,0,1,0,1,0,1,1,0,1,1,1,1,1,1,1,1,1,1,0,1,1,0,1,1,0,1,0,1,0,1,1,0,1,0,1,1,1,1,0,1,0,0,1,0,1,0,0,0,1,1,1,0,1,0,1
0,0,0,0,0,1,0,1,1,1,0,0,1,0,0,1,1,0,1,1,1,1,0,1,1,0,0,1,0,1,1,1,1,0,1,0,0,0,1,0,1,1,0,1,0,1,0,0,0,0,1,1,1,1,0,1,0,0,1,0,0,1,1,1,1,1,0,1,0,0,0,1,1,1,0
1,1,1,0,1,1,0,1,0,0,1,0,0,0,0,1,1,0,0,1,0,0,0,1,1,0,1,0,0,0,0,1,0,0,1,1,1,0,1,1,1,0,1,1,0,0,1,1,1,1,1,1,1,1,1,1,0,0,0,1,1,0,1,0,0,0,1,1,1,1,1,1,0,0,0
0,0,0,0,1,0,0,1,0,1,0,1,0,0,1,1,1,1,0,1,0,1,0,1,0,0,1,1,1,1,0,0,1,0,1,1,1,1,0,1,1,0,0,1,1,1,1,0,1,0,1,1,1,1,0,0,0,0,1,0,0,1,1,1,1,0,0,0,1,1,0,0,0,1,0
1,1,0,1,1,0,0,0,1,1,0,1,1,0,0,0,1,0,1,0,1,1,0,1,0,1,0,1,1,0,0,0,1,1,1,0,1,0,1,0,1,1,0,1,1,1,0,1,0,0,1,1,1,1,0,1,1,0,1,1,1,0,1,0,0,1,1,1,1,1,0,1,0,0,0
0,0,0,0,0,0,1,1,1,1,0,1,0,0,0,0,1,1,0,0,0,1,1,1,1,1,1,0,1,0,1,0,1,0,0,1,0,0,0,1,0,0,0,1,0,1,1,1,1,1,1,0,1,1,0,0,1,1,1,0,0,0,1,1,0,0,1,1,1,0,0,0,0,1,1
1,1,1,0,1,0,0,1,0,0,1,0,1,0,0,0,0,1,0,0,0,0,0,0,0,0,1,0,0,0,0,1,1,0,1,0,1,1,1,0,1,1,1,1,0,1,1,1,0,0,0,1,1,0,0,1,1,0,1,0,0,0,1,0,0,0,1,1,1,0,1,0,1,1,1
1,0,0,0,0,0,0,1,1,0,1,1,0,1,1,0,1,0,1,0,0,1,0,1,0,1,0,0,1,1,1,1,1,0,0,0,1,1,1,0,1,0,0,0,0,0,1,0,0,1,1,1,1,1,1,1,1,0,0,0,0,1,0,0,1,1,1,1,0,1,0,1,1,1,0
1,0,0,0,0,1,1,1,0,1,1,1,0,0,0,1,1,1,1,0,1,1,1,1,0,1,1,1,1,0,0,1,1,0,1,0,0,1,0,1,0,0,1,1,1,0,1,0,0,1,1,0,1,0,1,1,0,0,0,1,1,1,1,0,0,1,0,1,0,1,1,1,1,0,0
1,0,0,0,0,0,0,1,1,1,0,0,0,0,0,1,1,1,0,0,0,1,1,1,0,0,1,1,1,0,1,0,0,1,1,1,0,1,0,1,0,1,0,1,0,1,0,1,1,1,1,0,1,1,0,1,1,1,0,1,1,0,1,0,1,0,1,1,0,1,0,0,0,1,0
1,0,1,1,1,0,0,1,1,1,0,1,1,0,1,0,0,1,0,0,0,1,1,1,0,0,0,0,1,0,1,0,0,0,1,1,0,0,1,0,1,1,1,0,1,1,0,0,0,0,0,0,1,0,1,1,0,1,0,1,1,1,1,1,1,0,0,1,0,0,1,0,0,0,0
0,0,1,1,1,0,0,1,0,0,0,1,1,0,0,0,1,0,1,0,1,0,0,1,0,0,0,1,1,1,0,1,1,0,1,0,0,1,1,0,1,1,0,1,0,1,0,1,0,1,0,1,1,1,0,1,1,0,0,0,1,1,1,0,0,1,1,1,0,1,0,1,0,0,1
1,0,0,0,1,0,0,0,1,1,0,0,1,0,0,1,1,1,1,0,1,0,0,1,1,0,1,0,0,0,0,0,1,1,0,0,0,1,0,1,1,1,1,1,1,0,0,0,1,0,0,1,1,0,1,0,0,1,1,0,0,1,1,0,1,1,1,0,0,1,1,0,0,1,0
0,0,1,1,1,1,0,1,0,0,0,1,0,1,1,1,1,0,0,0,0,0,0,0,1,1,1,0,1,1,1,1,1,1,0,1,0,1,1,1,1,0,1,1,0,0,0,1,1,1,1,1,0,1,0,0,0,1,1,0,0,0,1,0,1,1,1,0,1,0,1,1,1,1,1
1,0,1,1,0,1,0,1,0,0,0,0,1,0,1,1,1,0,0,0,0,1,0,0,0,1,0,0,1,1,1,1,0,1,1,1,0,0,0,0,1,1,0,1,1,0,0,1,0,0,1,1,1,1,0,0,1,0,1,1,0,0,1,0,1,0,1,0,0,1,0,0,1,1,1
0,0,1,0,0,1,1,1,1,0,0,1,0,0,0,0,0,0,0,0,0,1,1,1,1,0,0,1,1,1,1,0,1,1,0,1,1,0,1,0,1,1,0,0,0,0,1,0,1,1,1,1,1,0,1,0,0,0,1,0,1,0,1,0,0,0,0,1,1,1,0,1,0,1,0
1,0,0,0,1,0,0,1,0,1,1,1,0,0,1,0,0,0,1,1,1,0,0,0,0,0,1,0,0,1,1,1,0,0,0,1,0,0,1,0,1,1,1,1,0,0,1,0,0,1,1,1,1,0,0,1,0,0,1,1,0,1,1,0,1,0,0,0,0,1,1,0,1,1,0
1,0,1,1,1,0,0,1,1,0,1,0,1,1,1,0,1,1,1,1,0,1,0,0,0,1,0,0,0,1,0,1,0,0,1,1,0,1,0,1,0,1,0,1,0,0,1,0,1,0,0,1,1,1,1,1,0,0,1,1,0,1,1,1,1,0,0,0,0,1,1,1,1,1,0
1,0,0,1,0,0,0,0,1,1,0,1,1,0,0,0,1,1,1,0,1,0,0,1,0,0,0,0,1,0,0,0,0,0,1,0,1,1,1,0,1,1,0,1,1,0,1,0,0,1,0,1,0,0,0,0,0,0,0,1,0,1,0,0,0,1,0,0,0,1,0,0,0,1,0
0,0,0,1,1,1,1,0,0,1,0,0,0,0,0,0,1,0,1,0,0,1,1,1,1,1,1,0,1,1,0,0,1,0,1,0,1,0,1,0,1,0,0,1,0,0,1,0,0,1,1,0,1,0,0,1,0,0,1,1,0,0,1,0,0,1,0,0,0,0,0,1,1,0,0
1,0,0,0,1,0,0,1,1,0,1,0,0,0,1,1,1,1,0,0,1,1,1,1,0,0,0,1,1,1,1,1,0,1,1,0,1,1,0,1,0,0,0,1,0,0,1,1,0,1,1,0,1,0,0,0,1,1,1,0,0,0,1,0,1,0,0,0,1,0,0,1,0,1,0
1,0,1,0,0,1,0,1,0,1,1,0,0,0,1,1,1,0,0,0,1,1,0,1,1,1,1,1,0,0,0,0,0,1,0,1,0,1,0,1,0,0,1,1,1,0,1,0,0,1,1,1,1,1,0,1,0,1,1,1,0,1,1,1,0,0,1,1,1,1,1,0,1,1,0
1,0,0,1,1,0,0,1,0,0,0,1,0,0,1,1,0,0,0,0,1,1,0,0,0,0,1,0,1,1,1,0,0,0,0,0,0,0,1,0,1,1,0,1,0,1,0,0,1,1,1,1,1,0,1,0,0,1,1,1,0,0,1,0,0,0,1,1,1,1,0,1,0,1,1
1,1,0,1,1,0,0,0,0,0,0,1,0,0,0,0,1,0,1,0,1,1,0,1,0,1,1,0,0,1,1,0,0,0,0,1,1,0,0,1,1,1,1,0,1,0,0,0,1,1,1,1,1,0,1,1,0,0,0,1,0,0,0,0,1,0,1,1,0,1,1,1,1,1,1
1,1,1,1,0,1,0,1,0,1,0,0,0,0,1,1,0,0,1,0,0,1,0,1,0,1,1,1,0,1,0,1,0,0,0,0,1,0,0,0,1,0,1,1,1,0,1,0,0,1,1,1,1,0,0,1,0,0,0,0,0,1,0,0,1,0,0,1,0,1,1,0,1,1,1
0,0,1,1,0,1,1,1,0,1,1,0,1,0,0,1,1,0,1,0,0,1,1,1,0,1,1,0,1,1,1,0,1,0,0,0,1,0,0,0,1,1,1,1,1,0,0,0,1,0,1,0,1,0,1,1,1,1,0,1,0,0,0,0,1,0,1,0,0,0,1,0,0,1,0
1,0,0,1,0,1,0,0,1,0,0,0,0,0,0,1,1,1,0,0,1,1,0,0,1,0,1,1,1,0,0,1,1,0,0,0,0,1,0,1,1,0,0,1,0,1,0,0,0,1,1,0,1,1,0,1,0,0,1,0,0,0,1,1,1,1,1,1,1,1,0,0,1,1,0
0,1,1,1,1,0,0,1,1,0,0,1,0,1,0,0,1,0,0,0,0,1,0,1,0,0,1,0,0,1,0,0,1,0,1,1,1,0,1,0,1,1,0,1,1,0,1,0,1,1,0,1,1,0,0,1,0,0,0,1,0,1,1,1,1,0,0,0,1,1,0,1,0,0,1
0,0,0,0,1,1,0,1,1,1,0,1,0,1,1,0,1,1,0,1,1,1,0,1,0,0,1,1,1,1,1,0,0,0,1,0,0,0,1,0,1,0,0,1,0,1,1,0,0,0,0,0,1,0,0,1,0,1,1,1,0,1,1,1,1,0,0,1,1,1,0,0,1,1,0
1,0,0,1,1,0,1,1,1,0,1,0,0,0,0,1,1,1,1,0,0,1,1,1,1,1,1,1,0,0,1,1,1,1,1,1,1,1,0,1,0,1,0,1,1,0,1,0,1,1,1,0,1,1,0,0,0,0,0,0,0,1,1,1,1,1,1,1,0,1,0,0,0,1,1
1,0,0,1,0,1,0,1,1,0,1,0,0,0,0,1,1,0,1,0,1,0,0,1,0,1,0,1,0,1,0,1,1,0,1,0,0,1,0,0,1,0,1,1,0,1,0,1,1,1,1,1,1,0,1,0,1,1,0,0,0,1,1,0,1,0,1,0,0,1,0,1,0,1,1
0,0,1,1,1,1,0,1,0,1,0,0,0,0,1,1,1,1,1,0,0,0,0,1,0,1,0,0,0,1,1,1,0,0,1,0,0,0,1,1,1,1,1,1,1,0,0,0,0,0,1,1,1,0,1,0,0,0,0,1,0,1,1,0,0,1,0,0,0,0,1,1,1,1,0
1,0,1,1,1,1,1,1,0,1,0,0,0,0,0,1,1,0,0,1,0,1,1,1,1,0,0,0,1,1,0,1,1,1,0,1,1,1,0,0,1,1,0,1,0,1,1,0,1,0,1,0,1,1,0,1,1,1,0,0,0,0,0,0,1,0,1,1,1,1,0,0,0,1,0
1,0,0,0,1,0,1,1,1,0,1,1,0,1,0,1,1,0,1,0,1,1,1,1,0,1,0,0,1,0,1,1,1,0,1,0,1,1,1,0,1,1,0,1,1,0,0,0,1,1,1,0,1,1,0,0,0,1,0,0,1,1,0,0,0,1,0,1,0,1,0,1,0,1,0
1,0,0,0,1,1,0,1,0,0,0,1,1,0,1,0,0,0,0,0,0,1,0,0,1,0,1,0,0,0,1,0,0,1,1,0,0,1,1,0,1,1,1,1,0,1,1,1,0,1,1,1,1,1,1,1,0,0,1,1,0,0,1,1,0,0,1,1,1,1,1,1,1,0,1
0,0,0,0,1,1,1,1,0,1,0,1,1,0,0,0,1,1,1,0,1,1,1,1,0,0,0,0,0,1,1,0,1,1,0,0,0,0,1,0,1,1,0,1,0,1,0,1,1,0,1,0,1,0,1,1,1,1,1,0,1,1,1,1,1,0,0,0,0,1,1,1,0,1,0
1,0,0,0,1,1,1,0,0,0,1,1,0,0,0,1,0,1,1,0,0,1,0,1,1,1,1,1,0,0,1,1,0,1,0,1,1,0,0,1,1,1,0,1,0,1,1,0,0,1,1,1,1,1,0,1,0,1,1,0,0,0,0,0,1,1,1,0,1,1,1,0,0,1,0
1,0,1,1,1,0,0,1,1,0,0,1,1,1,0,0,1,1,1,0,1,1,0,1,1,0,1,1,0,0,1,1,1,0,1,1,0,1,1,0,1,1,0,1,0,0,0,0,0,0,1,1,1,0,0,1,0,1,1,1,1,0,1,0,0,1,0,1,1,1,0,0,1,1,1
1,0,0,1,0,0,0,1,0,1,0,1,0,0,0,0,1,1,0,0,0,1,0,0,0,0,1,0,0,1,0,1,1,0,1,1,1,0,0,1,0,0,0,1,0,1,1,0,1,1,1,0,1,0,1,1,0,0,0,1,1,1,1,0,0,0,0,1,0,0,0,0,1,1,0
1,0,0,1,0,0,0,1,0,0,0,1,0,0,1,1,1,0,1,1,0,1,0,0,1,0,0,0,0,0,1,1,0,0,1,0,1,1,0,0,0,0,1,1,0,1,0,0,0,1,1,1,1,1,0,1,0,1,1,1,1,0,0,0,0,0,0,0,0,1,1,1,1,0,1
0,0,1,1,1,0,0,1,1,0,0,1,0,0,1,1,0,1,0,1,1,1,0,0,1,0,1,1,1,0,0,0,0,0,0,1,1,1,0,1,1,1,0,1,1,0,0,1,0,0,1,1,1,0,1,0,1,0,0,0,1,0,0,0,1,1,1,1,1,0,0,1,1,1,0
1,0,0,0,1,0,0,1,1,1,0,1,0,0,0,1,1,1,0,1,0,1,0,0,1,1,1,0,1,0,1,0,1,0,0,0,1,0,1,0,1,1,0,1,0,1,1,0,0,1,1,0,1,0,0,0,0,1,1,0,1,1,1,0,1,0,0,1,1,1,0,0,0,1,0
0,0,1,1,1,0,0,1,0,0,1,1,0,0,0,0,0,1,0,0,1,1,0,1,1,0,0,1,1,1,1,1,0,0,1,1,1,0,0,0,1,1,0,1,1,0,1,0,0,0,1,1,1,1,1,1,0,1,0,0,1,0,1,0,1,0,1,0,1,1,0,1,0,1,0
1,0,1,0,1,0,0,1,0,1,0,1,0,0,0,0,1,0,1,0,1,1,0,1,0,1,1,0,1,1,1,0,1,0,1,0,1,0,1,0,1,1,1,1,0,0,1,1,0,1,1,1,1,0,1,0,0,1,1,1,1,1,1,0,0,0,1,1,1,1,1,0,0,1,0
1,0,1,0,1,1,0,1,0,1,1,1,1,0,0,1,0,0,1,0,1,1,0,1,1,1,1,1,0,0,0,1,0,0,1,1,1,1,1,0,1,1,0,1,1,0,1,0,1,0,1,1,0,1,1,0,1,0,1,1,1,1,1,0,0,0,1,1,0,1,1,0,1,1,0
1,0,0,1,1,0,0,1,1,0,0,0,1,0,0,0,1,1,0,1,1,1,1,1,0,0,0,1,1,1,0,0,1,0,0,0,0,1,1,0,1,0,0,1,0,1,1,1,0,1,1,0,1,1,0,0,0,1,1,1,0,1,1,0,1,0,0,0,1,1,0,0,0,1,0
1,1,1,1,0,0,0,1,0,0,1,1,0,0,0,0,1,0,0,0,0,1,1,1,0,0,0,0,1,0,0,1,1,1,0,0,1,1,0,0,1,1,1,1,1,1,0,1,1,1,1,0,1,1,0,1,0,1,1,1,1,1,1,0,1,0,1,0,1,1,1,1,0,1,1
1,0,0,0,0,0,0,1,1,1,0,1,0,0,1,1,1,0,0,0,1,1,0,1,0,1,0,0,0,1,0,1,0,0,0,0,0,1,0,0,1,1,0,0,0,1,1,0,0,1,0,1,1,1,0,1,0,0,1,0,0,1,1,0,1,0,1,1,0,1,0,0,1,1,0
1,0,0,1,1,0,1,1,0,1,1,1,1,0,1,0,0,1,1,0,0,1,1,1,0,1,1,1,0,0,1,0,0,0,1,1,0,0,0,1,1,1,0,1,0,1,0,1,1,1,1,1,1,0,1,1,0,1,0,0,0,0,1,0,0,0,1,0,0,1,0,0,0,1,1
1,1,1,1,0,0,0,1,0,1,1,1,1,0,1,0,1,1,0,1,1,1,0,1,1,0,1,0,1,0,0,1,0,0,1,0,0,1,1,0,1,0,0,1,1,0,1,0,1,0,1,1,1,1,0,1,0,0,1,1,1,0,1,0,1,0,0,0,1,1,0,0,0,1,0
0,1,0,1,1,1,1,1,1,0,1,1,0,0,0,1,1,1,0,0,0,1,0,1,0,1,1,0,1,0,0,0,1,1,0,0,0,0,1,0,1,0,0,1,1,0,0,1,0,1,1,1,1,0,0,0,0,0,0,0,1,0,0,0,0,0,1,1,1,0,0,0,0,1,0
1,0,1,0,1,0,1,1,1,1,1,1,1,0,1,0,1,1,1,0,0,1,1,1,0,0,0,0,1,1,0,1,0,1,0,1,1,0,1,0,1,0,1,1,1,1,0,0,0,0,1,0,1,0,1,0,0,1,1,1,0,1,1,0,1,0,1,1,0,1,1,1,0,0,0
1,1,0,1,0,0,0,1,0,1,1,1,0,0,0,0,0,1,1,0,1,1,0,1,1,0,1,1,1,0,1,1,1,0,1,0,0,1,1,0,0,1,1,1,0,0,1,1,1,1,1,1,1,1,0,1,1,0,0,1,1,0,0,0,1,0,0,0,1,0,1,0,0,1,0
1,0,0,1,0,0,0,1,0,1,0,0,1,0,0,0,1,1,1,0,1,1,0,1,1,0,0,0,1,0,0,1,0,0,1,1,0,1,0,1,1,1,1,1,0,1,0,1,0,1,1,1,1,1,0,1,1,1,0,0,0,0,1,0,0,0,1,0,0,1,1,0,0,1,0
1,1,1,0,1,1,0,0,0,1,0,1,0,0,0,1,1,1,1,0,0,1,0,1,1,0,0,1,1,1,0,1,1,0,1,0,0,0,0,1,1,0,1,1,1,0,0,1,0,1,1,1,1,0,1,1,1,1,1,0,0,0,1,0,1,1,0,1,1,1,0,1,0,1,0
1,1,1,1,1,1,0,1,0,1,0,1,0,0,0,0,1,1,1,0,1,1,0,1,1,0,1,1,0,1,1,0,1,0,1,1,1,1,1,0,1,1,1,1,0,1,1,1,0,1,1,1,1,1,0,1,1,0,0,0,0,1,1,1,1,0,1,1,1,1,1,0,0,1,1
0,0,0,0,0,0,1,1,1,1,0,0,1,0,0,0,1,0,1,0,1,0,1,1,0,0,0,0,0,0,0,0,1,0,0,0,1,1,1,0,1,1,1,1,1,0,0,1,0,0,1,0,1,1,0,1,0,0,1,0,0,1,1,0,1,0,0,0,1,1,0,1,0,1,0
1,1,0,1,1,1,0,1,1,1,0,1,0,0,1,1,1,0,0,0,1,1,0,1,1,1,0,1,0,0,0,1,0,1,1,1,1,0,0,1,1,0,0,1,1,1,0,1,0,1,1,1,1,0,1,0,1,1,0,1,0,1,1,1,0,0,0,1,1,1,1,0,1,1,0
1,1,0,1,1,0,0,0,1,0,0,1,1,0,0,0,1,0,0,0,0,1,0,1,0,1,1,0,1,1,0,1,1,0,1,1,0,1,0,1,1,1,0,1,1,0,0,0,0,0,1,1,1,0,0,1,1,1,0,1,1,1,1,0,0,1,0,1,1,1,0,1,1,1,0
0,0,1,0,1,0,1,1,0,1,0,1,0,1,1,1,1,0,0,1,0,1,1,1,0,0,0,1,1,0,1,0,0,0,1,0,1,1,1,0,0,0,0,1,1,0,1,0,0,1,1,0,1,1,0,1,0,0,1,0,0,0,1,0,1,0,0,1,1,0,0,0,1,1,0
1,0,1,1,1,0,0,1,1,1,0,1,0,0,0,0,0,1,0,1,0,1,0,0,1,0,1,1,1,0,0,0,1,0,0,1,0,1,0,0,0,1,0,1,1,1,1,0,0,0,1,1,1,1,1,1,1,1,0,0,0,1,0,0,1,0,1,0,0,1,0,0,1,1,1
1,0,1,0,0,0,0,1,1,0,1,1,0,0,0,0,1,0,0,0,0,1,0,1,1,0,0,0,0,1,1,0,1,0,1,0,1,0,1,0,1,1,1,1,0,1,0,1,0,1,1,1,0,1,0,1,1,1,1,0,0,0,1,0,0,0,1,1,0,1,1,1,0,1,0
1,0,0,1,0,0,0,0,0,1,0,1,1,0,0,1,1,1,0,0,0,1,0,1,1,1,1,1,1,0,1,0,1,0,1,0,0,1,0,1,0,0,1,1,0,0,1,0,0,0,1,1,1,0,1,1,0,1,0,0,1,1,1,1,0,1,0,0,0,1,1,0,1,1,1
0,0,0,0,1,1,0,1,0,0,0,1,0,0,0,0,1,0,0,0,1,1,0,0,0,0,0,0,1,0,1,1,1,0,0,0,0,1,0,0,1,1,1,1,0,1,0,0,0,1,1,0,1,0,1,1,0,0,1,1,1,0,1,1,0,0,1,0,0,1,1,0,1,1,0
1,0,0,1,1,0,0,1,0,1,1,1,0,0,0,1,0,0,0,1,0,1,1,1,0,0,1,0,1,1,1,1,1,0,1,1,1,1,0,1,1,1,0,1,0,1,1,1,0,1,1,0,1,1,0,0,1,0,1,0,0,0,0,1,1,0,0,0,0,1,0,0,1,0,0
1,1,0,1,0,0,0,1,0,0,1,1,0,0,1,1,1,1,1,1,1,1,1,1,1,1,1,0,0,1,0,0,0,1,0,1,1,1,1,1,1,0,0,1,1,0,0,0,0,1,0,0,1,0,0,1,0,1,1,1,1,1,1,0,1,1,1,0,1,1,0,1,1,0,1
1,0,1,1,0,0,0,1,0,1,1,0,1,0,1,1,1,1,1,1,1,0,0,0,0,0,1,1,1,0,1,1,0,1,1,0,0,0,1,0,1,0,0,1,1,0,0,1,0,0,1,0,1,0,1,1,1,0,1,0,1,0,1,0,1,0,0,0,1,1,0,1,1,0,0
0,0,1,1,1,1,0,0,0,0,0,0,1,0,1,0,0,1,0,0,0,0,1,1,0,1,0,0,0,1,1,1,0,0,1,1,0,1,0,1,0,0,0,1,1,0,1,0,0,0,1,0,1,1,1,1,1,1,0,1,0,1,1,0,0,1,1,1,0,1,1,1,1,1,0
1,1,1,1,0,0,0,0,0,1,0,1,1,0,1,0,0,0,0,0,0,1,0,1,0,0,0,1,1,0,0,1,0,0,1,0,1,0,0,0,1,1,0,1,1,0,0,0,0,0,1,1,1,0,0,1,0,1,1,1,1,1,0,1,1,1,0,1,1,0,0,0,1,1,0
0,0,1,1,0,0,1,1,0,1,0,1,0,0,1,1,0,0,0,0,0,0,1,1,0,1,1,1,0,0,1,1,0,1,0,0,0,0,1,0,0,0,1,1,0,1,0,0,0,1,1,1,1,0,1,1,0,0,0,0,0,0,0,0,0,0,0,1,0,1,1,0,1,1,0
1,1,1,0,1,0,0,1,1,0,1,0,0,1,0,1,1,1,1,0,0,1,1,1,0,0,1,0,0,0,0,0,1,0,1,0,0,1,0,0,1,1,0,1,0,0,1,0,0,1,0,0,1,0,0,0,0,1,1,1,0,0,1,1,1,0,1,1,0,1,0,0,1,0,0
1,0,0,1,0,0,0,1,1,0,0,1,1,0,0,1,1,1,0,1,0,1,0,0,0,1,1,1,0,1,1,1,0,1,1,0,0,1,1,0,1,0,1,1,0,0,0,0,1,0,0,1,1,0,1,0,1,1,1,0,1,0,1,0,1,0,0,0,1,1,1,0,0,0,0
1,0,0,0,1,0,0,1,1,0,0,0,0,1,0,0,1,0,0,0,1,1,0,0,0,0,1,1,1,1,1,1,1,0,0,1,0,0,1,0,1,1,0,1,0,1,0,1,0,1,1,1,1,1,0,1,0,0,0,0,0,0,0,1,1,0,0,0,1,1,0,0,0,1,0
1,0,1,0,1,0,0,1,0,1,0,1,0,1,1,1,0,0,1,1,0,1,0,0,1,0,1,0,1,0,0,0,1,0,0,1,0,1,0,1,0,0,0,1,1,1,0,0,1,1,1,1,1,0,1,1,0,1,0,1,0,0,0,0,1,0,1,1,0,1,0,0,0,1,0
1,0,0,1,1,1,0,1,1,0,1,1,0,0,1,0,0,0,0,0,0,0,0,1,1,0,0,0,1,0,1,0,0,0,0,0,1,1,0,0,1,1,0,1,0,0,0,0,1,1,1,0,1,1,1,1,1,1,1,0,0,1,0,0,0,0,1,0,1,1,0,0,0,0,0
1,1,1,0,1,0,0,1,0,0,0,1,0,0,1,1,1,0,0,0,0,1,0,1,0,0,1,1,1,0,1,0,0,1,0,1,0,0,0,1,1,1,1,1,0,1,0,1,0,0,1,1,1,0,0,1,1,0,1,0,1,0,1,1,0,0,1,1,0,1,1,0,1,1,1
1,0,0,1,0,0,0,0,1,1,0,0,0,0,1,1,1,0,1,0,0,1,1,1,0,1,1,0,0,0,0,0,1,1,1,0,0,1,1,0,1,0,0,1,1,0,1,0,0,1,1,1,1,1,0,0,0,0,0,1,0,1,1,1,1,1,0,0,0,1,0,0,1,1,0
1,1,1,1,1,0,1,0,1,0,0,1,1,0,0,0,1,1,1,0,0,1,1,1,1,1,1,1,1,0,0,0,1,1,0,0,1,0,0,0,0,0,0,1,0,1,0,1,0,1,1,1,1,0,0,1,0,0,1,0,1,0,1,1,1,1,0,1,1,1,0,1,1,1,1
0,0,0,1,1,1,0,1,1,0,1,1,0,0,0,0,0,1,0,0,0,1,0,1,0,0,1,0,1,0,1,0,1,0,0,1,1,0,1,1,1,1,0,0,0,0,1,0,0,1,1,1,1,1,1,1,0,0,0,0,0,1,0,1,0,0,0,0,1,1,0,0,1,1,0
0,1,0,0,1,0,0,1,0,0,0,0,0,0,1,1,1,0,1,0,1,1,0,1,0,0,1,0,1,0,0,1,1,0,0,1,1,0,1,0,1,1,0,1,1,1,1,1,0,1,1,1,1,1,0,0,1,0,1,0,0,0,1,0,1,1,0,0,0,1,0,1,1,1,1
1,1,1,1,0,1,1,1,0,1,1,0,1,0,0,1,0,1,0,1,0,1,1,1,1,1,1,1,1,0,0,0,1,0,1,1,0,1,1,0,1,1,1,1,1,1,1,1,1,0,0,1,1,1,1,1,1,1,0,1,0,0,1,0,1,0,0,0,1,1,1,1,0,1,1
1,0,0,1,1,1,0,1,0,1,1,1,0,0,0,0,1,1,0,0,1,0,1,1,0,0,0,1,0,1,1,1,1,0,1,1,0,1,0,1,1,1,0,1,0,0,0,1,1,1,1,0,1,0,1,0,1,1,0,0,0,0,1,0,0,0,1,1,0,1,0,1,1,0,1
0,0,0,0,1,0,0,0,1,0,0,0,0,1,1,1,0,1,0,0,1,0,0,1,0,0,1,1,1,1,1,0,0,0,1,1,1,0,0,1,1,0,0,1,0,1,1,1,0,1,1,1,1,0,1,1,1,1,0,0,0,1,1,0,0,1,0,1,1,1,0,1,0,0,1
1,1,1,0,1,0,0,1,0,1,0,1,0,1,0,0,1,0,1,0,0,1,0,0,0,1,1,1,0,1,0,1,0,1,0,0,0,1,0,0,1,1,1,1,1,0,0,0,1,0,1,0,1,1,0,1,0,0,1,1,1,1,1,1,1,0,0,1,1,1,1,1,0,1,1
1,1,0,1,0,0,0,1,0,0,0,0,1,0,1,0,0,1,0,0,0,1,0,0,1,1,0,1,0,1,0,1,0,0,0,1,0,1,1,0,1,1,1,1,1,0,0,0,0,1,1,1,1,0,0,1,1,0,1,1,0,0,1,1,0,0,1,1,0,1,0,1,0,1,0
1,0,0,0,0,0,0,1,0,1,0,1,0,0,1,0,1,0,0,1,1,1,0,1,0,0,1,0,1,0,1,1,0,0,1,0,1,0,1,0,1,1,1,1,0,0,0,1,0,1,1,1,1,1,0,1,1,1,0,1,1,0,0,0,1,0,0,0,0,1,1,1,0,1,0
1,0,0,0,0,1,1,1,1,0,1,1,0,0,0,0,1,0,1,1,0,1,1,1,1,1,1,0,1,1,1,0,1,0,1,0,1,0,1,0,0,1,0,1,0,0,0,1,1,0,1,0,0,1,0,1,1,0,1,0,1,1,1,0,0,0,0,1,0,1,0,1,1,0,0
1,0,0,1,1,0,0,1,1,1,0,1,0,0,1,1,1,1,0,0,0,1,0,1,0,0,0,1,0,0,1,1,0,0,1,1,0,0,1,1,0,0,0,1,0,1,1,0,0,1,1,1,1,1,0,0,0,0,0,0,1,0,0,0,1,1,1,0,1,1,0,1,0,1,0
1,0,0,0,1,0,0,1,0,1,0,0,1,0,1,0,0,1,1,0,0,1,0,1,0,0,1,0,1,0,0,1,0,0,1,0,0,1,1,0,1,1,0,1,1,0,1,0,0,1,1,1,1,1,1,1,1,1,0,1,0,0,0,0,0,0,0,0,0,1,1,0,1,0,1
1,0,1,0,1,1,1,0,1,0,0,1,0,0,0,0,1,1,1,0,1,1,1,1,1,0,0,1,1,0,0,0,1,0,1,1,1,0,0,1,0,1,0,1,1,0,0,1,1,1,1,0,1,0,1,1,0,0,1,0,1,0,1,0,1,1,1,1,1,1,0,0,0,1,1
1,0,0,1,0,1,1,1,1,0,1,1,1,0,0,0,0,1,0,0,1,1,0,1,0,0,1,0,1,0,0,1,0,0,0,1,1,0,0,0,1,1,1,1,1,0,0,1,1,0,1,1,1,0,0,1,1,1,0,0,1,1,1,0,1,0,0,1,0,1,1,0,0,1,1
1,0,0,1,0,1,0,0,0,1,0,1,0,1,0,0,0,0,0,0,1,0,0,0,0,1,1,1,1,0,1,1,1,0,0,1,0,0,1,0,1,1,0,1,1,1,1,1,0,0,1,1,0,1,0,1,1,0,1,0,1,0,1,0,1,0,1,0,1,1,0,0,0,1,0
0,0,0,1,1,1,0,1,1,1,0,0,1,0,0,0,1,1,0,1,0,1,0,1,1,0,1,1,0,0,1,1,1,0,1,0,0,0,1,0,1,0,1,1,0,1,1,0,0,0,0,0,1,0,0,1,1,0,1,0,0,1,1,0,1,0,0,0,1,1,0,0,1,0,0
1,1,1,0,1,1,0,1,0,1,1,1,0,0,0,0,0,1,0,1,0,1,1,1,1,0,1,0,1,0,0,0,0,1,1,0,0,0,1,0,1,1,0,1,1,0,1,1,0,0,1,0,1,1,0,1,1,0,0,0,1,1,0,0,0,0,0,0,0,1,0,0,1,0,0
1,0,0,0,1,0,0,0,0,1,1,0,0,0,1,1,1,1,0,1,0,1,0,0,1,1,1,0,1,0,1,1,1,0,0,1,0,1,0,1,0,0,0,1,0,1,1,1,0,0,1,1,1,1,0,1,0,0,1,0,0,0,1,1,1,1,1,1,1,1,0,0,1,1,0
1,0,0,1,0,1,0,1,0,1,1,0,0,0,0,1,0,1,1,0,0,0,1,1,1,1,1,0,1,0,0,1,1,0,1,1,0,1,0,1,0,0,0,1,1,0,1,0,1,1,1,1,1,1,0,1,1,1,0,1,1,1,1,0,1,0,1,1,0,1,0,1,0,1,0
1,0,1,0,1,0,0,1,1,1,0,1,1,0,1,1,0,1,0,1,1,1,0,1,1,1,1,0,0,1,1,1,0,0,0,0,0,1,1,0,1,0,0,0,0,1,1,0,1,0,0,0,1,1,1,1,1,1,0,0,1,0,1,1,1,0,0,0,1,1,0,1,0,1,1
1,1,0,1,1,1,0,1,0,0,1,1,0,0,0,1,1,1,0,0,0,1,1,1,0,1,1,0,0,1,0,0,1,0,1,0,0,0,1,0,1,0,0,1,0,1,1,0,1,1,1,0,1,1,0,0,0,0,0,1,1,0,1,0,0,1,1,1,0,1,0,0,0,0,0
1,0,1,0,0,0,0,1,1,0,0,1,0,0,1,0,1,1,0,0,0,1,1,1,0,0,1,0,0,0,0,0,0,0,0,1,0,0,0,1,0,1,0,1,1,0,1,0,0,1,1,0,1,1,0,0,0,1,1,0,1,1,1,0,1,0,0,0,0,1,0,0,0,1,0
1,0,0,1,1,0,0,1,0,1,0,1,1,0,1,0,0,0,0,1,0,1,1,1,0,1,1,1,0,0,1,0,0,1,1,1,0,1,1,0,1,1,1,1,1,1,0,1,0,0,1,1,0,1,1,1,1,0,1,1,1,0,1,0,0,0,0,1,1,1,1,0,0,1,0
1,0,1,1,0,1,0,1,1,1,0,0,0,0,1,1,1,0,0,0,1,1,0,1,0,1,1,0,0,0,1,1,0,1,1,1,0,0,0,1,0,0,0,1,0,1,0,0,0,1,0,1,1,1,0,1,0,1,0,1,1,0,0,0,1,0,1,1,0,1,0,0,0,1,0
1,0,0,1,1,0,0,1,0,1,1,1,1,0,1,1,0,1,0,1,0,1,0,0,1,1,1,1,1,0,1,0,1,0,0,1,0,0,1,0,1,0,0,1,0,1,1,0,0,1,1,1,1,0,1,1,0,1,0,0,0,0,0,1,0,0,0,0,1,1,1,0,0,1,0
1,0,1,1,0,1,0,1,0,1,1,1,1,0,0,0,0,0,0,1,0,1,0,1,1,1,1,1,1,1,1,1,1,0,1,0,0,1,0,1,0,1,1,1,0,0,0,1,0,0,1,1,1,0,1,1,1,0,1,1,0,1,1,0,1,0,0,0,0,1,1,1,1,0,0
1,1,0,0,0,0,0,1,0,1,0,1,0,0,0,1,0,0,0,1,0,0,0,1,0,0,1,0,0,0,0,1,1,1,0,1,0,0,0,1,1,0,1,1,1,1,1,1,1,1,1,1,1,1,1,1,1,1,1,1,0,0,1,0,0,1,0,1,1,1,1,1,0,1,0
0,1,0,0,0,0,0,1,0,0,0,1,0,1,1,1,1,1,1,0,0,1,0,0,0,1,1,1,1,0,1,1,0,1,0,0,0,0,0,1,1,0,0,1,0,1,0,0,1,1,1,1,1,0,1,0,1,1,0,1,1,0,0,0,1,0,0,0,1,0,1,1,0,1,0
1,0,1,1,1,1,1,1,1,0,1,0,0,0,1,0,1,1,1,0,1,1,0,0,0,1,0,1,0,1,0,0,1,0,1,1,0,0,1,0,1,0,1,1,1,1,0,0,0,1,1,1,0,1,0,0,0,1,0,1,0,0,1,0,0,0,0,0,1,0,0,1,0,1,1
1,0,0,0,1,0,0,0,0,1,0,1,0,0,1,0,1,0,1,0,1,0,1,1,0,1,1,0,1,0,1,0,1,0,1,1,1,1,0,1,0,0,1,1,0,1,0,0,0,0,1,0,1,1,0,1,0,1,1,1,0,1,1,0,1,1,0,0,0,1,1,1,1,1,1
0,0,1,1,1,0,0,1,0,1,1,0,0,1,0,1,0,0,1,0,1,1,1,1,1,1,1,1,1,0,0,1,1,0,1,1,0,0,1,0,1,1,0,1,1,1,0,0,0,1,0,0,1,0,1,0,0,1,0,0,1,0,0,1,0,0,1,1,0,1,0,1,0,1,1
1,1,1,1,0,1,0,0,1,0,0,1,0,0,1,1,1,0,1,0,1,1,0,0,1,0,0,0,0,0,0,1,0,1,1,0,0,1,1,0,1,1,0,1,1,1,0,0,0,1,1,1,1,1,1,1,0,1,0,0,1,0,1,0,1,1,1,1,0,1,0,0,1,1,0
0,0,0,1,0,0,0,1,1,1,1,1,1,0,1,0,0,0,1,0,1,1,1,1,0,0,0,0,1,1,1,0,0,0,0,1,0,1,0,1,1,1,0,1,0,1,0,1,0,1,1,0,1,1,0,0,0,1,1,0,1,1,1,0,1,1,0,1,1,0,0,1,1,0,0
1,0,1,1,1,0,0,1,1,1,1,1,0,0,0,1,1,1,0,0,1,1,1,1,1,1,1,0,1,1,1,1,1,0,1,0,0,0,1,0,1,0,0,1,0,1,0,0,1,1,1,0,1,1,0,1,0,1,0,1,1,1,0,0,0,0,0,0,0,0,0,0,1,1,0
1,0,0,1,1,1,0,0,0,1,0,1,0,0,1,1,1,1,1,0,0,1,0,1,1,1,0,1,0,1,1,1,0,0,0,1,0,0,0,1,0,0,1,1,0,1,1,0,1,0,1,1,1,0,1,0,1,0,0,1,1,1,1,1,0,1,1,1,1,1,1,1,0,1,1
1,0,0,1,0,0,0,1,1,0,0,1,1,0,0,0,0,1,1,1,1,1,0,0,1,1,1,1,1,0,1,1,1,0,1,0,0,0,1,0,1,1,1,1,0,0,1,0,0,1,1,1,1,0,1,1,0,1,0,1,0,1,0,0,1,0,0,0,0,1,1,0,0,1,0
1,1,0,1,0,0,0,1,0,1,0,1,0,0,0,1,0,1,0,1,0,0,0,0,0,0,1,0,1,1,0,1,0,0,1,0,0,0,1,0,1,1,0,1,1,0,1,0,0,1,1,1,0,0,0,0,1,0,0,1,0,0,0,0,1,0,1,1,1,1,0,0,0,0,1
0,0,0,1,0,0,0,1,0,1,0,1,1,0,0,1,0,1,0,0,0,1,0,1,1,1,0,1,1,1,1,0,1,1,1,0,0,0,1,0,1,0,1,1,0,0,0,0,1,0,0,1,1,0,1,0,0,0,0,1,1,1,0,1,1,1,0,0,0,0,1,0,0,1,0
1,0,0,1,0,0,0,1,0,0,1,1,1,0,0,1,0,0,0,0,0,1,1,1,1,0,1,0,1,1,1,0,1,0,0,0,1,0,0,0,1,0,1,1,0,1,0,0,0,0,1,1,1,0,1,1,0,0,1,1,1,1,1,1,0,0,1,1,1,1,1,1,1,1,0
0,0,1,0,0,0,0,1,1,1,0,0,1,1,1,1,0,1,0,1,0,1,0,0,0,1,1,1,0,1,1,0,0,0,1,1,0,1,0,0,0,1,0,1,0,0,1,1,1,0,1,1,1,0,1,0,1,1,0,1,0,0,0,0,1,0,1,0,0,1,1,0,0,1,1
1,0,0,1,0,0,0,1,0,0,1,1,0,0,0,0,1,1,0,1,1,0,0,0,0,1,1,1,0,1,1,1,1,0,0,0,1,0,1,0,1,1,1,1,0,1,1,0,0,1,1,0,1,0,0,0,0,0,0,0,1,0,0,0,0,0,0,1,0,0,1,0,1,1,0
0,0,1,1,1,0,0,1,0,1,0,1,0,0,0,1,1,1,1,0,1,1,0,1,1,0,1,1,0,0,1,1,1,1,1,0,1,0,0,1,1,0,1,1,1,0,1,0,1,1,1,0,1,0,1,1,0,1,0,0,1,0,1,1,1,0,0,0,0,1,1,0,0,1,0
1,0,0,1,1,1,1,1,0,0,0,0,0,1,1,0,0,1,0,0,0,1,1,1,0,0,1,1,0,1,1,1,0,0,1,1,1,0,0,1,1,0,0,1,0,1,0,1,1,1,1,1,1,0,0,1,1,1,0,0,0,1,1,1,1,0,0,0,1,1,0,1,0,1,0
1,1,0,1,1,1,1,1,0,0,0,0,1,0,0,1,1,0,0,0,1,1,1,1,0,0,1,1,0,0,0,1,1,0,0,0,1,1,1,0,1,0,0,1,1,1,1,0,0,0,1,1,1,1,1,1,0,0,0,0,0,0,0,0,1,0,1,0,1,1,0,1,0,1,1
1,0,0,1,1,0,1,1,0,1,0,1,0,1,1,0,1,0,0,0,1,1,1,1,0,0,1,0,1,1,1,1,0,1,1,1,1,1,0,0,1,1,0,1,1,1,0,0,1,1,1,0,1,1,0,0,0,0,0,1,0,0,1,0,1,0,1,0,1,1,1,1,0,1,0
1,1,0,1,1,0,0,1,1,1,1,1,0,1,1,1,1,0,0,1,0,1,0,1,1,1,1,0,0,1,0,0,0,0,1,0,0,0,0,1,1,0,0,1,1,0,0,1,0,1,1,1,1,1,1,0,1,0,1,0,0,0,1,1,0,0,1,1,1,1,0,1,1,0,1
1,0,1,1,1,1,0,1,0,1,1,0,1,0,0,1,1,1,1,0,0,1,1,1,0,0,1,0,1,1,0,1,1,0,1,1,0,1,0,0,0,1,0,1,0,0,0,0,1,0,1,0,1,0,1,0,0,1,0,0,0,1,1,0,1,0,1,0,0,1,0,1,0,1,0
0,0,0,1,0,0,0,1,0,1,0,1,1,0,0,1,1,0,1,0,1,0,1,1,0,0,1,0,1,0,1,0,1,1,1,0,0,0,1,0,1,0,1,1,0,0,0,0,0,1,1,0,1,0,0,1,0,0,1,1,1,1,1,0,1,0,0,1,1,1,1,1,1,0,0
1,0,1,1,1,0,0,1,0,0,0,0,0,0,0,0,1,1,0,0,0,0,1,1,1,1,0,1,1,1,1,0,1,0,1,0,0,1,1,0,1,1,0,1,0,1,1,1,0,1,1,0,1,0,0,1,0,0,0,0,0,0,1,0,1,1,0,0,0,1,1,0,1,1,0
1,0,0,0,0,1,0,1,0,0,0,0,1,0,0,0,1,0,1,0,1,0,0,1,0,1,1,1,0,0,1,0,0,0,0,0,0,1,1,0,1,1,0,1,0,1,0,1,1,1,1,1,1,1,0,1,1,1,1,1,0,1,1,0,0,0,0,0,0,1,0,0,1,1,0
0,1,1,0,0,1,0,1,0,0,0,0,1,0,0,1,1,1,1,0,1,1,1,1,0,0,1,0,1,0,1,1,1,0,0,0,0,1,0,1,1,0,0,1,1,0,1,0,0,0,1,0,1,1,0,0,0,1,1,1,0,0,1,1,0,0,0,0,1,0,0,0,1,0,0
0,0,0,0,0,1,0,1,0,1,1,1,1,0,0,0,1,1,0,0,0,1,1,1,0,0,1,0,0,0,1,0,0,0,1,1,0,1,0,1,1,1,0,1,1,1,0,0,0,0,1,1,1,1,0,1,0,1,1,1,1,1,1,0,1,0,0,1,0,1,0,1,0,1,1
0,1,0,1,1,0,0,1,0,0,0,1,0,0,0,0,1,0,1,0,1,1,0,1,0,1,1,1,1,0,0,1,0,0,0,0,0,0,1,0,1,1,1,1,1,1,0,0,0,1,1,0,0,0,0,1,0,1,0,0,1,1,0,0,0,0,1,1,0,1,1,1,0,1,0
1,1,0,1,0,1,0,1,0,1,1,1,0,0,0,1,0,0,0,1,0,1,1,1,0,1,1,1,0,1,1,1,1,0,0,1,0,0,0,1,1,1,0,0,1,1,0,1,1,1,1,0,1,0,1,1,1,1,1,1,1,0,1,0,1,0,0,0,0,1,1,1,0,0,1
1,0,0,1,1,1,0,1,0,1,0,1,1,0,1,0,0,0,1,1,0,1,0,0,0,0,0,1,0,0,1,0,0,1,0,1,1,0,0,1,0,1,0,1,0,1,1,1,1,0,1,1,1,1,0,1,1,1,0,0,1,0,0,1,1,0,1,1,0,1,0,0,0,1,0
0,1,1,0,0,1,1,1,1,0,0,0,1,1,0,1,1,1,1,0,1,1,1,1,1,0,1,0,1,0,0,0,1,0,0,1,0,0,0,1,1,0,0,1,1,0,0,1,1,0,1,0,1,0,1,1,1,0,1,0,0,1,1,0,0,0,0,1,1,0,0,1,0,1,0
1,0,0,1,1,0,1,1,0,0,1,0,1,0,0,0,0,0,0,0,0,1,1,1,1,1,1,1,0,1,0,1,0,0,1,1,0,1,1,0,1,0,1,1,1,0,0,0,1,1,1,0,1,1,1,1,0,1,1,1,1,1,0,0,1,0,0,1,1,1,1,1,0,0,0
1,0,0,1,0,1,0,1,0,0,1,1,0,0,1,1,0,0,0,0,1,1,0,1,0,1,1,1,0,1,1,1,0,0,0,1,0,0,1,0,1,1,0,1,0,1,0,1,1,1,1,1,1,1,0,1,0,1,1,0,0,1,1,0,1,0,0,0,1,1,0,1,0,1,0
1,0,0,1,1,1,0,1,0,1,1,1,0,0,1,1,0,0,0,1,1,1,1,1,0,1,0,1,0,0,1,1,0,0,1,0,1,0,1,0,1,0,1,1,0,0,0,1,1,1,1,1,1,0,1,1,1,0,1,0,0,1,0,0,1,0,0,0,1,1,1,0,0,0,1
1,0,1,1,0,0,0,1,0,1,1,1,0,0,1,1,1,0,0,0,0,1,0,0,0,1,0,1,0,1,0,0,0,0,1,0,1,1,1,0,1,1,0,1,0,0,1,1,1,1,1,0,1,1,0,0,1,0,0,0,0,1,1,0,1,0,0,0,0,1,0,1,0,0,0
1,1,0,0,1,1,0,1,0,0,1,1,1,0,0,0,0,1,0,1,0,1,0,1,0,1,1,1,0,1,1,0,0,0,0,1,0,0,1,1,1,1,0,1,0,1,0,1,0,0,1,0,1,0,0,1,1,1,1,1,1,1,1,0,0,1,1,0,1,1,1,1,1,1,1
1,0,0,0,1,0,0,1,0,1,1,1,0,0,0,1,1,1,1,0,1,1,1,1,0,0,1,0,1,0,1,1,1,0,1,1,1,0,0,1,1,0,0,1,1,0,1,1,0,1,1,0,1,1,0,0,1,0,0,0,0,0,0,1,0,0,1,0,1,1,0,0,1,0,0
1,0,0,0,0,1,1,1,0,0,0,0,0,0,0,0,1,0,1,0,1,1,1,1,0,0,0,0,1,1,1,1,0,1,1,0,1,1,0,0,0,1,0,1,0,1,0,0,0,1,1,0,1,1,0,1,0,1,1,1,0,0,0,0,1,1,0,1,0,1,0,1,1,1,0
1,0,1,1,0,0,0,0,0,1,0,1,0,0,0,1,1,0,1,1,0,1,0,0,1,0,0,0,1,1,1,1,1,0,1,0,1,1,0,1,0,0,1,1,1,0,1,1,1,1,1,1,1,0,1,0,0,1,1,1,1,0,0,0,1,1,0,0,1,1,1,1,0,0,0
1,0,1,1,1,0,0,1,0,1,1,0,0,1,0,0,0,1,1,1,1,1,0,0,0,0,1,1,1,0,1,0,1,1,0,0,1,1,1,0,1,0,0,1,0,1,0,1,1,0,1,1,1,1,0,1,1,1,1,0,0,1,0,1,1,0,0,1,1,1,0,0,0,1,0
1,1,0,1,0,0,0,1,1,1,0,0,0,0,0,1,1,0,0,0,1,1,1,1,0,0,1,0,0,0,0,0,0,1,0,0,1,1,1,0,0,1,1,1,1,0,1,0,1,1,1,1,1,1,0,0,0,0,0,1,0,1,1,0,0,0,1,0,1,1,0,0,0,1,0
1,0,1,1,0,0,0,1,1,1,1,1,1,0,0,1,0,1,0,0,0,1,1,1,1,1,0,0,1,1,1,0,1,0,0,0,1,1,1,0,1,0,0,1,0,1,1,1,1,1,1,1,1,1,0,0,1,1,1,1,1,1,1,1,0,0,0,1,1,0,0,0,0,0,0
1,0,0,1,1,1,0,1,1,1,1,1,0,0,1,1,1,1,1,1,1,1,0,1,0,1,0,1,1,1,1,0,1,0,0,1,0,1,0,1,1,0,0,1,0,0,1,0,1,1,1,1,1,1,0,1,1,1,0,0,0,1,0,0,1,0,0,0,1,1,0,1,0,1,0
0,1,0,0,0,1,0,1,1,1,1,1,0,1,1,0,0,1,0,0,1,1,1,1,0,1,1,0,0,0,1,1,0,0,0,0,1,1,0,0,1,1,1,1,0,1,1,0,0,0,1,1,1,1,0,0,0,1,1,1,1,1,1,1,1,0,1,0,0,1,1,0,0,0,1
1,0,0,1,1,0,0,1,0,0,1,0,0,0,0,0,1,0,0,0,1,0,1,1,0,0,1,1,1,0,1,1,0,0,1,0,1,0,1,0,1,1,1,1,0,1,0,0,1,1,0,1,1,0,1,1,0,1,0,0,0,0,1,0,0,1,0,0,0,1,1,0,0,1,0
0,0,1,1,1,1,0,1,0,0,0,1,0,0,1,1,0,1,0,1,1,1,0,1,0,1,1,1,1,0,1,0,1,0,1,1,0,1,0,1,1,0,1,0,0,1,1,0,0,1,0,1,1,0,1,0,0,1,1,0,0,0,1,0,1,0,0,0,1,1,1,0,0,0,0
1,1,1,0,0,0,0,1,1,0,1,1,0,0,0,1,1,1,1,0,1,0,0,1,0,1,1,0,0,0,0,0,0,0,0,1,1,0,1,0,1,1,1,1,1,0,0,0,0,1,1,0,0,0,1,0,0,1,1,1,0,1,1,0,1,0,1,0,1,1,1,0,0,0,0
1,1,1,1,0,1,0,1,0,0,1,0,1,0,0,1,1,1,1,1,1,1,1,1,0,1,1,1,1,1,0,0,1,0,0,0,1,0,1,1,1,0,0,1,1,1,1,1,1,1,1,1,1,1,0,0,0,0,1,0,1,1,1,0,1,0,0,0,0,1,0,0,0,1,0
1,0,1,0,0,0,0,1,0,0,1,1,1,1,0,1,1,1,1,0,1,1,1,1,1,0,0,0,0,0,1,1,1,1,0,0,1,1,1,0,1,0,1,1,0,1,1,1,0,0,1,0,1,1,0,1,1,0,0,0,1,0,0,0,1,1,0,0,1,1,1,0,1,1,0
1,0,1,0,1,1,0,1,0,0,0,0,0,1,0,1,0,0,0,1,1,1,0,1,1,0,0,0,1,0,1,1,1,0,1,0,0,0,0,1,1,0,0,0,1,1,0,1,1,0,1,0,1,0,1,1,1,1,1,1,0,0,1,0,1,0,1,0,0,1,0,1,0,0,1
1,0,1,0,1,1,0,1,0,0,1,0,0,0,0,1,0,0,0,0,0,1,0,0,0,1,0,0,1,1,1,1,1,0,1,0,1,0,1,0,1,1,0,1,1,1,0,0,1,1,1,1,1,0,1,1,0,1,1,1,1,0,1,1,1,0,0,1,0,1,1,1,0,1,0
1,0,1,1,0,1,0,0,1,0,1,0,1,0,1,0,1,1,0,0,0,1,0,1,1,1,1,0,0,1,0,1,0,0,1,1,1,1,0,1,0,0,0,1,0,1,0,0,1,1,1,1,1,0,1,0,0,0,0,1,0,1,0,1,1,1,1,1,0,1,1,1,1,1,0
0,1,0,1,0,1,0,1,0,0,0,1,0,0,0,0,1,1,1,0,1,1,0,1,1,1,0,0,0,1,1,0,0,1,1,0,1,0,1,0,1,0,0,1,1,1,1,0,0,0,1,1,1,0,0,1,0,1,0,0,1,1,1,0,1,0,0,1,1,0,0,1,0,1,0
1,0,0,1,1,1,0,1,1,0,0,1,1,0,0,1,1,0,1,0,0,1,0,0,0,0,0,0,0,1,1,0,0,0,0,1,1,0,0,1,1,0,1,1,0,0,0,1,1,0,1,1,1,0,1,1,1,1,1,1,0,1,1,0,1,0,0,0,1,1,1,1,0,1,0
0,1,0,1,0,0,0,1,1,1,1,0,0,0,0,0,1,1,0,0,1,1,0,1,0,1,1,1,1,1,0,1,1,0,1,1,1,1,0,1,1,1,1,1,1,1,1,1,0,1,1,1,1,1,0,1,1,1,0,1,1,1,1,0,1,1,1,1,0,1,1,0,1,0,0
1,0,1,0,0,0,1,1,0,0,0,1,0,0,1,1,1,1,0,0,1,1,0,1,0,0,1,0,1,0,0,1,0,0,1,0,0,0,1,0,1,1,0,1,1,1,1,0,0,0,1,1,1,1,0,0,0,1,1,1,0,0,1,0,1,0,0,0,1,1,1,1,0,1,0
1,0,0,0,0,1,1,1,0,0,0,1,0,1,0,0,1,0,0,1,0,1,0,0,0,0,1,1,0,1,0,1,0,0,1,0,1,1,1,1,1,0,0,1,0,1,0,1,0,0,1,1,0,1,0,1,1,1,1,1,1,0,1,0,0,0,1,1,0,1,0,0,0,1,0
0,0,1,1,0,1,0,1,0,0,0,0,0,0,1,0,1,1,0,0,1,1,1,1,1,1,0,1,1,0,1,1,0,0,1,0,1,1,1,0,1,0,0,1,0,1,0,0,1,1,1,1,1,1,1,1,0,1,0,0,0,1,1,0,0,0,1,1,1,0,0,1,0,1,1
1,0,0,1,1,1,0,1,1,1,0,1,0,1,1,1,0,1,0,0,0,1,0,1,0,1,1,1,0,1,1,1,0,1,1,1,0,0,1,1,1,0,0,0,0,1,0,0,1,0,1,0,1,1,0,1,0,1,0,0,0,0,1,0,1,0,1,0,1,1,0,0,0,1,0
1,1,0,0,0,1,1,0,0,1,0,0,0,0,0,0,0,1,0,1,0,1,1,1,0,0,0,0,0,0,1,0,1,0,1,0,0,0,1,0,1,0,1,1,0,0,1,0,0,0,1,1,0,0,0,0,0,0,1,1,0,0,1,0,0,1,0,1,1,0,1,0,0,1,1
0,0,1,0,1,1,0,1,1,0,1,0,0,1,1,1,0,0,1,0,1,1,1,1,0,1,1,0,0,1,1,1,0,0,1,1,0,1,0,1,1,0,1,1,0,0,0,1,1,1,1,0,1,0,1,0,0,1,1,0,1,0,0,0,1,0,0,0,1,1,1,0,0,1,0
1,1,0,0,1,0,0,1,0,0,0,1,1,0,1,1,0,0,0,0,0,0,0,0,0,0,0,0,0,1,1,0,0,0,0,0,0,1,1,0,1,1,0,1,1,1,1,1,0,0,1,0,1,0,0,1,1,0,1,0,1,1,1,0,1,0,0,0,0,0,0,0,0,1,0
1,0,1,1,0,0,0,1,0,0,0,0,0,1,0,0,1,0,0,0,1,1,0,1,0,0,1,0,1,1,1,1,0,0,1,0,1,0,1,0,1,1,0,1,0,1,0,0,1,1,1,1,1,1,0,1,0,1,0,0,0,0,1,0,1,0,0,0,1,1,0,1,0,1,1
1,1,0,1,0,1,0,1,0,0,1,0,1,0,1,1,0,1,0,0,1,1,0,0,1,1,1,0,1,0,1,0,0,1,0,0,0,0,0,0,1,0,1,1,0,1,0,0,1,1,1,1,1,1,0,0,0,1,0,1,0,1,1,0,0,0,0,1,0,1,1,0,0,1,0
1,1,1,0,0,0,0,1,1,1,1,0,0,0,1,0,1,0,1,1,1,1,1,1,0,1,1,0,1,0,0,0,1,0,0,1,0,0,1,0,1,1,0,1,1,1,0,1,0,1,1,0,1,1,0,1,1,1,0,0,0,0,0,0,1,0,0,0,0,1,0,1,0,0,0
1,0,1,0,1,1,0,1,0,1,1,1,1,0,1,0,1,1,0,0,0,0,0,1,1,0,1,0,1,0,0,0,1,1,1,0,0,1,1,0,1,1,0,1,1,0,1,0,0,1,1,0,1,1,0,0,0,1,1,0,0,0,0,0,0,0,0,1,0,1,0,0,0,0,1
1,0,1,1,1,0,0,1,1,1,0,0,1,1,1,0,0,0,1,0,1,1,1,1,1,1,1,1,1,1,0,0,1,0,1,0,0,1,1,0,1,1,1,1,1,1,0,1,0,0,1,1,1,1,1,0,1,1,0,1,0,1,1,0,0,0,0,0,0,1,1,0,1,1,1
0,1,0,1,0,0,0,1,0,0,0,1,0,0,1,0,1,1,1,1,1,0,1,1,1,0,1,1,1,1,0,1,0,0,0,1,0,1,0,1,0,0,1,1,1,0,1,1,0,1,0,0,1,0,0,1,1,1,0,0,0,0,1,0,0,0,0,0,0,0,1,1,1,1,0
1,1,0,1,1,1,0,0,1,0,1,1,0,0,0,0,0,1,0,0,0,1,0,1,0,0,1,1,1,0,1,0,1,0,1,1,0,1,1,0,1,1,1,1,1,0,0,1,1,1,1,1,1,0,0,1,0,1,0,0,1,1,1,0,0,0,1,1,0,1,0,0,0,1,0
1,0,0,0,0,0,0,1,0,1,0,1,0,1,1,1,1,0,0,0,0,1,0,1,0,0,1,0,1,1,1,1,0,0,0,1,0,1,0,1,1,0,0,1,1,0,0,0,0,1,1,0,1,1,0,1,0,1,1,1,0,0,1,0,0,1,1,1,1,1,1,1,0,1,0
1,0,0,1,0,1,0,1,1,1,1,0,0,0,0,0,0,1,0,0,1,1,1,1,0,1,0,0,0,1,1,1,0,0,1,1,0,0,1,0,1,1,0,1,0,1,1,0,1,1,0,1,1,1,0,0,0,0,1,0,0,1,1,0,1,0,0,0,1,1,0,0,1,1,0
1,0,0,0,1,1,0,0,0,0,0,1,1,0,1,1,1,1,0,0,0,1,0,0,1,1,1,0,0,1,1,1,0,0,1,0,0,0,0,0,1,1,1,1,0,1,1,1,1,1,1,1,1,1,0,1,1,1,1,1,0,0,0,0,1,1,1,0,1,1,1,1,0,1,1
1,0,0,0,1,0,0,1,1,1,1,1,0,0,1,1,1,0,0,0,0,0,0,1,1,1,1,1,1,0,1,1,1,1,0,0,0,0,0,1,0,0,0,1,1,1,0,0,1,1,0,1,1,0,1,1,0,1,1,0,0,1,1,0,0,0,0,0,1,1,0,1,0,1,0
1,0,0,1,1,0,0,0,0,1,0,1,1,0,0,1,1,1,0,0,1,1,0,1,0,0,1,0,1,0,1,0,1,0,0,0,1,1,1,0,1,1,0,1,0,1,1,0,1,1,0,1,1,0,1,1,0,1,0,1,1,0,0,0,0,0,1,1,0,1,1,0,0,1,0
0,0,0,1,1,0,0,1,0,0,0,1,1,0,0,0,1,0,0,0,0,0,0,1,0,0,1,0,1,1,0,1,1,1,0,0,1,0,1,0,1,0,1,1,0,1,0,0,1,1,1,1,1,0,1,1,0,0,0,1,1,1,0,0,1,0,0,1,1,1,1,1,0,1,1
1,0,0,0,0,1,0,0,1,0,0,1,1,0,1,0,1,1,0,0,0,0,0,1,0,1,0,0,1,0,0,0,0,0,1,0,1,0,1,0,1,1,0,0,1,1,0,1,0,1,1,1,1,1,0,1,1,1,1,0,0,0,0,0,1,0,0,0,0,1,0,0,0,0,1
0,0,0,1,0,0,0,1,0,0,1,0,1,1,0,0,1,1,1,0,0,1,1,1,0,0,1,1,1,0,1,0,1,0,0,0,0,0,1,0,1,1,0,1,0,1,1,1,0,0,1,1,1,0,1,1,0,0,0,1,0,1,1,0,0,0,1,1,0,1,1,0,0,1,1
1,0,0,1,1,1,0,1,0,1,0,0,0,0,1,1,1,1,0,0,1,1,1,1,0,0,1,0,1,0,0,0,0,1,1,0,1,0,1,0,1,1,0,1,1,0,1,1,1,1,1,0,1,0,1,1,1,1,0,0,0,1,1,0,1,0,0,0,1,1,0,1,0,1,1
1,0,0,0,0,0,0,1,0,0,0,0,1,0,0,1,0,1,0,0,1,1,0,1,1,1,1,0,1,0,1,0,1,0,0,0,0,0,0,1,1,0,1,1,0,1,1,1,0,0,1,1,1,0,1,0,0,1,1,1,0,1,1,1,0,0,1,0,1,1,0,0,1,1,0
1,0,0,0,1,1,0,1,0,1,0,1,0,0,1,1,1,1,1,1,0,0,1,0,1,1,0,1,0,1,1,1,0,0,0,1,0,1,0,1,0,0,0,1,0,1,1,0,0,1,0,0,1,0,1,1,0,1,1,1,0,0,1,0,0,0,0,1,1,1,1,1,0,1,0
1,0,0,1,1,0,0,0,1,1,0,0,0,0,1,1,1,1,1,1,0,1,0,1,0,0,1,1,1,1,1,0,1,0,1,1,0,0,0,1,1,0,0,1,1,1,0,0,1,1,0,1,1,1,0,1,0,1,0,1,0,1,1,0,0,1,0,0,1,1,0,1,0,1,0
1,0,0,1,1,0,0,0,1,0,0,1,1,0,0,0,0,0,1,1,1,1,0,1,0,0,1,1,0,0,1,1,1,0,1,1,1,0,1,1,1,1,1,1,1,0,1,1,0,1,1,1,1,1,0,1,1,1,1,1,0,0,1,0,1,0,0,1,1,1,1,1,0,1,0
1,0,0,1,1,1,1,1,0,1,1,1,0,0,1,1,1,1,0,0,1,1,1,1,0,0,1,1,1,1,1,1,0,0,1,1,0,1,0,1,0,0,1,1,0,1,0,1,1,0,1,1,1,0,1,0,0,1,0,1,1,1,1,0,1,1,0,1,1,1,1,1,0,1,0
0,0,1,0,0,0,1,1,0,0,1,0,0,1,0,0,1,1,0,0,1,1,1,1,0,1,1,0,1,1,1,1,1,1,1,0,1,1,1,1,1,1,1,1,0,1,1,1,0,1,1,0,1,1,0,1,0,0,0,0,0,0,1,1,1,0,0,0,1,1,1,0,0,0,1
1,0,0,0,1,1,0,1,0,1,1,1,1,1,0,0,1,1,1,0,1,1,0,1,0,0,0,1,0,1,1,0,1,0,1,0,1,1,1,0,1,1,1,1,0,0,0,0,0,0,1,0,1,0,0,1,0,0,1,1,1,1,1,1,0,0,0,1,0,1,1,0,1,0,0
1,0,0,0,0,1,1,1,1,1,1,0,1,0,0,1,1,1,0,0,1,1,1,1,1,0,1,1,0,0,1,0,0,0,1,1,0,1,0,1,1,1,1,1,0,1,0,0,0,1,0,0,1,1,0,1,0,1,1,1,1,1,1,0,1,0,1,1,0,1,1,0,0,0,1
0,0,0,0,0,0,1,1,0,1,1,1,0,0,0,0,1,0,1,0,1,1,1,1,0,0,1,0,0,1,1,1,1,0,0,0,0,1,1,0,1,1,0,1,1,0,0,1,0,0,1,1,1,1,0,1,1,0,1,0,1,1,1,1,0,0,0,0,1,1,0,0,0,1,1
1,0,1,1,0,0,0,0,0,0,0,1,0,0,0,1,0,1,1,0,0,1,0,1,0,0,0,1,1,1,1,1,1,0,0,0,0,1,0,1,0,1,0,1,0,1,0,1,0,1,1,1,1,1,0,1,1,1,1,0,0,0,1,1,0,1,1,0,0,1,0,0,1,0,0
1,0,1,1,1,1,0,1,0,0,1,1,0,0,0,0,1,1,0,0,0,1,1,1,0,0,1,0,1,0,1,0,1,0,0,0,1,1,0,1,0,0,0,1,0,1,0,1,1,1,0,0,1,0,0,1,1,1,1,1,0,0,0,0,0,0,1,1,1,1,0,0,0,1,0
1,0,0,0,1,0,0,1,0,0,0,1,1,0,0,1,0,0,0,0,0,1,0,1,0,0,1,0,1,0,1,0,1,0,0,0,0,0,1,0,1,1,1,1,0,1,0,0,0,0,1,0,0,0,1,1,0,1,0,0,1,1,1,0,0,0,0,1,0,1,1,1,0,1,0
1,1,0,1,0,0,0,1,1,0,1,1,1,0,0,1,1,1,1,0,1,1,0,1,1,0,1,0,0,0,0,0,0,1,1,0,1,0,0,1,0,0,1,1,1,1,0,0,0,1,1,1,1,0,1,0,1,0,0,1,1,1,1,0,1,0,0,0,1,1,1,0,1,1,0
0,0,0,1,0,1,0,1,0,1,1,1,0,0,0,1,1,0,0,1,1,1,0,0,0,1,1,1,1,0,0,1,1,0,1,1,1,0,0,1,1,0,0,1,0,1,0,1,0,1,0,1,1,1,0,0,1,1,0,0,1,1,1,0,0,1,1,1,1,1,0,1,0,1,0
1,0,0,1,0,1,0,1,0,1,1,1,0,0,0,1,1,0,1,1,1,1,1,1,1,0,1,1,1,1,0,1,0,0,0,1,0,0,0,0,1,0,0,1,0,1,0,1,1,1,1,0,1,1,0,0,1,1,0,0,0,0,1,0,1,0,1,0,0,1,0,1,0,1,1
1,0,0,0,1,1,1,0,0,0,0,1,1,0,0,0,1,0,0,0,1,1,1,1,1,1,1,1,0,1,0,0,1,0,1,0,0,0,0,0,1,1,1,1,0,1,0,0,1,1,1,0,1,1,0,1,0,1,1,1,0,0,1,0,0,0,0,1,1,1,1,1,0,1,0
1,0,0,0,1,1,0,1,0,1,0,1,0,0,1,1,0,0,1,0,1,1,1,1,0,0,0,1,1,1,0,1,1,1,1,0,0,0,0,1,0,0,1,1,0,0,1,1,1,0,1,0,1,0,1,1,1,1,1,0,1,1,1,1,1,1,1,1,1,1,0,0,1,1,1
1,0,0,1,0,1,0,0,0,0,0,1,0,0,1,1,0,0,0,0,0,1,1,1,0,0,1,0,1,0,1,0,1,1,0,1,0,0,0,1,0,0,0,1,0,1,0,0,0,1,0,1,1,0,1,1,0,0,0,1,1,1,0,1,1,1,1,1,1,1,0,1,1,1,0
1,0,1,1,1,0,0,1,1,1,0,1,0,0,0,0,1,0,1,0,1,1,0,1,1,0,0,1,1,0,0,0,0,0,1,0,1,0,1,0,1,1,0,1,1,1,1,1,0,0,1,1,1,0,1,1,1,0,1,0,1,0,1,0,1,0,0,1,0,1,0,1,1,0,0
1,1,1,0,1,0,0,1,0,1,1,0,1,1,1,0,1,1,1,1,0,1,0,1,1,1,0,1,0,1,0,0,0,0,0,0,1,0,0,1,0,1,1,1,1,0,1,0,1,0,1,1,1,1,0,1,0,0,1,1,1,1,1,0,1,0,0,0,0,1,1,1,0,1,0
1,1,0,1,0,1,0,1,0,1,0,1,1,0,1,0,1,1,0,0,0,1,0,0,1,0,0,1,0,1,1,0,0,0,0,1,0,0,1,1,1,1,0,1,1,0,1,0,1,0,1,1,1,0,0,1,0,0,1,0,1,0,1,0,0,0,1,1,1,1,1,0,0,1,0
1,1,1,0,1,0,0,0,1,0,0,1,1,0,0,1,1,0,1,0,0,1,1,1,0,0,1,1,1,0,1,0,1,0,1,1,0,0,0,1,1,1,0,1,0,1,1,0,0,0,0,0,1,0,1,0,0,0,0,1,1,1,1,0,0,1,1,1,0,1,1,1,1,0,0
1,1,1,0,1,1,1,1,1,0,1,1,1,0,0,0,1,1,1,0,1,1,1,1,0,0,1,1,0,0,1,0,1,0,1,1,1,0,0,1,0,1,0,1,1,0,1,1,0,0,1,0,1,0,0,1,1,0,1,0,1,1,1,0,1,0,0,1,1,1,0,0,0,1,0
1,0,0,0,0,1,0,1,0,0,0,1,0,1,1,0,1,0,0,0,0,1,1,1,0,0,0,0,0,0,1,1,0,0,1,0,0,1,0,1,1,0,1,1,0,1,0,1,0,1,1,0,1,1,0,1,1,1,0,1,0,1,1,1,0,1,0,0,1,1,1,1,0,0,0
1,0,0,0,1,0,0,1,1,1,0,0,1,0,0,0,1,0,1,0,1,0,1,1,0,1,0,0,1,0,1,0,1,0,1,0,0,1,0,0,1,1,1,1,0,1,0,0,0,1,1,0,1,1,1,0,0,0,0,1,0,1,1,0,1,1,1,1,1,1,1,1,1,0,0
0,0,0,1,1,1,0,1,0,1,1,0,0,0,1,0,0,0,1,0,1,1,0,0,0,0,1,0,0,0,1,1,0,0,1,0,0,0,1,0,1,1,1,1,0,0,0,1,1,1,1,1,1,0,1,1,1,0,0,1,0,0,1,1,1,0,0,0,0,1,1,1,0,1,0
1,1,1,1,0,1,0,1,1,0,1,1,0,1,1,1,1,1,0,0,0,1,0,1,0,0,0,0,0,0,0,1,0,0,0,0,0,1,1,0,1,0,0,1,1,0,0,0,0,1,1,1,1,1,0,0,0,0,0,0,1,1,0,1,0,0,0,1,1,1,0,1,1,1,1
1,1,1,1,1,0,0,1,0,1,0,1,0,0,1,1,0,0,0,0,0,1,0,1,0,1,1,1,1,0,1,1,0,0,0,1,1,0,0,1,1,0,0,1,0,1,0,1,0,1,1,1,1,1,1,1,1,0,0,0,0,0,0,0,0,0,1,1,1,1,0,1,1,1,0
1,0,1,1,0,0,0,1,0,1,1,1,0,0,1,1,1,0,0,0,0,1,0,1,0,1,1,0,0,0,0,0,0,0,1,1,0,1,0,1,1,1,0,1,1,0,0,0,0,1,1,1,1,0,1,0,1,1,0,1,0,0,1,0,1,0,1,1,1,1,0,0,0,1,0
1,0,1,1,1,0,0,1,0,0,0,0,0,0,0,0,0,1,1,0,1,1,0,0,0,1,0,1,0,0,0,1,0,0,1,1,0,1,1,0,1,1,1,1,1,0,0,0,0,1,1,0,1,1,0,1,1,1,0,0,0,1,1,0,1,0,0,1,0,1,1,0,1,1,0
1,1,1,1,1,0,0,1,0,1,0,1,0,1,1,1,0,1,1,0,1,1,0,1,0,0,1,0,1,1,1,1,1,0,1,0,0,0,1,0,1,0,1,1,0,0,1,0,0,1,1,0,1,0,0,1,0,1,0,1,0,0,1,1,1,1,0,0,1,1,1,1,1,1,0
1,0,1,1,0,0,1,1,1,1,1,1,0,0,0,1,1,0,1,0,1,0,1,1,1,1,1,0,0,1,0,0,1,1,0,0,0,1,1,0,1,1,0,1,0,1,0,0,0,1,1,1,1,1,0,0,1,0,0,1,1,0,1,0,0,1,0,1,0,1,0,1,1,1,0
1,0,0,1,0,0,0,1,0,1,0,1,0,0,1,0,1,1,0,1,1,1,0,1,0,0,0,0,0,0,1,0,0,0,0,1,1,1,0,0,1,1,0,1,0,1,0,1,0,1,1,1,1,1,1,1,1,1,0,1,1,1,1,1,1,0,1,0,0,1,1,1,0,1,0
1,0,0,1,1,1,0,0,0,0,0,0,0,0,1,1,1,1,0,0,0,1,0,1,0,1,1,1,1,0,0,1,1,0,0,1,0,1,0,1,1,0,1,1,0,1,0,1,1,0,1,1,1,1,0,0,1,0,0,0,0,0,0,0,0,1,1,1,0,1,1,0,0,1,1
1,0,0,0,1,0,0,1,0,1,0,1,1,0,1,1,1,1,1,0,0,1,1,1,1,1,0,1,1,1,0,0,0,0,1,1,0,0,0,1,1,0,1,1,0,1,0,0,1,0,1,1,1,0,0,1,0,1,1,1,1,1,1,1,1,0,0,0,0,1,1,1,0,1,1
1,0,0,0,1,0,1,0,0,1,0,0,1,0,1,0,1,1,0,1,1,1,1,1,0,0,1,0,1,1,1,1,0,0,0,0,1,0,0,0,0,1,0,1,0,0,0,0,0,1,0,0,1,1,1,1,0,0,1,1,0,0,1,0,1,1,0,1,0,1,0,1,1,1,0
0,1,1,0,1,1,1,1,0,0,1,1,0,0,0,1,1,0,1,0,0,0,1,1,1,1,1,0,1,1,0,0,1,0,1,1,1,0,0,1,0,1,0,1,1,0,1,0,0,1,1,0,0,1,0,0,1,0,0,1,1,0,1,0,1,0,1,0,1,1,0,0,0,0,1
1,0,1,1,1,0,0,1,1,1,0,1,1,1,0,0,1,1,0,1,1,1,0,1,1,0,0,0,1,0,1,0,1,1,1,0,1,1,1,0,1,1,1,1,1,1,0,0,0,0,1,1,1,1,1,1,0,1,0,1,1,1,0,1,1,1,1,1,0,1,1,0,0,0,0
1,0,1,1,0,0,1,1,1,1,0,0,0,0,1,0,1,1,0,0,1,0,1,1,0,0,0,1,1,0,0,0,1,0,1,0,1,1,1,0,1,1,0,1,1,1,1,0,0,1,1,1,1,1,0,0,0,0,0,0,0,1,1,0,0,0,0,1,0,1,1,0,1,1,0
1,0,1,1,1,0,0,1,0,0,0,0,0,0,0,1,1,1,1,0,1,1,0,1,0,1,1,0,1,1,0,0,1,0,0,1,0,0,1,1,1,0,0,1,1,0,1,0,1,1,1,1,1,1,0,0,0,1,0,1,1,0,0,0,1,0,1,0,1,1,0,0,0,1,0
1,0,0,1,1,1,0,0,0,1,0,0,1,0,1,1,0,1,0,0,1,1,0,1,1,1,0,1,1,0,0,0,1,1,0,1,1,0,1,0,1,1,0,1,0,1,1,0,0,0,0,0,1,0,1,0,0,1,1,1,0,0,1,1,0,1,1,0,0,1,0,1,1,0,1
1,0,1,1,1,1,0,1,0,0,0,1,1,0,0,1,1,0,1,0,1,1,0,1,0,0,1,1,1,0,1,1,1,1,0,0,0,1,1,0,1,1,0,1,0,1,0,0,0,0,1,1,1,1,0,1,0,0,1,1,0,0,0,1,1,0,0,0,0,1,1,1,1,1,0
1,0,0,0,1,0,1,1,1,0,0,1,1,0,0,1,0,0,1,0,1,1,1,1,0,1,1,0,1,0,0,1,1,0,1,0,1,1,0,1,0,1,0,1,0,1,1,1,0,0,1,0,1,0,1,0,1,0,0,1,0,1,1,0,1,0,0,1,0,1,0,1,0,1,1
1,1,1,1,0,1,1,1,0,1,1,1,1,1,1,0,1,1,0,1,0,1,0,0,0,1,0,1,1,0,1,1,0,0,1,1,0,0,1,0,1,0,0,1,1,0,1,0,0,0,1,0,1,1,0,1,0,0,1,1,1,0,0,1,1,0,0,0,1,0,1,1,0,0,0
1,0,1,0,0,1,0,1,0,1,0,0,0,0,1,1,0,1,1,0,0,1,0,1,0,1,1,0,0,1,1,1,0,1,0,1,0,0,0,1,1,1,0,1,1,1,0,0,1,0,0,1,1,1,0,1,0,1,1,0,1,0,0,0,1,0,0,0,0,1,0,1,0,1,0
1,0,1,0,1,1,0,1,0,1,0,1,0,0,1,1,1,1,0,1,1,1,0,1,1,0,1,0,1,0,1,0,0,0,0,1,0,1,1,1,1,0,1,1,0,1,1,0,0,0,1,1,1,0,0,0,0,0,1,0,1,0,1,1,0,0,0,1,1,1,0,1,1,1,0
1,0,1,1,1,0,0,1,0,1,0,1,1,0,0,0,1,0,0,0,0,1,0,1,0,1,0,1,1,1,1,0,1,1,1,1,0,0,1,0,1,1,1,0,0,0,0,0,0,0,1,1,1,1,0,0,0,1,0,1,1,0,0,0,0,0,1,1,0,1,0,1,1,1,1
1,0,0,0,1,0,0,0,0,0,0,1,1,0,0,0,1,1,0,0,0,1,0,1,0,1,1,0,1,0,1,1,1,1,1,0,0,0,0,1,0,0,1,1,0,1,1,1,0,0,1,1,1,1,0,1,1,1,0,0,0,0,1,0,0,1,1,1,1,1,1,0,0,1,0
1,0,1,0,0,0,0,1,0,1,0,0,1,0,1,1,0,0,0,0,0,1,0,1,0,0,1,1,0,0,0,1,1,0,1,1,1,1,0,1,1,1,0,1,1,1,0,0,0,1,1,0,1,1,0,1,0,1,0,0,0,1,1,0,1,0,0,1,1,1,0,0,0,0,0
1,0,1,1,1,0,0,1,1,0,0,1,0,0,0,0,1,0,1,0,0,0,0,1,0,0,1,1,0,0,0,0,0,0,0,1,0,0,1,0,1,1,0,1,1,0,1,0,1,1,1,1,1,1,0,0,1,0,0,1,0,0,0,0,1,0,0,0,0,1,0,1,0,1,1
1,0,1,1,0,0,0,1,0,1,0,1,0,0,0,1,1,0,1,1,1,0,1,1,0,1,1,1,1,1,0,0,1,0,1,0,1,0,1,0,1,1,1,1,1,0,0,1,0,1,1,1,0,0,1,0,1,1,0,1,1,1,0,0,1,0,0,0,0,1,0,0,0,1,0
1,0,1,0,1,0,0,1,1,1,0,0,0,1,1,1,1,0,1,1,0,1,0,1,0,1,1,1,0,1,1,0,0,0,1,1,1,1,0,1,0,0,0,1,0,1,1,0,0,0,1,0,1,0,1,1,0,0,1,1,0,1,0,0,1,0,1,1,0,1,1,1,0,1,1
0,0,0,1,1,0,0,1,0,0,0,1,0,1,0,0,1,0,1,0,0,1,0,1,0,1,1,1,1,0,0,0,1,0,1,0,0,0,0,0,0,1,0,1,0,1,0,0,1,1,1,1,1,0,0,1,0,1,0,0,0,1,0,1,0,1,1,0,0,0,0,1,0,1,0
1,0,0,1,1,1,0,0,1,0,0,0,1,0,1,1,1,1,1,1,1,0,0,1,1,1,1,1,0,0,1,0,0,0,1,1,1,0,0,1,1,0,1,1,0,0,1,1,0,0,1,1,1,0,1,0,1,1,1,0,0,1,1,0,1,0,0,1,0,1,1,0,0,0,0
1,0,1,1,1,1,0,1,0,1,0,0,0,0,1,0,1,0,0,0,0,0,1,1,0,0,0,0,0,1,1,1,0,0,1,0,0,1,0,1,1,1,0,1,0,0,0,0,0,1,1,1,1,0,0,0,1,1,0,0,1,1,1,0,0,0,0,0,0,1,0,1,1,1,0
1,1,0,1,0,0,1,1,0,1,0,1,0,0,1,0,1,1,0,0,0,0,0,1,1,1,0,0,0,1,0,0,0,0,0,0,0,0,0,1,1,1,1,1,1,0,0,1,1,0,1,1,1,1,0,1,1,1,1,1,0,0,1,0,0,1,0,0,1,1,1,1,1,1,0
1,0,1,1,0,1,0,1,0,0,0,1,1,0,0,0,1,0,0,0,0,1,0,0,0,0,1,1,1,1,1,0,1,0,1,0,1,0,0,1,0,1,1,1,0,1,0,1,0,0,1,1,1,0,1,1,1,0,1,1,1,0,1,1,0,0,1,1,0,1,1,1,1,1,0
1,0,1,0,0,1,1,1,0,1,0,1,0,0,1,0,1,1,0,0,0,0,1,1,0,0,0,1,0,0,1,1,0,0,0,1,0,1,1,1,1,0,1,1,0,1,0,1,0,1,1,0,1,0,0,1,1,1,1,1,1,0,1,0,0,1,0,0,0,0,1,1,0,1,0
0,0,1,1,0,0,0,1,0,1,0,1,0,0,0,0,1,1,1,0,0,0,0,1,0,1,1,0,1,1,1,1,1,1,0,1,1,0,0,1,1,1,1,1,0,1,0,1,1,1,0,1,1,1,0,1,1,1,0,1,1,0,0,0,1,0,0,0,0,1,1,0,0,1,0
1,0,1,1,0,0,1,0,0,0,0,1,0,1,1,1,1,0,0,0,1,1,0,1,1,1,1,1,0,1,1,1,0,0,1,0,0,0,1,0,1,0,1,1,0,1,1,0,0,1,1,1,1,1,0,1,0,0,0,0,0,0,0,1,0,1,1,1,1,1,1,0,1,0,0
0,0,0,0,1,0,1,0,1,0,1,1,0,0,0,0,1,0,1,0,0,0,1,1,0,1,1,0,1,1,1,0,1,1,1,0,1,0,0,1,1,0,1,1,1,0,0,0,0,1,1,0,1,0,1,1,0,1,0,1,1,1,0,0,0,1,1,1,1,1,1,1,0,0,0
1,0,0,0,1,1,0,1,0,1,1,0,1,0,1,0,1,1,0,0,1,0,1,1,0,1,1,0,1,0,0,0,1,0,1,0,1,0,1,0,1,1,1,1,1,0,1,0,0,0,1,0,1,0,0,0,0,0,1,1,0,0,0,0,1,0,0,0,1,1,0,1,1,0,0
1,1,1,1,1,0,0,1,0,1,0,1,0,0,1,1,1,0,0,1,0,1,0,0,0,1,1,0,1,1,1,0,0,0,0,1,1,1,0,1,0,0,0,1,0,1,0,0,0,1,1,1,1,1,0,1,0,0,0,1,0,1,0,0,1,0,0,0,1,1,1,0,0,1,1
1,0,0,0,1,0,0,0,0,0,1,1,1,0,0,1,1,0,0,0,0,1,0,1,0,0,0,0,0,0,1,0,1,0,1,0,0,0,0,0,1,0,0,1,0,1,0,0,0,0,1,1,1,1,0,1,0,0,1,0,1,1,1,0,1,0,1,1,1,1,0,1,1,1,0
1,1,1,0,0,0,0,1,0,0,0,1,0,0,0,1,1,0,0,0,1,0,1,1,0,1,0,0,1,0,1,0,1,0,1,0,1,1,0,1,1,1,1,1,1,1,1,0,1,1,1,1,1,1,1,0,0,1,1,1,0,0,1,0,1,0,1,1,1,1,1,1,0,1,0
1,0,0,1,1,1,0,1,0,1,0,1,0,0,0,0,1,1,0,0,0,1,0,0,1,1,0,1,0,0,0,0,1,0,1,0,0,0,0,1,1,0,1,1,1,0,1,0,0,1,0,1,1,0,1,1,0,0,0,1,1,1,1,1,1,1,1,0,0,1,0,0,1,0,0
0,0,0,1,1,0,0,1,0,1,0,1,1,0,0,0,1,0,0,0,0,0,0,1,0,0,1,0,0,0,0,0,0,1,0,0,0,1,1,0,1,0,0,1,0,0,0,0,0,0,1,1,1,0,0,1,0,0,1,1,1,1,1,0,1,1,0,0,1,0,0,1,1,1,1
1,0,0,0,0,1,0,1,1,0,0,1,0,1,1,1,1,1,1,0,1,1,0,1,0,0,0,0,1,0,0,1,0,0,1,0,0,1,1,0,1,0,0,1,1,0,1,1,0,1,1,1,1,1,0,1,1,0,0,0,1,1,0,0,1,1,0,1,0,1,0,0,1,0,0
1,0,1,1,1,0,0,1,1,1,1,0,1,0,1,1,0,0,0,0,1,1,0,1,1,1,1,1,0,0,0,1,0,1,1,1,1,0,1,0,1,1,0,1,1,1,0,1,0,1,1,0,1,0,1,0,1,1,0,0,0,1,1,0,0,0,0,1,0,0,1,0,0,1,0
1,0,0,0,1,1,0,0,0,1,0,1,0,0,1,1,1,1,0,1,0,0,0,1,1,0,0,0,1,0,0,1,1,0,0,0,1,1,0,1,0,1,1,1,1,0,0,0,0,1,1,0,1,1,0,1,0,0,1,0,1,1,1,0,0,1,0,1,1,1,0,1,1,1,1
1,0,0,0,0,1,0,0,0,0,0,1,1,0,1,0,1,1,0,1,0,1,0,1,0,0,1,1,1,1,0,0,1,1,0,0,1,0,0,0,1,1,1,1,1,1,0,1,1,1,1,1,1,0,0,1,0,1,1,0,0,0,1,0,0,1,0,1,1,1,1,0,0,1,0
1,0,1,0,1,1,0,1,0,1,0,1,0,1,0,0,1,1,0,0,0,1,0,1,0,1,1,1,1,0,0,1,1,0,1,1,1,1,0,0,1,1,1,1,0,1,1,0,0,0,1,1,1,1,0,1,0,1,0,1,1,1,0,0,0,0,1,1,0,1,1,0,0,0,1
1,0,1,1,0,0,0,1,0,1,1,1,1,0,0,1,1,0,0,0,0,0,0,0,1,0,0,0,1,1,1,0,1,1,0,0,1,1,1,0,1,0,1,1,0,0,0,1,1,1,1,0,1,1,0,1,1,1,0,1,0,1,0,0,1,0,0,0,1,1,1,1,0,1,0
0,0,0,0,0,0,0,1,0,1,1,0,0,0,1,1,1,1,0,0,0,1,1,1,1,0,1,1,1,0,1,0,0,1,0,1,1,1,0,1,1,0,0,1,0,1,0,1,0,1,1,0,1,1,0,0,0,1,1,1,0,0,1,0,0,0,1,1,1,1,1,0,0,1,0
1,0,0,1,1,0,0,1,1,1,0,1,1,0,0,1,1,1,1,0,1,1,1,1,0,1,1,0,1,1,0,1,1,0,0,1,0,0,0,1,1,0,0,1,1,1,0,0,1,1,0,0,1,0,1,1,0,1,0,1,1,1,0,1,1,0,1,1,1,1,0,0,0,0,0
1,0,0,0,0,0,0,1,0,1,0,0,0,1,0,1,1,0,1,0,0,1,0,1,1,1,1,1,1,0,0,0,1,0,0,1,1,0,1,1,0,0,0,1,1,1,0,0,0,1,1,1,1,0,1,1,0,1,1,1,0,0,0,0,0,0,0,0,1,1,0,1,0,1,1
1,1,1,0,0,1,0,0,0,1,0,1,1,0,1,0,1,0,1,0,1,1,0,1,0,0,0,0,0,0,1,1,0,1,0,1,1,1,0,1,1,1,0,1,1,0,0,1,0,1,1,1,1,1,0,1,1,1,1,1,1,0,0,0,0,1,0,1,1,1,0,0,1,1,0
1,0,0,0,1,0,0,0,0,1,1,0,0,0,0,1,1,1,0,0,0,1,0,0,1,1,1,0,1,0,1,1,1,0,1,1,1,1,0,1,0,0,1,1,0,1,1,1,0,0,1,1,1,1,0,0,1,0,1,1,0,1,1,0,1,1,0,0,1,1,1,0,1,1,0
0,0,1,1,0,0,0,1,1,0,0,1,0,0,1,0,1,0,1,0,0,1,0,1,0,0,0,1,0,0,0,0,0,0,1,1,0,1,0,1,1,0,0,1,1,0,0,0,1,0,1,1,1,1,0,1,0,1,1,0,1,0,1,0,0,0,1,1,1,1,0,0,0,0,0
1,0,0,0,1,0,0,1,1,0,0,0,0,0,0,1,1,0,0,0,0,1,0,1,0,0,0,0,1,0,1,0,1,0,1,1,0,1,0,1,0,0,0,1,1,1,1,0,1,1,1,1,0,1,0,0,0,0,1,1,0,1,1,0,1,0,0,1,1,1,0,1,0,1,1
1,0,0,1,1,0,0,1,0,1,0,1,0,0,0,0,1,1,1,0,1,1,0,1,0,0,1,1,1,0,0,0,1,0,1,0,1,1,1,1,1,0,0,1,1,0,1,0,1,1,1,1,1,1,1,1,0,0,0,0,1,1,1,1,1,0,1,0,1,1,1,0,0,1,1
1,0,1,1,1,1,1,1,0,1,1,1,0,0,0,0,0,1,0,0,0,1,1,1,0,0,1,1,1,1,0,1,1,0,0,0,1,0,1,0,1,1,0,1,1,0,1,0,0,1,0,1,1,1,1,1,0,0,0,1,1,0,0,0,1,0,1,1,1,1,0,0,0,1,1
0,0,0,0,1,1,1,1,1,0,0,1,0,0,0,1,1,1,0,0,0,1,1,1,1,1,0,0,1,1,0,0,1,0,0,0,1,1,0,1,1,0,0,1,0,0,1,1,1,1,1,0,1,1,0,1,1,1,1,1,1,0,1,1,1,0,0,0,0,1,1,0,1,1,1
1,0,1,0,0,0,1,1,0,1,1,0,0,1,1,0,0,0,1,0,1,1,0,1,1,0,1,0,0,0,1,1,0,0,0,1,0,1,0,0,0,1,0,1,1,0,0,0,1,1,0,1,1,1,0,1,1,1,1,1,1,0,1,0,0,1,1,1,1,1,0,0,0,1,0
0,0,1,1,1,0,0,1,0,1,0,1,0,0,0,0,0,1,0,0,0,0,0,1,0,1,0,0,1,1,1,0,1,0,1,0,1,1,1,0,1,1,1,1,1,0,1,1,0,1,1,1,1,0,1,1,1,1,0,0,0,0,1,0,1,0,0,0,0,1,0,0,0,1,0
0,0,0,1,0,1,0,1,0,1,0,1,1,1,0,1,1,0,0,1,0,1,1,1,1,1,1,0,1,0,0,0,1,0,0,1,1,1,1,0,1,1,1,1,1,0,1,0,1,0,1,0,0,1,0,1,0,0,0,1,0,0,0,0,1,1,1,0,0,1,1,0,1,1,0
1,1,1,0,1,1,0,1,0,0,0,1,1,1,0,0,1,1,0,0,0,0,1,1,0,0,1,1,1,1,1,1,1,1,0,0,0,0,1,0,1,1,0,0,1,0,1,0,1,0,0,0,1,0,0,0,0,0,1,0,0,0,1,0,1,0,0,0,0,1,0,0,0,1,0
1,0,0,0,1,1,0,1,0,1,1,0,0,1,0,1,1,0,0,1,1,1,0,0,1,0,1,1,1,0,1,1,1,0,0,0,0,0,1,0,1,1,1,1,0,0,0,0,0,1,0,1,1,1,1,1,0,0,0,1,0,0,0,1,0,0,0,0,0,1,1,1,1,1,0
1,0,0,1,1,1,0,1,0,1,0,0,1,0,1,1,0,1,0,1,0,1,0,1,1,1,1,0,0,1,1,0,0,1,0,0,0,0,1,0,0,0,0,1,1,0,0,0,0,0,0,0,1,1,0,1,0,1,0,1,0,1,0,0,0,0,1,0,1,1,0,1,0,1,0
1,1,0,0,0,1,0,1,0,0,0,0,1,0,0,1,0,0,0,0,0,1,0,0,1,1,1,0,1,0,1,1,1,0,1,1,1,1,0,1,1,0,0,1,1,0,0,1,0,0,1,1,1,1,0,1,1,1,1,0,0,1,1,0,0,0,1,1,0,1,0,1,0,1,0
1,0,0,0,0,0,0,1,0,1,0,1,0,0,1,1,1,0,0,0,1,1,0,1,0,1,0,0,1,0,1,0,1,0,0,0,0,1,1,0,1,1,1,1,0,0,0,1,1,1,1,1,1,1,0,1,1,1,1,1,0,0,1,1,1,0,0,1,0,1,1,1,0,1,0
1,1,1,1,0,0,0,1,0,1,1,1,0,0,0,0,1,0,0,1,0,1,0,0,0,0,0,1,0,1,0,0,1,0,1,0,1,0,0,0,0,1,0,1,1,0,0,0,0,0,1,1,1,0,0,1,0,0,1,0,1,0,1,0,1,0,1,1,1,1,0,0,0,1,1
1,0,0,1,0,1,1,1,0,0,0,1,1,1,0,1,1,1,0,1,0,1,1,1,0,0,1,1,0,1,1,0,1,1,1,1,0,1,1,1,1,0,0,1,0,1,1,0,1,0,1,0,1,1,0,1,0,0,1,0,1,1,1,1,0,0,1,1,1,1,0,1,0,1,0
1,0,0,1,0,0,1,1,0,0,0,1,1,1,0,1,0,0,0,0,1,1,1,1,1,1,0,0,1,0,1,1,1,0,0,0,0,0,0,1,1,0,0,1,1,1,0,0,0,1,1,0,1,1,0,1,1,0,0,1,0,0,0,0,0,0,1,1,1,1,1,1,1,1,0
1,0,0,1,0,0,0,1,1,0,1,0,0,0,0,0,1,0,0,0,1,1,0,1,1,0,1,1,0,1,1,1,1,0,1,0,1,1,0,0,1,1,0,1,0,0,0,0,0,1,1,1,1,1,0,0,1,1,0,0,0,0,0,0,1,0,1,0,0,1,0,1,0,0,0
1,0,0,0,0,0,0,1,0,1,0,0,0,0,1,1,1,1,0,0,0,1,0,0,0,0,1,1,1,0,1,0,0,0,0,0,0,0,0,1,1,0,0,1,1,0,0,0,1,0,1,0,1,0,1,1,1,0,1,0,0,1,1,0,1,0,0,0,1,1,0,1,0,1,1
1,0,0,1,1,0,0,1,0,1,0,0,0,0,0,0,1,1,0,0,1,1,1,1,1,1,1,0,1,0,0,1,1,0,1,1,0,0,1,0,1,1,1,1,0,1,1,0,0,1,1,0,1,1,1,0,1,0,0,1,0,0,1,0,0,0,0,0,1,1,1,1,0,1,0
0,0,0,1,0,0,0,1,1,1,1,0,0,0,1,0,1,0,0,0,0,1,1,1,0,0,1,0,0,1,0,0,0,0,1,0,0,1,1,0,1,1,0,1,1,1,0,0,0,1,1,1,1,1,0,1,1,0,1,0,0,1,0,0,1,0,0,0,0,1,0,1,1,1,0
1,0,1,1,1,0,0,1,0,1,1,0,1,1,0,1,1,0,0,0,1,0,0,0,0,1,0,1,1,0,0,0,1,0,1,1,1,0,0,1,0,0,0,1,0,1,0,0,0,0,1,1,1,1,0,1,0,1,0,0,0,0,0,0,0,1,0,0,0,1,0,1,0,1,1
1,0,0,1,1,1,1,1,0,1,0,1,1,0,1,1,1,1,0,1,1,0,1,1,0,1,1,1,0,0,1,0,0,0,0,0,0,0,0,1,1,0,1,1,0,0,0,0,0,0,1,0,1,0,1,1,0,0,0,0,1,0,1,0,0,0,0,1,1,1,1,0,1,1,1
0,1,1,0,0,0,1,1,0,1,0,1,0,0,1,1,1,1,0,0,0,1,1,1,0,0,0,1,1,0,1,1,1,0,1,1,0,0,0,1,1,0,0,1,0,1,1,0,1,0,0,0,1,0,0,0,0,0,1,0,0,1,1,0,1,0,0,0,1,1,0,0,0,1,1
1,0,0,0,1,0,0,1,1,0,0,0,1,0,0,1,1,1,1,1,1,1,0,0,0,0,1,0,0,0,1,1,1,0,0,1,1,1,1,0,1,1,0,1,0,0,0,1,1,0,0,1,1,1,0,1,1,1,1,1,0,0,1,0,1,0,0,1,1,1,0,0,0,1,0
0,0,0,0,0,1,0,0,0,1,0,1,1,0,0,0,1,0,1,0,1,1,0,1,0,0,1,0,1,0,1,1,1,0,0,1,1,1,0,1,1,1,1,1,1,0,0,1,0,0,1,1,1,1,1,1,1,0,1,0,1,0,1,1,1,1,0,0,0,1,1,0,1,1,0
1,0,0,1,0,1,1,1,0,0,1,0,1,1,1,0,1,1,1,0,1,1,1,1,0,0,1,0,1,0,1,0,1,1,1,0,0,0,0,0,0,1,0,1,1,1,1,1,1,1,1,0,1,1,0,1,1,1,1,1,1,1,1,1,1,0,1,1,0,1,1,0,0,1,1
1,0,0,1,0,1,0,1,0,1,0,1,1,1,1,1,1,0,0,0,0,1,0,1,0,0,1,0,1,0,0,1,0,1,1,1,1,0,0,1,0,0,0,1,1,1,0,0,0,1,1,1,1,1,0,1,0,1,1,1,0,0,1,0,1,0,0,0,0,1,1,0,0,1,1
1,0,1,0,1,0,0,1,0,0,1,0,0,0,1,1,1,1,0,0,0,1,1,1,0,1,1,1,0,0,1,1,0,1,1,1,0,0,1,0,1,1,0,1,0,1,1,1,1,1,1,1,1,1,0,1,1,1,1,1,0,0,1,0,1,0,0,0,0,1,0,0,0,1,0
1,0,0,1,0,1,0,1,0,1,0,1,0,0,0,1,1,1,0,0,1,1,1,1,0,0,1,0,1,0,1,0,1,0,1,0,0,0,0,1,0,0,0,1,1,0,1,0,0,1,0,0,1,1,0,0,0,0,1,1,0,0,1,1,1,0,1,1,1,1,1,0,1,0,0
1,0,0,0,1,1,0,1,0,0,1,0,0,0,0,0,0,1,0,1,1,1,1,1,0,0,1,1,0,1,0,1,1,0,1,0,1,1,1,0,1,1,0,1,0,1,1,0,0,1,1,1,1,1,1,1,0,1,1,0,0,0,1,0,0,0,1,1,0,1,0,0,1,1,1
1,1,0,0,1,0,0,0,1,0,0,1,0,0,0,1,1,0,1,0,1,1,1,1,1,1,0,0,0,0,0,0,0,0,0,0,0,0,1,0,1,0,0,1,0,1,0,0,0,0,1,0,1,0,1,0,0,0,1,0,1,0,1,0,1,0,0,0,1,1,1,0,0,1,0
1,0,0,1,0,0,0,1,0,0,1,1,0,0,0,0,1,1,0,0,0,1,0,1,1,0,1,0,0,0,0,1,1,0,1,1,0,1,1,1,1,0,1,1,0,1,1,0,0,1,0,1,1,1,0,1,1,1,0,1,0,0,0,0,1,0,0,0,0,1,1,0,0,1,0
1,0,0,0,1,0,0,1,0,1,1,1,0,1,0,0,0,0,0,0,1,1,1,1,0,0,1,0,0,0,1,1,1,0,1,0,1,1,1,0,1,1,0,1,1,0,1,0,1,1,1,1,1,0,1,1,0,0,0,0,0,0,1,0,1,0,0,0,0,1,0,1,0,1,1
1,1,0,1,0,0,1,1,0,1,1,1,1,0,0,0,0,1,1,0,1,1,1,1,0,0,1,1,0,0,0,1,1,0,1,0,1,0,0,1,1,0,0,1,1,0,1,1,1,0,1,1,1,1,0,1,1,1,0,0,1,1,1,0,1,0,0,0,0,1,1,0,0,0,0
1,0,0,1,0,0,0,1,1,1,0,1,1,0,0,0,1,0,0,0,1,1,0,1,1,1,1,1,0,1,1,1,1,0,0,0,0,0,1,0,1,1,1,1,1,1,0,0,1,1,1,1,1,1,1,1,0,1,1,0,0,1,1,0,1,0,1,1,1,1,0,1,0,1,0
1,0,1,1,1,0,0,1,0,1,0,1,0,0,0,1,1,1,0,1,0,1,0,1,0,1,1,0,0,1,0,1,0,0,1,0,1,1,1,0,1,1,1,1,1,1,0,0,1,0,0,1,1,1,0,1,0,0,0,1,1,1,1,0,0,1,0,1,0,1,1,0,0,1,1
0,0,1,0,0,0,0,1,1,0,1,0,1,0,0,1,1,1,1,1,0,1,0,1,1,0,1,0,1,0,1,0,1,0,1,0,1,1,1,0,1,1,0,1,0,0,1,0,0,1,0,1,1,1,0,0,0,0,1,1,1,1,0,0,0,0,1,1,0,0,0,0,0,0,1
1,0,0,1,1,0,0,1,0,1,0,1,0,0,0,1,1,0,1,1,1,1,0,1,0,1,1,0,1,0,1,1,1,0,0,0,1,0,0,1,1,0,0,1,0,0,1,0,1,1,1,0,1,1,0,1,0,1,0,1,0,0,0,0,0,0,1,1,1,1,0,1,0,1,0
1,1,0,0,1,0,0,1,0,1,0,1,0,0,1,1,0,1,1,0,0,1,1,1,0,0,0,0,1,0,0,1,0,0,1,0,1,0,0,1,0,0,1,1,1,0,0,0,0,1,1,1,1,1,0,1,0,1,1,1,0,0,1,0,1,0,0,0,1,1,1,1,0,1,0
1,0,0,0,0,1,0,1,0,0,0,1,0,1,1,0,1,0,0,0,0,1,1,1,0,1,1,0,0,0,1,0,0,0,1,0,1,1,1,0,0,1,0,1,0,1,0,1,0,0,1,1,1,0,1,1,1,1,1,1,1,1,1,1,1,0,0,0,0,1,1,0,0,1,0
1,0,0,0,0,0,0,1,1,1,0,0,0,0,1,0,1,1,0,0,0,0,0,1,0,0,0,1,0,0,1,0,0,0,0,0,1,1,1,0,1,0,1,1,0,0,0,0,0,0,1,1,1,1,0,0,0,1,1,1,0,1,1,0,0,1,1,1,0,1,1,1,0,1,0
1,0,0,0,0,0,0,1,0,1,0,0,1,0,0,1,1,0,0,0,1,1,0,1,0,1,0,1,1,0,0,1,1,0,1,1,0,0,0,1,1,1,0,1,0,1,0,0,0,0,0,0,1,1,0,1,0,1,0,1,0,1,1,1,0,1,1,1,1,1,1,1,0,1,1
1,0,0,1,1,0,0,1,0,0,0,0,0,0,0,1,1,0,0,1,1,1,0,0,0,0,0,1,1,1,1,0,1,1,0,0,0,0,1,0,1,0,0,1,0,1,0,0,0,1,1,1,1,0,1,1,0,0,0,0,0,1,0,1,1,0,0,1,0,1,0,1,1,1,0
0,1,1,1,1,0,0,1,0,1,1,0,0,1,0,1,1,1,0,0,1,1,1,1,0,1,1,0,0,0,0,0,0,0,0,0,0,1,0,0,1,1,0,1,1,0,1,0,0,1,1,0,1,0,0,1,0,1,0,1,0,0,1,0,1,0,1,0,1,0,0,0,1,0,0
0,0,1,1,0,1,0,1,0,1,1,1,1,1,0,0,1,1,1,0,1,1,0,1,0,1,1,0,1,0,1,0,1,0,1,0,0,0,1,0,1,1,1,1,0,0,1,0,0,0,0,1,1,0,1,1,0,0,0,1,1,1,0,1,1,1,0,1,1,1,1,1,1,1,0
1,0,1,1,1,0,0,1,1,1,0,1,0,0,0,1,0,0,0,0,1,1,0,1,0,1,0,1,1,0,0,0,1,0,0,1,0,1,0,1,1,0,0,1,0,1,1,0,0,0,1,1,1,0,1,0,0,0,1,0,1,0,0,0,1,0,1,1,0,1,0,1,1,1,0
1,0,0,1,1,0,0,1,1,0,0,0,0,0,0,1,0,0,0,0,1,1,0,1,0,0,1,0,1,0,0,1,1,1,1,1,0,0,0,1,0,0,0,1,0,0,1,0,0,1,1,1,1,0,1,0,0,1,0,1,0,1,1,0,0,1,0,1,1,1,1,1,1,1,1
1,0,0,0,0,1,0,1,0,0,1,1,0,0,1,0,1,0,1,0,1,1,1,1,0,0,1,1,0,0,0,1,0,0,1,0,1,0,1,0,1,1,0,1,0,1,0,1,0,1,1,0,1,1,0,1,1,0,1,1,1,0,1,1,1,0,0,1,1,1,1,1,1,1,0
1,0,1,0,1,1,0,1,0,0,0,0,0,0,1,0,1,1,1,0,1,1,0,1,1,0,1,0,1,1,0,1,1,0,0,1,0,0,0,1,0,1,1,1,1,0,1,0,1,0,1,0,1,1,0,0,0,1,1,0,0,0,1,0,1,0,0,0,0,1,0,1,0,1,0
1,0,1,1,0,0,1,1,0,0,0,0,0,0,0,1,1,0,0,0,0,1,0,1,0,1,1,0,0,1,0,0,0,0,0,0,1,0,0,0,1,1,0,1,1,1,0,1,1,1,1,1,1,1,0,1,1,1,1,0,1,0,0,1,1,0,1,0,0,1,0,1,0,1,0
1,0,1,1,0,0,0,1,1,1,0,0,0,1,1,1,1,0,0,1,0,1,0,1,0,0,1,0,1,0,1,0,1,0,0,1,0,1,0,1,1,1,0,1,0,1,0,0,0,1,1,0,1,1,0,0,0,0,1,0,0,1,1,0,1,1,1,1,0,1,0,1,1,1,0
1,0,1,1,1,0,0,1,0,0,0,1,1,1,1,1,1,1,1,0,1,1,0,1,1,0,1,1,1,0,0,0,0,0,1,0,1,1,1,0,1,0,1,1,1,0,0,0,1,1,0,1,1,1,0,1,0,1,1,1,1,1,0,1,1,0,0,1,1,1,1,1,0,1,1
0,0,1,1,1,1,0,1,0,0,1,1,0,0,0,0,1,1,1,0,0,1,0,1,0,1,1,0,0,0,1,1,0,1,0,0,1,1,0,1,1,1,0,1,0,1,1,0,1,0,1,0,1,1,0,1,0,1,0,1,1,0,1,0,0,1,1,1,0,1,0,0,0,0,0
1,0,0,1,0,1,0,1,0,0,1,1,1,0,0,0,0,0,1,0,0,1,0,1,0,1,1,0,1,0,1,0,0,1,1,1,0,0,0,1,1,0,0,0,1,0,0,1,0,0,1,1,1,1,1,1,1,0,1,0,1,0,0,0,0,0,1,1,1,1,0,1,1,0,0
1,0,0,0,0,1,0,1,0,0,1,1,1,0,0,1,1,0,0,0,0,1,0,0,1,0,1,1,0,1,1,0,1,1,1,0,1,0,1,1,1,0,0,1,0,1,0,1,0,0,1,0,1,0,1,1,1,1,1,1,1,1,1,0,0,0,0,0,1,1,1,1,0,0,0
1,1,0,0,1,0,0,1,1,0,1,0,0,0,0,1,0,1,0,0,0,1,0,0,1,1,1,0,0,1,1,0,1,0,0,1,0,0,0,0,1,1,0,1,0,0,0,0,1,1,1,1,1,0,0,1,0,1,1,0,0,1,1,0,0,0,0,1,0,1,0,0,0,1,1
1,0,0,0,1,1,0,1,0,0,1,1,1,0,1,1,1,0,0,0,0,1,0,0,0,0,1,0,0,0,0,1,0,0,0,0,1,0,1,0,1,1,1,1,0,1,0,1,0,1,1,1,1,1,0,1,1,0,1,0,0,0,1,0,1,0,1,1,1,1,0,1,1,1,0
1,0,1,0,1,0,0,0,1,0,0,1,0,0,1,1,1,1,0,1,0,1,0,0,0,0,1,1,0,1,0,0,0,1,1,0,1,0,1,0,1,0,0,1,0,1,0,0,1,1,1,1,1,1,0,0,1,1,0,0,1,0,0,0,0,1,1,1,1,1,0,0,0,0,1
1,0,0,0,0,0,0,0,0,0,0,1,0,0,1,1,1,1,1,0,1,1,0,1,0,1,1,0,0,0,0,0,0,1,1,0,0,0,1,0,1,0,0,1,1,1,0,0,0,0,1,1,0,0,1,1,0,1,0,1,1,1,1,0,0,1,0,0,1,1,0,0,0,1,0
1,1,1,0,1,1,0,1,0,1,0,1,1,1,1,1,1,1,1,0,0,1,0,1,0,0,1,1,0,0,0,0,0,0,1,0,1,0,1,0,1,1,1,1,0,0,1,0,1,0,1,1,1,1,1,0,0,0,1,1,0,1,1,0,1,0,0,0,1,1,1,0,1,1,0
1,0,0,0,1,0,0,1,0,0,0,1,1,0,0,0,1,0,0,0,0,0,0,1,0,1,1,1,0,1,0,1,1,0,1,0,0,0,1,0,1,0,0,1,0,1,1,1,1,0,1,1,1,1,0,1,1,1,1,1,1,1,0,0,1,0,0,0,1,1,1,1,0,1,0
1,0,0,1,0,1,0,1,0,0,0,1,0,0,0,1,0,0,1,0,1,1,0,1,0,0,1,1,0,0,1,0,0,0,1,0,1,0,1,0,1,1,0,1,0,1,1,0,1,0,1,1,1,0,1,0,0,1,0,1,1,1,1,0,1,0,0,1,0,1,0,1,1,1,1
1,1,1,1,0,1,0,1,1,0,1,1,0,0,1,1,0,1,0,0,0,1,0,0,0,0,1,1,0,1,0,0,0,0,1,1,0,1,0,1,1,1,1,1,1,1,1,1,0,1,1,1,0,1,1,0,0,0,0,0,1,0,1,0,1,0,0,0,1,1,1,1,0,1,0
1,0,0,0,1,0,0,1,1,1,1,1,0,0,1,0,1,0,1,1,1,1,0,1,0,0,0,1,1,0,1,1,0,0,1,0,0,1,0,0,0,1,0,0,0,1,0,1,0,1,1,1,1,1,0,1,0,1,1,1,1,0,1,0,1,0,1,0,1,1,1,1,0,1,1
0,0,1,0,0,0,0,1,0,0,0,1,1,0,0,0,0,1,0,0,1,1,1,1,0,0,0,0,1,0,1,1,0,0,1,0,1,0,1,0,1,1,0,1,0,1,0,0,0,0,1,1,1,1,0,0,0,1,1,1,1,0,0,1,1,0,0,0,0,1,0,0,0,1,0
0,0,0,0,1,0,0,1,1,0,1,1,0,1,1,1,1,1,1,0,0,1,0,1,0,0,1,0,1,0,1,0,0,0,1,0,0,1,1,0,1,1,0,1,0,1,1,0,0,1,0,0,1,1,0,0,0,0,1,0,0,1,1,1,1,0,0,0,1,0,0,0,1,1,0
1,1,1,0,0,0,0,1,1,0,0,1,1,0,0,1,1,0,0,0,1,1,0,1,0,1,1,1,1,0,0,1,1,0,1,1,1,1,0,1,1,1,1,1,1,1,0,0,0,0,0,1,1,0,0,0,0,1,1,1,1,1,0,0,1,0,0,1,0,1,1,1,0,1,0
0,0,1,1,1,0,1,1,0,1,1,1,0,0,1,1,0,1,0,0,0,1,1,1,0,0,0,0,1,0,1,0,0,0,1,1,1,1,0,1,0,1,0,1,0,1,0,1,1,1,0,1,1,1,0,0,1,0,1,1,0,1,0,0,1,0,0,0,0,1,0,1,0,0,1
1,1,0,1,0,0,0,1,0,1,0,1,1,0,0,1,1,0,0,1,1,0,0,0,1,1,1,0,0,1,0,0,0,0,1,0,0,1,1,0,1,0,1,1,1,0,0,0,0,1,1,1,1,0,1,0,0,1,0,1,1,0,0,0,1,0,0,0,1,1,1,1,1,1,0
1,0,0,0,1,0,0,1,1,0,1,0,1,0,0,0,1,0,1,0,1,1,0,0,0,1,1,0,0,1,0,0,1,1,0,0,0,0,1,0,0,1,1,1,1,0,0,1,1,0,1,1,0,1,0,1,0,0,1,0,0,1,1,1,0,0,0,0,1,1,1,1,1,1,0
1,0,0,1,0,0,0,1,0,1,1,1,0,0,0,1,0,1,1,0,1,1,0,1,0,0,0,1,0,0,0,0,0,0,1,0,0,1,0,1,1,1,0,1,1,0,1,0,0,1,1,0,1,1,0,1,1,0,0,1,1,1,1,0,1,0,0,0,0,1,0,0,0,1,0
1,0,0,1,0,1,0,1,1,1,1,1,0,0,0,0,1,1,0,0,1,1,1,1,0,0,1,1,0,0,1,0,0,0,1,1,0,1,1,1,1,1,0,1,0,1,0,1,1,1,1,0,0,1,0,0,0,1,0,1,1,1,1,0,0,0,0,1,0,1,0,0,1,1,0
1,0,0,0,1,1,0,1,0,0,1,0,0,0,0,0,1,1,0,0,0,0,0,1,1,1,1,0,0,1,1,1,0,0,1,0,0,0,1,0,1,1,1,1,0,1,0,0,0,0,0,1,1,0,0,1,0,0,1,0,0,0,1,0,1,0,1,0,0,1,1,1,1,0,0
1,1,1,1,0,1,0,1,0,1,1,0,0,0,1,0,1,0,0,0,0,1,0,1,0,0,1,0,0,0,1,1,0,0,1,0,0,1,0,0,1,1,0,1,0,0,0,0,1,1,0,1,1,1,0,1,0,1,1,1,0,0,1,1,1,0,1,0,1,1,1,1,0,0,0
0,0,0,1,0,1,1,1,0,1,0,0,0,0,1,0,1,1,0,0,1,1,0,1,0,0,1,1,0,1,0,0,0,0,0,0,1,1,0,0,1,1,1,1,0,0,1,1,1,1,1,1,1,1,0,1,1,0,1,0,0,0,1,1,1,0,0,1,1,0,1,0,0,1,0
1,1,1,1,1,0,0,1,0,1,0,0,0,0,1,0,0,1,1,1,1,1,0,1,0,0,1,1,1,1,0,0,0,0,0,1,0,1,0,0,1,1,0,1,1,1,0,0,0,0,0,1,1,1,0,1,1,0,0,1,0,0,0,1,0,0,0,0,0,1,0,1,1,1,1
0,0,0,1,0,1,0,1,1,0,1,1,0,0,1,1,1,0,1,0,1,1,0,1,0,0,1,1,0,0,1,0,0,0,1,0,0,0,1,1,0,0,0,1,0,0,0,1,0,1,1,1,1,1,0,0,0,0,1,1,1,1,1,1,0,0,1,0,1,1,1,1,1,0,0
1,0,0,0,0,1,0,1,0,0,0,1,1,0,1,0,1,1,1,0,0,1,0,1,0,0,1,0,0,0,1,0,1,0,1,0,0,0,0,0,1,0,0,1,0,1,0,1,1,1,1,0,1,0,0,1,1,1,1,0,0,0,1,0,1,0,1,1,1,1,0,1,0,1,0
1,0,0,0,1,0,1,0,1,1,0,1,0,1,1,1,1,0,1,1,1,1,1,1,1,1,1,0,0,1,1,0,0,0,1,1,1,0,0,1,1,0,0,1,0,1,0,1,0,1,1,0,1,0,1,0,1,1,0,1,1,1,1,1,1,1,0,0,1,1,0,1,1,0,1
1,0,1,0,1,0,1,1,0,1,1,1,0,0,0,0,0,1,0,0,1,1,1,1,0,0,1,1,1,1,0,1,1,1,1,0,0,0,1,0,1,1,0,1,0,0,0,1,0,1,1,0,1,1,0,0,1,1,0,1,0,0,1,0,0,1,0,1,0,1,1,0,1,0,1
1,0,0,0,1,0,1,1,1,1,0,0,0,0,1,1,1,1,0,1,1,1,1,1,1,0,0,0,1,1,1,0,0,0,1,0,0,1,1,0,1,0,1,1,0,1,1,0,1,0,1,0,1,1,0,1,0,1,1,0,0,1,1,0,1,0,0,1,1,1,1,0,0,1,1
1,1,1,0,0,1,1,0,0,0,0,1,0,0,0,1,1,1,0,0,0,1,1,1,1,0,1,1,1,0,1,0,1,0,0,1,0,1,0,1,1,0,0,1,1,1,0,0,0,0,1,1,1,1,0,1,1,0,1,1,0,1,1,0,0,1,0,1,1,1,0,0,0,1,0
1,1,0,1,0,0,0,1,1,0,0,1,0,1,0,0,1,0,1,0,0,1,1,1,0,1,1,0,1,0,0,1,0,0,0,0,1,0,1,0,1,1,0,1,1,0,0,0,0,1,0,0,1,0,1,0,0,0,0,1,0,1,1,0,0,0,1,1,0,1,0,1,1,1,0
1,0,1,1,1,0,1,1,0,0,0,0,1,0,1,0,1,1,1,0,1,1,1,1,0,0,1,1,0,0,1,0,0,0,1,0,0,0,1,0,1,1,1,1,0,1,1,1,0,0,1,0,1,0,0,1,0,1,0,0,0,1,1,0,1,0,0,1,0,1,1,0,0,1,0
1,0,0,0,0,1,0,1,0,0,1,0,0,0,1,1,1,0,1,1,0,1,1,1,0,0,1,0,1,0,1,1,0,0,1,1,1,0,0,1,0,1,0,1,1,0,0,0,1,1,1,0,1,1,0,1,0,1,0,0,0,0,0,0,1,0,0,0,0,1,0,0,0,0,0
1,0,0,0,1,0,0,1,0,0,0,1,0,1,0,1,1,0,1,1,1,0,0,0,0,0,1,0,1,1,1,1,1,0,0,0,0,0,0,1,1,0,0,1,0,1,1,1,0,1,0,1,1,1,0,1,0,0,0,1,1,0,0,0,0,0,1,1,1,1,0,1,1,1,0
1,1,0,1,1,0,0,0,1,0,0,0,0,0,0,1,0,0,1,0,1,1,0,1,0,0,0,0,1,0,1,0,1,0,1,1,1,1,0,1,1,0,1,1,1,0,1,0,0,1,1,1,1,1,0,1,0,0,0,1,0,1,1,1,1,1,0,0,1,1,1,1,1,1,1
0,1,0,1,0,0,0,1,0,0,0,1,1,0,0,1,1,1,0,1,1,1,1,1,0,1,1,0,1,1,1,0,0,0,0,0,0,1,0,1,1,1,0,1,0,1,1,1,1,0,1,0,1,0,0,1,0,1,0,1,0,1,1,0,1,0,0,0,1,0,0,1,0,0,0
1,0,0,0,0,1,0,1,0,0,0,0,0,1,1,1,1,0,1,0,1,0,1,1,1,0,1,0,0,0,0,1,0,0,1,0,1,0,1,0,1,0,0,1,1,1,0,0,1,1,1,0,0,1,0,0,0,0,0,1,1,0,1,0,0,1,0,1,1,1,0,0,1,0,0
1,0,0,1,1,0,0,1,1,0,0,0,1,1,0,0,1,1,1,0,1,1,0,1,1,0,1,1,1,1,1,0,1,0,0,0,1,1,1,0,1,1,0,1,0,0,0,1,1,0,1,1,1,1,1,0,1,0,1,0,0,1,1,0,0,0,1,0,1,1,0,0,1,1,0
0,1,1,0,1,1,0,1,0,0,1,1,0,0,0,0,1,0,0,0,0,0,0,0,1,0,1,0,1,1,1,1,1,0,0,0,0,0,0,1,1,1,1,1,1,1,1,1,1,1,1,0,1,0,0,1,1,0,1,0,0,1,1,0,1,0,0,0,1,1,0,1,0,1,0
1,1,1,0,1,0,0,0,0,1,1,1,1,0,0,0,1,0,0,0,1,1,0,1,0,1,1,1,1,1,1,0,1,0,1,0,1,1,1,0,1,0,0,1,1,0,0,0,0,1,1,0,1,1,0,1,0,0,0,1,0,1,1,0,1,0,0,0,1,1,1,1,0,0,1
1,0,0,1,0,1,1,1,0,1,0,1,0,0,1,1,1,0,1,1,0,1,0,0,0,0,1,1,1,1,1,1,0,0,0,1,0,0,0,1,0,0,0,1,0,1,0,1,1,1,1,1,1,0,1,1,1,1,0,0,1,0,0,1,0,0,0,0,1,1,0,1,0,1,1
0,0,0,1,0,0,0,0,1,0,0,0,0,0,1,0,1,1,0,1,0,1,0,0,0,0,1,0,1,1,0,0,0,0,1,0,0,1,1,0,1,1,1,1,1,1,1,0,1,0,0,0,1,0,0,1,0,1,1,1,0,1,0,0,0,1,1,1,1,1,1,1,0,1,0
0,0,0,1,1,1,0,1,0,0,0,1,1,0,0,1,0,0,0,0,0,1,1,1,0,1,0,1,1,0,1,1,1,0,1,0,1,1,1,0,0,0,0,1,0,1,0,0,1,0,0,1,1,0,1,1,0,1,0,0,1,0,0,0,0,0,0,1,1,0,0,1,0,0,0
1,0,0,1,1,1,0,1,0,0,1,1,0,0,0,1,1,0,0,0,0,1,0,1,0,1,1,1,0,1,0,1,0,0,1,0,0,1,1,0,1,0,0,1,0,1,0,1,1,0,1,1,1,1,0,1,1,1,1,0,1,0,1,0,1,0,0,0,0,1,0,1,0,1,1
1,1,1,1,0,1,0,1,0,1,0,1,0,0,0,1,1,0,1,0,1,1,0,1,1,0,1,1,0,0,0,0,1,0,0,1,0,1,0,1,1,0,0,1,1,0,1,1,1,1,1,0,1,1,1,0,0,0,0,1,0,1,0,0,0,0,0,0,1,1,0,1,0,1,1
1,0,1,1,1,0,0,1,0,0,1,1,0,0,0,0,1,1,0,0,0,1,0,1,0,0,0,1,1,1,1,0,0,0,1,0,0,1,0,1,1,0,0,1,0,1,0,0,0,1,1,1,1,1,0,1,0,1,0,1,0,0,0,0,1,0,1,1,1,1,0,0,1,1,1
1,0,1,0,1,1,0,1,1,0,0,0,1,1,0,0,1,0,0,0,0,1,1,1,1,1,0,0,1,0,1,1,1,0,1,0,0,0,1,0,0,1,1,1,1,1,0,0,1,1,1,0,1,1,0,1,1,1,0,1,1,0,0,1,1,0,0,0,1,1,1,0,0,0,1
1,1,1,0,1,1,0,0,0,1,0,0,0,0,1,1,1,1,0,0,1,1,1,1,1,0,1,0,1,1,0,1,1,0,1,0,1,1,0,1,0,0,0,1,1,0,1,0,0,0,0,1,1,1,0,1,0,1,0,1,0,1,0,0,0,1,0,1,1,1,0,1,1,0,1
1,0,0,1,1,1,0,1,0,1,0,1,0,0,1,1,1,0,1,0,1,1,0,1,0,0,0,0,1,1,1,1,1,1,1,1,0,1,0,1,1,0,0,1,0,1,0,1,0,1,1,1,1,1,0,0,1,0,1,0,0,1,1,0,1,0,0,0,1,1,0,1,0,0,0
1,0,1,1,0,0,0,1,0,1,1,0,1,0,0,0,1,0,0,0,1,1,0,1,0,0,1,1,0,0,1,0,0,0,1,1,1,1,0,1,1,1,0,1,0,1,0,1,0,0,1,1,1,1,0,1,1,1,0,1,1,1,1,0,1,0,0,0,0,1,1,1,0,0,0
1,0,1,1,0,1,1,0,0,1,0,0,1,0,1,1,1,0,0,0,1,1,0,1,0,1,0,0,0,0,0,1,0,0,1,0,1,1,1,0,1,0,0,0,1,0,0,1,1,1,0,0,0,1,0,1,0,0,0,0,0,1,1,0,1,1,0,1,1,1,0,1,1,0,0
1,0,0,0,0,0,1,0,0,1,0,1,1,0,1,1,1,0,0,0,0,1,1,1,0,1,1,0,1,1,0,1,1,0,0,0,0,0,0,1,1,1,0,1,1,0,0,0,0,1,1,0,1,1,0,1,0,1,1,1,1,1,0,1,0,1,1,1,1,1,1,0,0,0,0
1,1,1,0,0,0,0,1,0,0,0,1,0,0,1,0,1,0,0,0,1,0,0,1,0,0,1,1,1,1,1,0,0,0,1,1,0,0,0,1,1,0,1,1,1,1,0,0,1,1,0,1,1,0,0,1,0,1,0,1,0,1,1,0,1,0,0,0,0,1,1,0,0,1,0
1,0,0,0,0,1,1,1,0,1,1,1,0,0,0,1,1,1,0,0,0,1,0,1,0,0,0,0,1,0,0,1,0,1,0,0,1,1,0,0,1,0,0,1,1,0,1,0,0,1,1,1,1,0,1,1,0,0,0,0,1,0,0,1,1,0,1,0,1,1,0,0,0,1,1
1,0,1,1,1,0,0,0,0,1,0,1,0,0,0,1,1,1,0,0,0,1,0,1,0,1,0,0,1,1,1,1,1,1,0,0,1,0,0,0,0,0,0,1,1,0,0,0,1,0,0,0,0,1,0,0,0,0,0,0,0,1,0,1,0,1,0,1,1,1,1,1,1,1,0
1,0,1,1,0,0,0,1,0,1,0,0,0,1,0,1,1,1,1,0,1,1,0,1,1,0,0,1,1,0,1,0,1,0,0,1,0,1,1,0,1,1,0,1,0,0,1,1,1,1,1,1,1,1,0,0,0,0,1,0,1,1,1,0,1,1,0,1,1,1,1,0,0,1,1
1,1,0,1,1,0,0,1,0,1,0,1,0,0,0,1,0,0,1,0,1,0,0,1,0,0,0,1,1,1,1,0,1,0,1,0,1,1,1,0,1,1,0,1,1,0,1,1,0,0,1,0,1,1,0,0,1,0,0,1,1,1,0,0,1,0,0,1,1,1,0,1,0,0,0
0,0,0,0,1,0,1,1,1,0,0,1,0,0,1,0,1,0,0,1,1,1,1,1,0,0,1,0,1,1,0,0,1,0,0,1,1,0,1,1,0,0,0,1,1,0,0,1,0,1,1,1,1,1,0,0,1,1,1,1,0,1,1,0,1,0,0,0,0,1,0,0,1,1,0
0,0,1,1,1,1,0,0,1,1,1,1,0,0,0,1,1,0,0,0,1,1,0,1,0,1,1,0,0,0,1,0,1,1,0,1,1,0,0,1,1,0,0,1,0,1,0,1,0,1,1,1,0,0,1,0,1,0,0,0,0,1,0,0,0,0,1,1,1,1,0,1,0,1,1
0,0,0,0,0,1,0,1,0,1,0,1,0,0,1,1,1,1,0,1,1,1,1,1,0,0,1,1,0,1,1,1,0,0,0,1,1,1,0,1,1,0,0,1,0,1,1,1,1,1,1,0,1,1,0,1,0,1,1,1,0,0,1,1,1,0,0,0,0,1,1,1,0,1,0
1,1,1,0,0,1,0,1,0,0,0,1,0,0,0,0,1,0,0,0,1,1,0,1,0,0,1,1,0,0,1,0,0,0,1,0,0,0,0,0,0,1,1,1,0,1,0,1,1,1,1,1,1,1,0,0,0,0,1,1,1,0,1,0,0,0,1,1,0,1,1,1,0,1,0
1,0,0,1,0,0,0,1,0,0,1,1,1,0,1,1,0,1,0,0,1,1,1,1,0,1,1,0,1,0,1,1,0,0,1,0,0,1,1,0,0,0,0,1,0,1,1,1,0,1,1,0,1,0,1,1,1,0,0,0,1,0,1,0,1,1,0,0,1,1,1,0,1,0,0
0,0,0,1,1,1,0,1,1,0,1,1,1,1,1,0,0,1,0,0,0,1,0,0,0,0,1,0,0,1,0,0,1,0,0,1,1,1,0,1,0,0,1,1,1,0,1,1,0,0,1,1,1,0,1,0,1,1,1,1,1,0,1,0,0,1,0,1,0,0,1,1,1,1,1
1,0,1,1,1,1,0,1,1,0,1,0,0,0,0,0,1,0,1,0,1,1,0,0,0,1,0,1,1,0,0,0,1,0,1,0,0,0,1,0,1,1,0,1,1,0,0,0,0,1,1,1,1,0,0,1,0,1,0,0,0,1,1,1,1,0,0,0,0,1,0,1,0,1,0
0,1,1,1,0,0,0,1,0,0,0,1,0,0,0,1,0,0,1,0,1,1,1,1,1,0,1,0,1,0,0,1,1,0,1,0,0,0,1,0,1,1,1,1,1,1,0,0,0,1,1,0,1,0,0,1,0,1,0,1,0,0,1,1,1,1,0,0,0,0,1,0,1,1,0
1,0,0,1,0,1,0,1,0,1,1,1,0,0,0,0,1,0,0,1,0,0,0,0,1,1,1,0,1,0,0,0,1,0,1,0,1,0,0,0,1,1,0,1,0,0,1,1,0,1,1,1,1,0,1,1,1,0,0,1,0,1,1,0,1,1,0,1,0,1,0,1,1,1,0
1,1,0,1,1,0,0,1,1,1,1,0,0,0,0,0,0,1,0,1,1,0,0,1,1,0,0,1,1,0,1,1,1,1,0,0,1,0,0,0,1,1,0,1,1,0,0,0,1,0,1,1,1,0,0,1,0,0,1,0,0,1,1,0,1,0,0,1,1,1,1,0,0,1,1
1,0,1,0,0,1,0,1,1,1,0,1,0,1,1,1,1,1,1,1,0,0,1,1,0,1,1,0,0,1,1,0,0,0,1,1,0,1,0,1,1,0,1,1,0,0,1,1,0,1,1,1,1,1,0,0,0,1,1,1,1,1,1,0,1,0,0,1,1,1,1,1,1,0,0
0,0,0,0,0,0,0,0,0,1,0,1,0,0,0,1,1,0,1,0,0,1,0,1,1,1,1,0,1,0,0,0,1,0,1,1,1,1,1,0,1,1,0,1,0,1,0,1,0,1,1,1,1,1,0,0,1,1,0,1,1,0,1,1,0,1,0,1,0,1,0,1,0,1,0
1,1,1,1,1,0,0,1,1,1,0,0,1,0,0,1,0,1,0,1,0,1,0,0,0,1,0,0,1,1,0,0,1,0,1,0,1,1,1,0,1,0,1,1,1,1,1,1,1,1,1,1,1,1,0,0,1,0,1,1,0,0,0,0,1,0,0,1,1,1,1,0,0,1,1
1,0,0,0,0,0,0,1,0,0,0,0,0,0,0,1,1,0,0,1,0,1,0,1,0,0,1,0,0,1,1,1,0,0,1,0,0,1,0,1,1,0,1,1,0,1,0,1,1,0,1,1,1,0,1,1,1,1,1,0,0,0,0,0,0,0,0,0,0,0,1,1,0,1,1
0,1,1,0,0,0,0,1,1,0,0,1,1,0,1,1,1,0,0,1,1,0,0,1,0,1,1,0,1,1,0,1,0,1,1,0,0,0,1,0,1,1,0,1,1,1,0,0,0,0,1,0,1,1,0,1,0,0,0,0,1,0,1,0,0,1,1,1,0,1,1,0,0,0,1
1,0,0,1,0,1,0,0,0,0,0,1,0,0,0,1,1,0,0,0,0,1,0,0,0,0,0,0,1,0,1,1,0,0,0,1,1,1,0,1,1,0,1,1,0,1,1,0,0,1,1,1,1,1,0,1,0,0,0,1,0,0,0,0,0,0,1,1,1,1,1,1,1,1,0
1,0,0,1,0,1,0,0,0,1,0,1,0,0,1,1,1,1,0,0,1,1,1,1,0,0,1,1,1,1,1,0,1,0,1,1,0,0,1,1,1,0,1,1,0,1,1,1,0,0,1,1,1,0,1,1,1,0,0,0,0,1,1,1,0,1,0,1,1,1,0,1,1,1,0
1,0,1,1,1,0,0,1,0,0,0,0,0,0,1,1,1,0,0,0,1,1,0,1,0,0,1,1,1,0,1,0,0,0,0,0,1,1,0,0,1,1,0,1,0,1,0,0,1,1,1,1,1,0,1,1,0,1,0,1,1,1,0,0,0,0,0,1,1,1,0,0,0,1,0
0,0,1,0,1,0,0,1,0,1,1,0,0,0,1,0,1,0,0,0,0,1,0,1,0,1,1,0,0,0,1,1,0,0,1,1,1,1,1,0,1,1,0,1,0,0,0,0,1,1,1,0,1,1,0,1,0,1,0,1,0,1,0,0,1,0,0,0,0,0,1,0,0,0,1
1,0,0,1,1,0,0,1,0,0,0,1,0,0,0,0,1,1,1,1,0,1,1,1,0,1,1,0,1,0,1,1,1,1,1,0,0,0,1,0,1,1,0,1,0,1,0,1,1,1,1,0,1,0,0,1,1,1,0,0,0,0,1,0,1,0,0,1,1,1,0,0,0,1,0
1,1,1,0,1,0,0,1,0,1,0,1,1,0,0,0,1,0,1,1,0,1,1,1,1,0,0,0,1,1,1,0,0,0,1,1,1,1,0,0,1,0,1,1,0,1,0,1,1,1,1,0,1,0,1,1,1,1,0,1,0,0,1,1,0,0,1,1,0,0,1,1,0,1,1
1,0,1,0,1,0,0,1,1,1,0,0,1,1,0,1,1,0,1,1,0,1,0,1,1,1,1,0,1,1,1,0,1,0,0,0,1,1,0,1,1,0,1,1,0,1,0,0,1,0,1,0,0,0,0,1,1,1,1,1,0,1,1,0,0,0,0,0,1,1,1,0,0,1,0
1,0,0,1,1,0,0,0,1,0,0,1,0,0,0,0,1,1,0,1,0,1,0,1,1,1,1,1,0,1,1,1,0,0,0,1,1,0,0,1,0,1,1,1,0,0,0,0,0,0,0,1,1,0,0,1,0,0,0,1,1,0,0,0,0,1,0,1,1,0,1,0,1,1,0
1,0,0,1,1,1,0,0,0,0,0,0,0,0,0,1,1,0,0,1,0,1,0,0,0,0,1,1,1,1,1,1,1,0,1,0,1,1,1,0,1,0,1,1,0,1,1,0,1,1,1,1,1,1,1,1,1,0,0,0,0,0,1,0,1,0,0,0,1,1,1,1,0,0,1
1,0,1,0,1,0,1,1,0,1,0,1,1,0,1,1,1,0,0,0,0,1,0,0,0,1,0,0,1,1,1,0,1,1,1,1,0,1,1,0,1,0,1,1,1,0,0,0,0,1,1,1,1,1,0,1,0,0,0,1,1,1,1,1,0,1,0,0,1,1,1,0,1,1,1
1,1,0,0,0,0,1,0,0,0,1,1,0,0,1,0,1,0,0,0,0,0,1,1,0,1,1,0,0,1,0,0,0,0,0,1,0,0,0,1,1,0,0,1,1,0,0,1,0,0,1,0,1,1,0,1,1,0,1,1,0,0,1,0,1,1,0,1,0,1,0,1,1,1,1
1,0,0,0,1,0,0,1,0,0,0,1,1,0,0,1,1,0,1,0,0,1,1,1,0,1,1,1,0,1,0,1,0,0,0,0,0,0,0,1,0,0,0,1,1,1,1,0,0,0,1,0,1,0,1,0,0,0,1,0,0,1,1,0,1,0,1,1,1,1,0,1,1,1,0
1,0,1,0,0,0,0,0,1,1,0,1,0,0,1,1,0,0,0,1,0,1,0,0,0,1,1,0,1,0,1,1,1,1,0,0,0,0,1,0,1,0,1,1,0,1,0,1,0,1,1,0,1,0,1,0,1,1,1,1,1,1,1,0,0,1,0,0,1,1,1,0,1,1,0
0,0,1,1,0,0,0,1,0,0,1,1,0,0,1,1,1,0,1,1,0,1,1,1,0,0,0,1,1,0,1,1,0,0,1,0,1,1,1,0,0,1,0,1,0,1,0,1,1,1,1,0,1,1,0,0,0,0,0,0,1,1,1,1,0,0,1,0,0,1,1,0,1,1,0
0,0,0,0,0,0,0,1,1,1,1,1,0,0,0,1,1,1,0,0,1,1,1,1,1,1,0,1,1,1,1,0,1,0,1,0,1,1,1,0,1,1,0,1,0,1,0,1,0,1,1,1,1,1,0,0,1,0,1,0,0,1,1,0,1,0,1,1,1,0,0,0,1,1,0
1,1,0,0,0,1,0,1,0,0,0,1,0,0,0,1,1,0,0,0,0,1,1,1,1,1,1,1,1,0,0,0,0,0,1,1,0,0,1,1,1,0,0,1,1,0,0,1,1,1,1,1,1,1,1,1,1,0,1,1,1,0,0,0,0,0,0,1,1,1,0,1,0,1,0
1,0,0,0,1,1,0,0,0,0,0,0,0,1,0,0,1,0,1,0,1,0,0,1,0,1,0,0,1,0,1,0,1,0,0,0,1,1,1,0,1,1,0,1,0,1,0,0,0,1,1,1,1,0,1,1,0,1,1,0,0,0,1,1,0,1,0,0,0,1,0,1,1,1,1
1,1,1,1,1,1,1,1,0,1,0,1,0,0,1,0,1,0,0,0,1,1,1,1,0,0,1,0,0,0,1,1,0,0,1,1,0,0,0,0,1,1,0,1,1,1,1,1,1,1,1,0,1,1,0,1,1,1,0,0,0,0,1,1,0,1,1,1,0,1,0,0,0,1,1
1,1,1,0,0,1,0,1,0,0,0,1,0,1,0,0,1,1,0,1,1,1,0,1,0,0,1,0,1,1,1,1,1,0,1,0,0,0,0,1,0,0,1,1,0,1,1,0,1,0,0,0,1,0,0,0,1,1,1,1,1,0,1,1,0,0,0,0,1,0,1,1,0,1,0
1,0,0,0,1,0,0,1,0,0,0,1,0,0,0,1,1,0,1,0,0,1,1,1,0,1,1,0,0,0,1,1,0,0,1,0,0,0,1,0,0,1,0,1,0,1,0,0,1,1,1,1,1,0,1,1,0,1,1,0,0,0,0,0,1,0,0,0,0,1,1,0,0,1,0
0,0,1,1,0,1,0,1,0,0,1,0,1,1,0,1,0,1,0,0,0,0,0,1,0,0,1,1,1,1,1,0,1,0,1,0,0,0,0,1,1,1,0,1,0,1,0,0,0,0,1,0,1,1,1,1,0,0,1,1,0,0,1,0,1,0,1,1,1,1,0,1,1,0,0
1,0,0,1,1,0,0,1,0,0,1,1,1,1,1,0,1,1,0,0,1,1,1,1,0,1,0,1,0,1,0,1,0,0,1,0,1,1,0,0,1,0,1,1,1,1,0,0,0,1,1,1,1,0,0,0,1,0,1,0,0,1,1,0,1,0,1,0,0,1,1,0,1,1,0
1,0,1,1,1,1,0,1,0,0,0,0,1,0,0,1,1,1,1,0,1,1,0,1,0,0,1,0,1,1,1,0,1,0,1,0,1,0,1,0,1,1,0,1,1,1,0,1,1,0,1,1,1,1,0,1,1,1,0,1,0,1,1,1,1,0,0,1,0,1,1,1,0,1,0
1,0,1,1,1,0,1,1,0,1,0,1,0,0,0,1,0,0,0,0,0,1,0,1,0,1,1,1,1,0,0,1,1,0,1,1,1,1,0,1,0,0,0,1,0,1,1,0,0,1,1,1,1,0,1,0,0,1,0,1,1,1,0,0,1,0,0,1,1,1,1,1,0,1,0
1,1,0,0,1,0,1,1,0,1,0,1,0,1,0,0,0,0,1,0,1,1,0,1,0,1,1,0,0,1,1,1,0,0,0,0,1,0,1,0,1,1,1,1,1,0,0,0,0,1,1,1,1,0,0,1,0,0,0,1,0,0,0,1,0,0,1,1,0,1,1,1,1,1,1
1,0,0,1,0,1,1,1,0,1,0,0,1,1,0,1,0,1,1,1,1,1,1,1,0,1,1,1,0,1,1,1,0,0,0,0,1,1,1,0,1,1,1,1,0,0,0,0,0,0,1,0,1,0,1,1,0,0,0,1,1,1,0,1,1,0,0,0,1,1,1,1,1,1,0
1,0,1,0,0,0,0,1,0,0,1,1,0,0,0,0,1,1,0,0,0,1,1,1,0,1,0,0,0,0,0,1,1,0,1,0,1,1,1,0,1,1,0,1,1,1,1,0,0,1,1,1,1,1,0,1,0,0,0,0,1,0,1,0,0,1,0,1,0,1,0,0,1,1,1
0,0,0,0,0,1,0,1,0,1,0,1,0,0,0,0,1,1,0,0,1,0,1,1,0,0,0,0,1,0,1,1,1,0,1,1,1,1,0,1,1,0,1,1,0,1,0,0,0,1,1,1,1,1,0,1,0,1,1,1,0,0,1,0,1,0,0,0,1,1,1,0,1,1,0
1,0,0,1,0,1,0,0,0,0,0,0,1,0,0,1,1,1,0,0,0,0,0,1,1,1,1,1,1,1,1,0,1,0,1,0,0,0,1,0,1,1,0,1,0,1,1,0,0,1,1,0,1,0,1,1,1,1,0,0,0,0,1,0,0,0,0,0,0,1,1,0,1,1,1
1,0,0,0,1,1,0,1,0,0,1,1,0,0,0,0,1,1,0,0,0,1,1,1,0,0,1,0,0,0,0,0,1,0,0,1,0,1,0,1,1,0,0,1,1,1,0,0,0,1,1,0,1,1,1,1,0,0,1,1,1,1,1,0,1,1,0,0,0,1,0,0,1,1,0
0,1,1,0,1,0,0,0,0,0,0,1,0,0,1,1,1,1,0,1,0,1,0,0,0,0,0,1,0,0,1,0,0,0,1,0,1,0,0,0,0,0,0,1,1,1,0,0,1,0,1,1,1,1,1,0,0,1,1,1,1,1,1,0,0,1,1,0,0,0,1,0,0,1,0
1,0,0,0,0,0,0,1,0,0,0,1,0,1,0,0,1,0,1,1,1,1,0,0,0,1,1,1,0,1,1,1,1,0,1,0,1,1,1,0,1,1,0,1,0,1,0,0,0,1,0,1,1,1,0,1,0,1,0,0,1,0,1,0,1,0,0,0,0,1,0,1,0,1,0
1,0,0,1,0,0,0,1,0,1,0,0,0,0,0,0,1,0,0,0,0,1,1,1,0,0,1,1,0,0,1,0,1,1,1,0,0,0,1,0,1,1,0,1,0,0,0,0,0,1,1,0,1,0,0,1,0,0,0,0,1,1,1,1,1,0,1,1,1,1,0,1,0,1,0
1,1,1,1,1,0,1,1,0,0,0,1,1,0,0,1,1,1,0,0,0,0,1,1,0,1,1,1,1,1,0,0,1,0,1,0,1,0,1,0,1,0,1,1,1,1,0,0,0,1,1,1,1,1,1,1,0,1,1,0,0,1,0,0,1,0,0,1,1,1,1,0,0,1,1
1,0,1,1,1,0,1,0,0,0,0,0,0,0,0,1,1,0,0,0,1,0,1,1,0,1,1,1,0,1,1,1,1,0,1,0,0,1,1,0,1,0,0,1,0,1,0,0,0,0,1,0,1,0,1,1,1,1,0,0,0,1,1,0,1,0,1,1,1,1,0,1,0,1,1
1,1,0,1,0,1,0,0,1,1,0,0,0,1,1,1,1,1,0,0,1,1,1,1,0,0,1,0,0,1,0,0,0,1,0,1,1,1,0,1,1,1,1,1,1,1,1,0,0,1,1,0,0,1,1,0,1,1,1,0,1,1,1,0,0,0,0,0,0,1,1,1,0,1,0
1,1,0,1,0,0,0,1,0,1,0,1,1,0,1,0,0,1,1,0,1,0,0,1,1,0,1,1,1,0,1,0,0,0,1,1,0,0,0,1,1,1,0,1,1,1,1,0,0,0,1,1,0,0,1,0,0,0,0,1,1,1,1,0,1,0,0,0,1,1,0,0,0,0,1
1,0,0,1,0,0,0,1,0,1,1,0,0,0,0,1,1,1,0,0,0,1,1,1,1,1,1,0,1,1,0,0,1,1,1,0,0,1,1,0,1,1,0,1,1,0,0,0,0,1,1,0,1,0,1,1,1,0,0,0,0,0,1,0,0,0,0,0,0,1,0,0,1,0,0
1,0,0,1,0,1,0,1,0,0,1,0,0,0,0,1,1,1,0,0,1,1,0,1,0,0,1,1,1,0,1,1,1,1,1,0,1,0,1,0,1,0,0,0,0,1,1,0,0,1,1,0,1,1,0,0,0,0,0,0,0,0,0,0,0,1,1,1,1,1,0,0,1,0,0
0,0,1,0,1,1,0,1,0,1,1,1,1,0,1,0,1,1,0,0,0,1,0,0,1,1,1,1,1,1,1,1,0,0,0,0,1,0,0,0,1,1,0,1,0,0,1,1,1,0,1,1,0,0,0,0,1,0,1,0,0,0,0,0,0,0,0,1,0,1,0,1,1,1,0
0,1,1,1,0,0,0,1,0,1,0,1,1,1,1,1,1,1,1,1,0,1,0,0,0,0,1,1,1,0,1,1,0,0,1,0,0,1,0,0,1,0,0,1,1,0,1,0,1,0,1,1,1,0,1,1,0,1,0,0,1,0,0,0,1,0,1,0,0,0,0,0,0,1,0
0,0,0,0,0,0,0,0,0,0,0,1,1,0,0,1,1,1,0,0,1,1,0,1,0,0,0,0,0,1,0,0,1,0,1,0,1,1,0,0,1,0,0,1,0,1,1,0,1,0,1,1,1,1,0,0,0,1,0,0,1,0,1,0,0,1,1,1,0,0,0,1,0,1,0
1,1,1,1,0,1,0,1,1,1,1,0,0,0,0,0,1,1,0,0,1,1,0,1,1,1,1,0,0,0,1,0,0,0,1,0,1,0,1,0,1,0,1,1,1,1,1,0,1,1,0,1,1,1,0,1,1,0,1,1,0,1,1,0,0,0,0,1,1,1,1,0,0,0,0
1,0,0,0,0,0,0,0,0,0,0,1,1,0,1,1,1,1,0,0,0,1,0,1,1,1,0,1,0,0,1,0,0,0,0,0,0,0,1,0,1,0,1,1,0,1,1,1,0,0,1,1,0,1,0,0,0,0,1,0,0,1,1,1,0,1,0,1,1,1,1,0,0,1,0
0,0,1,0,0,0,0,0,0,0,0,1,1,0,0,1,0,0,0,0,0,1,0,1,0,0,1,0,0,0,0,1,1,1,0,0,0,0,1,0,1,0,1,1,1,1,0,0,0,0,1,1,1,0,1,0,0,1,0,1,1,1,0,0,1,0,0,0,0,1,1,1,0,1,1
1,0,1,1,1,1,0,0,1,0,0,1,0,0,0,1,0,0,0,0,0,1,0,1,0,0,0,0,0,0,0,1,0,1,1,0,1,0,1,0,1,0,1,1,0,0,0,0,0,1,1,1,1,0,0,0,0,0,0,1,0,0,1,1,1,1,0,1,1,1,1,1,1,1,0
1,0,1,0,1,0,0,1,1,1,1,1,0,0,0,0,1,1,0,0,1,1,1,1,0,1,0,0,0,0,0,0,1,0,0,0,1,0,0,1,1,1,0,1,0,1,1,0,1,1,1,1,1,0,0,0,0,1,1,1,0,0,1,0,1,0,0,1,1,1,0,0,0,0,0
1,0,0,1,0,1,0,0,1,0,0,0,1,1,0,1,1,0,0,0,1,1,0,1,0,1,1,0,1,0,0,1,1,1,1,0,0,1,0,0,1,0,1,1,1,1,1,1,0,1,1,1,1,1,0,1,1,0,0,1,0,1,0,0,1,1,1,0,0,1,1,1,1,1,0
1,0,0,0,0,0,1,1,0,0,1,1,0,0,1,1,1,0,1,0,1,1,0,1,0,0,1,0,1,1,1,1,0,0,0,0,0,0,1,0,1,0,0,1,0,1,0,0,1,1,1,1,1,1,0,1,0,1,1,0,1,0,1,0,1,0,0,1,1,1,0,1,0,1,0
1,0,1,1,0,0,0,1,0,1,0,1,0,0,0,1,1,1,1,0,1,0,0,1,0,1,1,1,1,1,1,1,1,0,0,0,1,0,0,1,1,1,0,1,0,0,1,1,0,1,1,1,1,0,1,0,1,0,0,0,1,1,0,0,1,1,1,1,0,1,0,0,1,1,1
1,0,0,1,0,0,0,1,1,0,0,1,0,1,0,1,1,1,1,1,0,1,0,0,0,0,1,1,1,1,0,0,1,0,0,1,1,0,0,1,0,0,0,1,1,0,1,0,0,1,0,1,1,1,0,0,0,1,1,0,1,0,1,1,1,0,1,1,0,1,0,0,0,1,0
0,0,0,1,0,1,1,1,0,0,0,1,0,0,0,0,1,0,0,0,0,0,1,1,1,1,1,0,1,0,1,1,1,0,1,1,0,0,0,1,1,1,1,1,1,0,0,1,0,1,0,0,1,1,0,1,1,1,0,1,0,0,1,0,0,0,1,0,0,0,1,1,0,1,1
1,1,1,1,1,0,1,1,0,1,0,0,1,0,1,1,1,0,1,0,0,1,1,1,1,0,0,1,1,0,1,1,0,0,1,0,0,1,0,0,1,0,0,1,0,0,0,0,0,1,1,0,1,1,1,1,0,1,0,0,0,0,0,0,1,0,1,0,0,1,1,0,0,0,1
1,0,0,0,0,0,1,1,0,0,0,1,0,0,0,1,0,1,1,0,1,1,1,1,0,1,1,0,0,0,1,0,0,0,1,0,0,0,1,0,1,0,0,1,0,1,1,0,0,1,1,0,1,1,1,1,1,0,1,0,1,0,0,0,1,0,0,0,1,1,0,0,0,1,0
1,0,0,1,0,1,0,1,1,1,0,1,1,0,1,0,0,0,0,1,0,1,0,0,1,1,0,1,0,0,1,1,0,0,1,1,0,0,0,1,1,0,1,1,0,1,0,0,0,0,1,1,1,0,1,0,1,1,0,0,1,0,0,0,1,0,0,1,0,1,1,0,0,0,0
1,0,0,0,0,0,1,1,1,0,0,1,0,0,1,0,1,1,1,0,1,1,0,0,0,0,0,0,0,0,1,0,0,0,1,0,0,1,1,0,1,1,0,1,0,1,0,1,1,1,1,1,1,1,0,1,0,1,1,0,0,1,1,0,1,0,0,0,0,1,0,0,0,1,0
1,0,1,1,1,0,0,1,0,1,0,1,0,0,1,1,1,1,1,1,0,1,1,1,0,1,0,1,1,0,0,1,1,1,1,1,1,0,0,1,1,1,1,1,0,1,1,0,0,0,1,1,1,1,0,0,0,0,0,1,1,1,1,0,1,0,1,1,0,1,1,1,0,1,1
0,0,0,0,0,1,0,1,0,1,0,1,0,0,0,1,1,0,1,0,0,1,0,1,0,1,0,0,1,0,0,1,1,1,0,1,1,0,0,1,1,0,1,1,1,1,0,1,0,1,1,1,1,0,1,1,1,0,1,0,1,1,1,0,1,0,0,0,0,1,1,1,1,1,0
0,0,0,1,1,0,0,1,1,0,1,1,0,0,1,0,0,1,0,1,0,1,0,0,0,0,1,0,0,1,1,0,0,0,1,1,1,0,0,1,1,1,1,1,0,1,1,0,1,1,1,1,1,0,0,1,0,0,0,1,0,1,1,0,0,0,1,0,1,0,1,1,0,1,0
1,1,0,1,1,1,0,1,0,0,1,1,0,0,1,0,0,1,0,0,0,1,1,1,0,0,1,0,0,1,0,1,0,0,1,0,1,0,1,0,1,1,1,1,1,1,1,1,1,1,1,1,1,1,0,1,0,0,1,1,0,0,1,0,0,0,1,1,0,0,1,1,0,0,0
1,1,0,1,1,0,0,1,0,0,0,1,0,0,0,1,1,1,0,0,1,1,0,1,0,1,1,0,1,0,1,1,1,1,0,0,1,0,0,1,1,0,0,1,0,1,1,0,0,1,1,0,1,0,1,1,1,1,1,0,1,1,0,1,1,0,1,1,0,1,0,0,0,0,0
1,1,0,1,1,0,1,1,0,1,0,1,0,0,1,1,1,0,1,1,0,1,1,1,0,0,1,1,1,0,0,0,0,1,1,1,0,1,0,1,0,0,0,1,1,1,1,0,0,0,1,0,1,0,0,0,0,1,1,0,1,0,0,0,0,0,1,1,1,1,0,0,1,1,0
1,1,0,1,0,1,0,1,1,0,0,1,0,0,0,1,1,1,0,0,0,1,1,1,1,1,0,1,1,1,1,0,1,0,1,0,1,1,0,1,1,1,0,1,1,1,1,0,0,1,1,1,1,1,0,0,0,1,0,0,1,1,0,0,1,0,1,1,0,1,0,0,0,0,1
1,0,0,1,0,0,0,1,0,0,0,1,0,0,0,0,1,1,0,0,0,1,0,1,0,0,1,1,1,0,0,0,1,1,0,0,0,1,1,0,1,1,0,1,0,1,0,1,1,1,1,1,1,1,0,1,1,1,0,0,1,1,0,1,1,0,0,0,0,1,0,0,0,1,0
0,0,0,1,0,0,1,1,1,1,0,1,1,0,0,0,1,0,1,0,0,1,1,1,0,0,1,1,0,0,0,1,1,0,0,0,1,1,0,0,0,0,0,1,1,1,0,0,1,0,1,0,1,1,1,1,0,0,1,0,1,1,1,0,1,0,1,1,1,1,0,0,0,1,0
1,0,0,0,1,0,1,1,0,0,0,1,1,1,0,1,1,1,0,1,1,1,1,1,1,1,0,0,1,0,1,1,1,1,1,1,1,1,0,1,0,0,0,1,0,1,0,0,1,0,1,0,1,1,0,1,0,1,0,1,0,0,1,0,1,0,1,1,0,1,0,1,0,1,0
1,1,1,0,0,0,0,1,0,0,1,1,1,0,0,1,0,1,0,0,1,1,0,1,0,0,1,1,1,0,1,1,1,1,1,0,1,0,0,0,0,0,0,1,0,1,0,1,0,1,1,1,1,0,0,1,1,1,0,0,0,0,0,1,0,1,1,0,1,1,0,0,0,1,0
0,0,0,0,1,1,0,1,0,1,0,1,1,0,0,1,1,1,0,1,0,1,0,1,1,0,0,1,1,0,1,0,0,1,0,0,1,1,1,0,1,0,0,1,0,0,1,0,1,1,0,1,1,0,1,1,0,1,1,0,1,0,1,1,0,0,1,1,1,1,0,0,0,1,1
1,0,1,1,0,0,0,0,0,1,0,0,0,0,1,1,0,1,1,1,0,0,0,1,0,1,0,1,0,1,1,0,0,0,1,0,1,1,1,0,1,1,1,1,0,0,1,0,0,1,1,1,1,1,0,1,1,0,0,0,0,0,1,0,0,1,1,0,0,1,0,1,1,1,0
1,0,0,1,1,0,0,1,0,0,0,0,0,0,1,0,1,0,1,0,1,1,0,1,0,0,1,0,1,0,1,1,1,0,0,0,0,1,1,0,1,0,1,1,0,1,0,0,1,1,1,1,1,0,0,1,0,1,0,1,0,0,0,1,0,0,1,0,1,1,1,0,0,0,0
0,0,1,0,0,1,0,1,0,1,0,0,0,0,0,0,0,1,1,0,0,0,1,1,1,1,0,1,0,0,0,0,1,1,0,0,0,1,0,1,0,0,0,1,1,0,0,1,0,1,1,0,1,1,1,1,0,1,1,0,0,0,1,0,0,1,0,0,1,1,0,0,0,1,0
1,1,1,1,1,1,0,1,0,0,1,0,0,0,1,0,1,1,0,0,1,0,0,1,0,0,0,1,1,0,0,1,0,0,0,1,0,1,0,1,0,0,1,1,1,0,1,0,0,1,0,1,1,0,1,1,0,1,1,1,0,0,1,0,1,0,0,0,1,1,1,0,1,1,0
0,0,0,1,1,1,0,1,0,1,0,1,0,0,0,0,1,1,0,0,0,1,0,1,1,0,1,1,0,1,0,0,1,0,1,0,0,0,0,1,1,0,0,1,1,1,1,1,0,1,1,0,1,0,0,1,1,1,0,0,1,0,0,0,0,0,0,1,0,1,0,0,0,1,1
0,0,1,1,0,1,0,1,1,1,1,1,1,0,0,1,0,0,0,0,0,0,1,1,0,1,1,1,1,1,0,1,0,1,1,1,0,0,0,0,1,1,1,1,1,1,1,0,0,0,1,0,1,0,1,0,0,1,1,0,1,0,1,0,1,0,1,1,0,1,1,0,0,0,0
1,0,0,1,1,1,0,1,0,0,1,1,1,0,0,1,1,1,0,0,1,1,0,0,0,0,1,1,0,0,1,0,1,0,0,0,1,1,1,1,1,0,1,1,1,1,1,1,0,1,0,1,1,0,1,0,0,0,0,0,0,1,0,0,0,0,1,1,0,1,1,0,1,1,0
0,1,1,1,1,0,1,1,1,1,0,1,1,0,0,0,1,0,0,0,1,0,0,1,0,0,1,1,1,1,1,0,1,0,1,1,0,1,0,0,1,0,1,1,0,1,0,0,0,1,1,1,1,0,1,1,0,1,0,1,0,1,1,0,0,1,1,1,1,1,1,1,0,1,0
0,0,0,0,1,1,1,0,0,0,0,1,0,0,1,0,1,0,0,1,1,0,1,1,1,0,1,1,0,0,1,1,0,1,1,0,1,1,0,0,0,1,0,1,0,1,0,0,0,1,1,1,1,1,0,1,1,1,0,1,1,1,1,0,1,1,1,0,1,1,0,0,0,1,0
1,0,0,1,0,1,0,1,1,1,1,1,1,0,1,0,0,1,0,0,1,1,0,1,1,0,0,0,0,0,1,0,0,1,0,0,1,1,1,0,1,1,0,1,0,1,0,1,1,0,1,1,1,1,1,1,1,1,1,1,1,1,1,0,0,0,1,0,1,0,0,0,0,1,0
1,0,0,0,0,0,0,1,0,1,1,0,1,0,0,0,1,0,1,0,1,1,0,1,0,1,0,1,0,1,1,1,1,0,1,1,0,1,1,0,1,1,1,1,1,1,0,0,0,1,1,1,1,1,1,1,0,1,1,1,0,0,1,1,0,0,0,0,0,1,1,1,0,1,0
1,0,0,0,0,1,0,1,1,1,0,1,0,1,1,1,1,1,0,0,0,1,1,1,0,0,0,1,0,0,1,0,0,0,0,1,0,0,1,1,1,0,0,1,0,1,1,1,0,0,1,0,0,0,1,0,0,1,1,1,0,1,1,1,1,0,1,1,1,1,1,0,0,1,1
1,0,0,0,0,0,0,1,1,1,0,1,1,1,0,1,1,0,0,0,0,1,1,1,0,1,1,1,1,0,0,0,1,0,0,1,0,1,0,0,1,1,0,1,0,1,0,1,0,0,1,0,1,1,0,0,1,0,1,1,1,1,1,1,0,0,0,0,1,1,1,1,1,1,0
0,0,1,1,0,0,1,1,1,0,0,0,0,0,0,0,1,1,0,0,1,1,1,1,0,1,0,1,1,1,0,1,1,1,1,1,1,1,1,0,0,1,0,0,1,1,1,0,0,1,1,0,1,1,0,1,0,1,0,0,0,1,1,0,1,0,0,1,1,1,0,0,0,1,1
1,0,0,1,1,0,0,1,0,0,0,0,0,0,1,1,0,0,1,0,1,1,0,1,0,1,1,1,1,0,1,1,0,0,0,1,1,0,0,1,1,1,1,1,1,0,0,0,0,1,1,1,1,0,1,1,0,0,0,1,1,1,1,0,0,0,0,1,0,1,1,1,1,1,0
1,0,0,1,0,0,0,1,1,0,1,1,1,0,0,1,1,0,0,0,1,1,1,1,1,0,1,1,0,1,0,1,1,0,1,0,1,1,1,0,1,0,0,1,1,1,1,0,1,0,1,0,0,1,0,0,1,0,0,0,0,1,1,0,0,0,1,0,1,1,1,1,1,0,0
1,0,0,1,1,1,1,1,0,1,1,1,0,1,1,1,0,0,0,0,0,1,0,1,0,0,0,1,0,1,0,1,1,0,1,1,0,0,0,1,1,0,0,1,1,1,0,0,1,0,1,0,1,0,1,0,0,0,1,1,0,0,1,1,1,0,0,1,0,1,1,0,0,1,0
1,1,1,0,0,1,0,1,0,0,1,1,0,0,0,0,1,0,1,0,1,1,1,1,1,0,0,1,0,0,1,1,1,0,0,0,0,1,1,0,1,0,0,1,1,1,0,1,0,0,1,0,1,0,0,1,1,1,1,0,1,0,1,0,1,0,0,0,1,1,0,0,0,1,0
1,0,1,1,1,0,0,1,0,1,0,1,0,1,1,0,1,0,1,0,1,1,0,0,0,1,1,1,1,1,0,0,1,0,0,1,0,0,1,0,0,1,0,1,1,1,0,0,0,1,1,0,1,1,0,1,1,1,1,0,1,1,1,0,1,0,0,0,0,1,0,0,1,1,1
1,0,0,0,0,1,0,1,0,1,0,0,0,0,0,0,1,1,1,0,1,1,1,1,0,1,0,1,1,1,1,0,1,1,0,1,0,0,0,1,0,1,0,1,0,0,0,0,0,1,0,0,1,0,0,1,0,1,1,0,0,0,1,0,0,0,0,0,1,0,0,0,1,1,1
1,1,1,1,1,0,0,1,1,0,0,1,1,0,0,0,0,0,0,0,1,1,1,1,1,0,1,1,1,0,0,1,1,0,1,0,1,1,0,1,1,1,1,1,1,0,0,1,1,0,1,0,1,0,0,0,0,1,1,0,1,1,1,0,0,1,0,1,0,1,1,0,1,1,0
1,0,0,1,0,0,1,1,0,0,0,0,1,0,1,1,1,1,0,0,0,1,0,1,0,1,1,1,0,1,0,0,0,0,1,0,0,1,0,1,0,0,0,1,0,1,1,1,1,0,0,1,1,1,0,0,1,1,1,0,0,0,1,1,1,0,0,0,0,1,0,1,0,1,0
1,0,1,1,0,0,0,0,0,0,0,1,0,0,0,1,1,1,0,0,1,1,0,1,1,1,1,1,1,1,0,0,1,0,0,1,1,0,0,1,1,0,0,1,0,1,0,0,1,1,0,0,1,1,0,1,0,1,1,0,0,1,1,0,1,1,0,0,0,1,0,0,0,0,0
1,1,1,0,1,0,0,1,1,1,0,0,0,0,0,0,1,1,0,0,0,1,0,0,0,0,1,0,1,0,0,1,1,0,1,0,0,0,0,1,1,0,0,1,1,0,1,0,0,1,1,0,1,1,0,1,0,0,0,0,1,0,1,0,1,0,0,1,1,1,0,0,0,0,0
1,0,0,0,0,1,0,0,1,1,0,1,0,0,1,1,0,0,1,0,1,0,1,1,1,1,0,1,0,0,1,0,0,0,1,1,1,0,1,1,0,0,1,1,1,1,1,0,0,1,1,1,1,0,1,0,0,0,1,0,1,1,1,0,1,0,0,1,1,1,0,0,0,1,1
1,0,0,0,1,0,0,1,0,0,1,1,0,0,0,1,1,0,0,0,0,1,0,1,0,0,0,1,0,0,1,1,0,0,1,0,1,1,1,0,1,1,0,1,0,1,0,1,0,1,1,0,1,1,0,0,1,1,1,1,0,0,1,0,1,0,0,0,0,1,0,0,1,0,1
1,0,0,1,1,1,0,1,0,0,1,1,0,0,0,0,0,0,1,0,0,1,0,1,0,0,1,1,0,1,0,0,0,0,0,0,0,0,0,1,1,0,0,0,1,1,0,1,1,1,1,0,1,0,1,0,1,1,1,0,1,1,1,0,1,0,1,0,1,1,0,1,0,1,1
1,0,0,0,1,0,0,1,1,0,1,1,1,1,1,1,1,1,0,0,0,1,1,1,0,0,1,0,1,1,1,0,0,0,1,0,1,0,1,0,1,1,0,1,1,0,0,0,0,0,0,1,1,1,0,0,0,0,1,0,1,1,1,0,1,0,0,1,1,1,0,0,1,1,0
0,1,0,1,1,1,0,1,0,1,0,1,0,0,0,1,1,1,0,0,1,1,1,1,1,1,0,1,0,1,0,0,0,1,1,0,0,0,1,0,1,1,0,1,1,0,1,0,1,0,1,0,1,0,1,0,0,1,0,0,1,0,1,0,1,0,0,0,0,1,0,0,0,1,0
1,0,1,1,1,0,0,1,0,1,0,1,0,0,1,0,0,1,0,0,0,1,0,0,0,1,0,1,0,0,0,1,0,0,1,1,1,0,0,1,0,1,0,1,0,1,1,0,0,0,1,1,1,0,1,0,0,1,0,0,1,1,1,1,0,1,1,1,0,1,1,0,1,0,0
1,0,1,0,1,0,1,1,0,0,0,1,0,0,1,1,0,0,1,1,1,1,1,1,0,1,0,0,0,1,1,0,0,0,0,1,1,1,1,0,0,1,1,1,0,1,0,0,1,1,1,1,1,1,0,1,0,1,0,1,1,0,1,1,1,0,0,0,0,1,0,1,0,1,0
0,1,1,0,0,0,0,1,1,1,1,0,0,0,0,1,0,0,0,0,1,1,1,1,1,0,0,0,1,1,1,1,1,0,0,1,0,1,1,1,1,0,0,1,1,1,0,1,1,1,1,0,1,1,1,1,1,0,1,0,0,1,1,0,0,0,0,0,0,1,1,1,0,1,0
1,1,1,0,0,1,1,1,1,1,0,1,1,0,1,0,1,1,0,0,0,1,0,1,1,0,0,0,0,1,0,1,0,0,1,1,1,0,0,0,1,1,0,1,0,1,1,0,0,0,0,1,1,0,0,0,0,1,1,1,1,0,0,0,1,1,1,0,1,1,0,1,1,1,0
0,0,1,1,0,0,0,0,0,1,0,0,0,0,1,1,1,1,1,0,1,0,1,1,0,0,0,0,0,1,0,1,0,0,1,0,0,1,1,0,1,1,0,1,1,0,1,0,0,1,0,1,1,1,0,0,0,0,0,0,0,0,1,0,1,0,0,0,0,0,0,0,0,0,0
1,0,0,0,1,1,1,1,0,0,0,1,0,0,1,1,0,1,1,0,0,1,1,1,0,0,1,0,0,0,0,1,0,0,0,0,1,0,1,1,1,1,0,1,0,0,1,1,1,1,0,0,1,0,1,0,1,1,1,1,1,0,0,0,0,1,1,1,0,1,0,1,0,1,1
0,0,0,0,0,1,1,1,0,1,1,1,1,0,1,1,0,1,0,0,1,1,1,1,0,0,1,1,0,1,1,1,1,1,0,0,0,0,0,0,1,0,1,1,0,1,1,0,0,0,1,1,1,0,1,1,1,0,1,1,1,0,1,0,0,1,1,0,1,1,1,0,0,1,0
1,0,0,0,1,0,0,1,0,0,0,0,0,0,0,1,0,1,0,0,0,1,0,1,0,0,1,0,1,1,1,0,1,0,0,0,1,0,0,0,0,0,0,0,0,1,1,1,0,1,1,0,1,0,1,1,0,0,1,1,0,1,1,0,1,1,1,0,0,1,0,0,1,1,0
1,0,0,0,0,0,1,1,1,0,1,1,1,1,0,1,1,0,0,1,1,1,0,1,0,0,0,0,0,0,1,0,1,0,1,0,0,0,0,0,1,0,1,1,1,1,1,1,0,0,1,1,1,0,1,0,1,0,1,1,0,1,0,0,1,0,1,0,1,1,1,1,1,0,0
1,0,0,1,1,0,1,1,0,0,0,1,0,1,0,0,1,1,0,0,1,0,0,1,0,0,0,0,0,0,1,1,1,0,1,0,0,1,1,0,1,1,1,1,0,1,1,0,0,1,1,1,1,0,0,0,0,0,1,0,1,0,1,0,1,0,0,0,0,1,0,0,1,1,0
1,0,0,0,0,0,0,1,0,0,1,0,1,0,0,1,1,1,0,0,1,0,0,1,0,0,1,0,1,1,1,0,0,1,0,0,0,1,0,1,0,0,1,1,0,1,1,0,0,0,1,1,1,0,1,1,0,0,1,0,0,1,1,0,0,0,1,1,0,1,1,0,0,1,1
1,1,0,0,0,0,0,1,1,0,0,1,0,0,0,1,0,1,0,0,0,1,1,1,0,0,0,1,1,1,0,0,1,0,0,1,1,1,0,1,1,0,0,1,1,0,1,1,0,1,1,0,1,0,0,0,1,0,1,0,1,1,1,0,1,0,0,0,0,1,0,0,1,1,0
1,0,1,0,1,1,0,0,0,1,0,1,0,0,0,1,0,0,0,1,0,1,0,1,1,1,1,1,1,1,0,1,1,1,0,1,1,0,0,1,0,1,0,1,0,0,0,1,0,1,1,1,1,1,0,1,1,1,1,0,0,0,1,0,0,1,1,1,0,1,0,1,1,1,1
0,1,1,1,0,0,1,0,0,1,0,0,0,1,0,0,1,0,1,0,0,1,0,1,0,1,1,1,1,1,1,1,1,1,1,0,0,1,1,0,0,0,0,0,0,0,0,1,1,1,1,1,1,1,0,1,1,0,0,0,0,0,1,1,1,0,1,1,1,1,0,1,0,1,0
1,0,1,1,0,0,1,0,1,1,0,1,0,0,0,0,1,1,0,0,1,1,0,0,1,1,1,0,0,1,1,1,0,0,0,0,1,1,1,0,1,1,0,1,1,1,0,1,0,1,1,1,1,0,1,1,1,0,1,0,1,0,1,1,1,1,0,0,1,1,1,0,1,1,0
1,1,0,1,1,1,0,0,0,0,0,0,1,0,1,1,1,1,0,0,1,1,0,1,0,0,0,0,0,1,1,1,1,0,0,0,0,0,0,1,0,0,0,1,1,1,1,0,0,0,1,1,1,0,0,1,0,1,0,1,0,0,1,0,1,1,0,0,1,1,0,1,1,1,0
1,0,0,1,1,1,1,1,1,0,1,0,0,0,0,1,0,0,1,0,1,0,1,1,0,0,0,0,1,1,1,1,1,0,1,1,1,1,0,1,1,1,1,1,0,1,1,1,0,1,1,0,1,0,1,0,0,0,0,1,0,0,0,0,0,1,0,0,0,1,1,1,1,1,0
1,0,0,0,1,1,0,1,0,0,1,0,1,0,0,0,1,1,0,0,0,0,0,1,0,0,1,0,0,0,0,1,1,0,1,0,1,1,1,0,1,0,0,1,0,1,1,0,1,1,1,0,1,1,0,1,0,1,0,1,0,0,0,0,1,0,0,0,1,1,0,0,0,0,0
1,0,0,0,1,1,0,1,0,0,1,1,0,0,1,1,1,1,0,1,0,0,0,0,1,1,0,1,0,1,1,0,0,0,0,0,0,1,1,0,0,0,0,1,1,1,1,1,1,1,0,0,1,1,0,0,0,1,0,1,0,0,0,0,1,0,0,0,1,1,0,1,0,1,0
1,1,1,1,0,1,0,1,1,0,0,1,1,0,0,0,0,0,0,0,0,1,1,1,1,0,1,1,0,0,1,1,0,0,1,0,1,0,1,0,1,1,0,1,0,1,0,0,1,1,1,0,1,1,0,1,0,1,0,1,0,0,1,1,0,0,0,0,0,1,0,1,0,0,0
1,0,0,0,1,0,0,1,0,1,0,1,0,0,1,0,1,0,1,1,1,1,1,1,1,0,1,1,1,0,1,0,0,0,0,1,1,1,0,1,1,1,0,1,0,1,0,1,0,1,0,0,1,1,0,1,0,1,1,0,1,1,1,0,1,0,0,0,0,1,0,1,1,1,1
1,1,1,0,0,0,0,1,0,0,1,0,1,1,0,1,0,1,1,0,0,0,0,0,1,1,1,0,1,0,1,0,1,0,1,1,0,0,0,1,0,0,1,1,0,0,0,0,1,0,1,1,1,1,0,1,0,0,1,1,0,0,1,0,1,0,0,0,1,1,1,0,0,1,1
1,1,1,0,1,0,1,1,0,1,0,1,1,1,0,0,1,1,1,0,1,1,1,1,0,0,0,0,1,0,0,1,1,0,1,0,0,1,1,0,1,1,0,1,1,0,0,1,0,1,1,0,1,0,0,1,1,1,1,0,0,0,1,0,0,0,1,1,1,1,1,0,1,1,1
1,1,1,1,0,0,0,0,0,1,0,1,0,0,0,1,1,0,0,0,0,1,1,0,0,0,1,0,1,1,0,0,1,0,1,0,1,0,1,0,1,1,0,0,1,0,0,0,0,1,1,1,0,1,1,0,0,1,0,0,1,0,1,0,1,1,0,0,0,1,0,1,0,1,0
0,1,0,0,1,0,0,1,0,0,1,0,0,0,0,0,0,0,0,0,0,0,1,1,0,1,0,0,1,0,1,0,1,0,0,0,1,0,1,0,1,1,1,1,1,1,0,0,0,0,1,0,1,0,0,1,1,0,1,1,0,0,0,0,0,1,0,0,0,0,1,0,0,1,0
1,0,0,0,1,0,1,0,0,0,0,1,0,0,0,1,1,0,1,1,1,1,1,1,0,0,1,0,1,0,1,1,1,0,1,0,0,1,0,1,1,0,1,1,0,1,0,1,1,1,1,1,1,0,1,1,1,1,1,0,1,0,1,0,1,0,0,0,1,1,1,0,0,1,0
1,1,0,1,0,1,0,1,0,1,1,1,0,0,0,1,1,1,1,0,1,1,0,1,1,1,0,1,1,1,0,0,1,0,1,1,0,1,1,1,0,0,0,1,1,0,0,0,0,1,0,0,1,1,1,1,1,0,1,1,0,1,0,1,1,0,0,1,1,1,0,0,0,0,0
1,0,1,1,1,0,0,1,0,0,0,1,0,0,0,1,1,0,0,0,1,1,0,1,0,1,1,1,0,1,1,1,0,0,0,1,0,0,1,0,1,1,0,1,0,0,1,0,1,1,1,0,1,1,1,1,0,0,0,1,0,0,0,0,1,0,0,1,0,1,0,1,0,1,1
1,0,1,0,1,1,1,1,0,0,0,0,1,0,0,0,1,1,0,0,0,1,1,1,0,0,0,1,1,0,1,0,1,0,1,0,1,0,0,0,1,1,0,1,1,1,1,0,1,1,1,0,1,0,0,1,0,1,1,1,1,1,1,0,1,0,1,0,0,1,0,0,0,1,1
1,0,0,1,1,1,1,0,0,0,0,1,1,0,1,1,1,1,0,0,1,0,0,1,1,1,1,1,0,0,1,0,0,0,0,0,0,0,1,0,1,0,1,1,0,1,1,0,1,0,1,1,1,0,1,1,1,0,0,1,1,0,0,0,1,1,0,0,1,1,1,0,0,1,1
1,1,0,0,0,0,0,0,0,0,0,1,0,0,0,1,1,1,1,0,1,1,0,1,1,1,1,0,0,0,1,1,1,0,1,1,0,0,0,1,1,0,0,1,1,0,0,0,0,1,1,1,1,1,0,1,0,1,1,0,0,0,1,0,1,1,0,1,1,1,0,0,1,1,0
1,0,0,0,1,1,1,1,1,0,1,1,1,0,0,1,1,1,0,0,0,1,1,1,1,1,0,0,0,1,1,0,0,0,1,0,1,0,0,1,0,0,1,1,0,1,1,1,1,0,1,0,1,1,0,0,1,1,1,1,0,1,0,1,0,0,1,1,1,1,1,1,0,1,0
1,1,0,1,0,0,1,0,1,1,0,1,0,0,1,1,1,0,1,0,1,1,1,1,1,1,1,0,1,0,1,1,0,0,1,0,0,0,0,1,1,0,0,1,1,0,0,0,0,1,1,1,1,1,1,0,0,0,0,1,0,0,1,0,1,1,0,0,1,1,1,0,1,0,1
1,0,0,1,0,1,0,1,0,1,1,0,0,0,1,0,1,0,0,1,0,1,0,0,0,0,0,1,1,0,0,1,1,0,1,0,1,0,0,1,1,0,1,1,1,0,0,1,0,1,1,0,1,1,0,1,1,1,1,0,0,0,1,0,0,0,0,0,1,1,1,0,0,0,0
1,1,1,0,0,1,0,1,0,1,0,1,0,1,1,0,1,0,0,0,1,1,0,1,0,0,0,0,0,1,0,0,0,0,0,1,0,1,0,1,0,1,0,1,0,1,0,0,0,1,1,1,1,1,0,1,1,1,1,1,1,1,1,0,1,0,0,0,0,1,0,1,1,1,0
1,0,0,0,1,1,0,0,1,1,0,0,1,0,0,1,1,1,0,1,0,0,0,1,1,1,0,0,0,0,1,0,0,1,1,0,0,1,1,0,1,0,0,1,0,1,1,0,1,1,1,1,1,1,0,0,0,0,0,1,1,1,0,0,0,0,0,1,0,1,0,0,0,0,0
1,0,0,0,0,1,0,1,1,1,0,1,0,1,1,0,1,0,0,0,0,0,1,1,0,0,0,0,0,0,1,0,1,0,0,0,0,1,1,0,1,1,0,1,0,1,0,1,0,1,1,0,1,1,1,1,0,1,0,0,1,1,0,0,1,0,0,0,0,0,0,0,1,1,1
0,0,1,1,0,0,0,1,1,1,1,0,0,1,0,0,1,0,0,0,0,1,0,1,0,0,0,1,1,0,0,0,1,0,1,0,0,1,1,0,1,1,0,1,0,1,0,0,0,1,1,1,0,0,1,0,0,1,0,0,0,1,1,0,1,0,1,0,0,0,1,1,0,1,0
0,0,0,1,1,1,0,1,1,1,1,1,1,1,0,1,1,0,1,0,1,0,0,1,0,0,1,1,1,1,0,1,1,1,1,0,1,1,1,0,1,0,0,1,0,1,1,0,0,0,1,1,1,1,0,0,0,0,1,0,1,1,1,0,1,0,0,0,1,0,0,0,1,1,0
1,1,0,1,1,1,0,1,0,0,0,1,1,0,1,1,1,1,1,0,1,1,0,1,0,0,1,1,0,0,0,1,0,0,0,0,0,0,1,0,1,0,1,1,1,1,1,1,1,1,1,1,1,0,1,1,1,0,0,0,1,1,0,0,1,0,0,1,0,1,1,0,0,1,0
1,0,0,0,1,1,0,1,1,1,0,1,0,0,1,1,1,1,0,0,0,1,0,1,1,1,1,1,0,1,1,1,0,0,1,0,1,0,0,1,0,0,0,1,0,0,1,0,1,1,1,0,1,1,0,1,1,1,0,0,0,0,1,0,0,1,1,1,1,1,0,1,0,0,0
1,0,0,0,1,0,0,0,0,1,0,1,0,0,0,0,1,1,1,1,1,1,0,1,1,0,1,0,1,1,1,1,1,0,0,1,0,1,0,0,0,1,1,1,1,1,0,1,1,0,1,1,1,1,0,1,0,1,1,1,0,1,1,0,0,0,1,1,0,1,1,1,0,1,1
1,1,1,1,1,0,0,1,0,0,0,1,0,0,0,1,1,0,1,1,0,1,1,1,1,0,1,0,1,0,0,1,0,0,1,0,1,0,0,1,0,0,1,1,1,1,0,1,0,1,1,1,1,0,0,1,1,1,1,1,0,0,1,0,1,0,1,1,0,1,1,1,0,0,0
0,0,0,0,0,1,0,0,1,0,0,0,1,0,0,1,1,0,0,0,1,1,0,1,1,0,1,1,1,0,0,1,1,0,0,0,0,0,0,0,0,0,0,0,1,0,0,0,1,1,0,0,1,1,0,1,1,1,1,0,0,1,1,0,0,1,1,1,1,0,0,1,0,1,0
1,1,1,0,1,0,0,1,0,1,0,0,1,0,1,0,0,1,1,1,1,1,1,1,0,0,0,1,1,0,1,0,0,0,0,1,0,1,1,0,1,1,1,1,1,0,1,0,0,0,1,0,1,1,0,1,0,0,1,1,0,1,1,1,0,0,1,1,0,0,1,0,0,1,0
0,0,0,1,0,1,0,1,1,1,0,0,0,0,0,0,1,0,0,0,0,1,0,1,0,0,1,1,1,1,0,1,1,0,1,0,0,1,1,0,0,1,0,1,1,1,0,1,0,1,1,1,1,1,0,1,1,0,0,0,0,1,0,0,0,1,1,1,0,1,0,1,0,0,0
1,0,0,1,1,0,0,1,0,1,1,1,0,0,0,0,0,1,1,1,1,1,1,1,0,1,0,1,0,1,1,0,1,1,1,0,0,0,1,0,1,1,0,1,1,0,0,0,0,1,1,0,1,0,1,1,0,0,1,0,0,1,1,0,1,0,0,0,0,1,1,0,0,0,0
1,0,0,1,1,0,0,1,0,0,0,1,0,0,0,1,1,0,0,0,1,1,0,1,0,1,1,1,1,0,0,0,1,0,0,1,0,1,0,1,0,0,0,1,1,0,0,0,0,1,1,1,1,0,1,1,1,1,1,1,0,0,1,0,1,0,0,0,0,1,0,1,1,1,1
1,0,0,0,1,1,0,1,0,1,0,1,1,0,1,0,1,0,0,0,1,1,0,0,1,0,1,0,0,0,1,0,1,0,1,1,1,0,0,1,0,0,1,1,0,1,0,0,0,0,1,1,1,1,0,1,1,0,1,1,0,1,1,1,1,0,1,0,0,1,1,0,1,1,0
0,0,1,0,1,1,0,1,0,0,0,0,0,0,1,0,1,1,1,0,0,0,1,1,0,1,1,0,0,1,1,0,0,0,0,0,0,0,0,0,0,1,0,1,0,1,1,0,1,1,0,0,1,1,0,0,0,1,1,1,1,1,1,0,1,0,1,0,1,0,0,1,0,1,1
1,0,0,1,0,0,1,0,0,0,0,1,1,0,0,1,1,1,1,1,1,0,0,1,0,0,0,1,0,1,1,0,1,0,0,0,1,0,1,0,1,0,1,1,0,1,1,0,1,0,0,1,1,0,1,0,0,1,0,1,1,1,0,0,0,1,0,1,0,1,1,1,0,1,0
1,1,1,0,0,0,0,0,1,1,0,0,0,0,0,0,1,1,0,1,0,1,0,0,0,0,1,0,0,1,1,1,1,0,0,1,0,0,0,1,0,1,0,1,1,1,1,1,0,0,1,0,1,0,0,1,1,0,1,0,0,1,1,0,1,1,0,0,1,1,0,1,1,1,1
0,0,0,1,0,0,1,1,0,0,0,0,0,0,1,0,1,0,0,0,0,1,1,1,0,1,1,1,0,1,0,1,0,0,1,0,1,1,1,0,1,0,0,1,0,1,0,0,1,1,1,0,1,1,0,1,1,1,0,0,0,1,1,1,1,0,0,0,1,0,1,0,0,1,0
1,0,0,1,0,0,0,0,0,0,0,1,0,0,0,1,1,1,1,1,1,1,0,1,0,0,1,1,1,0,1,0,1,0,0,0,0,0,0,1,0,0,1,1,0,1,1,0,1,0,1,1,1,0,1,1,0,1,0,0,1,1,0,0,0,1,1,1,1,1,1,0,0,1,0
0,0,0,0,0,0,0,1,0,1,0,1,0,0,1,1,1,1,0,0,0,0,0,0,0,0,1,0,1,1,0,1,0,0,1,1,0,0,0,1,1,0,0,1,1,1,0,1,0,1,1,0,1,1,0,0,1,1,1,1,0,0,1,0,0,0,1,1,1,1,0,1,0,1,0
1,0,0,1,1,0,0,1,0,1,0,1,0,0,0,0,0,0,1,0,1,0,0,1,0,0,1,0,0,0,0,1,0,0,1,0,1,1,0,1,1,1,1,1,1,0,0,0,0,1,1,1,1,0,1,1,0,1,0,1,0,0,1,0,1,0,0,0,0,1,1,1,1,1,1
0,0,1,1,1,0,0,1,1,1,0,1,1,0,1,1,1,0,0,0,1,1,0,1,0,1,1,1,1,0,1,1,1,0,1,0,1,1,0,0,1,1,0,1,0,1,0,0,0,1,1,1,1,1,0,1,0,1,0,0,0,1,0,0,1,0,1,0,1,1,0,1,0,1,0
0,0,1,0,0,0,1,1,1,0,0,0,0,1,0,1,0,0,0,1,0,1,0,1,1,0,1,0,0,0,1,0,1,0,1,0,1,0,1,0,1,0,0,1,1,1,0,1,0,0,1,1,1,1,0,1,1,1,0,1,0,1,1,0,1,1,1,1,1,0,0,1,0,1,0
1,0,1,0,0,1,0,0,0,0,0,0,0,0,1,0,0,1,0,0,0,0,0,1,0,1,1,1,0,1,1,0,0,0,0,0,0,0,1,0,1,1,0,1,0,1,1,1,0,1,1,1,1,0,1,1,1,0,1,0,0,0,1,0,1,1,0,0,1,1,0,1,1,1,0
1,0,1,0,0,1,1,1,1,0,1,0,1,0,0,1,1,1,1,0,0,1,0,0,0,1,1,1,0,0,0,1,1,0,1,0,0,1,0,0,0,0,0,1,0,1,0,0,0,0,1,1,1,0,1,0,0,1,1,0,1,1,1,0,1,0,1,0,0,1,0,0,1,1,1
0,0,1,1,1,1,0,1,0,0,1,0,0,0,0,0,1,1,0,1,0,1,1,1,0,0,1,0,0,0,1,1,1,0,0,1,1,0,1,0,1,1,0,1,1,1,1,0,1,1,0,0,1,0,0,1,0,1,1,0,0,0,1,0,0,0,1,0,1,1,0,0,0,1,0
1,0,0,1,0,0,0,0,0,0,0,1,1,1,0,1,1,1,1,0,1,1,1,1,1,1,1,0,1,1,0,0,1,0,0,1,1,0,1,0,1,1,0,1,1,0,0,0,1,1,1,0,1,1,0,1,0,0,1,0,1,0,1,0,1,1,0,1,0,1,0,0,0,1,0
1,0,0,0,1,0,0,1,0,1,0,1,0,0,1,0,1,0,1,0,1,1,0,1,1,1,0,0,1,0,1,0,0,0,0,1,1,0,1,0,1,1,0,1,0,1,0,0,0,0,1,1,1,0,0,1,1,1,0,1,1,0,0,0,1,1,0,0,1,1,0,0,0,1,1
1,1,0,1,1,0,0,1,0,1,1,0,0,0,0,0,0,0,0,1,0,1,0,0,1,1,1,0,1,1,1,1,1,0,1,0,1,0,1,0,1,1,1,1,0,0,0,0,0,1,0,0,1,0,0,1,0,1,1,1,1,1,1,0,0,0,0,0,1,1,1,1,1,0,0
1,0,0,1,0,0,0,1,0,0,0,0,0,0,1,1,1,1,1,1,0,1,0,0,0,0,1,1,1,0,0,1,0,1,1,1,0,0,0,1,1,1,1,1,0,1,1,0,0,1,1,1,1,0,1,0,1,1,0,0,1,0,1,0,1,0,0,0,1,1,1,0,0,1,0
0,1,1,1,0,0,0,1,1,0,0,1,0,0,1,0,0,0,0,0,0,1,0,1,0,0,1,0,1,0,1,0,0,1,1,1,0,0,0,1,1,0,0,1,1,0,1,0,1,1,1,1,1,0,0,1,0,1,1,1,0,1,1,0,1,0,0,0,1,1,0,0,0,0,0
1,0,0,1,1,0,1,1,1,1,1,1,0,1,0,0,1,0,0,0,0,1,1,1,1,0,1,1,1,1,0,1,1,0,0,1,1,0,1,0,0,0,1,1,0,1,0,1,1,1,1,0,1,0,0,0,0,0,0,0,1,0,1,0,0,1,1,1,0,1,1,1,0,1,1
1,0,0,0,1,0,0,0,0,1,0,0,0,0,0,1,1,1,1,0,0,1,0,1,1,1,1,0,1,1,1,0,1,0,0,1,0,0,0,1,1,0,0,1,0,1,1,0,1,1,1,1,1,1,0,1,0,1,1,1,0,0,1,1,0,1,0,0,1,1,0,0,0,1,1
0,1,0,1,0,0,0,1,1,1,0,0,1,0,1,0,1,1,0,0,1,1,0,0,0,1,1,1,0,1,1,1,0,0,1,0,1,0,1,0,1,1,0,1,1,1,0,0,0,1,0,1,1,1,0,1,0,1,1,0,0,0,0,0,1,0,0,0,0,0,0,1,1,0,1
1,1,0,1,1,1,0,0,0,0,0,1,0,0,1,1,1,1,0,0,0,0,1,1,1,1,0,1,0,1,0,0,0,0,0,0,0,1,0,1,1,0,1,1,1,1,0,0,1,1,1,1,1,1,1,1,1,0,0,1,0,0,1,0,1,0,0,0,1,1,1,1,0,1,1
1,0,0,0,0,1,0,1,0,0,0,1,0,0,1,1,1,0,1,1,0,1,1,1,1,1,1,0,0,1,1,1,0,0,1,1,1,0,0,1,0,1,1,1,0,1,0,0,1,1,1,0,1,0,1,1,0,1,1,1,1,0,1,1,1,0,0,0,0,1,1,1,0,1,1
0,1,1,0,0,0,0,1,1,1,1,0,0,0,1,0,1,1,1,0,1,1,0,1,0,0,1,0,1,0,1,0,0,0,1,1,0,0,0,1,0,0,0,1,0,1,1,0,0,1,1,1,1,0,0,1,1,1,0,0,0,1,0,1,0,0,1,1,0,0,0,1,1,0,0
1,1,0,1,1,1,0,1,0,1,0,0,1,1,0,1,1,0,1,0,0,1,0,1,1,1,1,0,1,0,1,1,1,0,0,0,1,0,1,0,1,0,1,1,1,0,0,0,0,0,1,1,1,0,1,1,0,1,1,1,0,1,1,1,1,0,0,1,0,1,1,1,1,0,0
1,0,0,1,1,0,0,1,0,1,0,1,1,1,0,0,0,0,0,0,0,1,0,1,1,1,1,1,0,0,1,1,0,0,0,0,1,1,1,0,1,0,1,1,0,0,0,0,1,0,1,0,1,0,1,1,0,1,1,0,1,0,1,0,1,1,1,1,0,1,1,0,0,1,0
1,1,1,1,1,1,1,1,1,0,1,1,0,1,0,0,1,0,1,1,1,1,0,0,0,1,1,0,0,1,0,1,0,0,0,0,1,1,1,0,1,0,0,1,1,1,1,1,0,0,1,1,1,1,0,1,1,1,1,0,0,1,1,1,0,0,0,1,0,1,0,1,0,1,0
1,0,0,0,1,0,0,1,1,0,0,0,0,0,0,0,1,0,0,0,1,0,0,1,1,1,0,0,0,0,1,1,0,0,0,0,1,0,0,1,0,1,1,1,1,1,0,0,1,0,1,1,1,1,0,1,0,1,1,0,0,0,1,0,1,0,0,0,1,0,1,0,0,1,0
0,1,1,1,0,0,0,1,0,0,1,1,0,0,1,0,1,1,0,0,1,0,1,1,0,0,0,1,0,0,0,0,0,1,0,1,1,0,0,1,1,1,1,1,1,0,0,0,0,0,0,0,1,1,0,1,0,1,1,1,1,0,1,0,1,0,1,1,0,1,1,1,1,0,0
1,0,0,1,1,0,0,1,1,0,0,1,1,0,1,0,1,1,1,1,1,1,1,1,0,0,1,0,1,1,1,0,0,1,1,1,0,1,0,1,0,0,1,1,0,1,0,1,1,0,1,0,1,1,0,1,1,1,0,1,1,1,1,0,1,0,0,0,1,1,0,1,0,1,0
1,0,0,0,1,1,0,1,0,0,0,0,0,0,0,1,1,0,1,0,1,1,1,1,0,1,1,1,1,0,1,1,1,1,1,0,1,0,1,0,1,1,0,1,0,1,0,1,1,1,1,1,1,0,1,1,1,0,0,1,0,0,1,1,1,0,1,1,0,1,0,1,1,1,1
0,1,1,1,1,0,0,0,0,1,0,1,1,0,0,0,1,0,1,0,1,1,0,1,1,1,1,1,1,0,0,0,1,1,1,1,1,1,1,0,1,1,0,1,1,0,0,0,0,0,1,0,1,1,0,1,0,0,0,0,0,0,1,0,1,1,0,0,1,1,0,0,1,0,1
1,0,0,0,1,1,0,1,1,1,1,0,0,0,0,0,1,1,1,0,1,1,0,1,1,1,1,1,1,1,1,1,1,0,1,1,0,0,0,1,1,0,0,1,0,1,1,1,1,1,1,1,1,1,0,0,1,1,1,0,0,0,1,1,1,0,0,0,0,1,0,0,0,1,1
1,0,0,0,0,1,0,1,0,1,1,1,0,1,0,1,1,0,1,1,1,1,0,1,0,0,1,1,1,0,1,1,0,1,1,1,1,0,0,1,0,0,0,1,0,0,1,0,1,1,1,1,1,0,1,0,1,1,1,1,1,0,1,0,1,0,0,0,0,1,1,1,0,1,0
1,0,0,0,0,0,0,1,1,1,0,1,1,0,1,1,1,0,0,0,1,1,1,1,0,0,0,0,1,1,1,0,0,0,1,0,1,1,1,0,1,0,0,1,0,1,0,1,0,1,1,0,1,1,0,0,1,1,1,1,1,1,0,0,0,0,0,1,0,1,0,1,0,1,1
1,0,1,1,0,1,0,1,1,0,0,1,1,0,1,0,1,0,1,1,1,0,1,0,1,0,1,1,0,0,0,0,1,0,0,1,0,1,1,0,1,1,0,1,0,1,0,1,1,0,1,0,1,0,0,0,1,1,0,0,1,0,1,0,0,0,0,1,0,1,1,0,0,1,0
0,0,0,1,1,1,0,1,0,1,1,0,0,0,1,0,0,1,0,1,0,1,0,1,0,0,1,0,0,0,1,0,0,0,1,1,0,0,0,1,1,0,0,1,0,1,1,1,0,1,1,1,1,1,0,1,1,0,0,0,1,1,1,0,0,1,0,1,1,1,0,0,1,0,1
1,0,0,0,0,1,0,1,0,1,0,1,0,0,1,0,1,1,0,1,0,0,0,1,0,0,1,1,0,0,1,0,0,0,1,1,1,1,0,1,1,0,0,1,1,1,0,0,1,0,1,0,1,1,0,1,0,1,1,1,1,0,1,0,1,0,0,1,1,1,1,0,0,1,0
1,1,1,0,0,1,1,1,0,1,0,0,0,0,0,0,0,1,1,1,1,0,1,1,0,0,1,1,1,0,0,1,0,0,0,0,0,0,1,0,1,1,0,1,1,0,1,0,0,1,1,0,1,1,0,0,0,1,0,1,0,0,0,1,1,0,0,0,1,1,0,0,1,1,0
1,0,0,1,0,0,0,0,1,0,0,1,1,0,0,0,1,0,1,1,1,1,1,1,1,1,1,1,1,1,0,0,1,0,0,0,1,1,1,0,1,1,0,1,1,0,1,0,0,0,0,0,1,0,0,1,0,0,1,0,1,1,1,0,1,1,0,0,0,1,0,1,1,1,0
0,0,0,1,1,1,0,1,0,0,1,1,1,0,0,1,1,1,0,0,0,1,1,1,0,0,1,1,0,0,0,1,0,0,1,0,1,1,1,0,1,0,1,1,0,1,0,0,0,1,1,0,1,1,0,0,0,0,0,0,0,0,1,0,0,0,0,1,0,1,1,0,1,1,1
0,0,0,0,0,0,0,1,0,0,1,0,0,0,0,1,1,1,1,0,1,1,0,1,0,0,0,0,0,1,1,0,1,1,1,0,0,1,1,0,1,0,1,1,1,1,1,0,0,1,1,1,1,1,0,1,0,0,1,1,0,1,1,0,0,0,0,1,0,1,1,0,0,1,1
1,0,1,0,0,0,0,1,0,0,1,1,0,0,1,0,0,1,1,0,1,1,0,1,0,0,1,0,1,0,1,0,0,0,1,1,0,1,1,0,1,1,1,0,0,0,1,0,1,1,0,0,0,0,1,0,0,0,1,0,0,0,1,0,1,1,0,1,0,1,0,1,1,1,0
1,0,0,0,1,1,0,0,0,0,0,0,0,0,0,1,1,1,1,1,0,1,0,1,1,1,1,1,0,0,1,1,1,0,0,1,0,1,1,1,1,0,1,1,0,1,1,0,0,1,1,0,1,1,0,1,0,0,0,0,0,0,0,0,0,0,1,0,1,1,1,0,1,1,0
0,0,0,0,1,0,0,1,1,0,0,0,1,0,0,0,0,0,0,0,1,1,0,1,0,0,1,0,1,1,1,0,1,1,0,0,1,0,0,0,0,0,0,1,0,0,1,0,0,0,1,1,1,0,0,1,0,0,1,1,0,1,1,1,0,0,0,1,0,1,0,1,1,1,0
1,1,1,0,0,0,0,1,0,1,1,0,1,0,0,1,1,0,0,0,0,0,1,1,0,0,1,0,0,1,0,1,0,0,0,1,0,1,0,1,0,0,0,1,1,0,0,0,0,0,1,1,1,1,0,1,0,1,1,1,0,1,1,0,1,1,1,1,1,1,1,1,1,1,0
1,0,0,1,0,0,0,1,0,0,1,1,1,0,0,1,1,1,1,1,0,0,0,1,1,1,1,0,1,0,0,0,1,0,0,0,0,1,0,0,0,0,0,1,0,1,1,0,0,0,1,1,1,1,0,1,0,1,0,1,1,0,0,0,1,1,1,0,1,1,1,0,0,0,1
1,1,0,0,1,0,1,1,0,0,1,0,1,1,0,1,0,0,0,0,0,1,1,1,1,0,1,0,1,0,1,1,1,0,0,1,1,0,1,1,1,0,0,1,0,1,1,1,1,0,1,0,1,0,1,1,1,1,1,0,0,0,1,0,1,0,0,0,1,1,1,0,0,0,1
1,0,1,0,1,0,0,1,0,1,1,0,0,0,1,1,1,1,1,0,0,1,0,1,0,1,0,1,0,0,0,0,0,1,0,1,1,0,0,1,0,0,1,1,0,1,1,1,1,0,1,1,0,1,0,0,1,1,1,1,1,0,1,1,1,0,0,0,0,0,1,0,0,1,0
0,0,0,0,0,1,0,1,1,0,1,0,0,0,1,0,1,1,0,0,0,1,0,1,0,0,0,1,1,1,0,1,0,0,0,0,1,1,1,0,1,1,1,1,1,0,0,0,1,1,1,1,1,1,0,1,0,1,1,1,1,1,1,0,0,0,1,1,1,1,1,0,1,1,0
1,1,1,0,0,1,0,0,0,1,0,1,0,0,1,0,0,0,0,1,1,0,1,1,0,0,1,1,1,1,0,0,1,0,1,1,0,1,0,1,1,1,1,1,1,1,0,1,1,1,1,1,1,0,0,1,1,1,0,1,0,0,0,0,0,1,0,1,0,1,0,1,0,1,0
1,1,1,1,1,0,0,1,0,0,0,1,0,0,0,0,1,0,1,0,1,1,0,0,1,0,1,0,0,1,0,0,1,0,1,1,0,0,0,1,1,0,0,1,1,0,0,1,0,1,1,1,1,1,0,1,1,1,0,0,1,1,1,0,1,1,0,0,1,1,0,0,0,1,0
0,0,1,0,1,0,0,1,0,1,0,0,1,0,1,1,1,1,0,0,0,1,1,1,0,0,1,1,0,0,1,0,0,0,0,1,0,1,0,1,0,0,0,1,0,1,1,1,0,0,1,0,1,0,0,1,1,0,1,1,0,0,1,1,0,0,0,1,1,1,1,1,1,1,0
1,0,0,0,1,0,0,1,0,1,0,1,1,0,0,1,1,1,1,0,1,1,1,1,0,0,0,1,1,1,0,1,1,0,1,0,1,1,1,0,1,0,0,1,1,0,1,0,0,1,0,0,0,1,1,0,0,1,0,1,0,0,1,0,1,0,1,0,1,1,1,0,0,0,1
1,0,1,1,1,1,0,1,1,0,0,1,0,0,1,0,1,0,0,1,1,0,0,1,0,1,1,0,0,1,1,1,0,1,0,0,1,0,0,0,1,0,0,1,0,1,1,0,0,1,1,1,1,0,0,1,1,1,0,0,0,1,0,0,0,0,1,1,1,0,0,1,0,1,1
0,1,0,1,1,0,0,1,0,1,1,1,0,0,1,1,1,0,1,0,1,1,0,1,1,1,1,1,0,1,0,1,0,1,1,1,1,0,1,1,1,0,1,1,1,0,0,1,1,1,1,1,1,1,1,1,1,0,0,0,0,0,1,0,0,1,0,1,0,1,1,0,0,1,1
1,1,0,0,1,1,0,1,0,0,0,1,1,1,0,0,0,0,0,1,0,1,0,1,0,1,0,0,0,1,0,0,1,0,0,0,1,1,0,1,1,0,0,1,0,1,0,0,0,1,1,1,1,0,0,1,1,1,0,0,1,0,0,1,1,0,1,1,1,1,0,1,1,1,0
1,0,0,1,1,1,0,1,0,1,1,1,1,0,0,0,1,1,1,0,1,1,1,1,0,0,0,1,0,0,1,1,0,0,1,0,0,1,1,0,1,1,1,1,0,0,1,0,0,1,0,0,1,0,0,0,0,0,1,0,0,0,1,0,1,0,0,0,0,1,1,0,1,1,1
1,0,0,1,1,1,0,1,0,1,1,1,1,0,1,1,1,1,0,0,1,1,0,1,0,0,1,0,0,0,1,1,0,0,1,0,1,0,1,0,1,0,0,1,1,0,0,0,0,0,1,1,1,0,1,1,0,1,0,1,1,0,1,0,0,1,0,1,1,1,1,1,0,1,1
1,0,1,1,0,1,0,1,0,1,1,1,0,0,0,0,0,1,0,0,0,1,0,0,0,1,1,1,1,1,1,0,1,0,1,1,0,1,0,1,1,1,1,1,0,1,0,0,0,1,0,1,1,1,1,1,0,1,0,0,0,0,1,0,1,0,1,1,0,1,1,0,0,1,0
1,0,0,0,1,0,0,1,0,1,0,1,0,0,0,1,1,0,0,1,1,1,0,1,0,0,1,0,1,1,0,0,1,0,0,0,1,0,1,0,1,0,0,1,0,0,1,0,1,1,1,1,0,1,0,0,0,0,0,1,1,1,0,0,1,0,0,0,1,1,0,1,1,1,0
0,0,0,0,1,1,0,1,0,0,1,1,0,1,0,1,1,1,1,0,1,1,0,1,0,0,1,0,1,1,1,0,1,0,0,0,1,1,1,0,1,1,0,1,0,1,0,1,0,0,1,1,1,1,0,1,1,0,1,1,1,1,1,0,1,0,0,0,0,1,0,0,0,1,1
1,1,0,0,0,0,0,1,1,0,0,0,0,0,0,0,0,0,1,0,1,1,0,1,0,1,0,1,1,0,0,0,1,0,1,1,0,1,1,0,1,1,0,1,1,0,0,0,1,1,1,1,1,1,0,1,0,1,1,1,0,1,1,0,1,0,0,0,0,1,0,0,0,1,0
0,0,1,1,1,0,0,1,1,0,1,1,0,1,0,1,1,0,0,0,1,1,0,1,1,1,1,1,0,1,1,1,1,0,1,0,0,0,1,0,1,0,1,1,0,1,0,0,0,1,0,1,1,0,1,1,0,1,0,1,0,1,0,1,0,0,1,0,1,1,1,1,0,1,1
1,0,1,1,0,0,1,1,0,1,0,1,0,0,0,1,0,0,1,0,1,1,0,1,0,1,0,0,1,0,1,1,1,0,1,1,0,0,1,0,1,0,1,1,0,1,1,1,0,1,1,1,1,1,0,1,1,0,0,1,0,1,1,1,0,1,1,0,1,1,1,1,1,1,0
0,0,0,0,0,1,0,1,0,0,0,1,1,0,0,0,1,0,1,0,1,1,1,1,0,1,1,1,1,0,0,0,0,0,0,0,0,0,1,0,1,0,0,1,0,1,0,1,0,0,1,0,1,0,0,1,0,1,1,1,1,1,1,0,1,0,0,0,1,1,0,1,0,1,0
1,0,0,0,1,0,0,1,1,1,1,1,0,0,1,0,1,0,1,0,0,0,0,1,1,0,1,1,0,0,1,0,0,0,1,1,0,1,1,0,1,1,1,1,0,1,0,0,1,1,1,1,1,0,0,1,0,1,1,1,1,1,1,1,0,0,0,1,0,1,1,0,0,1,0
1,0,1,1,1,0,0,0,0,0,1,0,1,0,0,1,0,0,1,1,1,1,0,0,0,0,0,1,1,0,0,1,1,0,1,0,1,1,1,0,1,0,0,1,1,0,1,1,0,1,1,1,1,0,1,0,1,0,1,1,0,0,1,0,1,1,0,0,1,1,0,0,1,1,0
0,0,1,0,0,0,0,1,0,1,0,0,0,0,1,0,0,0,0,0,0,1,0,1,0,0,1,1,0,1,0,0,0,0,1,1,0,1,1,0,1,1,1,1,0,1,0,1,1,1,1,1,1,1,0,0,1,1,1,0,1,0,1,0,0,0,1,0,0,1,0,1,0,1,1
0,0,1,1,1,0,0,1,0,0,0,1,0,0,0,0,0,0,1,1,1,1,0,1,1,1,1,1,1,0,0,0,1,0,1,0,1,0,0,0,1,1,0,1,0,1,0,0,0,1,1,1,1,1,1,1,0,1,0,0,1,0,1,0,1,0,1,0,0,1,0,1,0,1,0
1,0,1,0,1,1,1,1,0,1,0,0,1,1,1,0,0,1,0,0,0,1,1,1,1,1,1,0,0,0,1,1,0,1,0,1,0,1,0,1,1,1,0,1,0,1,1,0,0,0,0,0,1,0,0,1,0,0,1,1,0,1,1,1,1,1,0,0,0,1,0,0,1,1,0
1,0,0,1,0,1,1,1,1,1,0,1,0,0,1,0,0,0,0,0,0,1,0,0,0,1,1,1,0,0,0,1,0,0,1,1,0,0,1,1,1,0,0,1,0,1,0,1,0,1,1,0,1,0,1,1,1,1,0,0,0,0,0,0,0,0,1,1,1,1,0,0,0,1,0
1,0,0,0,0,0,0,1,1,1,1,1,0,0,0,0,1,0,0,0,0,1,0,1,0,0,0,1,1,0,0,0,1,1,0,0,1,1,0,1,1,0,0,1,1,1,1,0,1,1,1,0,1,1,0,0,0,1,1,0,1,1,1,0,1,0,1,0,0,0,0,1,0,1,0
1,0,1,0,1,1,0,1,0,0,0,0,0,0,0,0,0,0,0,0,0,1,0,0,1,1,1,1,1,1,1,1,1,0,1,1,1,0,0,1,0,1,1,1,0,0,0,0,1,1,1,1,1,1,1,1,1,1,1,1,0,0,1,1,1,0,0,1,0,1,1,1,0,1,1
1,0,0,1,1,0,1,1,0,0,1,1,0,0,0,1,0,1,1,1,0,1,0,0,0,0,1,1,0,0,1,1,1,1,0,0,0,0,1,0,1,0,1,1,0,1,0,0,1,1,1,1,1,0,1,0,0,0,0,1,1,0,0,0,1,0,0,0,1,1,1,0,0,1,0
1,0,1,0,0,1,0,1,1,1,1,0,0,0,0,1,0,0,0,0,1,1,0,1,0,1,0,1,0,1,1,0,0,0,1,1,1,0,0,1,1,0,1,1,1,1,0,0,0,1,1,1,1,0,1,0,0,0,1,1,0,1,0,0,0,0,1,1,1,1,0,1,1,1,0
1,0,0,0,0,0,0,0,0,0,0,1,1,1,0,1,1,1,0,0,0,1,1,1,0,0,0,1,0,0,1,0,1,0,1,0,1,0,1,0,1,0,1,1,0,1,1,0,0,0,0,1,1,1,0,0,0,1,0,0,0,1,1,0,0,1,1,1,1,1,1,0,0,1,0
1,1,1,0,0,1,1,1,1,0,1,1,0,1,1,0,0,1,1,1,0,1,1,1,0,1,1,0,0,1,0,1,0,0,1,1,0,1,0,1,1,1,1,1,1,1,1,0,0,0,1,0,1,1,0,1,1,0,0,1,1,1,1,0,1,0,0,1,1,0,1,1,1,0,0
0,0,0,1,0,0,0,1,0,1,0,1,0,0,0,1,1,1,0,0,0,1,0,0,0,0,1,0,0,1,1,1,0,0,1,0,1,1,0,0,1,0,0,1,1,1,1,0,1,1,1,1,0,0,1,0,0,0,0,1,0,0,1,0,1,1,1,0,1,1,0,0,1,1,1
1,0,0,1,0,1,0,1,0,0,0,1,1,0,0,1,1,0,1,0,1,1,0,1,0,1,1,1,0,0,0,0,1,0,1,0,0,1,1,0,1,0,0,1,1,1,0,1,0,1,1,1,1,1,0,1,1,1,1,0,1,0,1,0,1,0,0,0,1,1,0,0,0,1,0
1,0,1,1,1,1,0,1,0,0,1,1,1,0,1,0,1,1,0,1,1,1,0,1,0,1,1,1,0,1,0,1,0,0,1,0,0,0,0,0,1,1,0,1,0,1,1,0,0,1,1,1,1,0,0,1,0,1,0,0,1,1,1,0,1,0,1,0,1,1,1,0,0,1,0
0,0,0,1,1,1,0,1,0,1,1,1,0,0,1,1,1,0,1,1,1,1,0,1,0,0,1,0,0,0,0,1,0,0,0,1,0,1,1,0,1,0,0,1,1,1,0,1,0,1,1,0,1,0,1,1,1,1,0,0,1,0,0,0,0,0,1,1,1,1,0,0,0,1,0
1,0,0,0,0,0,0,0,0,0,0,1,0,1,0,1,1,0,0,0,1,1,0,1,0,1,1,0,1,1,1,0,1,0,0,0,0,0,1,0,1,0,0,1,0,1,0,1,0,1,1,1,1,1,0,1,0,1,1,1,1,1,1,0,1,0,0,1,0,1,0,1,0,1,0
1,1,1,0,0,1,0,1,0,1,0,1,0,0,1,0,0,1,1,0,0,0,1,1,0,0,1,1,0,0,1,1,0,1,0,1,0,0,0,1,1,1,0,1,0,1,1,0,0,1,1,0,1,1,0,1,1,0,1,0,0,0,1,0,1,1,0,0,1,1,0,0,1,1,1
1,0,1,1,1,1,1,1,0,0,0,0,0,0,0,1,1,0,0,1,0,1,1,1,1,1,0,0,1,0,0,0,1,0,1,0,0,1,1,0,1,1,0,0,1,1,0,0,0,1,0,0,1,0,1,0,0,1,0,1,0,0,1,1,1,0,0,0,0,1,0,1,0,1,0
0,1,1,0,1,0,0,1,0,0,0,1,0,0,0,1,1,0,0,0,1,1,1,1,1,0,1,0,1,1,1,0,0,1,0,0,0,0,1,0,1,1,0,1,1,1,0,0,0,1,1,1,1,0,1,0,1,1,1,1,1,1,1,0,1,0,0,1,0,1,0,1,0,1,1
1,0,0,1,1,1,1,1,1,1,0,1,0,0,0,1,1,0,0,0,0,0,1,1,0,0,1,1,0,0,0,0,1,0,0,0,0,1,1,0,0,0,0,1,0,1,0,1,1,0,1,1,1,1,0,1,0,1,0,1,0,1,0,0,1,0,0,0,1,1,1,0,0,1,0
0,0,0,0,1,0,1,0,0,0,0,0,0,0,1,0,1,1,1,0,0,1,1,1,0,0,0,1,0,0,1,1,0,1,1,0,0,1,0,0,1,1,1,1,0,1,1,0,0,1,1,1,1,1,0,0,0,1,1,0,0,0,0,0,1,0,1,0,0,1,1,0,0,1,0
1,0,1,1,0,0,0,0,0,0,0,1,0,0,0,0,1,1,0,0,0,1,0,1,0,0,1,1,1,1,1,0,1,0,1,0,0,0,1,0,1,1,1,1,0,0,0,1,0,0,1,1,1,0,0,1,1,0,0,0,1,0,1,0,1,1,0,1,0,1,0,1,1,1,0
1,1,0,1,0,0,1,1,0,0,1,0,1,0,1,1,1,1,0,0,0,1,1,1,1,0,1,0,0,1,1,0,0,1,1,1,0,0,1,0,1,1,1,1,0,1,1,1,1,0,1,0,1,0,0,1,1,1,0,1,1,0,1,0,1,0,0,1,0,1,1,1,0,1,1
1,0,0,0,0,1,1,1,0,1,0,1,0,0,0,1,0,1,0,0,1,1,1,1,1,0,0,1,1,0,0,0,1,0,0,0,0,0,1,0,1,0,0,1,1,0,1,0,1,1,0,0,1,1,0,1,0,0,1,1,1,1,1,0,1,0,0,0,1,1,0,0,0,1,1
1,0,0,1,0,0,0,1,0,1,1,1,0,0,1,1,0,1,1,0,0,1,1,0,0,0,1,0,0,1,0,1,0,0,0,1,1,0,0,1,0,0,1,1,1,0,1,1,0,1,1,0,1,1,0,1,1,0,1,0,0,1,1,0,0,1,0,1,1,1,0,0,1,1,0
0,0,1,1,1,0,0,0,0,0,0,1,0,0,0,1,0,1,0,1,0,1,0,1,0,1,1,1,1,1,1,1,1,0,1,1,0,0,1,1,1,0,1,1,0,0,1,0,0,0,0,0,1,0,1,1,0,0,1,1,1,0,0,0,1,0,0,1,1,1,1,0,1,0,0
1,0,0,0,1,0,0,0,1,1,0,1,1,1,0,1,1,1,1,1,1,0,0,1,1,0,1,1,1,0,1,1,0,0,1,0,0,1,1,0,1,0,1,1,1,1,0,0,1,0,1,0,1,0,1,1,0,1,1,1,1,0,1,0,0,1,1,1,0,1,1,0,0,1,1
0,0,0,1,1,0,0,1,0,1,0,1,0,0,1,0,1,1,1,0,1,1,1,1,1,1,1,0,0,1,0,0,0,0,1,1,1,0,0,1,0,0,1,1,1,1,0,0,0,1,0,0,1,0,1,1,0,1,1,1,1,0,1,0,1,0,1,0,1,0,1,1,0,0,1
0,0,1,1,1,0,0,1,1,1,1,0,0,0,1,0,1,1,0,0,0,1,1,1,0,0,0,0,1,1,0,1,1,0,1,1,1,1,1,0,1,1,1,1,0,1,0,0,1,1,1,0,1,1,1,1,0,1,1,1,0,1,1,1,0,0,1,0,1,1,1,0,0,0,0
1,1,0,0,0,1,0,0,0,0,0,0,1,0,0,1,0,0,0,0,0,1,1,1,1,1,1,0,1,1,1,1,1,1,0,1,1,0,1,0,1,1,1,1,1,0,0,0,1,1,1,0,1,1,1,0,0,1,1,1,0,0,0,0,0,1,0,0,1,1,1,0,0,1,1
1,0,1,0,1,1,1,1,0,1,0,0,0,0,1,0,0,0,0,0,0,0,0,1,1,1,1,1,0,1,0,0,1,0,1,1,1,1,0,1,1,1,0,1,1,0,0,0,1,0,1,1,1,0,1,1,0,0,1,0,0,0,1,0,1,0,0,0,1,1,0,0,1,1,0
1,0,0,0,0,0,0,0,0,0,0,1,1,0,1,1,1,0,1,0,1,1,0,1,0,1,0,1,1,1,1,1,0,1,1,0,0,0,0,1,0,0,1,1,0,1,0,1,0,0,1,1,1,0,1,1,1,1,1,1,1,1,1,1,0,1,1,1,1,1,1,0,0,1,1
1,0,1,1,0,0,0,1,1,1,1,1,0,0,0,0,1,0,1,0,0,0,0,1,1,1,0,0,0,0,1,0,1,0,1,0,1,1,0,0,1,1,0,1,0,1,1,0,0,1,1,1,1,1,1,0,1,0,0,1,1,1,1,0,0,1,0,0,1,1,0,0,1,1,0
0,0,0,0,0,1,1,1,1,1,1,1,0,0,0,1,0,1,0,0,1,1,1,1,1,1,0,0,1,0,0,1,0,1,1,0,1,1,0,1,0,0,1,1,0,0,1,0,1,1,1,0,1,0,1,1,0,0,1,0,0,1,1,0,0,0,1,1,0,0,1,0,0,0,1
1,0,0,0,1,0,1,1,1,1,0,1,0,0,0,0,0,0,0,0,1,1,0,1,1,1,1,1,0,1,0,1,0,0,0,0,0,0,1,0,1,1,0,1,1,1,0,0,0,1,1,0,0,0,1,0,0,1,1,0,0,0,0,0,1,0,1,1,1,1,0,1,0,1,0
1,0,1,1,0,1,0,0,0,0,0,0,0,0,1,1,1,1,0,0,0,1,0,1,1,0,1,1,0,1,0,1,0,0,1,0,1,1,0,0,0,1,0,1,0,1,1,1,1,0,1,0,1,1,0,1,1,1,0,0,0,1,1,0,1,1,1,1,1,1,1,0,0,1,1
0,0,0,0,1,1,0,1,1,0,1,0,0,0,0,1,0,0,1,0,0,1,0,1,0,0,1,1,1,1,1,1,1,0,1,0,0,0,1,0,1,1,0,1,0,1,0,0,0,1,1,1,1,0,1,0,1,1,1,1,1,1,0,1,1,0,0,0,1,1,1,1,0,1,0
1,0,0,0,1,1,0,0,0,0,0,0,0,0,1,0,1,0,0,0,0,1,0,0,1,1,1,0,1,0,1,1,1,1,0,1,0,0,0,1,1,1,1,1,1,1,0,0,0,1,1,0,1,0,0,1,1,0,1,0,0,0,1,0,1,1,0,0,0,1,1,0,1,1,0
1,0,0,1,1,1,0,0,0,0,1,0,1,0,0,0,1,0,1,0,0,1,0,1,1,0,1,0,1,1,1,0,1,0,0,0,0,1,1,0,1,1,0,1,0,1,0,0,1,0,1,1,0,0,0,0,0,0,0,1,0,1,1,1,0,1,0,1,0,1,0,0,1,1,0
0,0,1,1,0,1,0,0,1,1,0,0,0,0,0,0,0,1,1,0,1,1,0,1,0,1,0,1,0,0,0,0,0,0,1,1,0,1,0,1,0,1,1,1,0,1,0,0,0,1,1,0,1,1,0,1,0,1,0,0,1,1,1,0,0,1,1,0,0,1,1,0,0,0,0
1,0,0,1,1,0,0,1,0,1,0,1,1,1,0,1,0,1,0,0,1,1,0,1,0,0,1,1,0,0,1,1,1,1,1,1,1,0,1,1,0,0,0,1,0,1,0,0,0,1,0,1,1,0,1,0,0,1,1,0,0,0,1,0,1,0,0,0,0,1,0,0,0,1,0
1,0,0,1,0,0,0,1,1,0,1,1,1,0,0,1,1,1,1,1,0,1,0,1,0,0,1,1,0,1,0,0,1,1,1,1,0,1,0,1,1,0,0,1,1,0,0,0,1,0,0,1,0,1,1,1,0,0,1,0,1,0,1,0,1,0,0,1,1,1,1,1,1,0,0
1,0,1,0,1,1,0,1,1,0,1,0,0,0,0,0,0,0,1,0,1,0,0,1,1,0,1,1,1,1,1,0,1,0,1,1,0,1,1,1,0,0,0,1,0,0,0,0,0,1,1,1,0,1,0,0,0,1,1,1,0,1,1,0,1,0,0,1,0,1,0,1,0,1,0
0,1,1,1,0,1,1,1,0,0,0,0,1,1,0,1,0,0,0,0,0,1,0,0,0,0,1,1,0,0,1,0,0,1,0,0,1,0,1,0,1,1,1,1,0,1,0,1,0,1,1,1,1,1,0,1,1,1,1,0,0,1,1,0,0,0,1,0,0,0,1,1,1,1,0
1,1,1,0,1,0,0,1,1,0,0,1,1,1,0,1,1,0,1,0,1,1,0,1,0,1,1,0,0,1,0,1,0,0,0,0,1,0,1,0,1,0,0,1,1,0,1,1,0,1,1,0,1,0,1,0,0,0,0,0,0,1,1,1,1,0,0,1,1,1,0,1,0,1,1
1,1,0,0,1,0,0,0,0,1,0,1,1,0,0,1,0,0,0,0,0,1,0,1,0,0,1,0,1,0,0,1,1,0,0,0,0,0,1,0,1,0,0,1,1,0,1,0,0,0,0,1,1,1,0,0,0,0,1,1,1,0,1,0,1,1,0,0,1,1,0,0,1,1,0
1,1,1,1,1,0,1,1,0,0,0,0,0,0,1,0,1,1,0,0,1,0,0,0,0,0,0,1,1,1,0,1,0,0,1,0,1,0,1,0,1,0,0,1,0,1,1,0,1,1,0,1,1,1,0,0,0,0,1,1,0,0,1,0,1,0,0,0,1,1,0,1,0,1,0
0,1,0,0,1,0,0,1,1,0,0,1,0,0,1,1,0,0,1,0,0,1,1,1,0,1,1,0,0,0,0,0,0,1,0,0,1,0,0,0,1,0,0,1,1,0,1,0,0,1,1,0,1,0,0,0,0,1,0,1,0,1,1,0,0,0,0,0,1,1,0,0,1,0,0
1,1,0,1,0,0,0,1,0,1,1,1,0,0,1,0,0,0,0,1,1,0,0,1,0,1,0,0,1,0,1,1,1,0,1,1,0,1,0,1,0,1,1,1,1,1,0,0,1,1,1,1,1,1,0,1,0,0,0,0,0,0,1,0,1,0,0,1,1,1,1,1,0,1,0
1,0,0,1,0,0,1,1,0,0,1,1,1,0,1,1,0,0,0,0,1,1,1,1,1,1,1,0,0,0,1,1,0,0,0,0,1,1,1,0,1,0,0,1,0,1,0,0,0,0,1,0,1,0,0,1,1,1,1,1,1,0,1,0,1,0,0,0,0,1,0,0,0,1,0
1,0,0,1,1,0,0,1,0,1,1,0,0,0,1,1,1,1,0,1,0,1,1,1,0,0,1,1,1,0,1,1,1,0,1,1,0,0,0,1,1,0,0,1,0,1,0,1,0,1,1,0,1,1,0,1,1,1,0,0,1,0,1,0,0,1,0,0,0,1,0,0,0,1,0
1,1,0,1,0,1,0,1,0,1,1,1,1,0,1,1,0,1,1,0,0,1,0,1,1,1,1,0,1,1,0,1,1,0,1,1,0,1,0,1,1,0,0,1,1,1,0,1,0,0,0,1,1,1,0,1,1,1,1,1,1,1,0,1,1,0,0,0,0,1,0,0,0,0,0
1,0,0,1,1,0,0,1,0,1,1,1,0,0,1,1,0,0,1,0,0,1,1,1,0,1,1,1,0,1,1,0,0,0,1,0,0,0,0,0,0,0,0,1,0,1,0,0,0,1,1,1,1,1,0,1,0,1,0,0,0,1,1,0,0,1,1,1,1,1,0,1,0,1,1
0,1,0,1,1,1,0,1,0,1,1,1,0,1,0,1,1,1,0,0,1,0,1,1,0,1,1,1,1,1,0,0,1,1,1,0,1,0,1,0,1,1,0,1,1,1,1,0,0,1,0,0,1,0,1,1,1,0,1,0,0,0,0,0,0,1,1,0,0,1,0,0,0,0,1
1,0,0,1,0,0,0,0,0,0,1,1,0,0,0,1,0,0,0,0,0,1,0,1,0,1,0,1,1,1,0,1,1,0,1,0,0,0,0,1,1,0,0,1,1,1,0,0,1,1,1,0,1,0,1,1,0,1,0,0,0,1,1,1,0,0,1,1,1,1,0,0,0,0,0
1,1,1,1,0,0,0,1,1,0,1,1,1,0,0,1,1,1,1,1,1,1,0,0,1,1,0,0,0,0,1,0,1,0,0,0,0,1,1,0,0,0,1,1,1,0,1,1,1,1,1,0,1,1,1,0,1,1,0,1,0,1,0,0,0,0,0,1,1,1,1,0,0,0,0
1,1,1,1,0,0,0,1,0,0,1,1,0,0,0,0,0,1,0,0,0,1,1,1,0,0,0,0,1,0,1,1,1,0,1,1,0,1,0,1,1,0,1,1,0,1,0,0,0,1,0,1,1,1,0,1,0,1,1,1,0,0,1,0,1,0,0,0,1,1,1,0,0,1,0
1,1,1,1,1,0,0,0,1,1,0,1,0,0,0,1,0,0,1,0,1,1,0,1,0,1,1,0,1,1,0,1,1,0,1,1,0,1,0,1,1,0,0,1,1,0,0,0,0,1,1,1,0,0,0,1,1,0,0,0,0,0,0,1,0,1,1,1,1,1,0,0,0,0,0
1,0,0,1,1,1,0,1,1,1,1,0,0,0,1,1,1,1,0,0,1,0,0,1,0,1,1,1,1,1,0,0,1,0,1,1,0,1,0,1,0,0,0,1,0,1,1,0,0,1,1,1,1,1,0,1,0,1,0,1,0,0,0,0,1,0,0,0,1,1,0,1,0,1,1
1,1,0,0,0,0,0,1,0,1,1,0,1,0,0,1,0,1,1,0,1,1,0,1,1,1,0,0,1,0,1,1,0,0,0,0,1,1,1,0,1,0,1,1,1,1,1,0,0,1,1,1,1,0,0,0,0,1,1,1,0,0,1,0,1,0,0,0,0,1,1,1,1,0,0
0,0,1,1,1,0,0,1,0,0,1,1,0,0,1,1,1,1,0,0,0,1,0,0,0,1,1,1,0,1,1,1,0,0,1,1,1,1,1,0,1,1,0,1,0,0,0,0,0,1,1,1,1,1,0,1,0,1,1,0,0,0,0,0,1,0,0,0,1,1,0,1,1,1,1
0,0,1,1,1,1,1,1,1,1,0,1,1,0,0,1,0,1,1,0,0,1,0,1,0,1,0,1,1,0,0,0,1,1,1,0,1,1,1,0,0,0,0,1,1,1,1,1,0,1,1,1,1,0,1,0,0,0,0,1,1,0,1,0,0,1,1,0,1,1,0,1,0,0,1
0,0,0,0,0,1,0,1,0,1,1,0,0,0,0,1,0,1,1,1,1,1,0,1,1,1,1,1,1,1,1,1,1,1,0,1,0,0,0,1,1,0,0,0,1,0,1,0,0,1,1,1,1,1,0,1,1,0,1,1,0,0,1,0,1,1,0,0,1,0,1,1,1,1,0
1,1,1,0,0,0,0,1,0,0,0,1,1,0,1,0,0,1,1,0,1,1,0,0,0,0,1,1,0,0,0,0,0,1,1,0,1,0,1,0,0,1,0,1,0,1,0,0,1,0,1,1,1,0,0,1,0,1,1,0,1,1,1,0,1,0,0,0,0,1,0,1,0,1,0
1,0,1,1,1,0,1,0,1,1,1,0,1,0,0,1,1,0,0,0,1,1,1,1,1,1,0,0,1,0,1,1,1,0,0,0,0,1,0,0,1,1,1,1,0,1,1,0,1,1,1,0,1,1,0,1,0,0,1,1,0,1,1,1,1,1,1,0,0,1,0,1,0,1,0
1,1,0,1,0,1,0,0,1,1,0,0,1,0,1,0,0,1,0,0,0,1,1,1,0,0,0,1,0,0,1,1,0,1,1,0,0,1,1,0,1,1,1,1,0,1,1,0,1,1,1,0,1,1,0,1,1,1,0,1,0,1,0,0,0,1,0,1,1,1,1,0,0,1,0
1,0,1,1,1,0,0,1,1,0,1,1,0,1,1,1,1,1,0,0,0,0,1,1,1,0,0,1,1,0,1,1,1,0,1,0,1,0,1,0,1,1,0,1,0,0,0,0,0,0,1,1,1,1,0,0,0,0,0,0,1,0,1,0,0,1,1,0,1,1,0,0,1,1,0
1,0,0,1,1,0,0,1,0,0,1,1,1,0,0,0,1,0,1,1,1,1,0,1,1,0,1,0,1,1,1,1,0,0,1,0,0,1,1,0,1,0,0,1,0,1,0,1,1,1,1,1,1,1,0,1,0,1,1,0,0,0,1,0,0,0,1,1,1,1,0,1,0,0,0
1,0,0,1,0,0,0,1,0,1,0,1,0,0,0,0,0,0,0,0,0,1,1,1,0,1,0,1,1,0,0,0,1,0,1,1,1,0,0,1,1,0,0,1,1,0,0,0,1,0,1,1,1,1,1,1,0,1,0,0,0,0,1,0,1,0,1,0,1,1,0,0,0,1,0
1,1,0,0,0,1,0,0,0,1,0,0,0,1,0,1,0,0,1,1,1,1,0,1,1,1,1,1,0,1,1,1,0,0,1,1,0,0,0,1,0,0,0,1,1,1,1,1,0,1,1,1,1,0,1,1,1,0,0,1,0,0,0,0,1,1,0,0,0,1,0,1,1,1,1
1,0,0,1,0,0,0,1,0,0,1,0,0,0,0,0,1,0,0,0,0,0,0,1,0,1,1,1,1,1,1,0,1,0,1,1,1,0,0,0,1,1,1,1,0,1,0,0,0,1,1,1,0,0,0,1,0,1,0,0,0,0,1,0,0,1,0,1,1,1,1,1,0,1,0
1,0,1,1,1,0,0,1,1,1,1,1,1,0,0,1,1,0,1,1,1,1,0,0,1,0,1,0,0,0,0,1,1,0,0,0,1,1,1,0,1,1,0,1,0,1,0,0,1,1,0,0,1,1,0,0,0,1,1,1,1,0,0,0,1,0,0,0,1,1,1,1,0,0,0
0,0,0,1,1,0,0,1,0,0,1,1,0,0,1,1,1,0,1,1,1,1,0,0,0,0,1,1,1,1,1,1,1,0,1,0,0,0,1,0,1,0,0,1,0,1,0,0,0,1,0,0,1,1,0,1,0,0,0,0,1,0,1,0,0,0,0,1,1,1,0,1,1,0,0
1,1,0,0,1,0,0,0,0,1,0,0,0,0,0,0,1,0,1,0,1,1,0,1,0,1,0,0,0,1,0,0,0,1,0,1,0,1,0,1,1,0,0,1,0,0,0,0,1,1,1,1,1,1,0,1,0,1,1,1,1,0,1,0,0,1,0,0,0,1,1,1,0,1,0
1,0,0,1,1,0,1,1,1,1,1,1,1,0,0,1,1,1,1,1,1,1,1,1,1,1,1,1,1,0,1,0,1,0,1,0,1,1,1,0,1,1,0,1,0,1,1,1,0,1,1,1,1,1,0,0,0,0,1,0,1,1,0,0,1,0,0,0,0,1,0,0,1,1,0
1,0,1,1,1,0,0,1,1,0,0,1,1,0,0,0,0,1,0,1,0,1,1,1,1,0,0,1,1,1,0,0,1,0,1,0,0,0,0,0,1,1,0,1,0,1,1,0,1,0,1,1,1,1,0,1,0,1,0,0,1,0,1,0,0,0,1,1,1,1,0,1,0,1,0
1,0,1,1,0,1,0,0,0,0,0,0,0,1,0,0,1,1,1,0,1,1,1,1,1,0,1,0,0,1,1,1,1,0,0,0,0,1,1,0,1,1,0,1,0,1,0,0,0,1,1,1,1,1,0,1,0,0,1,0,0,1,1,1,0,0,0,0,0,1,0,0,1,1,0
1,1,0,1,1,1,0,1,0,1,0,1,1,1,0,1,0,1,1,0,0,1,0,1,1,1,0,0,1,0,1,1,1,0,1,1,0,1,0,1,1,0,0,1,1,0,0,0,0,0,1,1,1,1,0,1,1,0,0,1,0,1,1,1,0,0,0,0,1,0,0,1,0,1,0
1,1,1,0,0,0,0,1,1,1,1,0,0,0,0,1,1,0,0,1,1,1,1,1,1,0,1,0,1,1,0,0,1,1,1,1,0,0,1,0,1,1,1,1,0,1,0,0,0,1,1,0,1,0,0,1,0,1,0,0,1,1,0,0,1,1,1,1,0,1,1,1,0,1,1
1,1,0,1,0,1,1,1,1,0,0,1,1,0,0,1,1,1,1,1,1,1,1,1,0,1,1,0,0,0,0,1,0,0,1,0,0,0,1,0,1,0,0,1,1,0,0,0,0,1,1,0,1,0,0,0,0,1,0,0,1,1,1,0,1,0,0,1,1,1,0,0,0,1,1
1,0,0,1,0,0,0,1,1,1,0,0,0,0,0,0,1,0,0,0,0,0,0,1,0,0,1,0,0,0,0,1,0,0,1,0,1,0,0,1,1,1,1,1,0,1,1,1,0,1,1,1,1,0,0,1,1,0,0,1,0,1,1,0,1,0,0,1,0,1,1,1,0,0,0
1,0,1,0,0,0,0,1,0,1,0,1,1,0,1,1,0,1,1,1,0,1,0,1,0,0,0,1,1,1,1,1,1,0,1,1,1,0,0,1,1,0,0,1,0,1,0,1,0,0,1,1,1,1,0,1,1,1,1,1,1,0,1,0,1,0,1,0,1,1,0,1,0,0,0
1,0,0,1,1,1,0,0,1,0,0,1,1,0,1,1,1,1,0,1,1,1,1,1,1,1,1,0,0,0,0,0,0,0,1,0,1,1,1,0,1,0,0,1,0,0,1,1,1,0,1,1,0,1,0,0,1,1,0,1,1,1,0,0,0,0,0,0,0,1,0,1,1,1,1
1,1,0,1,1,0,0,1,0,1,0,1,0,0,1,1,1,1,0,1,0,1,0,1,0,0,1,1,1,0,1,1,1,0,1,1,1,1,0,1,1,0,0,1,1,0,1,1,0,1,1,1,1,1,1,1,1,0,1,0,1,0,1,0,1,0,0,0,1,1,1,0,0,1,1
1,0,0,1,0,1,0,1,0,0,1,0,1,0,0,0,1,0,0,0,0,1,1,1,1,1,0,1,1,0,1,0,1,1,1,0,0,1,0,1,1,0,0,1,0,1,1,0,1,0,1,1,1,1,1,1,0,1,0,1,0,0,0,0,1,1,1,1,1,1,0,0,0,1,0
1,0,0,0,0,1,0,1,0,1,0,1,0,0,1,1,1,1,0,0,0,1,1,0,1,1,0,1,0,1,1,0,0,0,0,1,1,0,0,1,1,1,0,1,1,0,0,0,1,0,1,1,1,0,1,0,0,1,1,0,1,1,1,0,1,0,0,0,0,1,0,1,0,1,0
1,0,0,0,0,1,0,1,0,0,1,1,1,0,0,0,1,1,0,0,1,1,0,1,0,0,1,1,1,0,1,0,1,0,0,0,0,0,0,0,0,0,0,1,0,1,0,0,1,0,1,1,1,0,0,1,0,1,1,0,1,1,1,0,0,0,0,0,1,1,0,0,0,1,0
0,0,1,0,1,1,0,1,0,1,1,1,0,0,1,0,1,1,0,0,0,0,0,1,0,0,1,0,1,0,1,1,0,1,0,1,0,0,0,1,1,1,0,1,1,1,1,0,0,0,0,0,1,0,0,0,0,0,1,1,1,0,1,0,1,0,0,0,1,0,1,1,0,1,1
1,1,1,0,1,1,0,1,0,0,0,1,0,0,0,0,1,1,0,0,0,1,0,1,0,1,1,0,0,0,0,0,0,0,1,0,1,1,1,0,1,1,0,1,1,1,1,1,0,0,1,0,1,0,0,0,1,1,1,1,1,0,1,1,1,0,0,0,0,0,0,0,1,1,0
1,0,1,1,1,0,0,1,0,0,0,1,1,0,0,1,1,0,1,0,1,0,1,1,0,1,0,1,1,0,1,1,1,0,1,0,1,0,1,1,1,0,0,1,0,1,1,0,1,0,1,0,1,1,0,0,0,1,0,1,1,0,1,0,1,0,1,0,1,1,1,1,0,1,1
1,0,0,0,0,0,0,1,0,0,0,1,0,0,1,1,0,0,0,0,1,0,1,1,1,1,0,1,1,0,1,1,1,0,0,0,1,1,1,0,1,0,0,1,0,1,1,1,0,1,1,0,1,0,1,1,1,0,1,1,0,0,1,0,1,1,0,0,1,1,1,1,1,1,0
1,1,0,0,0,0,0,1,0,1,0,1,0,1,1,0,0,1,0,1,0,1,0,0,0,1,1,1,0,0,1,0,0,1,0,1,0,0,0,1,1,1,0,1,1,0,0,0,0,1,1,0,1,0,0,0,0,0,1,1,0,0,1,0,1,0,0,0,0,1,0,0,1,1,1
0,0,0,1,1,1,0,1,0,0,1,0,1,0,1,1,0,0,0,0,1,0,1,1,0,0,1,1,0,0,1,0,1,0,1,0,1,0,1,0,1,0,1,1,1,1,0,0,1,0,1,0,1,0,1,1,0,1,0,1,0,1,0,0,0,0,1,1,0,1,1,0,0,1,0
0,0,0,0,0,0,0,1,0,1,0,0,0,1,1,1,1,1,0,0,0,0,0,1,0,0,0,1,1,0,0,0,0,0,1,1,1,0,1,1,1,1,1,1,1,1,0,0,1,1,0,0,1,1,0,1,0,1,1,1,0,0,0,0,1,0,1,0,1,1,1,1,0,1,0
0,0,1,1,0,1,0,0,0,1,0,1,0,0,0,1,0,1,1,1,1,1,0,0,1,0,1,0,0,0,0,1,1,0,0,0,0,0,1,0,1,1,1,1,1,0,0,1,0,1,1,1,1,0,1,0,1,0,1,1,1,0,1,0,0,1,0,1,1,1,1,0,1,1,0
0,1,1,0,1,0,0,0,0,1,0,1,1,0,1,1,1,0,1,0,1,1,0,1,1,0,1,0,0,0,0,1,0,0,0,1,1,1,0,1,1,1,1,1,1,1,0,0,1,0,1,0,1,1,0,1,0,1,1,0,1,0,1,0,1,0,0,0,0,1,1,0,0,1,0
1,1,1,0,0,1,0,0,0,0,0,0,0,0,0,0,1,0,1,0,1,1,1,1,1,0,1,1,1,1,0,0,1,1,1,1,1,0,0,0,1,1,0,1,0,0,1,0,1,0,1,0,1,1,0,0,0,1,1,1,0,1,1,0,1,1,1,0,0,1,1,1,1,1,0
1,0,0,1,1,1,0,1,0,1,1,1,0,0,0,1,1,0,1,0,1,1,1,1,1,0,0,0,1,1,1,1,1,0,0,0,0,1,1,0,1,0,0,1,1,0,1,0,0,1,1,1,1,0,1,0,0,0,0,1,0,0,0,0,1,0,0,1,0,1,0,1,1,1,0
1,0,0,1,0,0,1,1,1,0,0,1,0,0,0,1,1,1,1,0,1,1,0,0,1,1,0,1,1,1,1,1,1,1,1,0,1,1,1,0,1,0,1,1,1,0,1,0,0,1,1,0,1,1,0,0,0,0,0,0,0,1,1,0,0,0,1,0,1,1,1,0,1,0,0
1,1,1,0,1,1,0,1,0,0,1,1,0,1,1,0,1,1,1,0,0,1,0,0,0,0,1,1,1,1,1,0,1,0,1,0,1,1,0,1,0,0,1,1,0,1,1,1,1,1,1,0,1,1,0,1,1,0,0,1,0,1,1,0,1,0,1,1,0,1,1,1,0,0,1
1,1,0,0,0,0,0,1,1,0,1,1,0,0,1,0,0,0,1,0,1,1,0,1,0,1,1,1,0,0,1,1,1,1,1,1,1,0,0,1,0,0,0,1,0,1,0,0,1,1,1,1,1,0,0,0,0,0,1,0,0,1,1,0,1,0,0,1,1,0,1,0,0,0,0
1,0,0,0,1,0,0,1,1,1,1,1,0,0,0,0,1,1,1,1,0,0,0,1,1,0,1,0,0,1,1,0,1,1,0,0,0,0,1,0,1,1,0,1,0,1,0,0,0,1,1,0,1,0,0,0,0,1,1,0,1,1,1,0,0,0,0,1,1,0,0,0,0,1,0
1,1,0,0,1,0,0,0,1,0,0,1,0,0,1,1,0,1,1,0,0,1,0,1,0,1,1,0,0,0,1,1,0,1,1,1,1,1,0,1,1,0,0,1,1,1,0,0,0,0,0,1,0,0,1,0,0,1,1,1,1,1,0,1,0,1,0,0,1,1,1,0,0,0,0
1,1,0,1,1,0,0,1,0,0,1,0,1,0,0,0,1,0,0,0,1,0,0,1,0,0,0,0,1,1,1,0,0,0,0,0,1,0,1,0,1,0,0,1,0,1,1,1,1,0,1,0,1,0,0,0,1,0,0,1,0,1,0,0,1,0,1,1,1,1,1,1,0,1,0
0,0,0,0,0,0,1,1,0,1,0,1,0,0,0,0,1,0,1,1,1,1,1,1,1,1,1,0,0,1,1,1,0,0,0,1,0,1,0,1,1,0,0,1,1,1,0,0,0,1,1,0,1,1,0,1,0,1,1,1,0,0,1,0,1,1,0,0,1,1,0,1,0,1,0
0,0,0,1,1,1,1,1,0,0,1,1,0,0,0,1,1,0,0,1,0,1,1,1,1,1,0,0,1,0,0,1,1,1,0,0,0,1,1,0,1,0,0,1,1,1,0,0,0,1,1,1,1,1,1,1,0,0,0,1,0,0,0,1,0,0,1,1,0,1,0,1,1,1,0
1,0,1,1,1,0,0,0,1,0,0,1,1,1,0,0,1,0,0,1,1,1,0,1,1,1,1,0,1,1,1,1,1,1,0,0,0,0,1,0,1,1,0,1,0,1,0,0,0,1,1,0,1,1,0,1,0,0,1,1,0,1,1,0,0,1,1,0,1,1,1,1,0,1,1
1,0,1,0,0,1,0,1,0,1,1,1,1,0,0,1,1,1,1,0,1,0,0,1,1,0,0,0,1,1,1,1,1,1,0,1,0,1,0,1,1,0,0,1,0,0,0,1,0,0,1,1,0,1,0,1,0,1,1,1,0,1,1,0,0,0,0,0,1,1,0,1,0,1,0
0,0,1,0,0,0,1,1,0,1,1,1,0,0,1,1,1,1,0,1,1,1,0,1,1,0,0,1,1,0,1,0,0,0,1,0,0,0,1,0,0,1,1,1,1,1,1,0,0,0,0,1,1,0,1,1,0,1,1,0,0,0,1,0,1,1,0,1,1,1,0,1,0,1,0
0,1,1,1,1,0,0,1,0,1,0,1,0,0,0,0,1,0,1,0,1,1,0,1,0,1,1,0,1,0,1,0,1,0,0,0,0,0,0,0,1,0,1,1,1,0,0,0,1,1,1,1,1,0,0,0,0,0,0,1,1,1,0,1,1,0,1,0,1,1,1,1,0,1,0
1,0,0,0,1,0,0,1,1,1,1,0,0,0,1,1,1,1,1,0,0,1,1,1,0,0,1,0,1,0,1,0,0,1,1,1,0,0,0,1,0,0,1,1,0,1,1,1,1,1,1,0,1,1,0,1,1,1,1,1,1,1,1,0,1,0,1,0,1,1,1,0,0,1,0
1,0,0,0,0,0,0,1,1,0,0,0,0,0,1,1,1,0,1,1,1,1,0,1,0,0,1,1,0,0,0,1,0,0,1,1,1,1,0,1,0,0,0,1,1,0,0,1,1,1,1,1,1,1,0,1,1,1,1,1,1,0,1,0,1,0,0,0,1,1,1,1,0,1,0
1,0,0,0,1,1,0,1,0,1,1,0,0,0,0,0,1,1,0,0,0,1,0,1,0,0,0,1,1,0,0,0,1,1,1,0,0,1,1,0,1,1,0,1,1,0,0,1,1,1,1,1,1,0,0,1,1,0,1,0,0,0,0,0,0,0,0,1,0,1,0,0,0,1,1
0,1,0,0,1,0,0,1,0,1,1,1,0,0,0,0,0,1,1,0,0,1,1,1,1,1,1,1,1,1,1,1,1,0,1,1,0,0,0,1,1,1,0,1,1,0,0,1,1,1,1,1,1,1,0,0,1,1,0,0,0,0,1,0,0,1,0,0,1,0,1,0,0,0,1
1,0,0,1,1,0,0,1,0,1,1,0,0,0,0,1,0,1,0,1,0,0,0,0,1,0,0,0,0,0,1,1,0,1,1,0,0,1,1,0,1,0,1,1,0,0,0,0,1,0,1,0,1,0,1,1,0,0,1,0,0,1,0,0,1,0,0,0,1,1,0,0,1,1,0
1,1,1,0,1,1,0,1,0,0,0,1,0,1,0,0,1,0,0,0,0,1,0,1,0,1,1,0,1,0,0,0,1,0,1,0,1,0,1,0,1,1,1,1,1,1,0,1,0,1,0,0,1,0,0,1,1,1,1,1,1,1,1,0,0,0,1,0,0,1,1,1,1,1,1
1,0,0,1,1,0,0,1,0,0,0,0,0,0,1,1,0,1,0,1,0,1,0,0,0,1,0,0,0,1,0,0,0,0,1,0,0,1,1,0,1,0,1,1,0,1,0,0,1,0,1,0,1,1,0,1,0,1,0,1,0,0,0,0,0,1,0,0,1,1,0,1,0,1,0
0,1,1,1,1,0,0,1,0,1,0,0,1,0,1,1,0,1,0,1,1,1,1,1,1,0,0,1,1,0,1,0,0,0,1,0,1,1,1,0,1,0,0,1,1,0,0,0,0,1,0,1,1,0,0,1,0,1,0,0,0,1,1,0,0,1,1,1,1,1,0,1,0,1,0
1,0,1,1,0,1,0,0,0,0,0,1,0,0,0,0,1,0,1,0,0,1,1,1,0,0,0,1,1,1,0,1,1,0,0,1,1,1,0,1,1,1,0,1,0,1,0,0,0,1,1,0,1,1,0,1,0,1,1,0,1,1,1,0,0,1,1,1,1,1,0,1,0,0,0
1,0,0,0,0,0,0,1,0,1,1,1,1,0,1,1,1,0,1,1,1,1,0,1,0,0,1,0,0,0,0,1,0,0,1,0,0,1,1,0,1,1,1,1,1,0,0,1,0,0,1,1,1,1,0,1,1,1,1,0,1,0,0,0,0,1,1,1,1,1,1,0,1,1,0
1,1,1,1,1,1,0,1,1,1,1,1,0,0,0,0,0,1,0,0,0,1,1,1,0,1,1,1,1,0,1,1,1,0,0,1,0,0,0,1,1,0,0,1,0,1,0,0,1,0,0,0,1,0,0,1,1,1,0,0,1,1,0,1,1,0,1,1,1,1,0,0,1,0,0
1,0,0,1,1,0,0,1,0,0,1,1,0,0,0,0,0,1,0,1,0,1,0,0,0,0,1,1,1,1,1,0,1,0,1,0,0,1,0,0,1,0,1,1,1,1,0,0,1,1,1,1,1,0,1,0,0,1,0,0,0,0,0,0,0,0,1,1,1,1,0,0,0,1,0
1,1,0,1,0,0,0,0,0,0,0,1,0,0,0,0,1,0,0,1,1,1,0,1,0,0,1,0,1,1,0,1,1,0,1,0,1,0,0,1,1,0,1,1,1,1,0,1,0,1,1,1,1,1,0,1,1,1,0,1,0,1,1,1,0,1,0,1,1,1,1,1,0,1,0
1,0,0,0,1,0,0,1,0,1,0,0,1,0,0,1,1,1,1,0,0,0,0,0,0,0,0,0,0,0,1,1,1,0,1,1,0,1,0,1,1,0,1,1,0,1,0,1,0,1,1,1,1,0,1,0,1,1,1,1,0,0,1,0,1,0,0,0,1,1,1,0,0,1,1
1,0,1,1,0,0,0,0,1,1,1,1,0,0,1,1,1,1,1,0,1,1,1,1,0,1,1,1,0,0,1,0,0,0,0,0,0,1,1,0,1,0,1,1,0,1,1,0,0,1,1,0,1,1,0,0,0,1,1,0,1,1,1,0,0,1,0,1,0,0,0,0,0,1,0
1,1,0,1,1,0,0,1,0,1,0,1,0,0,0,0,1,1,0,0,1,1,0,0,0,1,1,1,1,1,0,0,1,0,1,1,0,0,1,1,1,0,1,1,1,1,0,0,0,0,1,1,1,0,0,0,0,1,1,1,0,0,1,0,1,0,0,0,0,1,1,0,0,1,0
0,0,0,0,1,0,1,1,1,0,0,1,0,0,1,1,0,0,1,0,1,1,0,1,0,0,0,1,0,1,0,1,0,0,0,0,0,1,1,0,1,0,1,1,0,0,0,1,0,1,1,1,1,0,1,1,1,1,1,1,0,1,0,0,1,0,0,1,1,1,1,1,1,1,1
1,0,1,1,1,1,0,0,1,0,0,0,0,0,1,0,1,1,0,1,1,0,0,0,1,0,0,1,0,1,1,1,0,0,1,0,0,1,1,0,1,1,1,1,0,1,0,0,1,0,1,1,1,1,0,1,0,1,1,1,0,0,0,1,1,1,0,0,0,1,1,1,1,0,1
1,0,0,1,0,1,0,1,0,0,1,1,1,0,0,0,1,0,0,0,0,1,0,1,0,0,1,0,0,1,0,1,1,0,1,1,1,1,0,1,1,0,1,1,0,1,0,0,0,1,1,1,1,1,0,1,1,1,0,1,0,1,1,0,0,1,1,0,1,1,1,1,0,1,0
1,1,1,1,1,1,0,1,0,0,0,1,0,0,0,0,0,1,0,0,0,0,0,1,0,0,1,0,0,0,1,0,1,0,1,1,0,0,0,1,0,0,0,1,0,1,1,0,0,1,0,0,1,0,0,1,0,1,1,1,1,1,1,0,0,1,0,1,1,1,0,0,1,0,0
1,0,1,1,0,1,1,1,0,1,0,1,1,0,0,0,1,0,1,0,1,1,1,1,0,0,1,0,1,1,1,1,1,0,1,0,0,1,1,0,1,1,0,1,0,0,0,1,1,0,1,0,1,1,1,1,1,1,0,0,1,0,1,0,1,0,0,0,0,1,0,1,0,1,1
1,0,0,1,1,1,0,1,0,0,0,1,0,1,0,1,1,0,1,0,0,1,0,1,1,1,0,1,0,0,1,0,1,0,0,1,1,0,0,1,0,0,0,1,1,1,0,0,1,0,1,0,1,1,0,1,0,1,1,1,1,1,1,0,1,0,0,0,1,1,0,0,0,1,1
1,0,1,0,1,1,0,0,0,1,0,1,1,0,0,1,1,1,0,1,0,1,0,0,1,0,0,0,1,0,1,1,1,0,0,1,1,0,0,1,1,1,0,1,0,1,1,1,0,0,1,1,1,1,0,1,1,1,0,0,1,0,0,0,1,1,1,1,0,1,1,0,1,0,0
1,1,0,0,1,1,1,0,1,1,0,0,0,1,1,1,0,0,1,0,0,1,1,1,0,0,0,0,0,0,1,0,1,0,0,0,1,1,1,0,1,0,0,1,1,1,1,0,0,1,1,0,1,1,0,1,0,0,1,1,0,1,1,1,0,1,1,1,0,1,1,1,1,1,0
1,0,0,0,0,0,0,1,0,0,1,1,0,0,1,1,1,1,0,0,1,1,0,1,0,1,1,1,0,1,1,0,0,1,0,1,0,0,0,1,1,0,1,1,0,1,0,1,0,0,0,1,1,0,1,1,1,1,1,0,0,1,1,0,1,0,0,0,0,1,0,1,0,1,0
1,0,1,1,0,1,0,1,1,1,0,1,1,0,0,0,1,1,0,0,1,1,0,1,1,0,1,0,0,0,1,0,1,0,0,0,1,1,1,0,1,1,1,1,0,1,0,0,1,1,1,1,1,1,0,0,0,0,1,0,0,1,1,0,0,0,1,0,1,1,1,0,1,1,0
1,1,1,0,0,0,0,1,1,0,0,1,0,0,0,1,1,1,1,0,1,1,0,1,0,1,0,0,1,1,1,1,1,0,1,1,0,1,0,0,1,1,0,1,1,1,1,0,0,1,0,0,1,1,1,1,0,1,1,0,0,1,1,0,1,0,1,0,0,0,0,0,0,1,0
1,0,1,0,0,0,0,1,0,1,0,1,1,1,1,1,1,1,1,0,1,1,0,1,0,0,0,0,1,1,1,0,0,0,0,1,0,1,0,1,1,1,0,1,0,1,1,0,0,1,0,1,1,1,0,1,0,0,1,0,1,1,1,1,1,0,1,1,0,1,0,1,1,1,0
1,0,0,0,0,1,1,1,0,1,0,0,0,0,1,1,1,1,0,0,0,0,1,1,1,1,0,1,0,0,1,0,0,0,1,1,0,0,1,1,1,0,1,1,0,1,0,0,0,1,1,0,1,1,0,1,0,1,1,0,0,0,0,0,1,0,0,1,1,1,0,0,0,1,0
0,1,1,1,1,0,0,1,0,1,0,0,1,0,0,0,0,0,1,0,1,1,0,1,1,1,1,1,1,0,1,1,1,0,1,0,1,0,1,0,1,1,0,1,0,0,0,0,1,1,0,1,1,0,0,1,0,1,0,0,0,0,1,1,1,1,0,0,1,0,0,1,0,1,1
1,1,0,0,1,0,0,1,1,1,1,0,0,1,1,1,1,1,1,0,0,1,1,1,0,0,0,1,1,1,1,0,0,1,1,0,0,0,0,1,1,0,1,1,1,1,0,1,0,1,1,0,1,1,0,0,1,1,1,1,1,1,1,0,0,0,1,1,1,1,1,1,1,1,0
0,0,0,0,1,1,1,1,0,1,0,0,1,0,1,0,1,1,1,0,0,1,1,1,1,1,1,0,0,1,1,0,0,0,1,0,1,0,0,1,1,0,1,1,0,0,0,0,0,1,1,1,1,1,0,1,1,0,1,1,0,0,1,0,1,0,0,0,1,0,1,1,1,1,0
1,0,0,1,0,0,1,1,0,0,1,1,1,1,1,1,1,1,0,0,0,1,1,1,0,0,0,1,1,0,1,1,0,0,1,0,1,0,1,0,1,1,0,1,0,1,1,0,0,0,0,1,1,0,0,1,0,0,0,0,1,0,0,0,0,1,1,0,1,0,0,0,0,1,1
1,1,0,0,1,0,0,1,0,0,0,1,1,0,1,0,0,1,0,0,0,1,0,1,0,1,1,0,1,0,0,0,1,1,1,0,1,0,0,1,1,1,0,1,1,1,0,1,1,0,1,1,1,1,0,1,1,0,1,1,1,1,0,1,1,0,0,0,0,1,0,0,0,1,0
1,1,1,0,1,0,0,1,0,0,1,0,0,0,0,0,1,0,0,1,0,0,0,1,0,0,1,0,1,1,0,1,1,0,1,1,1,0,0,1,1,1,1,1,1,1,0,0,0,1,1,0,1,1,0,1,1,1,1,1,1,0,1,0,1,0,0,1,1,1,0,1,1,1,0
1,0,0,0,1,0,0,1,0,1,0,0,1,0,0,1,1,1,1,0,1,0,0,1,0,1,0,0,0,0,1,1,1,0,0,0,0,1,1,0,1,0,1,1,0,0,0,0,1,1,1,1,1,1,0,0,0,1,1,1,1,0,1,0,0,0,1,0,1,1,1,0,0,1,0
1,0,1,1,0,1,0,1,0,1,1,1,0,0,1,0,1,0,0,0,1,1,1,1,0,1,1,0,0,1,0,1,0,0,1,0,1,1,1,0,1,1,0,1,1,1,0,0,1,1,1,0,1,1,0,1,0,1,1,1,0,0,0,0,1,0,0,1,0,1,0,0,0,0,0
0,0,1,0,1,1,0,0,0,0,0,1,1,0,0,0,1,0,0,0,0,1,0,1,0,0,1,0,0,1,1,0,0,1,0,0,0,1,1,0,1,1,1,1,0,1,0,0,0,1,1,1,1,1,1,1,0,0,1,1,0,0,1,0,0,1,1,1,0,0,1,0,1,1,0
1,1,0,1,1,0,0,1,0,1,0,0,1,0,0,0,1,1,1,0,1,1,1,1,0,0,1,1,1,0,0,0,1,1,0,0,1,0,1,0,1,1,0,1,1,0,1,0,0,0,1,0,1,1,0,0,0,0,1,0,0,1,0,1,1,0,0,0,0,1,0,0,1,1,0
0,0,1,1,0,1,0,0,1,0,0,0,0,0,0,1,1,1,1,0,1,1,1,1,0,1,1,1,1,1,1,0,1,0,0,1,1,1,0,1,0,1,1,1,1,1,0,1,0,0,1,0,1,1,0,1,1,1,1,0,0,1,1,1,1,0,0,0,0,0,1,0,1,1,0
1,0,1,1,0,0,0,1,0,1,0,1,0,0,0,1,1,1,0,0,1,1,0,0,1,0,0,1,1,0,0,1,1,0,1,0,0,1,0,0,1,1,0,1,1,0,1,1,1,1,1,1,1,1,0,1,1,0,0,0,0,1,0,0,0,0,0,0,0,1,1,0,0,1,1
1,0,1,1,1,0,0,1,0,0,1,1,0,0,0,1,0,0,1,1,1,0,1,1,1,1,1,1,1,1,1,0,1,0,1,0,0,0,0,0,1,0,1,1,1,0,0,0,0,1,1,0,0,0,1,1,0,1,0,0,0,0,1,0,1,1,0,1,1,1,1,1,0,0,1
1,0,1,1,1,0,0,1,0,0,1,1,0,0,0,0,1,0,1,0,1,1,0,0,0,0,1,0,0,1,1,1,1,0,1,0,0,0,1,0,1,1,1,1,1,1,0,0,0,1,0,1,1,0,0,1,0,1,0,1,1,0,1,0,1,0,0,0,1,1,1,1,0,1,0
1,0,0,0,0,0,0,1,0,0,0,0,0,0,1,0,1,0,1,1,0,1,0,0,0,0,1,0,0,1,1,1,1,0,1,0,0,0,0,0,1,1,0,1,0,0,0,0,0,1,1,1,1,1,0,1,1,1,1,0,0,0,0,0,1,0,1,0,0,1,0,0,0,1,0
0,0,0,1,1,0,0,1,0,1,1,0,0,0,0,1,0,0,1,0,0,1,0,1,0,1,1,1,1,1,1,0,1,0,0,1,1,1,1,1,1,0,0,1,0,1,1,1,0,0,1,0,0,1,0,1,1,1,0,0,0,1,0,0,1,0,0,1,0,1,0,1,0,1,0
1,0,0,0,0,0,1,1,0,0,0,1,1,0,1,1,1,1,1,1,0,0,0,0,0,1,0,1,0,1,1,0,0,1,1,1,1,0,0,1,1,1,1,1,0,0,0,0,0,0,1,1,1,0,1,0,1,1,1,1,1,0,0,0,0,1,0,1,0,1,1,1,0,1,0
0,1,1,0,1,0,0,1,0,0,1,1,1,0,0,0,1,1,0,1,0,1,0,1,1,0,1,0,0,0,0,1,1,1,1,1,0,1,1,1,1,1,1,1,1,1,0,1,0,1,1,1,1,1,0,1,1,0,1,0,0,0,1,0,0,0,1,1,0,1,1,0,1,1,1
1,1,1,1,1,1,1,1,0,1,1,1,0,0,1,1,0,0,1,0,1,1,1,1,0,1,1,1,0,0,0,0,0,0,1,1,0,0,0,0,1,1,0,1,1,1,0,1,0,1,1,1,1,1,1,1,1,0,0,0,0,0,1,1,1,0,1,0,0,1,0,0,1,1,0
1,0,1,0,1,0,1,1,1,0,0,1,0,1,0,0,0,0,1,0,1,1,1,1,0,0,0,0,1,1,1,0,1,0,0,1,1,0,0,1,0,1,0,1,0,1,0,0,0,1,1,1,1,0,1,0,0,1,0,1,0,1,0,1,1,0,0,0,0,1,0,1,1,1,1
1,1,1,0,0,1,0,1,0,0,0,1,1,0,0,0,1,0,0,0,0,1,0,1,0,0,1,1,1,1,0,1,0,0,0,0,1,1,1,0,1,1,1,1,1,1,0,0,1,0,1,1,1,0,0,1,0,0,1,1,1,0,1,0,1,0,0,1,0,1,1,1,0,1,0
1,1,1,0,0,0,0,1,0,0,0,1,0,0,0,0,1,0,1,0,0,1,0,1,1,0,1,1,1,1,0,0,0,0,1,0,1,0,1,0,1,1,1,1,1,1,0,0,0,1,1,1,1,1,0,1,0,1,1,1,0,0,0,0,0,1,0,1,0,1,1,1,0,1,0
1,0,1,1,0,0,0,1,0,0,0,1,1,0,0,1,1,0,0,0,1,1,0,1,0,1,0,0,1,1,1,0,1,0,1,0,1,0,1,0,1,1,0,1,1,1,0,0,0,1,1,0,0,1,0,1,0,1,0,0,0,0,0,0,0,0,0,0,0,1,0,1,0,1,1
1,1,1,1,0,0,0,1,0,1,0,1,0,0,1,0,0,0,1,0,1,1,1,1,1,1,1,0,1,0,1,1,0,0,0,0,1,1,1,0,1,0,0,1,0,0,1,0,0,1,1,1,1,1,0,1,0,0,0,0,0,0,1,1,1,0,0,0,0,1,0,0,1,1,1
1,0,0,1,1,0,0,1,0,0,0,1,1,0,0,0,1,0,1,1,0,1,0,0,0,1,0,1,1,0,1,1,1,0,1,0,0,0,0,0,1,0,0,1,1,1,0,1,1,0,1,1,1,1,0,1,1,1,0,0,1,0,0,1,1,0,1,1,1,1,0,1,0,1,0
1,1,0,1,0,1,0,1,1,0,1,1,0,0,0,0,1,0,0,0,1,1,0,1,1,1,1,0,1,0,0,1,1,0,1,1,1,1,0,1,1,1,0,1,1,1,0,1,0,1,1,1,1,1,0,1,1,1,1,0,1,1,1,0,0,1,0,1,0,1,0,1,0,1,1
1,0,0,1,0,1,0,1,1,1,0,1,0,0,1,0,1,1,0,0,1,1,0,1,1,0,1,0,0,0,1,0,1,1,0,0,0,1,0,0,1,0,0,1,0,1,1,1,0,0,1,1,1,0,0,0,1,1,0,1,0,1,0,0,0,0,1,1,1,1,0,0,0,1,1
1,1,1,1,1,1,0,1,1,1,1,0,1,1,0,1,1,0,0,0,0,0,1,1,1,0,1,0,1,0,0,0,0,0,1,0,1,0,0,0,1,0,1,1,1,1,1,0,1,0,1,0,1,1,1,0,1,0,0,1,0,1,0,0,0,0,0,0,1,1,1,0,0,0,0
0,1,1,1,0,0,0,1,0,0,0,1,0,0,1,0,0,1,1,0,1,1,0,1,0,1,1,1,1,0,0,0,0,0,1,1,1,0,1,0,1,1,1,1,0,0,0,0,0,1,1,1,1,0,0,1,0,1,0,1,0,0,1,1,0,1,1,1,0,0,1,1,1,1,0
0,1,0,1,0,0,0,1,1,0,0,1,1,0,0,0,0,1,0,0,0,1,0,1,0,0,1,1,1,1,0,0,1,0,1,0,1,1,1,0,1,1,1,1,1,1,1,0,0,0,1,1,1,1,0,1,0,1,1,0,1,1,1,0,1,0,1,0,0,0,1,0,1,1,0
1,0,1,1,1,0,0,1,1,1,1,0,1,0,0,0,0,1,0,1,0,1,0,0,0,1,1,0,1,1,0,1,0,0,0,0,1,1,1,0,1,1,1,1,1,1,1,1,1,1,1,1,1,0,1,0,1,1,1,0,0,1,1,0,0,0,1,1,0,1,1,0,0,1,0
1,0,0,1,1,0,0,0,0,0,0,1,0,0,0,0,1,0,0,1,0,0,0,0,1,1,0,0,1,1,1,0,1,0,1,0,1,1,1,0,1,1,0,1,1,1,0,1,1,1,1,1,1,0,0,1,1,1,0,0,1,0,0,0,1,1,0,1,0,1,0,1,0,1,0
1,0,1,1,0,1,0,0,0,1,0,1,1,1,0,1,1,0,0,0,1,1,0,1,0,0,0,0,0,0,1,1,1,1,0,1,0,0,0,1,0,1,0,1,0,1,0,1,1,0,1,1,1,0,1,1,1,1,1,0,1,0,1,1,0,1,1,1,0,1,0,1,0,1,0
1,0,1,0,0,0,0,0,0,0,0,1,0,0,0,0,0,0,0,1,1,1,0,0,0,1,0,0,1,0,0,0,1,0,1,0,0,0,0,0,0,1,0,1,1,1,0,0,0,0,1,1,1,1,1,1,0,1,1,0,1,0,0,0,1,1,1,0,0,1,0,1,1,1,1
1,0,0,0,1,1,1,1,0,1,0,1,0,0,0,0,1,1,0,0,0,1,1,1,1,1,1,0,0,1,1,0,0,0,0,1,1,0,0,1,1,1,0,1,0,1,1,0,1,1,1,0,1,1,0,0,0,1,1,1,0,0,1,1,1,1,0,0,1,1,0,1,0,1,0
1,1,1,0,0,0,0,1,0,0,0,1,0,0,0,0,1,0,1,0,1,1,0,0,1,0,1,0,1,1,0,1,1,1,0,1,1,0,0,1,0,0,0,1,0,1,0,0,1,1,1,1,1,1,0,1,1,1,1,1,0,0,1,0,1,0,1,0,1,1,0,1,0,1,0
1,0,0,0,1,0,0,0,0,1,0,0,0,0,0,1,0,1,1,1,0,1,1,1,1,1,1,1,1,0,1,0,0,1,0,1,1,1,1,1,0,0,0,1,0,1,0,1,1,0,1,1,1,1,0,1,1,1,1,1,1,1,1,0,1,1,1,0,0,1,1,1,0,1,0
1,0,0,1,0,0,0,1,0,0,1,0,0,0,0,1,0,1,0,0,1,1,0,1,1,1,0,0,1,0,1,1,1,0,0,1,1,1,0,1,0,0,0,0,1,0,0,0,0,1,1,1,1,1,0,1,0,1,1,1,0,0,1,0,0,1,0,0,1,1,1,0,0,0,0
0,0,0,0,0,0,0,1,0,0,0,1,0,0,1,1,1,0,1,1,1,1,1,1,0,1,0,0,0,1,1,1,0,1,1,1,0,1,0,1,1,1,1,1,0,0,0,0,1,1,1,0,1,1,0,1,0,1,0,1,0,0,1,0,1,0,1,1,0,1,1,1,1,0,1
1,1,0,0,1,0,0,1,1,1,1,1,0,0,1,1,0,1,0,0,0,1,0,1,0,0,0,1,1,1,1,1,1,1,0,0,0,1,0,1,0,0,0,1,0,1,1,0,1,1,1,1,1,1,0,0,0,1,1,1,0,0,1,0,1,0,0,0,1,1,1,1,0,1,0
0,1,1,0,1,1,0,1,0,0,0,1,1,1,0,0,0,1,1,0,1,1,1,1,0,0,1,0,1,0,0,1,1,0,1,0,1,0,1,0,1,1,0,1,1,1,1,1,0,0,1,0,1,0,0,1,1,1,0,0,1,0,1,0,0,0,0,0,0,1,0,0,1,1,0
1,0,0,1,1,1,0,1,0,0,0,1,0,0,1,1,1,1,1,0,0,1,0,1,0,1,1,0,0,1,0,1,0,1,1,1,0,0,0,1,1,0,0,1,1,0,0,1,0,1,1,1,1,1,0,1,1,1,0,0,1,1,1,0,1,0,0,1,1,1,0,1,0,1,0
1,1,0,0,0,0,0,1,0,0,0,1,0,0,0,1,0,1,0,0,0,1,0,1,0,0,1,1,0,1,1,0,1,1,1,0,1,1,1,0,1,0,0,1,1,1,0,0,1,1,0,1,0,1,0,0,1,0,1,1,1,1,0,0,1,0,0,1,1,1,0,0,1,1,0
1,0,0,0,1,1,1,1,0,1,1,1,1,1,0,1,1,0,0,0,0,1,1,1,1,0,0,1,0,0,1,0,1,0,0,1,1,0,0,1,0,0,0,1,0,0,0,0,1,0,1,0,1,1,1,1,0,1,0,1,1,1,0,0,0,0,0,0,1,1,1,0,0,1,1
1,0,0,0,0,0,0,1,0,1,1,1,0,0,1,0,1,1,1,0,1,1,1,1,1,0,1,0,0,1,1,0,0,0,0,1,0,1,1,0,1,1,0,1,0,0,0,0,0,0,1,1,1,1,0,1,0,0,1,0,1,0,1,0,1,0,0,1,0,1,0,1,1,1,0
1,0,0,1,1,0,0,1,0,1,0,1,1,0,1,1,1,1,1,1,1,0,0,1,1,1,1,0,1,0,1,1,0,0,0,1,1,1,1,0,1,1,0,1,0,0,1,0,1,0,0,0,1,0,0,1,1,0,0,1,1,1,0,0,0,0,0,0,0,1,0,1,0,1,1
1,0,1,0,1,0,0,1,0,0,1,1,1,0,0,1,0,1,1,0,1,1,1,1,0,0,1,0,1,1,0,1,1,0,0,0,1,0,0,0,1,0,1,1,0,1,0,0,1,0,1,0,1,0,1,1,0,1,1,1,1,1,1,0,1,0,1,0,1,1,1,1,0,0,0
1,1,1,0,1,0,0,1,0,1,1,1,0,0,1,1,1,0,1,0,1,0,0,1,0,0,1,0,0,0,1,0,0,1,0,0,1,0,0,0,1,1,1,1,1,0,0,0,1,0,0,1,1,1,1,1,0,1,1,0,0,1,1,0,0,0,1,0,1,1,0,0,0,1,0
1,0,0,0,1,0,0,1,0,1,1,1,0,0,1,0,0,1,0,0,0,1,0,1,0,0,1,0,0,0,1,1,0,0,1,1,0,1,1,1,1,0,0,1,1,0,1,0,0,0,1,1,1,1,1,1,0,0,1,0,0,0,0,0,1,0,0,0,1,1,1,0,1,0,1
1,1,1,0,0,1,0,1,1,0,1,1,0,0,1,0,1,1,0,0,1,1,0,1,0,1,1,0,1,1,0,0,0,0,1,1,1,0,0,0,1,1,0,1,1,0,1,0,0,1,1,0,1,1,0,0,0,1,1,1,0,0,1,0,1,0,1,0,1,1,1,0,0,1,0
1,0,1,1,1,0,1,1,0,1,0,0,0,1,0,0,1,0,0,1,0,1,0,0,1,1,1,1,0,1,1,1,0,0,1,0,0,0,0,0,1,1,0,1,1,0,0,0,0,0,1,0,1,0,0,1,0,1,0,0,0,1,0,0,1,0,1,1,0,0,0,1,0,1,1
1,0,0,1,0,1,0,1,1,1,1,1,0,0,1,1,1,0,1,1,1,1,0,0,0,0,0,1,0,0,1,1,0,0,1,0,0,1,1,0,1,1,1,1,0,0,0,0,1,1,1,1,1,0,1,1,0,1,1,1,1,0,0,0,1,0,0,0,1,1,1,1,0,1,0
1,1,0,1,1,1,1,1,0,1,0,0,0,0,1,0,1,1,1,0,0,1,0,1,0,1,1,1,0,1,0,0,0,0,0,1,0,0,0,1,1,1,0,1,0,0,0,0,0,1,1,1,1,1,0,1,0,0,0,0,0,0,1,0,1,1,0,0,1,1,0,1,1,1,1
1,1,0,0,1,0,0,1,1,0,0,1,1,0,0,1,1,0,0,0,0,1,0,1,0,1,1,0,1,1,1,1,1,0,0,1,1,1,0,1,1,0,0,1,0,1,0,1,1,0,1,1,0,1,1,0,1,0,1,0,1,0,1,0,1,0,0,0,1,1,1,1,1,1,0
0,0,0,1,1,0,0,1,0,0,0,0,1,0,0,0,0,1,0,0,1,1,1,1,1,1,0,0,1,1,0,1,1,1,1,0,0,1,0,0,0,1,1,1,1,1,1,0,1,1,1,0,0,0,1,0,0,0,1,1,0,0,1,0,1,0,0,1,1,1,1,0,1,1,0
1,1,1,0,1,0,0,1,0,0,1,1,0,0,0,1,1,1,1,1,0,1,0,1,0,0,1,1,0,1,1,0,0,1,1,0,1,1,1,0,1,0,0,1,1,1,1,1,1,0,1,1,1,1,1,1,1,0,0,0,0,1,1,1,0,1,0,0,0,1,0,0,0,0,1
0,0,0,0,0,1,0,0,0,1,0,0,1,0,0,0,1,0,1,0,0,1,1,1,1,0,1,1,1,0,0,0,0,0,0,0,1,1,1,0,1,0,0,1,0,0,0,1,0,0,1,1,1,0,0,1,1,1,1,0,1,1,1,0,0,1,0,1,1,1,0,1,0,0,0
1,1,0,1,0,1,0,1,0,0,1,0,1,0,1,0,1,1,0,1,0,1,0,0,0,1,1,0,0,1,0,0,0,0,1,1,1,0,1,0,1,1,1,1,0,1,0,1,0,0,1,1,1,1,0,1,1,1,1,1,1,1,0,0,0,0,1,1,0,1,1,1,1,0,0
1,0,0,1,0,1,0,1,0,0,0,1,0,0,0,1,0,1,0,0,1,1,0,1,1,1,1,0,0,1,1,0,1,0,1,0,1,1,0,1,0,0,0,1,0,1,0,1,0,0,1,0,1,0,1,1,0,1,1,1,1,0,1,0,0,0,1,1,0,1,0,0,0,1,0
1,0,1,0,1,0,0,1,1,1,0,0,0,1,0,1,0,0,0,0,0,1,0,0,0,1,0,1,0,1,0,0,0,1,1,1,1,1,1,1,1,0,0,1,1,1,0,0,0,1,1,0,1,1,0,1,0,0,0,1,0,1,1,0,0,0,1,0,1,1,1,1,1,1,0
1,0,0,1,0,0,0,1,0,0,1,0,0,0,1,1,1,1,1,1,0,0,0,0,1,0,1,1,1,0,0,1,0,0,1,0,0,0,0,0,0,1,0,1,0,1,1,1,0,1,0,1,1,0,1,1,1,1,1,0,1,0,0,0,1,0,1,0,1,1,0,0,0,0,0
1,1,0,0,0,1,0,1,0,0,0,1,1,0,1,0,0,1,0,0,0,1,0,1,1,0,0,1,1,1,1,0,0,0,0,1,0,1,1,1,1,0,1,1,1,1,1,1,0,0,1,1,0,1,0,0,0,0,1,1,0,1,1,0,1,0,1,1,1,0,1,0,0,1,1
1,0,0,1,1,0,0,1,1,1,1,1,1,0,1,1,1,0,1,0,0,1,0,1,1,0,1,0,0,0,1,1,1,0,1,0,0,1,1,0,1,0,1,1,0,1,0,0,1,0,0,1,1,1,0,1,0,1,0,0,1,0,0,0,1,0,0,0,1,1,1,0,0,1,1
0,0,0,1,0,1,1,1,0,1,0,0,0,0,0,1,0,1,0,0,1,1,1,1,1,1,1,0,0,0,0,0,0,0,1,1,0,0,0,1,1,0,1,1,1,1,1,1,0,0,1,0,1,1,0,1,0,1,0,1,0,0,1,0,0,0,0,1,0,0,1,0,1,1,1
1,0,0,0,1,1,0,1,1,0,0,1,0,0,1,1,0,0,1,1,1,1,0,1,1,0,1,0,1,0,1,0,1,0,1,1,1,0,1,1,1,1,0,1,0,0,0,1,0,1,1,1,1,1,0,1,1,1,1,1,1,1,1,1,0,0,0,0,1,1,0,0,1,1,0
1,1,1,1,1,1,0,1,1,0,0,1,1,0,0,0,0,1,1,0,1,1,0,1,0,1,0,0,0,1,0,1,0,0,0,0,1,0,1,0,1,0,0,1,1,1,1,1,0,0,1,1,1,0,0,0,1,0,0,1,1,1,1,0,1,1,1,1,1,1,0,1,1,1,0
0,0,1,0,1,1,0,1,0,0,0,1,0,0,1,0,1,1,0,1,0,1,0,0,0,1,1,0,0,1,1,0,0,0,1,0,1,0,1,0,1,1,0,1,0,1,0,1,0,0,1,1,0,1,0,1,1,1,1,0,1,0,0,0,1,0,1,0,0,0,1,1,0,1,0
0,1,1,0,1,1,0,1,0,1,0,1,0,0,0,1,1,1,0,0,1,0,0,1,1,0,0,1,0,1,0,1,1,0,0,1,0,1,0,1,0,1,0,1,1,1,0,0,0,1,1,1,1,1,1,1,0,1,1,0,1,1,1,1,0,1,0,1,1,0,0,0,1,1,0
1,0,0,1,0,0,0,0,0,0,0,1,1,1,1,1,1,0,0,1,0,1,0,0,0,0,1,1,1,1,1,0,0,0,0,1,1,1,1,0,1,1,1,1,1,1,0,0,0,0,1,1,1,1,0,0,0,0,0,1,1,0,0,0,0,1,1,1,0,1,1,0,1,1,0
1,0,1,0,0,0,0,0,1,1,0,0,0,0,1,1,0,0,1,0,1,1,0,1,0,1,1,1,0,1,0,0,0,0,0,1,0,1,0,1,1,0,1,1,0,1,0,0,1,1,1,1,1,0,1,0,0,1,1,0,0,0,1,0,0,0,1,0,1,1,0,1,0,1,0
1,0,0,0,1,1,1,1,0,0,1,0,1,0,0,0,1,0,0,0,1,0,0,1,0,0,1,1,0,0,1,0,0,0,1,0,1,1,1,0,1,1,0,1,0,1,0,1,0,0,1,1,1,1,0,1,1,1,1,0,0,1,0,0,1,0,0,1,0,1,0,1,1,1,1
0,0,0,1,1,1,1,1,0,0,1,1,0,0,0,1,0,0,0,0,0,1,0,1,0,1,1,1,1,0,0,0,1,0,0,0,1,1,0,1,1,0,1,1,0,1,1,1,0,1,1,1,0,0,1,0,1,1,0,0,0,0,1,1,1,0,0,0,1,1,1,1,0,1,0
0,0,1,0,0,1,0,1,0,1,0,1,1,0,1,1,1,1,0,0,1,1,0,1,1,0,1,0,1,1,0,1,0,0,1,0,1,0,1,0,1,0,1,1,1,0,1,0,0,0,1,1,1,1,0,1,0,0,1,0,0,0,1,0,1,0,0,1,0,0,1,1,1,0,0
1,1,0,0,1,0,1,1,0,0,1,0,0,1,1,1,0,0,1,0,1,0,0,1,0,0,1,0,0,1,1,1,0,0,1,0,1,1,1,0,1,0,0,1,1,1,0,0,0,1,1,1,1,0,0,1,0,1,0,1,0,0,1,1,1,0,0,0,0,1,1,0,1,0,0
1,1,0,1,0,1,0,1,1,0,1,1,0,0,1,0,1,1,1,0,0,1,0,0,0,0,1,1,1,0,0,1,0,0,1,0,1,1,0,1,0,1,0,1,1,0,1,0,1,1,1,1,1,1,0,0,0,0,1,0,0,1,1,0,1,0,0,0,0,1,0,0,0,0,0
0,0,0,1,0,1,0,1,0,1,1,0,1,0,0,0,1,0,0,1,0,1,0,0,0,0,0,0,1,0,0,1,1,0,0,1,0,0,1,0,1,1,0,1,1,0,0,0,0,0,1,1,1,1,0,1,1,1,0,0,0,1,0,0,0,1,1,0,1,0,0,1,0,1,0
1,0,0,0,1,0,0,1,0,0,1,1,0,0,1,1,0,1,0,1,0,1,0,0,0,1,1,1,0,1,0,1,0,0,0,0,0,0,0,1,1,0,0,1,0,1,1,1,0,1,1,1,1,0,0,0,1,1,1,0,0,1,0,0,1,1,0,1,0,1,1,1,1,1,1
1,0,0,1,0,0,0,0,1,0,0,1,0,0,1,1,0,1,0,0,0,1,0,1,0,1,0,1,0,0,1,0,0,1,1,0,1,0,1,0,1,0,0,1,0,1,0,1,0,1,1,1,1,0,1,1,1,0,0,1,0,1,1,0,0,1,1,0,1,1,0,0,1,1,0
1,1,1,0,0,1,0,1,0,1,0,1,0,0,0,1,1,0,0,0,0,1,0,1,1,0,1,1,0,1,1,1,0,1,0,1,1,1,0,1,1,0,1,1,0,1,0,0,0,1,1,1,1,1,0,0,0,1,0,1,0,0,0,0,0,0,1,1,0,1,1,1,0,1,0
1,0,0,1,0,0,0,1,1,0,0,1,0,0,1,1,0,0,1,0,1,1,0,1,1,0,1,1,0,0,0,1,0,1,1,1,1,0,0,1,1,0,0,1,1,0,1,0,0,1,1,1,1,1,0,0,0,0,0,1,1,1,1,0,1,1,0,0,0,1,0,0,1,1,0
0,0,0,0,1,0,1,1,1,1,0,1,0,0,1,1,1,1,0,0,0,0,1,1,0,0,0,0,0,1,0,0,0,1,0,0,1,1,1,0,1,0,0,1,0,1,1,1,0,1,1,0,1,1,0,1,1,1,1,0,1,1,1,0,1,0,0,0,0,1,0,1,1,1,1
1,0,1,1,1,1,0,1,0,1,1,1,0,0,0,1,1,0,0,0,1,1,0,0,0,1,0,1,1,0,0,0,1,0,1,0,0,0,0,0,0,0,0,1,0,0,1,0,1,1,1,1,0,1,0,0,0,1,0,0,0,1,1,0,1,0,1,0,1,1,0,1,1,1,1
1,0,1,0,1,1,0,1,1,0,1,1,0,0,1,1,0,0,0,1,0,1,0,0,1,0,1,0,0,0,0,0,0,0,1,1,0,0,1,0,1,1,0,1,1,0,0,1,0,1,1,1,1,0,1,1,1,1,1,0,1,0,1,0,0,0,1,1,0,1,0,0,0,0,0
1,1,1,0,0,0,1,1,0,0,1,0,0,0,1,0,1,1,1,0,0,1,1,1,0,0,1,1,0,0,1,1,0,1,0,1,0,0,0,1,1,1,0,1,1,0,0,1,0,1,1,0,1,1,0,1,1,1,1,0,0,0,1,1,1,0,0,0,1,1,0,1,0,1,0
0,0,1,0,0,1,0,1,0,1,0,0,1,1,1,0,1,1,0,0,0,1,0,1,0,1,1,0,1,0,0,0,1,0,1,1,0,1,1,0,1,1,0,1,0,0,1,0,0,1,0,1,1,1,0,1,0,1,1,1,0,1,1,1,1,0,0,1,0,1,0,1,0,0,0
1,0,0,1,1,0,0,1,0,1,0,0,0,1,1,1,0,0,1,0,0,1,0,0,0,0,1,1,0,0,1,0,1,0,0,1,1,0,0,1,1,0,0,1,0,1,0,0,0,1,1,1,1,0,1,1,0,1,1,0,1,0,1,0,0,0,0,1,1,1,0,0,0,1,0
1,0,1,1,1,1,0,1,0,0,1,0,0,0,1,1,1,1,0,1,0,1,0,0,0,0,1,0,0,0,1,1,0,0,0,1,0,0,0,1,1,0,1,1,0,1,0,0,0,1,1,1,1,0,0,1,0,0,0,1,1,1,0,0,1,0,0,0,1,1,1,1,0,1,1
1,0,1,0,0,1,0,0,1,0,0,0,0,1,0,1,1,1,1,0,1,1,1,1,1,0,0,0,0,0,1,0,1,0,1,1,1,0,0,1,1,1,0,1,1,1,1,1,0,1,0,0,1,1,0,1,1,1,1,0,0,1,0,0,1,0,0,0,0,1,0,0,0,0,1
1,0,0,0,1,0,1,1,0,0,1,1,1,0,0,1,1,1,1,0,1,0,1,1,0,0,0,1,1,0,0,1,0,0,0,0,0,0,0,1,1,0,0,1,1,1,1,0,1,0,0,1,1,0,1,0,0,0,1,0,1,1,1,0,1,1,1,1,1,1,0,0,1,1,0
1,0,0,1,0,0,0,1,0,1,1,1,0,0,1,1,1,1,0,1,0,1,0,1,1,0,1,1,0,1,1,0,0,0,0,0,0,0,0,1,1,0,0,1,1,0,1,1,0,1,1,1,1,1,0,1,0,1,1,0,0,0,1,1,0,0,0,1,1,1,1,0,0,1,0
1,0,0,0,0,1,0,1,0,0,1,1,0,0,0,0,1,0,1,0,0,0,0,0,0,1,0,1,0,1,0,1,0,0,1,0,0,1,0,1,1,0,0,1,0,1,0,1,0,1,1,1,1,1,1,1,1,1,1,1,1,1,1,0,1,0,0,1,0,1,1,1,0,1,0
1,0,1,0,0,1,0,0,0,0,0,1,0,0,1,0,1,1,1,0,1,1,1,1,1,1,1,0,0,0,1,0,0,0,0,0,1,1,1,0,1,1,1,1,0,1,0,0,0,0,0,0,1,0,0,1,0,1,1,0,0,0,1,0,1,1,0,1,1,1,1,0,1,1,0
1,1,1,0,1,1,0,1,0,0,1,0,0,0,1,0,1,0,1,0,1,1,0,0,0,0,1,1,0,0,1,1,0,1,0,0,1,0,1,0,1,0,0,1,0,1,1,0,0,1,1,1,1,0,0,1,0,1,1,0,1,1,1,1,1,0,0,0,1,1,0,0,0,1,1
0,1,0,1,0,0,0,1,0,0,1,1,0,1,0,0,0,0,0,0,1,1,1,1,1,1,0,1,1,0,0,0,1,0,0,0,0,1,1,0,1,0,1,0,0,1,0,0,0,0,1,1,1,0,0,1,1,1,1,0,0,0,1,0,0,0,1,1,1,1,1,0,1,1,0
1,1,1,1,1,0,0,1,0,0,1,0,1,0,1,0,1,0,1,0,0,1,1,1,1,0,1,0,0,0,1,1,1,0,1,1,0,0,1,0,1,1,1,1,0,1,0,1,1,0,1,1,1,0,0,1,1,1,1,1,0,0,0,0,0,0,1,1,0,1,1,0,0,1,1
1,0,0,1,0,0,0,1,0,0,1,0,0,1,0,1,1,1,0,1,1,0,0,1,1,1,1,0,1,1,1,0,1,0,0,1,0,1,0,1,0,0,0,1,0,1,1,0,0,1,1,0,1,1,0,1,0,0,0,0,0,0,0,0,1,0,0,0,1,1,0,0,0,1,0
1,1,0,0,0,0,0,1,0,0,0,1,1,0,0,0,1,1,0,1,1,1,0,1,0,0,1,0,0,1,1,0,0,0,1,1,0,1,1,0,1,1,0,0,1,0,1,0,1,0,1,1,1,1,0,1,1,0,1,0,1,1,1,0,1,0,0,1,1,1,0,1,0,1,0
1,1,1,0,0,0,0,0,0,0,0,1,0,0,0,1,0,0,0,1,1,1,0,1,1,0,1,1,1,0,1,1,1,0,1,0,0,1,1,0,1,1,0,1,1,1,0,0,0,0,1,0,1,1,0,1,0,1,0,1,0,1,1,0,1,1,0,0,0,1,1,1,1,1,0
0,0,1,0,1,1,1,1,0,1,0,0,0,0,0,0,0,0,0,0,0,1,0,0,0,0,1,0,0,1,1,1,1,0,1,1,0,0,0,1,1,0,0,1,0,1,0,1,0,1,1,1,1,1,1,0,1,1,1,0,0,0,1,0,0,0,0,0,1,0,0,1,1,1,1
1,0,1,1,1,1,0,1,0,0,0,0,0,0,1,1,1,1,1,0,0,1,0,1,0,1,0,1,0,0,1,1,0,0,1,1,0,0,0,1,1,0,1,1,1,1,1,1,0,0,1,0,1,0,1,0,0,0,1,1,0,0,0,0,1,1,0,0,0,1,1,0,1,0,0
1,0,0,1,0,1,0,1,1,1,0,1,1,0,0,1,1,0,1,0,1,1,1,1,0,0,1,1,1,1,0,1,1,0,0,1,1,0,0,1,0,1,0,1,0,1,1,1,0,0,1,0,1,0,1,0,1,0,1,0,0,1,1,1,1,0,1,1,0,1,0,1,1,1,0
1,1,1,0,1,0,1,1,0,1,1,1,1,0,1,1,0,1,0,1,0,1,1,1,0,0,1,0,1,1,1,1,1,0,1,1,1,0,0,1,1,1,0,1,0,1,1,0,1,0,0,1,1,0,1,0,0,0,1,0,1,1,1,0,1,0,0,0,0,0,0,1,0,1,0
1,0,1,1,1,1,0,1,1,0,1,0,0,0,1,1,1,0,1,0,1,1,0,1,0,0,0,1,1,1,1,1,1,0,0,0,1,0,1,0,1,1,0,1,0,0,0,0,0,0,1,1,1,1,0,0,0,1,0,0,0,0,0,0,1,0,0,0,0,1,0,0,1,1,1
1,0,1,1,0,1,1,1,0,0,0,1,1,1,1,0,1,1,1,0,1,1,1,1,1,1,1,0,0,1,0,1,0,0,0,1,1,1,0,1,1,1,0,1,0,1,1,0,1,0,0,0,1,1,0,1,0,1,0,1,1,1,0,0,0,0,1,1,0,1,1,1,0,1,0
1,1,0,0,1,0,0,0,1,0,0,0,0,0,1,1,1,1,0,0,0,1,0,0,1,1,0,1,0,1,1,1,0,0,0,1,0,0,0,1,0,1,0,1,1,0,1,1,1,0,1,0,1,0,1,0,0,0,1,0,0,1,1,0,0,1,1,1,0,1,0,1,1,1,0
1,0,0,0,0,1,0,1,0,1,1,1,0,0,0,0,1,0,1,0,0,1,0,0,1,1,1,1,1,1,0,1,1,0,1,1,0,0,1,1,0,1,1,1,1,1,0,0,1,1,1,1,1,1,0,1,0,1,1,1,1,1,1,0,1,1,1,0,1,1,1,1,0,1,1
1,0,0,0,0,1,0,1,0,1,0,1,1,0,1,1,1,1,1,0,0,1,0,1,1,1,0,0,0,0,0,0,0,1,1,1,1,0,1,0,1,1,0,1,0,1,0,0,0,0,0,1,1,1,0,1,0,1,1,1,0,0,0,0,1,0,0,0,0,1,1,0,0,1,0
0,1,0,1,1,0,0,0,1,0,0,0,0,0,0,1,1,1,0,0,0,1,1,1,1,0,1,0,0,0,0,1,1,0,0,1,1,0,0,1,0,0,1,1,1,0,1,0,0,1,1,0,1,0,1,0,1,0,1,1,0,1,1,1,1,1,0,0,1,0,1,0,1,1,1
0,1,1,1,1,0,0,1,0,0,0,0,1,0,1,0,1,0,0,0,0,1,0,1,0,0,0,0,0,1,1,1,0,0,0,0,1,0,0,0,0,1,1,1,0,1,0,1,1,1,1,1,1,0,0,1,1,0,0,1,0,0,0,0,1,0,1,0,0,1,1,0,0,1,0
0,1,0,0,0,0,0,1,0,1,0,1,0,0,0,0,0,0,1,1,1,1,0,1,1,1,0,1,1,1,1,0,1,1,1,1,0,0,0,1,1,1,0,1,1,1,0,0,0,1,1,1,1,1,0,1,0,0,0,0,0,1,1,0,1,0,0,0,0,1,0,0,1,0,0
1,0,1,1,0,0,0,1,0,0,0,1,0,0,0,0,1,0,0,0,0,1,0,1,0,0,0,1,0,1,1,1,1,0,0,0,1,1,1,0,1,0,1,1,0,1,0,0,1,1,1,1,1,0,0,1,0,1,1,1,0,0,1,0,1,0,0,0,1,1,1,1,0,1,1
1,0,1,1,1,1,0,1,1,1,1,0,0,1,1,0,0,1,0,0,1,1,1,1,1,0,1,0,0,0,1,0,0,0,1,1,0,0,0,1,1,1,0,1,0,1,1,1,0,1,1,1,1,0,1,1,1,1,1,0,0,1,1,1,1,0,0,0,1,1,0,0,1,1,0
1,0,1,0,1,1,0,1,0,1,0,1,1,0,0,0,1,0,1,0,0,1,0,1,1,1,0,1,1,1,1,1,1,1,0,0,1,1,1,0,0,0,0,1,0,0,0,0,0,1,1,1,0,1,0,1,1,0,1,0,0,1,1,0,1,1,1,0,1,1,0,1,0,1,1
0,0,0,1,0,1,0,1,0,0,1,1,0,0,1,0,1,0,0,0,1,0,0,1,1,0,0,0,0,1,1,1,1,1,0,0,1,1,0,0,1,1,0,1,0,1,0,0,0,1,1,0,0,1,1,1,0,0,0,0,0,0,1,0,0,0,0,1,0,0,0,1,0,1,1
1,0,1,1,0,1,1,1,1,1,0,1,0,0,0,1,1,1,0,0,1,1,0,0,0,0,1,1,1,0,0,1,1,0,0,1,0,1,0,1,0,0,0,1,1,1,1,0,0,1,0,1,1,0,1,0,0,0,0,0,0,1,0,0,1,0,0,0,1,1,1,0,1,1,0
0,0,0,1,0,1,1,1,1,0,0,1,0,0,0,0,1,0,0,0,0,1,1,1,0,0,1,0,0,1,1,0,1,1,0,1,1,0,1,0,1,1,0,1,0,0,1,1,1,1,1,0,1,0,0,0,1,0,0,1,0,1,0,0,1,0,0,0,1,1,1,1,0,1,1
0,0,0,0,0,0,0,1,1,1,0,1,1,0,0,0,1,0,0,0,0,1,0,1,0,1,1,1,1,0,1,0,1,1,1,1,0,0,0,1,1,0,1,0,0,1,0,0,0,0,1,1,1,1,0,1,0,0,1,1,1,1,0,0,0,0,1,1,1,1,1,1,1,1,0
1,0,0,0,1,1,0,0,0,0,0,1,0,0,0,0,1,0,1,0,1,1,0,1,1,0,0,1,1,1,0,1,1,0,0,1,0,1,1,0,1,1,0,1,1,1,1,0,1,1,1,1,1,0,0,0,0,1,1,0,0,0,1,0,1,1,0,1,0,1,0,1,0,1,1
1,0,0,0,1,0,0,0,1,0,1,0,0,0,1,1,1,1,1,0,0,1,0,0,1,1,1,1,0,1,1,1,0,0,1,1,0,1,0,1,1,0,1,0,0,0,1,1,1,1,1,1,0,0,1,0,0,1,1,1,1,1,0,0,0,0,0,0,1,1,1,0,0,1,0
1,1,1,1,1,0,0,1,0,0,0,1,1,0,1,0,0,1,0,0,1,1,0,1,1,0,1,0,0,0,1,1,0,0,0,0,1,0,0,1,0,1,0,1,1,1,0,0,0,1,1,1,1,1,0,1,0,1,1,1,0,0,1,1,1,1,0,0,0,1,0,0,0,1,0
1,0,0,0,0,1,0,1,1,1,1,0,1,0,1,1,1,1,0,1,1,1,0,1,0,1,1,1,0,1,0,1,0,0,1,0,1,1,1,0,1,0,0,1,0,1,1,1,0,0,1,1,1,1,0,0,1,0,0,1,0,1,0,1,1,0,0,0,1,1,0,1,0,1,0
1,0,1,0,1,0,0,1,0,1,0,1,0,0,0,1,0,0,0,1,0,1,0,0,1,0,1,0,0,0,0,0,1,0,0,1,1,0,0,1,1,1,1,1,1,1,0,1,1,1,1,1,1,1,0,0,0,1,1,0,0,0,1,1,0,1,1,1,0,1,1,1,0,1,0
1,0,0,1,1,1,0,1,0,1,1,0,1,1,0,1,0,1,0,0,0,0,0,1,1,0,1,0,1,0,0,0,1,0,1,0,1,0,1,0,0,0,0,1,1,0,1,0,0,0,1,1,1,0,1,1,1,1,0,0,0,1,1,0,1,0,1,1,1,1,0,0,0,1,0
1,0,0,0,1,1,1,1,0,1,1,1,0,0,0,0,1,1,1,0,1,1,1,1,1,1,1,0,1,0,1,1,1,0,0,0,0,1,1,0,1,1,1,1,0,0,1,1,0,0,0,1,1,1,0,1,1,1,1,1,1,0,1,0,1,1,1,1,0,1,1,1,0,1,1
1,0,0,1,1,0,1,0,1,0,1,0,1,0,1,1,1,1,0,0,0,1,0,0,0,0,0,0,1,1,0,1,0,0,1,0,0,0,0,0,0,0,0,1,0,1,1,0,0,1,0,0,1,0,1,0,1,1,0,0,0,1,1,0,1,1,1,1,0,1,0,1,1,0,1
0,0,0,0,1,0,0,1,1,1,1,0,1,0,0,0,0,1,0,1,0,1,1,1,0,0,1,0,1,0,0,1,1,0,1,1,0,1,0,0,1,1,1,1,1,1,1,1,1,0,1,0,1,1,0,1,1,1,0,0,0,1,0,1,0,1,1,1,0,1,0,0,0,0,1
0,0,1,1,1,1,1,0,0,0,0,1,0,1,1,1,1,1,1,0,1,1,0,1,0,0,1,1,0,0,1,1,1,0,1,0,0,0,0,1,1,0,1,1,0,1,0,1,0,0,1,0,1,1,0,0,1,1,1,1,1,0,1,0,0,1,1,0,1,1,1,1,0,0,0
1,1,1,0,0,1,0,1,0,1,0,0,0,1,0,1,1,0,1,0,1,1,0,0,0,1,1,1,0,1,1,1,0,0,0,0,0,1,1,0,1,1,0,1,1,0,1,0,0,0,1,1,1,0,0,0,0,1,1,0,0,1,1,0,1,0,0,0,1,1,0,1,0,0,0
1,1,0,0,0,1,0,1,0,1,1,1,0,0,0,0,0,0,1,1,1,1,0,1,1,1,1,0,1,1,1,1,1,0,1,1,0,1,0,1,0,0,1,1,1,1,0,1,1,0,1,1,1,1,0,1,1,1,1,0,1,1,1,0,0,0,1,0,1,1,1,0,0,1,0
1,0,0,1,0,0,0,1,0,1,0,0,0,0,1,1,1,1,0,0,0,0,0,1,0,1,1,0,1,0,0,0,1,0,0,1,0,0,0,1,0,0,0,1,1,1,0,0,0,1,1,1,1,1,0,0,0,1,0,1,0,0,0,0,1,0,0,0,1,1,1,0,1,1,0
1,0,0,0,1,1,0,1,0,0,0,1,1,0,0,1,0,0,1,0,1,0,0,1,1,1,0,1,1,0,1,0,1,0,0,0,1,1,0,1,0,0,1,1,0,1,1,0,0,0,1,1,1,1,0,1,0,0,1,1,0,1,1,0,0,0,1,1,0,1,1,1,1,1,0
1,0,0,1,0,1,0,1,0,0,1,1,1,0,0,1,0,1,1,1,0,1,0,0,1,1,1,0,1,0,0,1,1,0,0,1,0,1,0,1,0,0,1,1,0,0,1,1,0,0,1,1,1,1,0,1,1,0,1,1,1,1,1,0,1,0,0,1,1,1,1,1,0,1,1
1,0,0,0,0,0,0,0,0,1,0,1,0,1,1,1,1,0,0,0,0,1,0,1,0,0,1,0,0,1,0,1,0,0,1,1,1,0,0,1,1,0,0,1,1,1,0,1,0,1,1,1,1,0,0,1,0,1,0,0,1,0,1,1,0,1,1,1,0,1,1,0,1,0,0
1,0,0,0,0,0,1,1,0,0,1,1,1,0,0,1,1,1,1,0,1,1,1,1,0,0,1,1,0,0,0,1,0,0,1,0,0,0,1,0,1,0,1,1,0,1,0,1,0,0,1,1,1,1,0,1,0,1,0,1,1,0,1,0,1,0,0,1,1,1,1,0,0,0,0
1,0,0,1,0,0,0,1,0,1,1,1,0,0,1,0,1,0,0,0,1,1,1,1,1,1,1,0,0,0,0,1,0,0,0,1,1,0,0,1,0,1,0,1,0,1,1,0,0,1,0,1,1,1,0,1,0,0,0,1,0,0,0,0,0,0,1,1,1,1,0,0,1,1,0
1,1,0,0,0,0,0,1,0,1,1,1,0,0,1,0,0,0,1,0,1,1,0,1,0,1,0,1,0,0,0,1,0,0,1,1,0,0,1,0,1,1,1,1,1,0,0,0,0,1,1,1,1,0,0,1,0,1,1,1,0,0,0,0,1,0,0,0,0,1,1,0,1,1,0
0,0,1,1,1,0,0,1,0,1,0,0,1,0,0,0,0,0,1,0,0,1,1,1,0,1,1,1,1,0,1,1,1,0,1,0,0,1,0,0,1,0,1,1,0,0,0,0,0,1,1,1,1,1,0,0,0,1,0,1,0,0,1,0,1,1,1,0,0,1,1,1,1,1,1
1,0,1,1,1,1,0,1,1,0,1,0,0,0,1,0,0,1,0,1,0,1,0,0,0,0,0,1,0,0,1,1,0,0,1,0,0,1,1,0,1,1,0,1,0,1,0,0,1,0,1,1,1,0,1,0,1,1,0,1,0,1,1,0,1,0,1,1,0,1,0,0,0,1,0
1,1,0,1,0,1,1,1,0,1,1,0,0,0,0,1,1,0,0,0,1,1,1,1,0,1,1,1,1,0,0,0,1,1,1,0,0,0,1,0,1,1,0,1,1,0,0,1,0,1,1,0,0,0,1,1,0,1,0,0,0,0,1,0,0,0,1,0,1,1,1,1,0,1,0
1,0,1,1,0,0,0,0,0,1,0,0,0,0,1,1,1,0,1,1,0,1,0,0,0,0,1,1,0,1,1,1,0,0,1,1,0,0,0,1,1,0,0,1,0,1,0,1,0,1,1,1,1,1,0,1,1,0,0,0,0,0,0,1,1,0,0,0,1,1,0,1,1,1,0
1,0,0,0,1,1,0,0,0,1,0,0,1,0,1,1,1,1,1,0,0,1,0,1,1,1,0,0,0,1,0,1,0,1,0,0,0,0,1,0,1,0,0,1,1,0,1,1,1,0,1,1,1,0,0,1,0,1,1,0,0,1,1,0,1,0,0,1,1,1,0,1,0,1,0
1,0,0,0,1,1,1,1,1,1,1,0,1,0,1,1,1,0,0,0,1,1,0,1,1,1,1,1,0,0,1,1,0,0,0,1,1,1,0,1,1,0,0,1,0,1,0,1,1,0,1,0,1,0,1,1,0,1,0,0,0,1,1,1,1,0,0,0,1,1,1,0,0,0,0
0,0,1,0,1,1,0,1,0,0,1,0,0,0,1,0,0,0,1,0,1,1,1,1,1,1,1,0,1,1,0,1,1,0,0,0,0,1,1,0,1,1,0,1,1,1,0,0,0,1,1,1,1,1,1,1,0,1,0,0,0,0,0,0,1,0,1,1,0,0,0,1,0,0,0
1,0,0,0,1,1,1,0,0,1,0,0,0,0,1,0,1,0,0,0,1,1,1,1,0,1,1,1,0,0,0,0,0,0,0,1,0,1,0,1,1,1,0,1,1,1,0,1,0,1,1,1,1,0,1,0,1,0,1,0,0,0,1,0,1,1,0,0,0,1,0,0,1,1,0
1,0,0,0,1,1,0,1,1,0,1,1,0,0,1,0,1,0,0,0,0,0,0,0,0,0,1,1,0,0,1,0,0,0,1,0,0,1,1,0,1,0,0,1,1,1,0,1,1,0,1,1,1,1,0,0,1,0,1,0,1,1,1,0,1,0,0,1,1,1,0,1,0,1,1
0,0,0,1,1,0,0,1,1,0,1,1,1,0,1,1,0,0,0,1,1,1,0,1,1,0,0,1,1,0,1,1,0,0,0,0,0,1,1,0,1,0,0,1,1,0,0,1,1,1,1,1,1,1,0,0,1,0,1,0,0,0,1,0,1,1,0,0,1,0,0,1,0,1,1
0,0,1,0,0,1,0,1,0,1,0,0,0,0,1,1,0,1,1,0,0,1,0,0,1,0,1,1,0,0,0,0,0,0,1,1,1,0,0,1,1,0,0,1,0,1,0,0,1,0,1,0,1,1,1,0,0,0,1,0,1,1,1,0,0,0,0,0,1,1,0,0,0,1,0
1,0,0,0,0,1,0,0,0,1,0,1,0,1,1,0,1,1,0,0,0,1,0,1,1,0,0,0,0,1,1,0,0,0,1,1,1,1,0,1,1,1,0,1,0,1,0,0,0,1,1,1,1,0,0,1,0,0,1,1,0,1,1,1,1,0,1,1,0,1,0,1,1,1,1
1,0,0,1,1,0,1,0,1,1,0,0,0,1,1,1,0,0,0,0,0,1,0,1,1,1,1,0,1,0,1,1,0,0,1,1,0,0,1,1,1,0,1,1,1,1,0,0,0,1,1,1,1,0,1,0,0,0,0,1,0,1,1,0,1,1,0,1,1,1,1,1,1,1,0
0,0,0,0,0,0,0,1,1,0,1,1,0,0,0,0,1,1,0,0,0,1,0,0,0,0,1,0,1,1,0,1,1,0,0,1,1,0,0,1,1,0,1,1,1,0,1,0,0,0,0,1,1,0,1,1,0,0,1,1,1,0,1,0,1,0,0,0,1,0,1,1,0,1,1
1,0,0,0,1,1,0,1,1,0,1,0,0,0,1,1,1,0,0,1,0,1,0,0,0,0,1,1,0,1,1,1,0,0,0,1,0,0,0,0,1,1,0,1,1,0,0,0,1,1,1,1,0,0,1,0,0,1,1,1,0,0,1,1,1,0,0,1,0,1,1,0,0,1,0
0,1,1,1,0,1,0,1,0,1,1,0,1,1,1,1,0,1,0,0,1,1,1,1,0,1,1,1,0,1,1,1,0,0,1,0,0,0,1,0,1,0,1,1,1,1,1,0,0,0,1,0,1,0,0,1,0,0,1,1,0,1,1,1,0,0,1,1,0,1,1,1,0,0,1
0,0,0,0,0,0,0,0,0,0,0,1,1,1,0,1,1,1,0,0,1,1,0,0,0,1,0,0,0,0,1,0,1,0,1,0,1,0,0,0,0,1,0,1,0,1,1,0,0,0,1,1,1,1,0,0,1,1,1,0,1,0,1,1,0,1,0,1,1,1,0,0,0,1,0
0,1,0,1,0,0,0,1,1,0,1,1,1,1,0,0,0,0,1,0,1,1,0,1,0,1,0,0,0,1,0,0,1,0,1,1,0,0,0,1,1,0,0,1,0,1,0,1,0,0,1,0,1,0,0,1,1,1,1,0,1,1,1,0,0,0,1,1,1,1,0,1,0,1,0
1,1,1,1,0,1,0,1,0,0,1,1,0,1,0,0,0,1,1,1,0,1,0,1,0,0,1,1,1,0,0,1,0,0,0,1,0,0,0,0,1,1,1,1,1,0,1,0,1,1,0,1,1,1,0,1,1,0,0,0,0,0,1,0,1,0,1,0,0,0,1,0,0,1,0
1,0,1,0,1,0,1,1,0,1,1,1,0,0,0,1,0,1,1,1,0,1,1,1,0,0,1,0,0,0,0,1,0,0,1,0,1,0,0,0,1,1,1,1,0,0,0,1,0,0,1,1,1,0,0,0,0,1,1,0,1,0,1,1,1,0,1,0,0,1,1,0,0,1,1
1,0,0,1,0,0,0,1,0,1,0,1,1,1,0,0,0,1,1,0,0,0,0,1,0,1,0,1,0,1,0,0,0,0,0,0,1,0,1,0,1,0,0,1,0,0,0,1,1,0,0,1,1,0,1,1,0,1,1,1,1,1,1,0,1,0,0,0,0,1,1,1,0,0,0
1,0,0,0,0,1,0,1,0,1,0,0,1,0,0,0,1,0,1,0,1,1,0,0,1,1,1,0,0,1,0,0,1,0,1,1,1,1,1,1,1,0,0,1,0,1,0,0,1,0,1,1,1,1,0,1,0,1,1,1,0,1,1,1,0,0,1,1,1,1,0,1,0,1,1
1,1,0,1,0,1,0,1,0,1,1,1,0,0,0,0,1,1,1,1,0,1,0,1,0,1,1,1,1,0,1,0,1,1,0,0,1,0,0,0,1,1,1,1,1,0,0,0,1,1,1,1,1,0,0,1,1,1,1,0,1,0,1,0,1,0,1,0,1,1,0,0,0,1,0
1,0,0,1,0,1,0,1,0,1,0,1,1,0,1,1,1,1,1,0,1,0,1,1,0,0,1,0,1,1,1,0,0,0,1,0,0,1,0,0,1,0,0,1,1,0,0,0,1,0,1,0,1,1,0,0,0,1,0,0,0,1,1,0,1,0,1,0,0,0,0,0,0,0,0
0,0,0,0,0,0,0,1,0,0,0,0,1,1,0,1,1,1,0,0,1,1,0,0,0,0,1,0,1,1,1,1,1,0,1,0,1,1,1,0,1,0,0,1,0,1,0,1,0,0,1,1,0,0,1,0,1,1,0,1,0,0,1,1,1,0,0,0,1,1,0,0,0,0,0
1,0,0,0,1,0,0,1,0,1,1,1,0,0,0,0,1,0,0,1,0,1,0,0,0,0,1,0,1,1,0,1,0,0,0,1,0,0,0,1,1,0,0,1,0,1,0,0,1,1,1,0,1,0,0,1,0,1,1,1,0,1,1,0,1,0,0,0,1,1,0,1,0,1,1
1,0,1,0,0,1,0,0,0,1,0,1,0,0,1,0,0,1,0,1,0,1,0,0,0,0,1,0,1,0,1,0,1,1,1,1,1,1,0,1,1,1,0,1,0,1,0,1,0,0,1,1,1,1,1,1,1,0,1,1,1,1,0,0,1,1,1,1,0,1,0,0,1,0,0
1,1,0,1,1,0,1,0,1,1,0,1,1,0,0,0,1,1,0,0,0,1,1,1,0,0,1,1,1,0,0,1,1,1,1,1,0,0,0,1,1,1,0,1,1,1,1,1,1,0,1,0,1,1,0,0,1,1,0,0,1,1,1,1,0,1,1,1,1,1,0,1,0,1,0
1,0,0,0,0,0,0,0,0,1,0,0,0,0,0,1,0,0,1,0,0,1,1,1,0,1,1,0,1,1,1,1,1,0,0,1,0,1,0,1,1,0,0,1,0,1,1,1,0,1,1,0,1,1,0,1,0,1,1,0,0,0,1,1,1,0,0,0,1,1,0,1,0,1,0
1,1,1,1,1,0,0,1,0,0,1,0,0,0,0,0,0,0,1,0,1,1,0,1,1,0,1,0,1,1,1,1,0,1,1,0,1,0,0,0,1,1,0,1,1,1,0,0,0,1,1,1,1,0,0,1,0,0,1,1,0,0,1,0,1,0,0,1,0,1,0,1,0,1,0
1,0,1,1,0,1,0,1,0,0,0,1,1,0,0,1,1,1,0,1,0,1,0,0,0,1,0,1,1,0,0,1,1,1,0,0,1,0,0,0,0,0,0,1,0,1,0,0,1,1,0,1,1,0,0,0,0,1,1,0,0,1,1,0,1,0,1,1,1,1,1,0,0,1,0
1,1,0,0,0,0,0,1,0,1,0,0,0,0,1,1,0,0,0,0,0,1,1,1,0,1,1,0,1,0,1,0,1,0,0,1,1,0,1,1,1,0,0,1,1,0,0,0,0,1,1,0,1,1,1,1,1,1,1,1,0,0,1,0,1,1,1,0,1,0,0,1,1,1,0
0,0,0,1,1,0,0,1,0,1,1,0,0,0,0,1,1,1,1,1,1,0,0,1,1,1,1,0,0,0,0,0,1,0,1,0,0,0,0,1,0,0,0,1,1,0,1,0,0,1,1,1,1,0,0,1,0,0,0,1,0,0,1,0,1,0,0,0,1,0,0,0,1,0,0
0,0,0,1,1,0,1,1,1,1,1,1,1,0,1,1,1,1,1,0,1,1,1,1,1,0,0,0,0,0,0,0,0,0,1,0,1,0,0,1,1,0,0,1,1,0,0,1,0,0,1,0,1,0,0,0,1,0,0,1,1,1,1,0,1,0,0,0,1,0,0,0,0,0,1
1,1,1,0,0,0,1,1,1,0,0,0,1,0,1,1,1,0,1,0,1,1,0,1,0,1,1,1,0,0,1,0,0,1,0,1,1,0,1,0,1,1,1,1,1,1,1,1,1,0,1,0,1,0,1,0,1,1,0,1,0,1,0,0,1,0,0,1,0,1,1,0,0,0,1
1,0,0,0,1,1,0,1,0,1,0,1,0,1,0,1,1,0,0,1,0,1,1,1,1,1,0,0,1,1,0,0,1,0,1,1,1,1,0,1,1,0,0,1,1,1,0,1,1,1,1,0,1,1,0,1,0,1,0,0,0,0,0,1,1,0,1,1,1,1,0,1,0,0,0
1,0,1,0,1,0,0,1,0,1,1,0,1,0,1,1,1,1,1,1,0,1,0,0,0,0,1,1,1,1,0,1,0,0,1,1,0,1,0,1,1,1,0,1,1,0,1,0,0,0,1,1,1,1,1,1,1,0,0,0,0,1,0,0,1,1,1,1,1,1,0,1,1,0,0
0,0,1,1,0,0,1,1,0,1,1,1,1,1,1,0,1,0,0,0,0,1,0,0,0,0,1,0,1,0,1,1,0,0,1,1,1,1,1,0,1,1,0,1,0,1,0,1,0,0,1,1,1,1,0,1,0,0,1,1,0,1,1,0,1,0,0,0,0,1,0,0,1,0,0
1,0,0,0,0,0,0,0,1,1,0,0,0,0,1,0,0,1,0,0,0,0,1,1,0,0,0,1,1,1,1,0,0,1,0,1,1,1,0,1,0,1,1,1,1,0,1,0,0,1,1,0,1,1,0,1,0,0,1,1,1,1,1,0,0,0,0,1,1,1,1,1,1,1,0
0,0,1,1,0,1,0,1,0,1,0,0,1,0,1,1,1,0,0,0,1,1,0,1,1,0,1,1,0,1,0,1,0,0,0,1,1,0,0,1,1,0,0,1,1,1,0,1,0,1,1,0,0,1,0,0,1,1,0,0,0,0,0,1,1,0,0,0,1,0,1,1,0,1,0
0,0,0,0,0,0,1,0,1,1,0,1,0,0,0,1,1,0,0,0,0,0,1,1,0,0,1,0,1,0,1,0,1,1,1,0,0,0,1,0,1,0,1,1,0,1,0,0,1,0,1,0,1,1,0,1,1,1,1,0,0,1,1,0,0,1,1,0,1,1,1,0,0,1,0
1,0,1,0,0,1,0,1,0,0,1,1,1,0,0,1,1,1,0,0,0,1,1,1,0,1,0,0,1,0,1,1,1,1,1,0,0,1,1,0,1,1,1,1,0,1,1,0,0,1,0,0,1,1,0,0,0,0,0,0,0,0,0,0,0,1,1,1,0,1,1,0,0,0,1
0,1,1,1,1,0,0,1,0,0,0,1,0,0,1,0,0,1,0,1,0,1,0,0,1,0,1,1,1,0,1,1,1,0,1,1,0,0,1,0,1,1,0,1,0,1,1,0,0,0,1,0,1,1,0,1,0,0,0,0,1,0,1,1,0,0,0,1,0,1,0,0,0,0,1
1,1,1,0,1,0,1,1,1,0,1,1,0,1,0,1,1,0,0,0,1,1,1,1,1,0,1,0,1,0,1,0,1,0,1,1,1,0,1,0,0,1,1,1,1,0,0,1,0,1,1,0,0,0,0,0,1,0,0,0,1,1,1,1,0,0,1,1,0,1,1,1,0,0,1
1,0,1,1,1,0,0,1,1,1,0,0,0,0,0,1,0,0,1,1,1,1,1,1,0,1,1,0,1,0,0,0,1,0,0,1,0,1,1,1,1,0,0,1,1,1,0,0,1,1,1,1,0,1,0,0,0,1,1,1,1,1,1,1,0,1,1,1,0,1,0,1,0,1,1
1,0,0,1,1,0,0,1,0,0,1,0,0,1,1,1,1,0,0,1,0,1,0,0,1,0,1,1,1,1,1,0,0,0,1,0,1,0,1,0,1,0,0,1,0,1,0,0,0,1,0,1,1,1,0,1,0,0,1,1,1,1,0,1,0,0,0,1,1,1,0,1,1,1,0
1,0,0,0,1,1,0,1,1,0,0,1,1,0,0,0,1,0,1,0,0,1,0,0,1,1,1,0,0,1,0,0,1,0,0,0,0,1,0,0,1,0,1,1,0,1,1,1,0,0,1,1,1,0,0,0,1,0,1,1,0,0,1,0,1,1,1,0,0,1,0,1,1,1,0
1,0,0,0,1,0,1,1,0,0,0,0,0,0,1,1,0,1,1,0,0,1,1,1,1,1,0,0,0,1,1,0,0,0,1,1,1,1,0,1,1,0,0,1,0,1,1,1,0,1,1,0,1,0,1,1,1,1,1,1,0,1,1,0,1,0,0,0,0,1,0,1,1,1,1
1,0,0,1,0,0,0,1,0,1,1,1,0,0,0,0,1,0,0,0,1,1,0,1,0,1,1,1,1,1,1,1,1,0,1,0,0,0,0,1,1,0,0,1,0,0,0,1,1,1,1,1,1,1,0,1,0,1,0,0,0,0,1,1,0,0,1,1,1,1,0,1,0,1,0
1,0,0,1,1,0,1,0,0,1,0,1,0,0,1,0,0,0,0,0,1,0,1,1,0,0,0,1,1,0,1,1,1,0,1,1,0,1,1,0,0,0,1,1,0,1,0,0,0,1,1,0,1,1,1,1,0,1,1,1,0,0,1,0,0,1,0,0,0,1,1,0,1,0,1
1,1,1,1,1,0,1,1,0,1,1,1,0,1,1,0,0,0,0,0,1,1,1,1,0,1,1,1,1,1,0,1,0,0,0,1,0,1,0,1,1,1,1,1,1,1,0,1,0,1,1,0,1,1,0,1,1,1,1,0,0,0,0,0,0,1,1,1,0,1,0,1,0,0,1
0,0,0,0,1,0,1,0,0,0,0,0,0,0,1,0,1,1,0,0,0,1,1,1,1,0,0,1,0,0,1,1,0,0,1,0,1,1,0,1,0,1,1,1,0,1,1,1,0,0,1,1,1,1,0,1,0,0,1,1,0,0,0,0,1,0,0,0,1,1,1,0,1,1,0
0,0,0,1,0,1,0,1,0,0,0,1,0,0,0,0,1,1,1,0,0,1,0,0,1,1,1,1,1,0,1,1,1,0,1,0,0,0,0,0,0,1,1,1,0,1,1,0,1,1,1,0,1,0,0,1,0,1,0,0,1,1,0,0,1,1,1,1,0,0,1,0,0,1,1
1,0,0,1,1,1,0,1,1,1,1,1,1,1,0,0,0,0,1,0,1,1,0,1,0,0,1,1,0,0,1,0,1,0,1,0,0,0,0,0,1,1,0,1,1,1,0,1,0,0,1,1,1,0,1,0,1,0,1,0,1,1,1,0,0,0,0,1,1,1,0,0,1,1,0
1,1,1,1,1,0,0,1,0,0,0,1,1,0,1,1,1,1,1,1,1,1,0,1,0,1,1,0,1,0,0,0,1,0,0,0,0,0,0,1,1,0,0,1,0,1,0,0,0,0,0,1,1,0,0,1,0,1,1,0,1,0,1,0,1,1,0,0,1,1,0,1,1,1,1
1,0,1,1,0,0,1,1,0,0,0,1,1,0,0,0,1,0,0,0,0,1,1,1,0,1,1,1,1,0,1,0,1,0,1,0,0,1,0,0,0,1,1,1,0,1,0,0,0,0,1,0,1,1,0,1,1,0,1,0,0,1,1,0,1,1,1,1,0,1,1,0,1,0,0
1,0,0,1,0,1,0,1,1,1,0,1,0,0,1,1,0,1,1,1,1,1,0,1,1,0,1,0,1,1,1,0,0,0,0,1,0,0,0,1,1,0,0,1,0,1,0,0,0,1,1,0,1,0,1,0,0,0,0,0,1,1,0,0,0,1,1,1,1,1,0,0,1,1,0
0,1,0,1,1,0,0,1,0,1,0,0,0,0,1,1,1,0,0,0,0,0,0,1,0,0,1,1,1,1,1,0,0,0,1,0,1,0,1,1,1,0,1,1,1,0,1,0,1,1,1,0,1,0,0,1,0,0,0,0,0,1,0,0,0,0,1,1,1,1,1,0,0,0,1
1,1,0,1,1,0,1,1,0,1,0,0,1,0,0,0,1,1,0,1,0,1,1,1,0,0,1,0,0,0,0,1,1,1,0,0,0,0,1,0,1,1,0,1,1,0,1,1,0,1,1,0,1,1,0,0,0,0,0,1,0,0,1,1,1,0,0,0,0,1,0,0,0,1,0
1,0,0,0,1,0,0,1,0,1,1,1,0,0,0,1,1,1,1,1,1,1,0,0,1,1,0,1,1,1,1,0,1,0,0,1,1,1,1,1,1,0,0,1,0,1,1,1,1,1,1,1,1,1,0,1,1,1,1,0,1,1,1,0,0,0,0,1,0,1,0,0,1,1,1
1,0,1,0,1,1,0,1,0,0,1,1,0,1,0,0,0,0,1,0,1,1,0,0,1,1,1,0,1,1,0,0,1,0,0,0,1,0,1,0,1,1,1,1,0,1,0,1,1,0,1,0,1,0,1,1,1,1,1,0,1,1,1,0,1,0,0,0,1,1,1,0,0,0,0
1,1,0,0,0,0,0,1,0,1,1,1,0,0,0,1,1,1,1,0,1,1,1,1,0,0,0,0,1,1,0,1,0,0,0,0,0,1,1,0,1,1,0,1,1,0,1,0,0,1,1,1,1,0,1,1,0,0,1,0,1,0,1,0,1,0,0,0,0,1,0,0,0,1,0
0,0,0,1,0,1,0,1,1,0,1,1,0,0,1,1,1,0,0,0,0,1,0,1,0,0,1,1,1,0,0,1,0,0,1,1,0,1,0,1,1,0,0,1,0,1,1,1,0,1,1,1,1,1,0,0,0,0,1,0,0,1,1,0,0,0,1,1,1,1,1,0,1,0,0
1,0,0,0,0,0,1,1,0,0,1,1,0,0,0,1,1,0,1,0,0,1,1,1,0,0,0,1,1,1,1,1,0,0,1,0,0,0,1,0,1,1,0,1,0,1,0,1,0,1,1,1,1,1,0,1,1,0,0,1,1,0,1,1,0,0,0,1,1,1,1,1,1,0,0
1,1,1,0,1,1,0,1,0,1,1,1,0,0,0,0,1,1,0,0,1,1,1,1,1,0,0,0,0,0,0,1,1,0,1,1,0,1,0,0,0,1,1,1,1,0,1,1,0,1,1,0,1,1,0,0,1,1,0,0,0,1,1,0,0,1,0,0,0,1,1,0,1,0,0
1,1,0,1,0,1,0,1,0,1,1,0,0,0,1,1,0,0,0,1,0,1,1,1,0,0,0,0,0,1,1,0,0,0,1,1,0,1,0,1,1,0,0,1,0,1,1,1,0,1,1,1,1,1,1,1,1,1,0,1,0,1,1,0,1,1,1,1,1,1,0,1,1,1,0
1,0,1,0,1,0,0,1,0,1,1,1,0,0,1,0,1,1,1,0,1,1,0,1,0,1,1,1,0,1,1,1,0,0,0,0,0,1,1,0,1,1,0,1,0,0,1,1,0,1,1,1,1,1,0,1,1,1,1,0,0,0,1,1,1,0,0,0,1,1,0,1,0,1,0
0,0,0,0,0,1,0,1,0,1,1,0,1,0,1,0,0,1,0,0,0,0,1,1,1,1,1,1,1,0,1,1,0,0,1,1,0,0,0,1,0,1,0,1,0,1,1,0,0,0,1,1,1,1,1,1,0,0,1,1,0,0,1,0,1,1,1,1,1,1,1,1,1,1,0
1,1,1,0,1,1,0,1,1,1,0,1,1,1,0,0,1,0,0,0,1,1,1,1,1,1,1,1,0,1,1,1,0,0,1,1,0,0,0,1,1,1,1,0,1,1,0,1,1,1,1,0,1,1,0,1,0,1,0,1,1,0,1,0,0,0,1,1,0,1,1,1,0,0,0
1,0,0,1,1,0,0,1,0,0,1,1,0,1,0,0,1,0,1,1,0,1,0,1,0,1,0,1,0,1,1,0,0,0,0,0,0,1,0,1,1,1,0,1,0,1,1,1,1,1,1,1,1,1,1,1,1,1,1,1,0,0,1,1,0,1,0,1,0,1,0,1,0,1,0
1,0,0,0,1,0,0,0,0,1,0,1,0,1,0,1,1,0,0,0,0,1,1,1,0,0,0,1,1,1,1,0,1,0,1,0,0,0,1,0,1,0,0,1,1,0,0,0,1,1,1,0,1,0,1,1,0,1,0,0,1,1,1,0,0,1,1,0,1,1,0,1,0,1,0
1,1,1,1,1,0,1,1,1,0,1,1,1,0,0,0,0,0,0,0,1,1,1,1,0,1,1,1,0,1,1,0,0,1,0,0,1,0,1,0,1,0,0,1,1,0,0,0,0,0,1,0,1,1,0,1,0,1,1,1,0,0,1,0,1,0,0,0,1,1,1,1,0,0,0
1,0,1,1,0,1,0,0,0,1,0,1,1,1,0,0,1,1,0,0,0,1,1,1,0,0,1,0,1,0,0,1,1,0,0,0,1,0,1,0,1,0,0,1,1,0,1,1,1,1,1,1,1,0,0,1,1,0,0,1,1,0,1,0,0,1,1,1,1,1,0,0,0,1,1
1,1,1,0,1,0,0,1,1,0,1,0,0,1,0,0,1,0,0,0,0,1,1,1,0,1,1,1,1,1,0,0,1,0,1,1,1,0,0,1,1,0,0,1,1,0,1,0,1,1,1,0,1,1,0,1,1,0,0,0,1,1,0,0,0,1,0,1,1,1,0,1,0,0,1
1,0,1,0,0,0,0,0,0,1,0,1,0,0,0,1,0,1,0,1,0,0,0,1,0,1,1,1,0,0,1,0,0,1,0,1,1,1,0,1,1,1,0,1,1,0,0,0,0,1,1,1,1,0,1,1,0,1,1,0,0,0,1,0,1,1,1,1,1,1,0,0,1,1,1
1,0,0,1,0,0,1,1,0,1,0,1,0,0,1,1,0,1,0,0,1,0,1,1,1,1,1,1,0,0,0,0,0,0,1,1,1,1,0,1,0,0,0,1,1,1,1,0,1,0,1,0,1,0,1,0,0,0,1,0,0,1,1,0,0,1,0,0,0,1,0,0,0,0,0
1,0,1,0,0,1,0,1,0,0,0,0,1,1,1,0,0,0,0,0,1,1,0,1,0,1,0,0,1,1,0,1,1,1,1,0,1,1,1,0,1,1,1,1,0,1,0,1,0,0,1,1,1,1,1,1,0,1,1,0,0,1,1,0,1,0,1,1,1,1,1,0,0,0,0
1,1,1,0,0,0,0,1,0,1,1,0,0,0,0,0,1,1,1,0,0,1,0,1,0,0,0,0,0,0,0,0,0,1,0,1,1,1,1,1,1,0,0,1,0,1,1,0,0,1,0,1,1,0,0,1,1,0,1,0,0,0,1,0,0,0,0,0,1,1,0,0,1,1,0
1,0,1,1,1,0,0,1,0,0,1,1,1,0,1,0,1,1,1,0,1,1,0,1,0,1,0,1,1,1,1,0,0,0,0,0,1,0,1,0,1,1,1,1,0,1,0,0,0,0,1,1,1,0,1,0,0,1,0,1,1,1,0,0,1,0,0,1,1,1,1,0,0,0,0
1,0,0,1,0,1,0,1,0,0,1,1,0,0,0,1,1,0,1,0,1,1,1,1,0,1,1,1,1,0,0,0,1,0,1,0,0,0,1,0,1,0,1,1,1,1,1,1,0,1,1,0,1,1,0,1,1,0,0,0,0,0,1,1,1,0,0,0,1,1,1,0,1,0,0
0,1,1,0,0,1,0,1,0,1,0,1,0,0,0,0,1,1,1,0,0,1,0,1,1,0,1,0,1,0,1,0,1,0,0,1,1,1,0,1,1,1,0,1,1,0,0,1,1,0,1,1,1,1,0,1,1,0,1,1,1,1,0,0,0,0,1,1,0,0,0,0,0,1,0
1,0,0,0,1,1,1,1,0,1,0,1,0,1,0,0,1,0,0,0,0,1,1,1,0,1,0,0,1,0,0,0,1,0,0,0,0,1,0,1,1,0,0,1,1,0,0,0,0,1,0,0,1,0,0,1,0,1,1,0,0,0,1,0,0,0,1,0,1,1,1,0,0,1,0
1,1,0,0,1,1,0,1,0,1,0,1,0,0,0,1,0,0,0,0,0,0,0,0,1,1,1,1,1,1,1,1,1,0,0,1,1,0,0,1,1,0,0,1,1,1,0,1,1,1,1,0,1,0,1,1,1,1,1,0,0,1,1,0,0,0,0,1,1,1,0,0,0,1,0
1,0,1,1,1,0,0,1,0,0,1,1,0,0,0,1,1,1,1,0,0,1,0,0,1,0,0,0,0,0,1,0,1,1,1,0,0,0,0,0,1,1,0,1,0,1,0,1,0,0,1,1,1,0,1,1,1,1,1,1,1,1,1,0,1,0,0,1,1,1,0,1,0,0,0
0,1,0,0,0,0,1,1,0,1,0,1,0,0,1,0,0,1,1,0,1,1,1,1,1,1,0,1,0,1,1,0,0,1,1,1,1,1,0,1,0,0,1,1,0,1,0,1,0,1,1,1,1,1,0,1,1,0,1,1,0,1,1,1,1,0,1,1,1,0,1,1,0,1,0
1,0,1,0,0,1,0,1,0,0,0,1,0,1,0,0,0,0,0,0,0,1,0,1,0,1,0,0,1,1,1,1,1,1,1,1,0,1,0,1,0,1,1,1,1,1,0,0,0,1,0,0,1,0,0,1,0,1,1,1,0,1,1,1,0,0,0,1,0,1,1,1,1,1,0
0,0,0,0,0,0,0,1,0,1,1,1,0,0,1,0,1,0,0,1,1,1,0,1,1,0,1,1,0,1,0,1,0,0,1,1,0,0,0,1,1,1,0,1,1,1,0,1,0,1,1,1,1,1,0,1,1,1,0,0,0,0,1,1,1,0,0,0,1,1,0,1,0,1,0
0,0,1,1,1,0,0,0,1,1,0,1,1,0,1,1,1,1,0,1,0,1,1,1,0,1,1,1,0,0,1,0,0,0,0,0,0,1,1,0,1,0,1,1,0,0,1,1,0,0,1,0,1,1,0,0,0,0,0,0,1,1,1,0,1,1,0,0,0,0,1,0,1,1,0
1,0,1,1,1,0,1,1,1,1,1,1,0,1,0,1,1,0,1,0,1,0,1,1,1,0,1,1,0,1,1,0,0,1,0,1,1,0,1,1,1,0,1,1,1,1,0,0,0,1,0,0,1,1,1,1,0,0,1,1,1,1,0,0,0,0,1,1,1,1,1,1,1,1,0
0,1,0,1,1,0,0,1,0,0,0,1,1,0,1,0,1,0,0,0,0,1,1,1,0,1,0,0,0,0,1,0,0,0,1,0,0,1,0,0,0,0,0,1,1,1,0,0,1,1,1,1,0,0,0,0,0,1,1,1,0,0,1,0,1,0,1,0,1,1,1,0,1,1,1
0,1,1,1,0,0,0,1,0,1,0,1,0,0,0,1,0,1,0,0,1,1,1,1,0,1,1,0,1,1,1,0,1,1,0,0,0,0,0,1,0,0,0,1,1,0,1,0,0,1,1,1,1,0,1,0,0,1,0,1,1,0,0,1,1,0,0,0,1,1,0,0,1,1,0
0,0,0,0,0,1,1,1,1,1,0,0,0,0,1,1,0,0,0,0,1,1,1,1,1,0,0,0,0,1,1,0,0,0,0,1,0,1,1,0,0,1,0,1,1,1,1,0,0,1,1,0,1,1,0,0,1,0,1,0,0,1,1,0,1,0,0,1,0,1,0,1,1,1,0
1,0,0,0,1,1,1,1,0,1,1,1,1,0,1,1,1,1,0,0,0,1,1,1,0,1,0,0,1,1,1,0,1,0,1,1,1,0,0,1,1,0,0,1,1,1,1,0,1,0,1,0,1,1,0,0,0,1,1,0,1,0,1,0,0,1,0,0,0,1,1,1,0,1,0
1,0,1,1,0,1,0,1,0,0,0,0,0,1,0,1,1,1,0,0,0,1,0,1,0,0,0,1,1,1,0,1,1,0,1,0,0,1,0,0,1,1,1,1,1,1,1,0,0,1,1,1,1,1,0,1,0,1,0,0,0,0,1,0,1,0,1,0,1,1,1,0,0,0,0
1,0,1,0,1,1,0,0,0,1,0,1,1,0,1,0,0,0,1,1,0,0,1,1,0,0,1,0,0,1,1,1,1,0,1,1,0,0,0,1,1,1,1,1,0,0,0,0,0,0,1,0,1,0,1,1,0,0,1,0,1,0,1,0,0,0,1,1,0,1,1,0,1,1,0
0,1,0,1,1,0,1,1,1,1,1,0,1,0,0,1,1,0,0,0,0,1,1,1,0,0,1,0,0,0,0,1,1,0,0,0,1,0,1,0,1,1,0,1,0,1,1,0,1,1,1,0,1,0,0,0,0,0,0,1,1,1,0,0,0,0,0,1,1,1,0,1,1,1,1
1,0,0,1,0,0,1,1,0,1,1,0,1,0,1,1,1,0,0,0,0,1,1,1,0,0,1,0,1,0,1,1,1,0,0,1,1,0,0,1,0,0,1,1,0,1,0,0,0,0,0,1,1,1,0,1,0,1,1,1,0,0,1,0,1,0,0,0,1,1,1,1,0,0,0
1,0,1,1,1,1,0,1,0,0,1,0,0,0,0,1,1,0,1,0,1,1,0,1,0,0,1,0,1,0,1,1,1,0,0,1,1,0,0,1,1,0,0,1,1,0,0,0,0,1,0,1,0,0,1,1,0,1,0,1,0,0,1,1,1,0,1,0,1,1,0,0,0,1,0
1,0,1,1,0,0,0,1,1,0,0,0,0,0,1,0,1,0,0,0,0,0,0,0,1,1,1,1,1,1,0,0,1,1,1,1,0,0,1,1,1,0,0,0,1,0,0,0,0,1,1,1,1,0,0,1,0,0,0,0,0,0,1,0,1,1,1,0,1,1,0,1,1,0,0
1,0,1,1,1,0,0,1,0,1,1,1,0,0,0,1,1,0,0,0,0,1,1,1,1,1,1,0,1,1,0,1,1,0,0,1,0,1,0,1,1,0,1,1,0,1,0,0,0,1,1,0,1,1,1,1,0,1,0,1,0,1,0,0,1,0,0,1,1,1,1,1,0,1,0
1,0,1,1,1,0,0,1,0,0,0,0,1,1,1,1,0,0,1,1,0,1,0,0,0,0,0,0,0,0,0,0,0,0,0,1,0,0,0,1,1,0,1,1,1,0,0,0,0,1,1,1,0,1,0,1,1,1,1,1,1,1,0,0,1,0,1,0,1,1,1,0,0,0,0
0,1,1,0,0,0,0,1,0,1,1,0,0,0,0,0,1,0,1,0,1,1,0,0,0,1,1,0,1,0,0,1,1,1,0,0,1,0,1,0,1,1,0,1,1,0,0,1,0,1,1,1,1,0,1,1,1,1,1,0,0,0,1,0,0,0,0,1,0,0,1,0,0,1,0
1,0,0,0,0,0,0,1,1,1,0,0,0,0,0,1,1,0,1,1,1,1,1,1,0,0,1,0,1,1,1,0,1,0,1,1,0,1,1,1,1,0,0,1,0,1,1,1,0,1,1,1,1,0,1,0,1,0,0,0,0,1,1,1,1,0,0,1,0,1,0,1,1,1,0
1,0,0,0,1,1,0,1,0,1,1,0,0,0,0,0,0,0,0,1,0,1,1,1,1,1,0,1,1,1,1,1,1,1,1,0,0,1,0,0,1,0,0,1,0,0,1,0,0,1,1,0,1,0,1,1,0,0,0,0,0,1,1,0,1,1,1,0,1,1,0,1,1,1,0
1,0,0,0,1,1,0,1,1,0,0,1,0,0,0,0,1,0,1,1,0,1,0,0,0,1,0,0,1,0,1,1,1,0,0,0,1,1,0,0,1,1,0,1,0,1,0,1,1,1,1,1,1,1,0,1,1,0,1,1,1,0,1,1,1,1,1,0,0,1,1,1,1,1,0
0,1,0,1,0,1,1,1,1,1,1,0,0,0,0,1,1,0,0,0,0,1,1,1,0,0,0,1,1,0,1,0,1,0,1,0,0,1,1,0,1,0,0,1,1,1,1,0,1,1,1,0,1,1,0,0,0,0,1,0,0,1,1,0,1,0,0,1,0,0,0,1,0,0,0
0,1,1,0,1,0,0,1,0,0,1,1,1,0,0,1,1,1,1,0,0,1,0,1,0,0,1,0,0,0,1,0,1,0,1,0,1,1,0,1,0,0,0,1,0,1,1,0,0,0,1,1,1,1,0,1,0,1,1,0,1,1,1,0,0,1,0,1,0,0,1,0,0,1,1
1,0,1,0,1,0,1,1,0,1,1,0,1,0,0,0,1,0,1,0,1,1,1,1,0,0,1,0,0,0,0,1,1,1,1,0,0,0,1,0,1,1,0,1,1,0,0,1,0,1,1,0,1,1,0,1,1,1,0,0,0,0,1,0,1,1,0,0,1,1,0,1,1,1,1
0,1,1,0,1,0,0,1,0,1,1,0,0,0,0,0,1,1,0,0,0,1,0,1,0,0,0,1,0,0,0,1,0,0,1,1,0,0,0,1,0,1,0,0,1,0,1,1,0,0,1,0,1,0,1,1,0,1,1,0,0,1,0,0,1,0,0,0,0,1,0,0,1,0,0
1,0,0,0,1,0,0,1,0,0,1,1,0,0,0,1,1,1,1,1,0,0,0,1,0,0,1,1,1,0,1,1,1,0,0,0,0,1,0,0,1,0,1,1,0,1,0,1,1,0,1,1,1,1,0,0,1,0,1,1,1,1,1,0,0,0,0,1,1,1,1,1,0,1,1
1,0,0,0,1,0,0,0,0,1,0,1,0,0,1,1,1,1,1,1,1,1,0,1,0,0,1,1,1,0,1,1,0,0,1,1,1,1,1,1,1,0,0,1,0,1,1,0,0,0,1,1,1,1,0,1,0,1,0,0,1,0,1,0,0,1,0,0,1,1,0,1,0,0,1
1,0,1,1,1,0,0,1,1,0,0,1,0,0,0,0,1,0,0,1,0,1,0,0,0,1,1,0,1,1,1,0,1,0,1,1,1,0,1,0,1,1,1,1,0,0,0,1,1,0,1,1,1,0,0,0,1,1,1,1,0,1,1,1,0,1,1,0,0,1,1,0,0,0,0
1,0,0,0,0,1,0,1,0,1,0,0,1,0,0,0,1,0,1,0,1,1,0,0,1,0,1,1,1,0,1,0,1,0,0,0,0,1,1,0,1,1,0,1,0,0,0,0,0,0,1,0,1,0,0,1,1,0,1,0,0,1,1,0,1,0,1,1,0,0,0,0,1,1,0
1,0,1,1,0,1,0,0,0,0,0,1,0,0,0,1,1,0,1,0,1,1,0,1,1,0,1,1,1,1,1,1,1,0,1,0,0,0,1,0,1,1,0,1,0,1,0,0,1,0,1,1,1,0,1,1,0,1,0,0,1,1,1,1,1,1,0,1,1,1,0,0,1,1,0
0,1,1,0,1,1,0,1,1,1,0,0,1,1,0,0,1,1,1,0,0,0,0,1,0,1,0,0,0,0,1,1,0,0,0,1,0,1,0,0,0,1,0,1,1,1,1,0,0,1,1,1,1,1,0,1,0,0,0,1,0,1,0,0,1,0,1,1,0,0,1,0,1,1,1
1,1,1,1,0,0,0,1,0,0,1,1,1,1,0,0,0,1,1,0,0,1,1,1,0,0,0,1,0,0,1,1,1,1,1,0,1,1,1,0,1,1,0,1,0,1,0,0,0,1,1,1,1,0,0,1,0,1,1,0,1,1,1,0,1,0,0,0,1,1,0,0,0,1,0
0,0,0,0,1,1,0,1,0,1,1,0,1,0,1,1,1,1,1,1,1,1,1,1,0,0,1,0,1,0,1,1,0,1,1,1,1,0,0,0,1,1,0,1,0,1,0,1,0,0,1,0,1,1,0,1,1,1,1,0,0,1,1,1,0,0,0,0,0,0,0,1,0,1,0
1,0,0,1,1,1,1,1,1,0,0,1,1,0,1,0,1,1,0,0,0,1,1,1,0,1,0,0,0,1,0,0,0,0,1,1,0,0,0,0,1,1,0,1,1,1,1,1,1,0,1,0,1,0,1,1,1,1,0,1,0,1,1,1,1,0,1,0,0,1,0,1,0,1,0
1,1,1,0,1,0,0,1,1,0,1,1,1,0,1,0,1,1,0,0,0,1,0,0,0,0,1,1,1,1,0,0,0,0,1,0,1,1,0,0,1,1,1,1,1,0,0,0,1,1,1,1,1,1,1,1,0,1,0,1,0,1,0,0,1,0,1,0,0,1,1,1,0,0,0
1,1,1,0,1,0,0,1,0,1,0,0,0,0,0,0,1,0,1,1,1,0,0,0,0,0,1,0,1,1,1,1,0,0,1,1,1,0,0,1,1,0,1,1,1,0,1,0,1,1,0,0,1,1,0,1,0,1,0,1,0,0,1,0,1,0,0,0,0,1,1,1,0,1,0
1,1,1,1,0,0,0,1,1,1,1,1,0,0,0,1,0,0,1,0,0,1,0,1,1,1,0,0,1,0,0,1,1,1,1,0,0,0,0,1,1,1,1,1,0,1,0,1,1,1,1,1,1,1,0,1,1,0,0,0,0,1,0,1,1,0,1,1,1,1,0,1,0,0,0
0,0,1,0,1,0,0,1,0,1,0,1,1,0,0,0,0,1,1,0,0,1,0,0,0,0,1,1,0,0,1,1,0,0,1,0,0,1,0,0,1,1,1,1,1,0,1,1,0,1,1,1,1,1,1,1,1,0,1,0,1,1,1,0,1,0,1,1,1,1,0,0,1,1,0
0,0,1,1,0,0,0,1,1,1,0,1,0,0,0,0,1,1,1,0,1,1,0,1,0,0,0,0,1,1,1,0,1,0,1,0,1,1,1,0,1,1,0,1,0,1,1,0,1,1,1,1,1,1,0,0,1,1,0,1,1,1,1,0,0,1,1,1,0,0,0,0,0,0,0
1,0,0,0,1,0,0,0,0,1,0,1,0,0,0,0,1,1,0,1,0,1,0,0,0,0,0,0,0,0,0,0,0,0,0,1,1,0,0,1,1,0,1,1,1,1,1,1,0,0,1,0,1,0,0,1,1,1,1,0,1,1,1,0,1,1,0,0,1,1,1,0,1,1,1
1,0,1,1,1,1,0,1,0,1,1,1,0,0,0,1,1,1,0,0,1,1,0,1,1,0,1,1,1,1,1,0,1,0,1,1,0,0,1,1,1,1,0,1,1,1,0,0,1,1,0,1,1,1,0,1,1,0,0,0,0,1,1,0,1,0,1,0,1,1,1,0,0,0,1
1,0,0,0,1,0,0,1,0,1,0,1,1,0,1,1,1,1,0,0,1,0,0,1,1,1,1,1,0,1,1,0,0,0,1,1,1,1,0,1,1,0,0,0,0,1,1,0,1,0,0,1,1,1,0,0,1,1,1,1,1,1,0,0,0,0,0,0,0,1,0,1,0,1,1
1,0,0,1,1,0,0,1,0,0,0,0,1,0,1,0,0,0,0,0,1,0,0,1,0,0,1,0,1,1,1,0,1,0,1,1,1,1,0,1,0,0,0,1,1,1,0,0,1,0,1,1,1,1,1,1,0,1,0,0,0,0,1,0,1,0,1,1,1,1,1,0,0,1,0
1,0,1,1,1,1,0,1,1,0,0,1,0,0,0,1,0,0,1,1,1,1,0,1,0,1,0,1,0,1,1,0,0,0,0,1,1,1,0,1,1,0,0,1,1,0,1,0,0,1,1,1,1,1,0,1,0,1,0,0,0,1,0,1,1,0,1,1,1,1,0,1,0,1,1
1,1,1,1,1,0,0,1,0,0,0,0,0,0,0,0,0,1,0,0,1,0,0,0,0,0,0,1,0,0,1,0,1,1,0,1,1,1,0,1,1,0,0,1,0,1,1,0,0,0,1,1,0,1,0,0,0,0,0,1,0,1,0,0,1,0,0,1,1,1,0,0,0,1,1
1,0,0,0,0,0,0,1,1,1,1,1,0,0,0,1,1,0,0,0,0,1,0,1,0,0,1,1,1,1,1,1,0,0,1,0,0,1,1,0,1,1,0,1,0,0,0,0,0,1,1,1,1,0,1,1,0,0,1,0,0,0,1,0,1,1,0,0,1,0,0,1,1,1,0
1,1,1,0,1,1,0,1,1,1,0,1,0,0,0,0,1,1,1,1,1,1,0,1,0,0,1,0,0,1,1,0,1,0,0,1,1,0,1,1,1,0,0,1,0,1,1,1,0,1,1,1,0,0,0,0,1,0,1,1,1,1,1,0,1,0,1,0,1,1,0,0,0,1,0
0,0,1,0,1,0,0,1,1,0,0,1,0,0,1,1,0,0,0,1,0,1,0,0,0,0,0,1,1,1,1,1,1,0,0,1,1,1,0,0,0,0,1,1,1,0,0,0,0,1,1,1,1,1,0,0,0,0,0,0,1,0,1,1,1,0,1,0,1,1,0,1,0,1,0
0,0,1,0,0,0,0,1,0,0,0,1,1,0,1,0,0,1,1,0,1,1,0,1,0,0,0,1,0,0,0,0,0,0,1,1,0,0,0,1,1,1,1,1,1,1,1,0,1,0,0,0,1,1,0,0,0,0,1,0,1,1,1,0,1,0,0,0,0,1,0,0,0,0,0
1,0,0,1,0,0,1,1,0,0,0,0,0,0,0,1,1,1,1,1,1,1,1,1,0,0,1,1,1,0,1,1,1,0,0,1,1,0,1,1,1,0,1,1,1,0,1,0,1,0,1,0,1,1,0,1,0,1,0,0,0,0,1,1,1,0,0,1,1,1,0,0,0,1,0
1,1,1,0,0,1,0,1,0,1,1,1,1,0,0,1,1,1,0,0,0,0,0,1,1,1,1,1,0,0,0,1,1,0,0,1,0,0,1,1,1,0,1,1,1,0,1,0,0,0,0,1,1,1,1,1,1,1,1,1,1,1,1,0,1,0,0,1,1,0,1,0,0,1,0
1,0,1,1,0,1,0,1,1,1,0,1,0,0,1,0,1,1,1,1,1,1,0,0,0,1,1,0,0,1,0,0,0,1,1,0,0,1,1,0,1,1,0,1,0,1,0,1,1,0,1,1,1,1,1,1,1,1,1,0,0,1,1,0,1,0,0,0,1,1,0,1,0,1,0
1,0,0,1,0,1,0,1,1,0,0,1,1,0,1,1,1,1,0,0,1,0,1,1,1,0,1,1,1,0,1,0,1,0,0,1,0,1,1,1,1,0,0,1,0,1,0,0,1,0,1,1,1,1,0,1,0,1,1,0,1,1,1,0,1,0,0,0,0,1,0,0,0,1,1
1,1,1,1,1,1,0,1,1,0,1,1,0,0,0,1,1,0,0,0,0,1,1,1,0,1,1,1,1,1,0,1,1,0,0,0,0,0,0,0,1,0,0,1,0,0,0,0,1,1,1,1,0,1,1,1,0,1,1,1,0,1,1,1,1,0,1,0,1,1,0,1,1,0,0
1,0,0,1,1,0,0,1,0,0,0,0,0,1,0,1,1,1,0,0,0,1,0,1,1,1,1,0,1,1,1,1,1,0,1,0,1,0,1,0,1,0,0,1,0,1,1,0,1,0,1,1,1,0,1,0,0,0,1,0,0,0,1,0,1,1,0,0,0,1,0,0,1,0,0
1,0,0,1,0,0,1,1,0,1,0,1,1,1,1,0,0,0,0,1,0,1,0,0,0,0,1,1,1,1,1,1,0,1,0,0,1,1,1,0,1,0,0,1,0,1,0,0,0,1,1,1,1,0,1,1,1,0,0,0,0,0,0,0,1,0,0,0,1,1,0,0,1,1,0
1,0,0,0,1,0,0,1,0,0,0,1,0,0,0,1,1,0,0,0,0,1,1,1,0,0,0,0,0,0,0,1,0,0,1,0,1,0,1,1,1,0,0,1,1,1,0,0,0,0,1,0,1,0,1,0,0,1,1,0,0,1,1,0,0,0,1,1,1,1,0,1,1,1,0
1,0,1,1,1,0,0,1,0,1,0,0,1,0,1,1,0,1,0,0,0,1,0,0,0,0,1,1,1,0,1,1,1,0,1,1,0,1,0,0,1,1,0,1,0,1,0,1,0,0,1,1,1,1,0,1,1,1,0,1,0,0,1,0,1,0,1,0,0,1,0,0,1,0,1
1,0,1,1,1,0,0,1,0,1,1,0,0,0,1,1,1,0,0,1,0,1,0,1,1,0,1,0,1,0,1,1,1,1,1,1,0,0,0,0,0,1,1,1,0,0,0,0,1,1,1,0,1,1,1,1,1,1,0,0,0,0,1,1,1,0,1,0,0,1,0,0,0,0,0
1,0,0,0,1,0,0,1,0,0,1,1,0,0,0,0,1,1,0,0,0,0,1,1,1,1,0,0,0,1,1,1,1,0,1,0,1,1,1,0,1,1,0,1,0,1,1,0,0,1,1,0,1,0,0,1,1,0,1,0,1,1,0,0,1,0,0,0,0,1,0,0,1,1,0
1,0,0,1,0,0,0,0,0,1,0,0,0,0,0,1,1,0,1,0,1,0,0,0,1,1,0,0,0,0,1,1,1,1,0,0,0,0,1,1,1,1,1,1,1,0,0,0,1,0,1,1,1,0,1,1,0,1,0,0,0,1,0,0,0,1,1,1,0,1,1,0,0,1,1
1,0,0,0,1,1,0,1,0,1,0,1,1,0,1,0,1,1,1,0,1,1,0,1,0,1,1,0,0,1,0,1,0,0,1,0,1,1,1,0,1,1,0,1,0,1,0,0,1,0,0,1,1,1,0,0,0,1,1,1,1,0,1,0,1,0,0,0,0,0,0,1,0,1,0
1,0,0,0,0,0,0,1,1,0,1,1,0,0,0,1,1,0,0,0,1,1,0,0,1,0,1,1,1,1,0,1,1,0,0,0,1,0,0,1,0,0,1,1,0,1,0,0,1,1,1,1,1,0,1,1,0,1,1,0,1,1,1,0,0,0,0,1,1,1,0,1,0,1,1
1,0,0,1,0,1,1,1,0,1,1,1,0,0,1,0,1,1,1,0,1,1,1,1,0,1,0,1,1,1,1,0,1,0,0,1,1,1,0,1,0,1,0,1,0,0,1,1,1,0,1,1,1,0,0,0,0,1,0,1,1,0,0,1,0,1,1,1,0,1,0,1,1,1,0
1,0,0,1,1,0,0,1,0,1,1,1,1,0,1,1,1,1,0,1,1,1,0,1,0,1,1,1,1,0,1,1,1,1,1,1,1,0,0,1,0,0,1,1,0,1,0,1,1,0,1,1,1,0,1,1,0,1,0,0,1,1,1,1,0,1,1,1,1,1,0,1,0,0,0
1,0,0,0,1,0,1,1,1,1,1,0,0,0,1,1,1,0,0,0,1,1,1,1,0,1,1,0,1,1,1,0,1,0,0,0,1,1,1,0,0,0,0,1,0,1,1,1,1,0,1,0,1,0,1,0,1,0,1,1,0,1,0,1,0,0,1,1,0,1,0,0,1,1,1
0,1,1,1,0,1,0,0,1,0,0,0,0,0,0,1,1,0,0,0,0,1,0,1,1,0,0,1,0,1,1,1,0,0,1,0,1,0,1,0,1,1,0,1,1,0,0,0,0,0,1,1,1,0,1,0,1,0,0,0,0,1,0,0,1,1,0,0,1,0,1,0,1,0,0
0,0,0,0,0,1,0,1,0,1,0,0,0,1,0,0,1,0,1,0,1,1,0,1,0,1,0,0,0,1,0,0,1,0,0,0,1,0,1,0,1,0,0,1,1,0,0,0,0,1,1,1,1,0,0,1,1,0,1,0,0,0,1,1,1,0,0,1,1,1,0,1,1,1,0
1,1,1,1,0,1,0,1,0,1,1,1,1,0,0,0,0,1,0,0,0,1,0,0,1,1,1,1,0,0,1,0,0,0,0,0,1,1,1,0,0,1,0,1,0,1,0,0,0,0,1,1,1,0,0,1,0,1,0,1,0,0,0,0,1,0,0,1,0,1,1,0,0,1,0
1,1,1,0,1,0,0,1,0,1,0,0,0,0,1,0,1,0,1,0,1,1,0,1,0,1,1,0,0,1,1,1,0,0,0,0,1,0,1,0,1,0,0,1,0,0,0,0,0,1,1,1,1,0,0,1,0,1,1,0,0,0,1,1,0,1,0,1,1,1,0,1,0,1,1
1,1,1,0,1,1,0,0,0,1,0,0,0,0,0,0,1,0,1,0,0,1,0,1,1,1,1,0,1,0,1,0,1,0,1,1,0,0,0,1,1,0,1,1,1,0,0,0,1,0,1,1,1,1,0,1,1,1,1,1,0,1,1,0,0,1,1,1,0,1,1,1,0,1,0
1,1,0,0,0,1,0,0,0,0,0,1,0,0,0,0,0,0,0,0,0,1,0,0,1,1,1,0,0,1,1,1,0,0,0,1,1,1,0,1,0,1,0,1,1,0,0,0,0,1,1,1,1,1,0,1,0,1,1,1,0,0,1,1,1,1,1,0,0,1,0,1,0,1,1
1,0,1,1,1,0,0,1,0,1,1,1,0,0,0,1,0,1,1,1,1,1,0,1,0,1,1,1,1,0,0,1,1,0,1,0,0,1,1,0,1,0,0,1,0,0,1,1,1,1,0,0,1,0,1,1,1,0,0,0,0,0,1,0,0,1,0,1,1,1,1,0,1,0,0
1,1,0,1,0,1,0,1,1,1,1,1,0,1,1,1,0,0,0,0,1,0,0,1,0,1,1,0,0,1,0,0,0,0,1,1,0,1,0,1,0,0,0,1,0,1,0,0,0,0,0,1,1,1,0,1,0,0,0,0,0,0,1,0,1,0,0,0,1,1,0,0,0,1,0
1,1,0,1,1,0,1,1,0,0,0,0,1,0,0,0,0,1,0,0,0,1,0,1,0,0,1,1,1,0,0,0,1,0,0,0,1,0,1,0,1,1,0,1,1,1,1,0,0,0,1,0,1,1,0,1,0,0,0,0,0,1,0,0,1,0,0,0,0,1,1,0,0,1,0
1,1,1,1,0,0,0,1,0,1,1,0,1,0,0,0,1,1,0,0,0,1,1,1,0,0,0,1,0,1,1,0,0,0,0,1,0,0,1,0,1,1,0,1,1,0,1,1,0,0,1,0,0,1,0,0,0,0,0,0,0,0,0,0,1,0,1,1,1,1,0,1,0,1,0
1,0,1,1,0,0,0,1,0,1,0,1,0,1,0,0,0,1,1,1,0,1,1,1,1,1,1,0,1,1,1,0,1,1,1,1,0,0,0,1,1,1,0,1,0,1,0,0,0,1,1,0,1,1,0,1,0,1,1,1,1,0,0,1,0,1,0,1,1,1,0,1,0,1,0
1,1,1,0,1,0,0,1,0,0,0,1,0,0,0,0,1,0,0,1,1,0,0,0,1,0,0,0,0,0,1,0,1,0,1,0,1,1,1,0,0,1,1,1,0,1,1,0,1,1,1,1,1,0,0,1,0,1,1,1,0,1,1,0,0,0,0,1,1,1,1,1,1,1,0
1,1,1,0,0,1,0,1,0,1,1,1,0,0,0,1,1,1,1,0,0,1,0,1,0,1,0,1,0,1,1,1,1,0,0,0,1,0,0,0,0,0,0,1,1,0,1,0,1,0,1,1,1,1,0,1,1,1,0,0,1,0,0,1,1,0,1,0,1,1,0,0,0,0,0
1,0,0,1,1,1,0,1,1,0,0,1,1,0,0,1,0,1,0,0,0,1,0,1,1,0,1,1,0,0,0,0,1,1,1,1,1,0,0,1,0,0,1,1,1,0,1,0,0,1,1,1,1,0,1,0,0,0,0,0,1,0,0,0,0,0,0,1,1,1,1,0,0,1,1
0,1,1,1,0,0,0,0,1,0,0,0,0,0,0,1,1,1,0,0,1,1,0,1,0,0,0,1,0,1,1,0,1,0,0,0,0,0,0,0,0,1,0,1,1,1,0,0,0,0,1,1,1,0,1,1,0,0,0,0,0,1,0,0,0,1,1,1,1,1,0,0,1,1,0
1,0,1,1,0,0,0,1,1,0,0,1,0,0,0,0,1,1,1,0,1,1,0,1,0,0,1,0,1,1,0,1,1,0,1,0,0,1,1,0,1,1,0,1,1,1,0,1,0,1,1,1,1,1,0,1,1,1,0,0,1,0,1,0,1,0,0,1,1,1,0,0,0,1,0
0,0,1,1,1,0,0,0,0,0,0,1,0,1,0,1,1,1,1,1,1,1,0,0,1,0,1,1,1,0,1,1,0,0,0,1,1,1,0,1,1,0,0,1,0,1,0,1,1,1,1,1,1,1,0,0,1,0,1,0,0,0,0,1,0,1,0,1,1,1,1,0,0,1,0
1,0,0,1,0,0,0,0,0,1,0,1,0,0,1,1,1,0,0,0,0,1,1,1,0,1,0,0,0,1,1,1,0,0,0,1,0,0,0,1,0,0,1,1,0,1,0,0,0,1,1,1,1,1,0,1,0,0,0,0,1,0,1,0,1,1,1,0,1,1,0,1,1,1,0
1,0,0,1,1,0,0,1,1,0,1,0,1,0,0,1,0,0,0,0,0,1,0,1,0,0,1,0,0,1,0,0,1,0,1,0,0,0,0,1,1,0,1,1,1,0,1,0,0,1,1,1,1,0,1,0,0,0,0,1,0,1,1,0,1,0,0,0,1,1,1,1,1,1,0
1,0,1,0,1,1,0,1,1,0,1,1,1,0,0,1,1,0,1,0,1,1,1,1,1,0,0,0,1,1,0,0,1,1,0,0,1,0,1,0,1,1,0,1,0,0,1,1,0,0,1,1,1,1,0,0,0,0,1,1,1,0,1,0,1,1,0,1,1,1,1,1,1,1,0
1,0,1,1,0,0,0,1,0,0,0,0,1,0,0,1,0,1,1,0,1,1,1,1,0,1,1,0,0,0,1,1,0,0,0,1,1,1,1,0,1,1,1,1,1,1,0,0,1,1,1,0,1,1,0,1,0,1,0,1,0,0,0,0,1,0,0,0,0,1,1,0,0,1,1
1,0,0,0,0,0,0,0,0,0,0,0,0,0,0,1,0,0,1,1,1,0,0,0,0,0,0,1,0,0,0,1,1,0,0,0,1,1,1,0,1,0,1,1,0,1,1,1,0,1,1,1,1,0,1,1,0,0,1,1,1,0,0,0,0,1,1,0,1,0,1,1,0,1,0
1,0,0,0,1,0,0,1,0,0,0,1,0,0,0,1,1,0,0,1,1,1,0,1,0,1,0,0,1,0,0,1,1,0,0,0,0,1,1,0,1,1,0,1,0,1,0,0,1,1,0,1,1,1,0,1,0,1,1,1,0,1,1,0,1,0,0,1,0,1,0,1,0,1,0
1,1,1,1,1,1,1,1,1,0,1,0,0,1,1,1,0,1,0,1,1,1,1,1,0,0,0,1,0,0,1,0,1,0,0,1,0,1,0,1,1,0,0,1,0,1,1,0,1,0,1,1,1,0,0,0,0,1,1,0,0,1,1,1,1,0,0,0,1,1,0,0,0,1,0
1,0,0,1,0,0,0,1,0,0,1,1,0,0,1,1,1,1,1,0,1,1,1,1,0,0,1,1,0,0,0,0,0,0,1,0,0,0,0,0,0,0,1,1,1,1,1,0,0,0,1,1,1,1,0,1,0,1,0,1,1,1,1,0,1,0,1,0,0,0,1,1,0,1,0
1,0,1,1,0,0,0,0,0,0,0,0,1,0,0,0,1,0,0,0,0,1,1,1,0,0,1,0,1,1,1,1,1,0,1,0,0,1,1,0,1,1,1,1,0,1,0,0,1,1,1,1,1,1,1,1,0,1,0,1,0,0,1,1,1,0,0,0,1,1,1,0,0,1,1
1,0,0,1,1,0,0,1,0,1,0,0,0,0,0,1,1,0,1,1,1,1,0,1,0,0,1,1,1,0,1,1,1,0,1,0,0,1,1,0,1,1,0,1,1,0,0,0,1,1,1,1,0,1,0,1,0,1,0,0,1,0,1,0,1,1,1,0,1,1,1,1,1,1,1
1,0,0,1,0,0,0,1,0,1,0,1,0,0,0,1,1,1,0,0,0,1,1,1,0,1,1,1,1,1,1,0,1,0,1,1,1,0,0,0,0,1,0,1,0,1,0,0,0,1,1,0,1,0,1,1,0,1,0,0,0,1,1,0,1,0,1,0,0,1,0,1,0,1,0
0,1,0,1,1,1,0,1,0,1,1,0,0,0,1,0,0,1,0,0,1,1,0,1,1,1,1,1,0,1,1,1,0,0,1,0,1,1,0,1,0,0,1,1,0,1,0,0,1,0,1,0,1,1,0,1,0,0,0,0,0,0,1,0,1,1,0,0,1,1,0,1,0,0,1
1,0,0,1,1,1,0,1,0,1,1,0,0,0,1,0,0,0,0,0,1,1,0,1,0,1,1,1,0,1,0,0,1,0,0,1,1,0,0,1,1,1,1,1,1,1,1,1,1,1,1,1,1,0,0,1,1,1,0,1,0,0,0,0,1,0,0,1,0,1,1,1,0,1,1
1,0,0,1,1,1,0,0,1,1,0,1,0,1,1,1,1,0,0,0,0,1,0,0,1,0,1,1,0,0,1,0,1,0,0,1,1,0,1,1,1,0,0,1,0,1,0,1,0,1,1,1,1,0,1,1,1,0,1,1,0,1,1,1,1,1,0,0,1,1,0,1,1,1,1
1,0,0,0,1,1,0,1,0,0,0,1,1,0,0,1,1,0,0,1,0,1,0,1,0,1,1,0,1,0,1,0,1,0,0,0,1,1,1,0,0,0,1,1,0,1,0,1,1,1,1,1,1,0,1,1,1,1,1,1,0,0,1,1,1,0,0,1,1,1,1,1,0,1,0
1,0,0,1,0,1,0,1,1,0,0,1,1,0,0,0,1,1,1,0,1,1,0,0,1,0,1,0,0,0,1,0,1,0,1,0,1,0,1,0,1,1,1,1,0,1,0,1,1,0,1,1,1,1,0,1,1,0,1,0,1,0,1,0,0,0,0,1,0,1,0,0,0,0,0
1,1,1,1,1,0,0,1,0,0,0,1,1,0,1,0,0,1,1,0,1,1,1,1,1,1,1,1,0,0,0,0,0,1,0,1,0,1,1,0,1,1,1,1,1,0,0,0,0,0,0,1,1,0,1,1,0,0,0,0,1,0,0,0,0,0,0,1,0,1,1,0,1,1,1
0,0,0,0,0,0,0,1,1,0,0,1,0,0,0,1,1,1,1,0,1,1,0,1,0,0,0,0,1,0,0,1,1,0,1,1,1,1,0,1,1,0,1,1,0,1,0,0,1,1,1,1,1,0,1,0,0,0,0,0,1,0,1,0,0,0,0,0,1,0,1,0,0,0,0
0,1,1,1,1,0,1,1,1,1,1,0,0,0,0,1,0,0,1,0,0,0,1,1,0,0,0,0,0,1,0,1,1,1,0,0,1,1,0,1,1,0,0,1,1,0,0,0,0,1,1,0,1,0,0,0,1,0,0,0,0,0,0,0,1,0,0,0,0,1,0,1,1,1,1
0,0,0,1,0,1,1,1,0,1,0,1,1,0,0,0,0,1,1,0,1,1,1,1,1,1,1,0,1,0,0,1,1,1,0,1,1,0,1,0,1,1,0,1,1,1,1,0,1,1,1,0,1,1,0,1,0,1,0,0,1,1,0,1,0,0,0,1,1,1,1,0,0,1,0
0,1,0,1,0,0,0,1,1,1,1,1,0,0,1,1,0,0,1,0,1,1,1,1,1,1,1,1,0,0,0,0,0,0,0,0,0,0,1,0,0,1,0,1,1,0,0,1,1,1,1,0,0,0,0,0,1,1,1,1,0,1,1,0,0,0,0,1,0,1,0,0,1,0,1
1,0,1,1,1,0,0,0,0,0,0,1,0,0,1,1,1,1,0,0,1,1,0,1,0,1,1,1,0,0,1,1,0,0,0,0,1,0,0,0,1,1,1,1,0,1,0,0,0,1,1,1,1,0,0,1,0,0,0,0,0,1,0,0,0,1,0,0,0,1,1,0,1,1,0
1,0,1,0,0,1,0,1,0,0,1,1,0,0,1,0,1,1,0,1,0,1,0,0,0,0,1,1,0,1,0,0,0,0,0,0,0,1,1,0,1,1,1,1,1,1,1,1,0,1,1,0,1,0,0,0,1,1,0,1,1,1,0,0,1,0,0,0,1,1,1,0,0,0,0
1,1,1,1,1,1,0,1,1,0,1,0,0,0,0,0,1,1,0,0,1,1,1,1,0,0,1,0,1,1,0,1,1,0,1,1,1,0,0,1,1,1,1,1,1,0,0,0,1,0,1,0,1,0,0,0,1,1,1,1,0,1,0,0,1,0,1,1,0,1,1,0,0,0,0
1,0,1,1,1,1,1,1,0,1,0,1,0,1,1,1,1,0,1,1,1,1,1,1,1,0,1,0,0,1,1,1,0,1,1,1,0,1,1,0,1,0,0,1,1,1,1,0,0,1,1,0,0,1,0,1,0,1,0,0,1,0,1,1,1,0,0,1,1,0,0,1,0,1,1
1,1,0,1,0,0,0,1,0,1,0,0,1,1,0,1,1,1,1,0,0,1,0,0,0,0,1,0,1,1,0,1,0,0,1,1,0,1,1,0,0,1,0,1,1,0,1,1,0,0,1,1,1,1,0,1,1,0,1,0,0,0,1,1,1,0,1,1,1,1,1,0,0,1,0
1,0,0,0,0,0,1,1,1,0,1,1,0,0,1,1,1,0,0,0,0,1,0,0,0,0,1,1,0,1,1,1,0,0,0,0,0,0,0,1,0,0,0,1,1,0,1,0,0,1,1,1,1,0,1,0,0,0,0,0,1,1,1,0,1,0,1,0,1,1,0,0,1,1,0
0,0,0,1,0,1,0,1,1,1,1,1,0,0,1,1,1,1,0,0,1,1,0,1,0,0,0,1,0,1,1,0,0,0,1,1,0,1,0,1,0,0,1,1,0,1,1,1,0,1,1,1,1,1,0,0,1,0,0,0,1,1,0,1,1,0,1,1,0,1,1,0,1,1,0
1,1,0,1,1,1,0,1,0,0,0,1,1,0,1,1,1,1,1,0,1,0,0,1,1,1,0,1,1,1,1,1,1,0,0,0,0,1,1,0,0,1,0,1,1,1,0,1,1,0,1,0,1,1,0,1,1,1,0,1,0,1,0,0,1,0,1,1,0,1,0,0,0,1,0
1,0,1,1,1,0,1,1,0,1,1,1,0,0,1,1,1,1,0,0,0,1,1,1,1,0,0,0,0,0,1,1,0,0,0,1,1,1,0,0,0,1,0,1,0,1,1,0,1,1,1,0,1,1,0,0,0,1,0,0,0,0,1,0,1,0,1,0,0,1,0,1,0,1,0
1,1,1,1,1,1,0,1,0,1,0,1,0,1,0,1,1,1,0,0,1,1,1,1,0,1,1,1,0,1,0,1,0,1,0,0,1,0,0,0,0,0,0,1,1,0,1,1,1,1,1,1,1,0,0,0,1,1,0,0,0,1,1,0,1,0,1,1,1,0,0,1,0,1,1
0,0,1,1,0,0,0,1,0,0,1,1,0,0,0,1,1,1,1,1,1,1,0,1,1,1,0,1,1,1,1,1,1,0,0,0,1,0,1,0,1,1,0,1,0,1,0,1,0,0,1,1,1,0,1,1,1,0,0,0,1,0,1,0,0,0,1,1,1,1,0,1,1,1,0
1,0,0,1,1,0,0,1,0,0,0,1,0,0,0,1,1,0,0,0,0,1,0,1,1,1,1,1,1,0,1,1,1,1,1,0,0,1,0,0,0,1,1,1,0,1,1,1,0,1,1,1,1,1,0,0,1,0,0,1,1,0,1,1,0,0,1,1,0,1,1,1,1,1,0
0,0,0,0,0,1,0,1,0,0,1,0,0,0,0,1,1,0,0,1,0,0,0,0,0,1,1,1,1,0,1,1,1,1,1,0,1,0,1,0,1,0,1,1,1,1,0,0,1,1,1,1,1,0,0,1,1,0,1,1,0,1,1,0,1,0,0,1,1,0,1,1,0,1,0
1,0,0,0,1,1,0,1,1,1,1,0,0,0,1,1,1,1,0,0,1,1,0,1,0,0,1,1,0,0,1,1,0,0,1,0,1,0,1,0,1,0,0,1,0,1,0,0,0,0,1,1,1,1,0,1,0,1,1,1,0,1,1,0,0,0,1,0,1,1,0,1,1,1,1
0,0,0,1,0,0,0,1,1,0,1,1,1,0,1,0,1,1,0,0,0,1,0,1,0,1,1,0,0,1,1,0,0,0,1,0,1,0,1,0,1,1,1,1,0,1,1,0,0,0,1,0,1,0,0,0,0,0,0,1,0,1,1,1,0,0,1,0,1,1,1,1,0,1,1
1,0,1,0,0,1,0,0,1,0,0,0,0,1,0,0,1,1,0,0,1,1,1,1,0,1,0,0,1,1,0,1,1,0,1,1,1,1,0,1,1,1,0,1,0,1,1,1,0,1,0,1,1,1,0,0,1,0,0,0,0,1,1,0,1,1,1,1,1,1,0,0,1,1,0
1,1,1,1,1,0,0,1,0,0,0,0,0,0,0,0,1,0,0,1,0,1,1,1,1,0,1,0,1,1,1,1,0,0,0,0,1,0,1,0,1,1,1,1,1,1,0,1,0,1,1,0,1,0,0,1,0,1,0,1,0,0,0,0,1,0,1,1,1,1,1,1,1,1,0
1,1,0,1,1,0,1,1,1,0,1,1,0,0,0,1,0,0,0,0,1,1,0,1,1,0,1,1,0,0,1,1,1,0,0,0,1,0,0,0,1,1,0,1,0,1,1,0,0,1,1,1,1,1,0,0,1,0,0,1,0,0,1,1,1,0,0,1,1,1,1,1,0,1,0
1,1,1,0,1,0,0,1,1,0,0,1,0,1,0,1,1,1,0,1,0,1,0,1,0,1,1,0,1,1,0,0,1,0,1,0,1,0,1,0,1,0,0,1,0,1,1,1,0,1,0,1,1,0,1,0,1,1,0,0,1,1,1,0,1,0,0,0,1,1,0,0,1,1,0
0,0,0,1,1,0,0,1,0,1,0,0,0,0,0,0,1,0,0,0,0,0,0,1,0,1,1,0,1,0,0,0,1,0,0,1,0,1,0,1,1,0,1,1,1,0,0,1,0,1,1,1,1,0,0,0,1,1,1,0,0,0,1,0,1,0,0,0,1,1,0,0,0,0,0
1,1,1,1,1,0,0,1,0,1,0,0,1,0,0,0,1,1,1,0,1,1,0,0,1,1,1,1,1,1,0,0,1,1,0,1,0,0,1,1,1,1,0,1,1,1,1,1,0,0,1,1,1,0,0,0,1,0,1,0,0,1,1,0,1,0,1,0,0,1,0,0,1,1,1
0,0,0,0,1,1,0,0,0,0,0,1,1,0,0,0,1,1,1,0,0,1,0,1,0,0,1,0,1,0,0,1,0,0,1,0,0,0,0,0,1,0,1,1,0,1,1,0,0,1,0,1,1,0,0,1,0,0,0,0,1,1,1,0,0,0,1,0,1,1,1,0,0,1,1
0,0,0,0,1,1,0,0,0,0,0,1,0,1,1,1,1,0,0,0,0,1,0,1,0,0,1,1,0,0,1,1,0,0,1,1,0,0,0,1,0,0,1,1,0,0,0,0,0,1,1,1,1,1,0,0,0,1,0,1,1,1,0,0,1,1,0,0,0,0,1,0,1,0,0
0,0,0,1,1,0,0,1,1,0,1,0,1,0,0,1,0,1,0,0,1,1,1,1,0,0,1,0,1,1,1,0,1,0,1,1,1,1,1,1,1,1,0,1,1,1,1,0,1,0,1,0,0,0,1,0,0,0,1,1,0,1,1,1,1,0,1,1,0,1,0,0,1,0,0
0,0,0,0,0,1,0,0,1,0,0,1,0,0,0,0,1,0,0,0,1,1,0,1,0,0,1,0,1,1,0,1,1,0,0,1,1,0,0,1,1,1,0,1,1,1,0,1,1,1,1,1,1,1,0,1,1,1,1,1,1,1,0,0,0,1,0,0,1,1,1,1,0,1,1
1,0,0,1,1,1,1,1,0,1,0,1,0,0,0,1,1,1,1,1,0,1,1,1,1,1,1,0,0,0,0,1,0,0,0,0,1,0,0,1,1,0,0,1,1,0,1,1,0,1,1,0,1,1,0,0,1,1,0,0,0,1,0,1,1,0,0,1,1,1,0,0,0,1,0
0,0,1,1,1,1,0,1,1,0,1,1,0,0,0,1,0,0,0,0,0,0,0,1,0,1,1,0,1,1,1,0,1,0,1,1,1,0,0,0,1,1,1,1,0,0,1,0,1,1,0,1,1,0,1,0,0,0,0,1,1,1,1,0,1,0,1,0,1,0,1,1,0,1,1
1,0,0,1,0,1,0,1,0,1,0,1,1,1,0,1,1,1,1,0,1,1,0,1,0,0,0,0,0,0,0,1,1,0,0,0,0,0,0,1,0,0,0,1,0,0,1,1,1,0,1,0,1,0,1,0,1,0,0,0,1,0,0,0,0,0,1,1,1,1,0,0,0,1,0
1,0,0,1,1,0,0,0,0,0,0,1,1,0,0,1,1,1,0,0,1,1,1,1,0,0,1,0,1,0,1,1,1,0,1,0,1,0,0,0,1,0,1,1,0,1,1,0,1,0,1,1,1,0,1,0,0,1,0,1,1,0,1,0,1,1,1,0,1,1,1,1,0,1,1
1,1,0,0,1,1,0,1,0,0,1,1,0,0,0,0,0,1,0,1,0,0,0,0,0,1,0,0,1,1,1,1,0,0,1,0,0,1,1,0,0,1,0,1,0,1,0,0,1,1,1,1,1,1,0,1,0,0,1,1,0,0,1,0,1,0,0,0,0,0,1,0,0,1,0
1,0,0,0,0,1,0,1,0,0,1,0,0,1,0,0,0,1,0,0,0,1,0,1,0,0,0,1,1,1,0,1,1,0,1,1,1,1,0,0,0,1,0,1,1,0,1,0,1,1,1,1,1,1,0,1,0,1,0,1,0,0,1,0,1,0,1,1,1,1,0,0,0,0,0
1,0,1,0,1,1,1,1,0,1,0,0,0,0,0,0,0,1,0,0,0,1,0,0,0,0,0,0,1,0,1,1,1,1,1,0,1,0,1,0,1,1,0,1,0,1,0,1,0,0,1,0,1,0,1,1,0,0,0,0,0,0,1,0,0,1,1,1,0,1,0,0,1,0,0
1,0,1,1,0,1,0,0,0,0,0,0,0,1,0,0,1,1,0,1,0,1,0,0,1,1,1,0,1,1,1,0,1,0,1,0,0,0,1,0,1,1,0,1,1,1,1,1,0,0,1,0,0,0,1,0,1,1,1,1,0,1,0,0,0,1,0,1,0,0,0,1,0,1,0
1,0,0,1,0,0,1,0,0,0,0,1,1,0,0,1,1,1,1,0,0,1,1,1,1,1,1,1,1,1,1,0,1,0,1,0,0,1,1,0,0,0,1,1,0,1,1,0,1,1,0,0,1,1,0,1,1,1,0,0,1,1,1,0,1,1,0,0,1,0,1,0,0,1,1
1,0,0,1,1,0,1,1,1,0,1,0,1,0,1,1,1,0,0,0,1,1,1,1,0,1,1,0,0,1,1,1,0,0,0,1,0,0,0,1,1,0,1,1,1,0,1,1,1,1,1,0,1,0,1,0,0,1,1,1,0,1,1,0,1,0,0,0,0,1,1,1,0,0,0
1,0,0,1,1,0,0,1,0,1,0,1,0,1,1,1,0,0,0,0,0,1,0,1,0,1,1,1,1,1,1,0,0,1,0,1,0,0,0,1,0,0,0,1,0,1,0,1,0,1,1,1,1,1,0,1,1,0,1,0,1,0,1,0,1,0,0,1,1,1,0,0,1,1,0
1,1,1,0,0,1,0,1,0,0,1,0,0,0,1,1,1,0,1,0,1,0,0,0,0,0,1,0,1,1,0,1,1,0,1,1,1,0,1,1,0,1,1,1,1,0,0,0,1,1,1,1,1,1,1,1,0,0,1,0,0,0,1,0,0,0,0,0,1,0,1,0,0,1,0
1,0,0,0,0,1,0,1,0,0,1,1,0,0,1,1,1,0,0,0,1,1,1,1,0,1,1,1,1,1,0,0,1,1,1,0,1,0,0,0,1,0,0,1,0,1,1,0,1,1,0,0,1,1,0,1,0,1,0,0,1,0,1,0,1,0,1,0,0,0,0,0,0,0,0
1,0,0,1,1,0,0,1,0,0,0,1,1,1,0,1,1,0,0,0,0,1,1,1,0,0,0,1,1,0,0,1,1,0,1,0,0,1,1,0,1,0,1,1,0,1,1,0,1,0,1,0,1,1,0,0,0,0,1,0,0,1,1,0,0,0,1,0,1,1,1,0,0,0,1
0,0,0,1,1,0,1,0,0,1,0,0,0,0,0,1,0,1,0,1,0,1,0,1,1,0,1,0,0,0,0,0,1,0,1,0,0,0,1,1,1,0,1,1,1,0,0,0,0,1,1,0,1,0,1,0,1,0,0,1,1,1,0,0,1,1,1,0,1,1,1,1,1,1,0
1,0,1,0,0,1,0,1,0,1,1,1,0,0,0,1,0,1,0,1,1,1,1,1,1,0,0,0,1,1,0,1,0,0,1,0,0,1,0,1,1,0,0,1,1,0,0,0,1,1,1,0,1,0,1,1,0,1,1,0,1,1,0,1,1,0,1,1,1,1,0,1,0,0,0
1,0,1,1,1,0,0,1,0,0,0,0,0,0,0,0,0,0,0,0,1,1,0,1,0,0,1,0,1,1,1,1,1,1,0,0,0,1,1,0,1,1,1,1,0,1,0,1,0,1,1,0,1,0,1,1,1,0,0,1,0,0,0,0,1,0,0,0,1,1,1,1,1,1,0
1,1,0,0,0,1,0,1,0,0,1,0,0,0,0,1,0,1,0,0,1,0,0,1,0,0,0,0,0,1,1,1,0,0,0,1,0,0,0,1,1,0,1,1,0,1,1,0,1,0,1,0,1,1,1,1,0,1,0,1,0,0,0,0,1,0,0,0,0,1,1,0,0,1,0
1,0,1,1,0,1,0,0,1,1,0,1,0,0,0,0,1,1,0,1,0,0,1,1,0,1,1,1,0,0,1,0,0,0,1,0,1,0,0,0,0,1,1,1,0,1,1,1,0,1,1,0,1,1,0,0,1,1,0,0,1,0,1,0,0,1,1,1,1,1,1,0,0,1,0
1,0,0,1,0,1,0,1,0,0,0,1,0,0,0,1,0,0,1,0,0,1,0,1,0,1,0,1,0,1,1,0,0,0,0,1,1,1,1,0,1,1,1,1,0,1,0,1,1,1,1,1,1,1,0,0,1,1,1,1,0,1,0,0,0,0,0,1,0,1,1,1,0,1,0
0,0,0,1,1,0,0,1,1,0,0,1,0,0,0,1,1,0,1,1,1,0,1,1,0,1,1,0,1,0,1,0,1,1,1,0,1,0,0,0,1,0,0,1,1,0,1,0,0,1,1,0,1,0,1,0,0,1,1,0,0,1,1,0,1,0,0,1,1,0,0,1,0,0,1
0,0,0,0,0,0,0,0,1,1,0,0,1,1,1,1,0,1,1,0,0,1,0,1,1,1,1,0,1,0,1,0,0,0,1,1,0,1,0,1,1,0,0,1,0,1,1,0,0,0,1,0,1,1,0,0,1,0,0,0,1,1,1,1,0,1,1,1,1,1,0,0,1,1,0
1,0,0,1,1,0,0,0,0,0,0,0,0,0,0,0,1,1,0,1,0,0,0,0,0,1,1,1,1,1,1,0,1,0,0,0,1,0,0,1,1,1,0,1,0,1,0,1,1,1,0,1,1,0,0,1,1,1,1,0,0,0,1,0,0,1,0,1,1,1,0,0,0,1,0
1,0,0,0,0,0,0,1,0,0,0,0,0,0,0,1,0,1,0,0,0,1,0,1,0,1,0,0,1,1,1,1,1,0,1,0,0,1,1,0,1,0,0,1,0,1,1,0,1,1,1,1,1,1,0,0,0,1,1,1,0,1,1,1,0,0,1,1,1,1,0,0,0,1,0
0,0,0,0,0,1,1,1,0,1,0,0,0,1,0,1,1,0,1,1,0,1,1,1,0,0,1,0,1,0,1,0,1,0,1,0,1,0,0,1,1,0,0,1,1,0,0,1,1,1,1,1,1,0,1,0,1,1,1,1,1,1,1,0,1,0,1,1,1,1,1,0,0,0,1
1,0,0,1,1,0,0,1,0,0,1,1,0,0,1,1,0,1,0,0,0,1,0,1,1,1,1,0,0,0,1,0,0,0,1,1,0,1,0,1,1,0,0,1,1,0,1,1,1,0,1,1,1,1,0,0,1,1,0,0,1,0,1,0,1,0,0,0,1,1,0,0,0,0,0
0,1,0,1,1,0,0,1,0,1,1,1,0,1,1,0,1,1,0,0,1,0,1,1,0,1,1,1,0,0,1,1,0,0,1,1,1,0,0,1,1,0,0,1,1,0,0,0,1,1,1,0,1,0,0,1,0,1,1,1,0,0,1,0,1,0,1,0,1,1,1,0,0,0,0
1,0,1,1,0,0,0,0,1,1,1,1,0,0,0,0,1,1,1,0,1,0,0,0,1,1,0,0,1,0,1,0,1,1,0,0,1,0,1,0,1,1,0,1,0,1,1,1,1,0,1,1,1,1,0,0,1,0,1,0,0,1,1,0,1,0,0,0,1,1,0,1,0,1,1
1,1,1,1,0,1,1,1,0,1,0,1,0,1,1,0,0,1,0,0,1,0,1,1,0,0,0,0,0,0,0,0,0,0,1,0,0,1,0,0,1,1,1,1,1,0,0,1,0,1,1,0,1,0,0,1,0,1,0,1,0,1,1,0,1,0,1,0,0,0,1,0,1,1,0
1,0,0,1,1,0,0,1,0,0,1,0,0,0,0,1,0,0,0,1,0,1,0,0,1,1,1,1,1,0,0,1,1,1,1,1,1,1,0,1,1,0,1,1,1,1,0,1,0,1,1,1,1,1,0,1,1,1,0,1,1,1,1,0,1,0,1,1,0,1,1,1,0,1,1
1,1,0,1,0,0,1,1,0,0,1,0,0,0,0,0,0,1,1,0,0,1,1,1,0,1,1,1,1,0,0,0,1,0,0,0,1,1,1,0,1,1,0,0,0,1,0,0,0,1,0,0,1,1,0,1,0,0,0,1,0,0,0,1,0,0,1,0,0,0,1,0,0,1,0
1,0,0,0,0,0,1,1,0,1,0,1,1,0,0,1,1,1,1,0,0,1,1,1,0,0,1,1,1,1,1,1,1,0,1,1,0,0,0,1,1,0,1,1,0,1,0,1,1,1,1,1,0,0,1,0,1,1,1,1,1,0,0,0,1,1,0,0,1,1,1,0,1,0,0
1,1,1,0,1,1,0,1,0,1,0,1,0,0,0,0,1,0,1,0,1,1,1,1,0,1,0,0,1,0,1,1,1,0,1,1,0,0,0,1,1,0,1,1,1,1,1,0,0,0,1,0,1,1,0,1,0,1,1,1,1,1,0,0,1,0,0,0,1,1,1,1,1,1,0
1,0,1,0,0,0,0,1,1,0,0,1,1,0,0,0,1,0,1,1,0,1,0,0,0,1,0,0,1,1,0,1,1,0,1,1,0,0,0,0,1,1,1,1,0,0,0,0,1,1,0,1,0,0,1,1,0,1,0,0,0,1,0,0,1,0,0,1,1,1,1,1,0,1,0
0,1,1,0,0,1,0,1,1,1,0,0,1,0,1,1,1,1,0,1,1,0,1,1,0,1,0,0,0,1,1,1,1,0,0,0,1,0,0,1,0,0,0,1,1,1,1,0,0,0,1,0,0,0,1,0,0,0,1,1,0,1,1,0,1,0,1,0,1,0,1,0,0,1,0
0,0,0,0,0,0,0,1,0,0,1,1,1,0,0,1,1,0,0,0,1,1,1,1,0,1,0,0,0,1,1,1,0,1,0,0,0,0,1,0,1,0,0,1,0,1,0,1,0,0,1,0,1,1,0,1,1,0,1,0,1,0,1,0,1,0,0,0,1,0,0,1,1,1,0
1,1,0,1,1,0,0,0,0,0,0,0,1,0,0,0,1,1,0,0,1,1,0,1,0,0,1,1,1,0,0,1,1,0,0,0,1,1,1,0,1,1,0,1,1,1,1,0,0,0,1,1,1,0,0,1,1,1,0,1,0,1,1,0,0,1,1,1,1,1,0,0,0,1,0
1,0,1,1,1,1,0,0,1,0,0,0,1,0,0,0,0,0,1,0,1,1,0,1,1,0,0,0,1,0,0,0,1,0,0,1,0,1,1,0,1,1,0,1,0,0,1,0,1,1,1,1,1,0,1,1,0,1,0,1,0,1,1,0,1,1,0,0,0,1,1,1,0,1,1
1,0,0,1,0,0,0,1,1,0,0,0,0,0,0,1,1,1,1,1,0,1,0,1,1,1,1,1,0,0,1,0,0,0,1,0,0,1,0,0,0,1,0,1,0,1,1,1,0,1,1,1,1,1,0,0,1,0,0,0,0,1,1,0,0,0,1,1,1,1,0,0,1,1,0
1,0,0,0,0,1,0,0,0,1,0,0,0,0,0,0,1,0,0,0,0,1,0,1,1,1,0,0,1,1,1,1,0,0,1,0,1,0,0,0,0,1,0,1,0,0,1,0,0,1,1,1,1,0,1,1,0,0,1,1,0,0,0,0,1,0,1,0,0,1,1,1,0,1,1
1,0,1,0,0,0,0,1,1,0,0,1,0,1,1,1,1,1,0,0,0,1,0,0,0,1,1,0,0,0,0,0,0,0,1,0,1,1,0,0,1,1,0,1,0,1,0,0,1,1,0,1,0,1,0,1,0,0,0,0,0,1,1,1,1,0,1,0,0,1,1,1,1,1,1
1,1,0,0,0,0,0,1,0,0,0,1,1,0,0,1,0,1,1,0,0,1,0,1,1,1,1,1,1,0,0,1,1,0,0,0,0,1,1,0,1,0,0,1,1,1,0,0,1,0,1,0,1,0,0,1,0,0,1,0,1,1,1,0,1,0,0,0,1,1,1,0,0,1,0
1,1,0,1,0,0,0,1,0,0,0,0,0,0,1,0,1,0,0,0,0,1,0,1,1,0,1,0,1,1,1,1,0,0,1,0,0,1,1,0,1,1,0,1,0,1,1,0,0,1,1,1,1,1,0,1,1,0,0,0,1,0,0,1,1,0,0,0,0,1,0,1,1,1,0
1,0,0,0,0,1,1,0,0,0,0,1,0,0,0,1,1,0,1,0,1,1,1,1,0,0,1,1,1,1,0,1,1,0,1,0,1,1,0,1,0,0,1,1,0,1,1,0,0,1,1,0,1,0,1,0,0,0,1,1,0,0,1,0,0,1,1,1,1,1,1,1,1,1,0
1,0,1,0,1,1,0,1,1,0,1,0,1,0,0,0,0,1,1,0,1,1,1,1,1,0,1,1,0,1,0,1,0,0,1,0,0,1,1,0,1,1,1,1,0,1,1,1,0,0,1,1,1,1,1,0,1,1,0,0,0,1,1,1,1,0,0,1,0,1,0,0,0,0,0
1,0,0,0,0,1,0,0,0,0,0,1,1,0,0,0,1,1,1,0,1,1,1,1,0,0,1,0,1,1,1,0,1,0,1,0,0,0,1,0,1,0,1,1,1,1,0,0,1,0,1,0,1,1,0,1,0,1,1,1,1,0,1,0,0,1,1,1,1,1,1,1,0,1,0
1,1,1,0,1,1,0,1,0,0,1,1,0,0,0,1,1,0,1,0,0,1,0,1,1,0,1,1,0,0,0,0,1,0,1,0,0,1,0,0,1,0,1,1,1,1,0,0,1,1,1,1,1,1,1,1,1,1,1,1,1,0,1,0,1,0,1,1,1,1,1,1,0,0,1
1,0,0,1,0,0,0,1,1,1,1,1,1,0,0,0,1,0,1,1,0,1,0,1,1,0,0,0,1,0,1,0,1,0,0,1,0,0,0,1,1,1,0,1,1,1,0,1,0,1,1,1,1,0,0,1,0,0,1,0,0,0,1,0,1,0,1,1,0,1,0,1,1,1,0
1,1,1,1,0,0,0,1,0,1,0,0,0,0,0,1,0,1,0,0,1,0,0,1,1,0,1,1,0,0,1,0,1,0,1,0,0,0,0,1,0,0,0,1,0,1,1,0,1,1,1,1,1,0,0,1,0,1,0,0,0,1,1,0,1,0,0,0,1,1,0,0,0,1,0
1,0,0,1,1,0,0,0,0,1,0,0,1,0,0,1,0,0,0,0,0,0,1,1,0,1,0,1,1,1,0,0,1,1,1,0,0,1,1,0,1,0,1,1,0,0,0,0,0,1,1,1,1,0,1,1,0,1,0,1,0,0,1,0,1,1,0,0,1,1,1,1,1,1,0
0,0,1,1,0,1,0,1,0,1,0,1,0,0,1,1,0,1,1,0,0,1,0,0,1,0,0,1,0,0,1,0,0,0,1,1,0,0,0,1,1,0,1,1,0,0,1,0,0,1,0,0,0,0,1,0,0,0,0,1,0,0,1,1,1,0,0,1,0,0,1,0,1,0,0
1,0,0,1,1,1,0,0,0,1,0,1,0,0,1,1,1,1,0,0,0,1,0,1,0,1,0,1,0,1,1,1,0,0,0,1,0,0,0,1,1,0,1,1,0,1,0,0,1,1,0,1,1,1,0,1,1,0,1,1,0,1,1,0,0,1,1,1,1,1,1,1,0,1,1
1,1,0,1,1,1,0,1,0,0,1,1,1,0,0,1,1,1,1,0,1,1,0,1,1,0,1,0,1,0,1,1,0,0,1,0,1,0,1,0,0,1,1,1,1,1,1,0,0,0,1,1,1,0,0,0,0,0,1,0,0,1,1,0,1,0,0,0,1,1,1,0,1,0,0
0,0,1,0,0,1,1,0,0,0,0,0,0,0,0,0,0,0,1,0,0,1,0,1,0,1,1,0,0,1,0,1,1,0,0,1,0,1,0,1,1,0,1,1,0,1,0,0,1,0,1,1,1,0,0,1,0,1,1,1,0,1,1,0,1,1,1,1,1,0,1,1,0,0,0
1,0,1,0,1,0,0,1,1,0,1,0,1,0,0,0,0,0,1,1,0,1,0,1,0,1,1,0,1,0,1,1,1,0,0,1,1,1,0,1,1,1,1,0,0,1,0,1,1,0,1,1,1,1,0,1,1,1,0,0,0,1,0,1,1,0,1,1,0,1,1,1,0,0,0
1,0,1,1,1,0,0,0,0,0,0,1,0,0,0,1,1,1,1,0,1,1,0,0,0,0,0,0,0,1,1,1,1,0,0,0,0,1,1,0,1,0,1,1,1,1,1,1,0,1,1,1,0,0,0,0,1,1,1,1,0,0,1,0,0,1,0,1,0,0,1,0,0,1,0
1,0,0,1,1,0,0,0,1,0,0,0,0,0,0,1,1,0,0,1,0,1,1,1,0,0,1,1,1,1,1,0,1,0,0,0,1,0,1,0,1,0,0,1,1,0,0,0,1,1,1,1,1,1,0,1,1,1,1,0,0,1,0,0,0,1,0,1,1,1,0,1,0,1,0
1,1,0,1,0,0,0,1,0,0,0,1,0,0,0,0,0,1,1,1,1,1,0,0,1,1,1,0,1,0,1,1,1,1,0,1,0,0,1,0,1,1,0,1,1,0,0,0,1,1,1,1,1,1,0,1,0,1,1,1,0,1,0,0,0,0,0,1,0,1,0,1,0,1,0
1,1,1,0,0,0,1,1,1,0,0,0,1,0,1,0,1,0,0,0,0,0,1,1,0,0,1,1,1,0,1,0,1,0,1,1,1,1,0,1,1,1,1,1,1,1,0,0,1,0,1,0,1,0,0,0,0,0,1,1,0,1,1,0,1,0,0,0,0,1,1,0,0,1,0
1,0,0,0,1,0,0,1,0,0,0,0,1,0,0,1,1,1,1,0,1,1,1,1,0,0,1,0,0,0,0,1,1,0,1,0,0,1,1,0,1,0,0,1,1,1,1,0,0,0,0,0,1,1,0,0,0,1,1,1,0,1,1,0,1,0,0,0,0,1,0,0,1,1,0
1,0,0,0,1,1,0,1,0,1,1,1,1,0,0,1,1,0,1,1,1,1,1,1,1,0,0,0,1,1,1,0,1,0,1,0,0,1,0,1,1,0,1,1,1,0,0,1,0,1,1,1,1,0,1,1,1,0,1,1,1,0,1,0,0,0,1,1,1,1,1,0,1,1,0
1,0,1,0,1,1,0,0,1,0,0,0,1,0,0,1,0,0,1,0,0,1,0,1,1,0,0,1,1,1,0,1,1,0,1,0,1,0,0,0,1,0,1,1,1,0,0,1,0,0,1,1,1,1,0,0,1,0,0,1,0,1,1,0,1,1,1,0,1,1,1,1,1,1,0
0,0,1,1,0,0,0,1,0,1,0,1,0,0,1,1,0,1,0,1,0,1,0,0,0,0,0,1,0,1,1,1,1,1,0,1,1,0,0,1,0,1,1,1,1,0,1,1,0,0,1,1,1,1,0,1,1,0,0,1,1,0,0,0,1,1,0,0,1,1,1,1,1,1,0
1,0,0,0,1,0,1,1,0,1,1,0,0,1,1,1,1,1,1,1,1,1,1,1,0,0,1,0,1,1,1,1,0,1,0,1,0,1,1,0,1,1,0,1,0,1,0,0,1,1,1,0,1,1,0,0,1,1,1,1,0,0,1,0,0,1,0,0,0,1,0,0,0,0,1
1,0,1,1,0,0,0,1,1,0,0,0,0,0,1,0,1,0,0,0,0,1,0,1,0,1,0,0,1,0,1,1,1,0,1,0,0,0,1,1,1,1,0,1,0,0,0,0,0,1,1,0,1,1,0,1,1,1,0,1,0,0,1,1,0,0,0,0,0,1,0,1,1,1,1
1,1,0,1,0,1,0,1,1,0,1,0,1,0,0,0,1,0,1,0,1,1,1,1,0,0,1,0,1,0,1,0,1,0,0,0,1,1,1,0,1,1,1,1,1,0,1,0,0,1,1,0,1,1,0,1,0,0,0,1,0,1,0,0,0,0,0,1,0,1,1,1,1,1,0
0,0,1,0,0,1,0,0,0,0,0,1,1,0,1,1,1,1,1,0,0,1,0,0,1,0,1,1,1,1,1,1,1,0,1,1,0,1,0,0,1,1,0,1,0,1,1,0,1,0,0,1,1,1,0,0,0,0,1,0,0,0,0,0,1,1,1,0,0,1,0,1,1,0,0
0,0,0,1,1,1,0,0,1,0,1,0,1,1,0,1,1,1,0,0,0,1,0,1,0,0,1,1,1,0,0,0,1,1,1,1,1,0,1,0,1,1,0,1,1,0,0,1,0,0,1,1,1,1,0,0,1,1,0,0,0,0,1,0,0,1,0,1,1,1,0,1,0,1,0
0,0,1,1,1,0,0,1,0,0,1,0,1,0,1,0,1,1,0,0,0,1,0,1,0,1,1,1,1,1,0,0,1,0,1,0,0,1,0,0,0,1,0,1,1,1,0,0,1,0,1,0,1,0,0,1,1,1,1,0,0,0,1,1,1,0,1,1,0,1,0,0,0,0,1
1,1,0,0,1,0,0,1,0,1,1,1,1,0,1,1,0,0,0,0,1,1,0,1,0,1,0,0,0,1,1,1,0,0,1,0,0,0,0,0,1,1,0,1,1,0,0,0,0,1,1,1,1,1,1,1,0,1,1,0,1,0,1,1,1,0,1,0,1,1,1,0,1,1,0
1,1,0,1,0,1,1,1,0,1,1,1,0,1,1,0,1,1,1,0,0,1,1,1,0,0,0,1,1,0,0,0,0,1,1,0,0,1,1,0,1,1,0,1,1,1,1,0,0,1,1,0,1,1,0,1,0,1,0,0,0,0,1,1,1,0,0,1,0,1,0,0,0,0,0
1,0,1,1,0,1,0,1,0,0,1,1,1,0,0,1,1,0,0,0,0,1,0,1,0,0,1,0,1,1,1,1,1,0,1,0,0,0,1,0,1,1,0,1,0,1,0,1,0,0,1,1,1,1,0,0,0,1,0,0,1,0,1,0,1,0,0,0,0,1,0,1,1,1,1
1,1,1,1,1,0,0,1,1,1,1,0,1,0,0,1,1,1,1,1,0,1,0,0,1,0,0,1,0,1,1,0,0,0,0,0,1,1,0,0,0,1,1,1,1,0,0,0,1,1,0,1,1,0,1,1,0,0,0,0,1,1,1,1,0,0,1,0,0,1,1,0,0,1,0
1,0,1,0,1,1,0,1,0,0,0,0,1,0,0,0,1,1,0,1,1,1,0,0,0,1,0,0,0,0,1,0,1,0,0,0,1,0,0,1,0,0,0,1,0,1,1,1,0,0,1,1,1,0,0,1,1,1,1,1,0,1,1,0,1,0,0,0,1,1,1,0,1,1,1
1,1,1,0,1,0,0,1,0,1,1,1,0,0,0,1,1,0,0,0,0,1,0,1,0,0,1,1,1,0,1,1,1,0,0,0,1,0,1,0,1,1,0,1,1,0,1,0,0,1,1,1,1,0,0,1,0,0,1,1,1,0,1,1,1,0,0,0,0,1,1,1,1,1,1
1,0,0,0,0,0,0,0,0,0,1,0,1,1,0,0,1,1,0,0,1,1,1,1,0,0,0,0,1,0,1,1,1,0,1,0,0,1,0,1,1,1,1,1,0,1,1,0,0,0,0,0,1,1,0,1,0,1,1,1,0,0,1,0,0,1,1,0,0,1,1,0,1,0,0
0,0,1,1,0,1,0,1,0,1,0,1,0,0,1,1,0,1,1,0,0,1,0,1,0,1,1,0,0,1,1,1,0,0,0,1,1,0,0,1,0,0,0,1,0,0,0,0,0,1,0,1,1,1,0,1,0,1,1,0,1,0,1,0,0,0,0,1,1,1,0,1,0,0,0
0,0,1,1,0,0,0,1,1,1,1,1,0,0,1,0,0,0,1,0,1,1,0,0,0,1,0,1,0,0,1,0,0,0,1,0,0,1,1,0,1,1,0,1,0,0,1,0,1,1,1,1,1,0,1,1,0,1,1,0,0,0,1,1,0,0,0,0,0,0,0,0,0,1,0
1,1,1,0,1,1,0,1,1,0,1,0,1,1,1,1,1,1,0,0,1,1,1,1,1,0,1,0,0,0,1,1,0,1,0,0,0,1,0,0,1,1,0,1,0,0,0,1,0,0,1,0,1,1,0,0,1,1,0,1,0,1,0,0,0,0,0,1,0,1,1,0,0,0,1
0,0,1,1,1,1,0,1,0,1,1,1,0,0,0,0,1,0,1,1,0,1,0,0,0,0,1,1,1,1,0,1,1,0,1,1,0,0,0,1,1,1,0,1,1,1,1,0,1,1,0,1,1,1,0,1,0,1,0,0,1,1,0,0,1,0,1,0,1,0,0,1,0,0,0
1,0,1,1,0,1,0,1,1,0,1,1,0,0,0,1,1,0,0,0,0,0,0,0,0,0,1,1,1,0,1,1,1,1,0,0,0,0,0,1,1,0,0,1,0,1,0,0,1,0,1,1,0,1,0,0,0,1,1,1,1,1,1,0,1,0,0,0,0,1,0,1,0,1,0
1,0,0,1,0,1,0,1,0,0,1,1,0,0,0,0,1,1,1,0,0,0,0,1,0,1,0,0,1,1,1,0,1,1,1,1,0,1,0,0,1,0,1,1,0,0,0,1,1,1,1,1,1,1,1,1,0,1,1,1,1,1,1,0,0,0,1,0,1,1,1,0,0,0,0
1,1,0,1,1,0,0,1,0,1,0,0,1,0,0,1,1,1,1,0,1,1,0,1,0,1,1,1,1,0,1,1,1,0,1,0,1,0,0,0,1,1,0,1,1,0,1,0,0,0,0,0,1,0,1,0,0,0,0,0,0,1,1,0,0,1,0,1,0,1,0,1,0,1,1
1,0,1,1,1,0,0,0,0,1,0,0,1,0,1,0,1,1,0,0,0,1,1,1,0,0,0,1,1,0,0,0,0,1,1,1,1,0,0,1,1,1,0,1,0,1,0,0,0,0,1,0,1,1,0,0,0,1,1,0,0,1,1,0,0,1,1,0,1,1,0,0,0,0,0
1,0,0,1,0,0,0,1,0,0,1,1,1,0,1,0,1,1,1,1,0,0,0,0,0,0,1,1,1,1,0,1,1,1,0,0,0,1,0,0,1,0,0,1,0,1,1,1,1,1,1,1,1,0,1,1,1,0,1,0,1,0,1,0,1,0,1,0,0,1,0,1,0,1,1
1,1,1,1,1,0,1,1,1,1,0,0,1,0,0,0,0,0,0,0,0,1,1,1,0,0,1,0,1,0,1,1,1,0,0,1,1,0,1,1,1,1,0,0,0,1,0,1,1,1,1,0,1,1,0,1,1,1,0,0,1,0,0,0,0,0,1,0,1,0,0,1,0,1,0
0,1,0,1,0,1,0,0,0,1,0,1,0,0,0,1,1,1,0,0,1,1,0,1,0,1,1,1,1,0,1,1,1,0,0,0,1,1,0,1,1,0,0,1,1,0,0,0,0,1,1,1,1,1,1,1,0,0,0,0,1,1,0,0,0,1,1,0,0,0,0,0,1,1,0
1,1,1,0,1,1,0,1,0,1,0,1,1,0,1,0,0,1,1,1,0,1,0,1,1,1,1,0,0,1,1,1,0,0,1,0,1,1,0,0,1,1,0,1,1,0,0,0,1,0,1,1,1,0,0,1,0,1,1,0,1,0,1,1,1,0,0,1,0,1,0,1,1,1,0
1,0,0,0,0,1,0,1,0,0,1,1,1,0,1,0,1,1,0,0,0,1,1,1,0,0,1,1,1,1,1,1,1,0,0,1,1,1,1,1,1,1,0,1,1,1,0,1,1,1,1,0,1,1,0,0,1,1,1,0,0,0,1,0,1,0,0,0,0,1,0,1,0,1,0
1,0,1,1,0,0,0,0,0,1,0,0,0,0,1,1,0,0,1,0,1,0,0,1,0,1,1,0,0,1,0,0,0,0,1,1,1,1,0,0,0,1,0,0,1,0,0,0,0,1,1,1,1,0,1,1,0,0,0,1,1,0,1,0,1,1,1,0,1,1,0,1,1,1,0
0,0,0,0,1,1,0,1,1,1,0,1,0,0,1,0,1,1,1,0,1,1,0,1,0,0,1,1,0,0,1,0,0,1,0,0,1,0,1,0,1,1,0,1,0,1,1,0,1,1,0,1,1,0,1,0,0,1,1,0,0,1,1,1,0,1,0,1,0,0,0,1,0,1,0
0,1,0,1,1,1,0,1,0,0,0,1,1,1,1,1,1,1,1,0,1,1,0,1,0,0,1,0,0,1,0,0,0,0,0,1,1,0,1,0,1,1,1,1,1,0,1,1,1,0,1,0,1,0,0,0,1,0,1,1,1,1,1,0,1,0,0,1,0,1,1,1,0,1,0
1,0,0,0,1,0,0,1,0,0,0,0,0,0,0,0,1,0,1,1,1,1,0,0,1,1,1,0,0,1,1,1,0,0,0,0,0,1,1,0,1,0,0,1,0,1,0,0,0,1,0,1,1,1,0,1,0,0,1,0,0,0,1,0,0,0,0,0,1,1,0,1,1,1,0
1,0,0,0,0,1,0,1,0,0,0,1,0,0,0,0,1,1,1,0,1,1,0,1,1,1,0,0,1,1,0,0,1,1,0,1,1,1,0,1,1,0,0,1,1,0,0,0,0,1,1,1,1,1,1,1,1,1,1,1,0,0,1,1,0,0,0,0,1,1,0,0,1,1,0
1,0,0,1,1,0,0,1,1,0,1,0,0,1,1,0,0,0,0,0,1,1,0,1,1,1,1,0,0,0,1,1,0,0,1,1,0,0,1,0,1,1,0,1,1,0,0,0,1,1,1,1,0,0,0,0,1,0,1,1,0,1,1,1,1,0,0,0,0,1,0,0,1,1,0
1,1,0,0,1,1,0,1,1,0,0,1,1,0,1,0,1,1,0,0,0,0,0,1,1,1,1,0,1,1,1,1,0,0,1,1,1,0,1,0,1,1,0,1,0,0,1,0,0,1,1,0,1,1,0,1,0,1,1,0,0,0,1,0,1,0,0,1,1,1,0,0,1,0,0
1,0,0,1,0,0,0,1,0,0,1,1,0,0,0,1,1,1,1,0,1,1,0,1,1,1,1,1,1,1,0,0,1,0,1,0,1,0,1,0,1,0,0,1,0,1,1,0,0,1,1,1,1,0,1,1,0,0,0,0,1,0,1,0,1,0,0,1,1,1,0,0,0,1,1
1,1,0,1,1,0,0,1,1,0,0,0,1,0,0,0,0,0,1,0,0,1,1,1,0,1,1,0,1,0,0,0,1,0,0,1,1,0,1,0,1,1,0,1,1,0,0,1,0,1,1,0,1,1,0,1,1,0,1,0,1,0,0,0,0,1,0,0,0,1,0,1,0,1,0
1,0,1,1,1,0,0,0,0,1,0,1,0,0,0,0,1,0,0,0,1,1,0,1,1,1,0,1,0,1,1,1,0,0,1,1,0,1,0,0,1,1,1,1,0,1,0,0,0,1,1,1,1,1,0,1,0,0,0,0,0,0,0,0,1,1,1,0,0,1,1,1,1,1,0
1,0,1,1,0,0,0,1,1,0,0,0,0,0,0,0,1,0,1,0,1,1,0,0,0,1,1,1,1,1,0,0,1,1,0,1,0,1,1,0,1,1,1,1,1,0,0,0,1,1,1,1,1,1,1,1,0,1,1,1,1,0,1,1,1,0,1,0,0,1,1,1,0,0,0
1,0,0,0,1,0,0,1,0,0,1,1,0,0,0,0,1,0,1,0,0,1,0,1,0,0,1,0,0,0,1,0,0,0,1,0,1,0,1,0,1,1,1,1,0,1,0,0,1,0,1,1,1,0,0,1,0,0,1,0,1,1,0,0,0,0,0,1,1,1,1,0,0,0,1
0,0,1,1,0,0,0,1,0,0,0,0,1,0,0,0,1,1,0,1,0,1,0,0,0,0,1,0,1,1,0,1,1,0,0,0,0,1,0,0,1,1,0,1,0,1,0,0,1,1,1,1,1,1,0,1,0,1,0,0,0,0,0,0,0,0,0,0,0,1,0,0,0,1,0
1,0,1,0,1,1,0,1,0,0,0,1,0,1,0,0,0,0,1,0,0,1,0,1,0,1,0,1,0,1,0,1,1,0,1,0,1,1,1,0,1,0,0,1,1,1,0,0,1,1,1,1,1,0,1,1,0,1,0,1,1,0,1,0,0,0,1,1,1,1,1,1,0,1,0
1,0,1,0,1,1,0,1,0,1,0,0,0,0,1,1,0,0,1,1,0,1,0,1,0,1,1,1,0,0,0,0,0,0,1,1,1,0,0,1,0,0,0,1,1,0,0,1,0,1,1,1,1,1,1,0,1,1,1,0,1,0,1,0,1,0,0,0,1,1,0,0,1,1,1
1,0,0,1,0,0,0,0,0,1,0,1,0,0,0,0,1,1,1,1,1,1,1,1,0,0,1,1,1,0,1,1,1,0,1,0,0,0,1,0,1,1,1,1,0,1,1,1,0,1,1,0,1,1,1,1,1,1,0,0,0,0,1,0,0,1,0,1,1,1,1,0,0,1,1
1,1,1,0,0,0,0,1,0,1,1,1,0,0,0,1,1,1,1,0,1,0,0,1,1,0,0,0,1,0,0,1,1,0,1,1,1,0,0,1,1,0,1,1,1,1,1,0,0,1,0,1,1,1,1,1,0,1,1,1,1,0,1,0,0,0,0,1,1,1,1,0,1,0,0
1,0,0,1,1,1,1,1,1,1,1,0,1,0,1,1,1,1,0,0,1,1,1,1,0,0,1,0,0,0,1,0,0,1,1,0,0,0,1,0,1,1,1,1,1,1,1,0,0,0,0,0,1,0,1,1,0,1,0,1,0,1,0,0,0,1,1,0,1,1,1,1,0,0,0
1,0,0,1,1,0,1,1,0,0,1,1,1,1,0,0,1,0,0,0,1,1,0,1,0,0,1,0,0,0,0,0,0,0,1,0,1,0,1,0,1,0,0,1,0,1,0,0,1,0,1,1,1,1,0,1,0,1,0,1,1,0,0,0,1,0,0,0,1,1,0,1,0,1,1
0,0,0,1,1,0,0,1,0,0,0,1,0,0,1,0,0,0,1,0,1,0,0,1,0,0,1,0,1,1,1,1,0,0,1,0,0,0,0,1,0,0,0,1,1,0,0,0,0,1,0,0,1,0,1,1,0,1,0,0,0,0,1,0,1,1,0,0,0,0,0,1,1,0,1
1,0,1,0,0,1,0,1,0,1,0,1,0,0,0,1,0,0,1,0,1,1,0,1,0,1,1,0,0,1,0,0,0,0,1,0,1,0,0,0,1,1,0,1,1,0,0,0,0,1,1,1,1,0,1,1,0,0,0,0,1,1,1,0,1,1,0,1,0,1,0,1,1,0,0
1,0,0,0,1,0,0,1,0,0,1,1,0,1,1,0,1,1,0,1,1,1,0,1,0,1,1,0,0,0,1,0,0,0,1,1,0,0,0,1,0,0,1,1,0,1,0,1,1,0,1,0,1,0,0,0,0,1,0,1,0,0,0,1,1,0,0,0,1,1,1,0,0,0,0
1,0,1,1,0,0,0,1,1,1,0,1,1,0,1,1,1,1,0,0,0,0,0,0,0,1,0,1,0,1,1,1,0,0,1,0,1,0,1,0,1,0,0,1,0,1,0,0,0,0,0,1,1,1,0,1,0,1,1,0,1,1,0,0,1,0,0,0,1,1,0,1,0,1,0
0,0,0,0,1,0,0,1,1,1,0,0,1,0,0,1,1,0,1,0,1,1,0,1,1,1,1,1,1,1,0,0,1,1,0,0,0,1,1,0,1,1,1,1,0,1,0,0,0,0,0,1,1,0,1,1,0,1,1,1,1,1,1,0,0,0,0,0,1,0,1,1,0,1,0
1,0,0,0,1,0,1,1,0,1,0,1,0,0,0,0,1,1,0,0,1,1,1,1,0,0,1,1,1,0,1,0,1,0,0,0,1,0,1,0,1,1,1,1,0,0,1,0,0,1,0,0,1,0,1,1,0,1,1,0,0,0,1,0,1,0,1,1,1,1,0,0,0,1,1
1,0,0,0,0,1,0,1,0,0,1,0,0,0,0,1,1,1,1,0,1,0,1,1,1,0,1,0,0,0,1,1,1,0,0,0,1,0,0,1,1,0,0,1,0,1,1,0,1,1,1,1,1,1,0,1,0,0,1,0,0,0,0,0,1,0,0,0,0,1,0,0,0,1,1
1,1,1,1,0,1,0,0,0,1,0,1,0,0,0,0,1,1,1,0,1,1,0,0,0,0,1,1,0,0,1,0,1,0,1,0,0,1,1,0,1,1,1,1,0,1,1,1,1,1,1,1,1,1,0,1,1,1,0,0,1,1,1,0,1,0,0,0,1,1,1,0,0,1,0
1,1,1,1,0,0,0,0,1,0,0,0,0,0,1,1,1,1,1,0,0,1,1,1,0,0,0,0,1,1,0,1,0,0,0,0,1,0,0,0,0,0,0,1,1,0,0,1,0,1,1,0,1,0,0,0,1,1,1,0,0,1,1,0,0,1,1,1,1,1,0,1,1,1,0
1,0,0,0,0,0,0,1,1,0,0,1,0,0,0,0,1,0,1,0,1,1,0,0,0,1,0,0,1,0,1,1,1,1,0,1,0,0,1,0,1,1,1,0,1,0,0,1,0,1,1,1,1,1,0,1,1,0,1,1,0,0,1,1,1,0,0,0,1,1,1,1,1,1,0
1,0,0,1,0,1,0,1,1,0,0,1,0,0,0,1,1,1,0,0,0,1,0,1,0,0,1,0,0,0,1,0,1,0,1,1,0,1,0,1,1,0,1,1,0,1,1,0,0,1,1,1,1,1,0,0,0,0,0,0,1,1,0,0,1,0,1,0,0,0,0,0,1,1,0
1,0,1,1,0,0,0,1,1,1,0,1,0,0,0,1,1,0,1,0,0,1,0,1,1,1,0,0,1,0,1,0,1,0,1,0,1,1,0,1,1,0,0,1,0,0,0,1,0,0,1,0,1,1,0,1,1,0,1,1,1,1,1,1,0,0,0,0,1,1,1,1,1,0,0
1,1,1,0,1,0,1,1,0,0,0,0,1,0,0,1,1,0,0,0,1,1,0,0,0,1,0,0,1,0,0,1,1,0,0,0,0,0,1,0,1,0,0,1,1,1,1,1,0,0,1,0,1,1,1,1,1,0,1,1,0,1,1,0,0,0,1,1,1,1,0,1,1,1,0
1,1,0,1,1,1,1,1,0,0,0,0,1,1,1,1,1,1,1,0,0,1,0,1,1,1,0,0,0,0,1,1,0,0,1,1,1,0,0,1,0,1,0,1,1,0,1,0,0,0,1,1,1,0,1,1,0,0,0,0,0,1,0,0,0,1,1,1,1,1,0,0,1,1,0
1,0,1,1,1,1,0,1,1,0,0,1,0,1,1,1,1,1,0,0,1,1,0,1,0,1,1,1,0,0,1,1,0,0,1,0,0,1,0,0,0,1,1,1,0,1,1,0,0,0,1,0,1,1,0,1,1,1,0,0,1,0,0,1,1,1,1,0,0,1,1,0,1,1,1
1,1,0,1,0,1,0,1,0,0,1,1,0,0,0,0,1,0,0,0,1,1,0,1,0,1,0,1,0,1,0,0,0,0,1,0,1,1,1,0,1,1,0,1,1,1,0,0,1,1,1,1,0,1,0,0,0,1,0,0,0,0,1,0,0,1,0,1,1,1,0,1,0,1,0
0,1,1,0,0,0,0,1,0,1,0,1,1,0,0,0,1,1,0,0,0,1,1,1,1,1,1,1,1,1,0,0,1,0,1,0,0,1,1,0,1,1,0,1,1,1,1,0,1,0,1,0,1,0,0,1,0,0,1,0,0,1,1,0,1,0,0,0,0,1,0,0,0,1,1
1,0,0,1,0,0,0,1,0,1,0,1,0,0,1,0,1,1,0,0,1,1,1,1,0,0,0,1,1,0,0,1,0,0,0,1,0,0,1,0,0,1,0,1,0,1,1,1,0,1,1,1,1,1,1,1,0,1,0,1,0,0,1,0,0,0,1,1,1,1,0,0,1,1,0
0,1,0,1,0,0,1,0,1,0,0,0,1,0,1,1,1,1,1,1,0,0,1,1,0,1,1,1,1,0,1,1,0,1,1,1,1,0,1,0,1,0,1,1,1,0,0,0,0,0,1,0,1,0,1,1,0,1,1,0,1,1,1,0,0,1,0,1,1,1,1,0,0,1,0
1,0,0,1,1,1,1,1,0,0,1,1,0,0,1,1,1,1,1,1,0,0,1,1,0,1,1,0,0,0,1,1,0,0,1,1,0,0,0,1,0,0,0,1,0,0,0,0,1,1,0,0,0,1,0,1,0,0,1,1,0,1,1,0,1,0,0,0,0,1,0,1,1,1,1
1,1,1,1,1,0,0,1,0,0,0,1,0,0,0,1,0,1,0,0,0,0,1,1,0,0,1,0,0,1,1,1,1,0,1,0,0,0,0,0,1,1,0,1,0,1,0,0,0,1,0,1,1,0,0,1,0,1,0,0,0,0,1,0,1,1,1,0,1,1,0,0,1,0,0
1,0,1,0,1,1,0,1,0,0,0,0,1,0,0,1,1,1,1,0,1,0,0,1,1,0,1,1,0,1,1,0,0,0,0,0,0,0,1,0,1,1,1,1,0,1,0,0,1,1,1,1,1,0,1,0,1,0,0,1,0,1,0,0,1,0,1,1,0,1,1,0,0,1,0
1,0,0,1,1,1,0,1,1,1,1,1,0,0,0,1,0,1,0,0,1,1,0,1,0,0,1,1,0,0,1,1,0,0,0,1,1,0,1,1,1,0,0,1,0,1,1,1,0,1,1,1,1,0,1,0,1,0,1,0,0,0,1,1,0,0,1,1,1,1,0,0,1,1,0
0,0,1,1,1,1,0,1,0,1,0,0,0,1,0,1,1,0,0,0,1,1,0,1,1,1,1,0,1,0,1,0,1,0,0,1,1,1,0,1,0,0,1,1,0,1,0,0,1,0,0,1,1,0,0,0,0,1,1,1,0,0,1,0,1,0,1,0,1,1,1,1,0,1,1
0,1,1,0,0,0,0,1,1,1,1,1,0,1,1,0,1,0,0,0,1,1,0,1,0,0,1,1,0,1,1,0,0,1,1,1,1,1,0,1,1,0,0,1,1,1,0,0,0,1,1,0,1,1,0,1,0,1,1,0,0,1,1,0,1,0,0,1,1,0,0,0,0,1,0
1,0,0,1,0,0,0,1,1,1,1,1,0,0,1,0,1,1,1,0,0,1,1,1,1,1,0,1,0,1,1,1,0,0,1,1,1,1,0,1,1,0,1,1,0,1,1,0,1,0,1,0,1,0,1,0,1,1,0,1,1,0,0,0,0,0,1,1,1,1,1,1,0,1,0
1,1,1,1,1,0,0,0,0,0,0,1,1,1,0,1,1,1,0,1,0,1,0,1,0,1,1,1,1,1,1,1,1,0,1,0,1,0,1,0,1,1,0,1,1,1,0,0,1,1,1,1,1,0,1,1,0,1,0,0,0,1,0,0,0,1,0,1,1,1,1,0,0,1,0
1,0,0,0,1,0,1,1,1,0,0,1,1,1,1,0,1,0,0,0,0,1,0,0,0,1,0,1,0,0,1,1,0,0,1,0,1,0,0,0,0,0,0,1,0,1,0,1,0,0,1,1,1,0,1,0,1,1,0,1,0,1,1,0,0,1,0,1,1,1,1,0,0,1,0
0,0,0,0,0,1,1,1,0,0,1,1,1,1,0,1,0,1,0,0,0,1,1,1,1,1,1,1,0,0,1,1,1,0,1,0,0,1,1,0,1,1,0,1,0,1,0,0,1,0,1,0,1,0,0,1,0,1,1,0,1,0,0,1,1,0,0,0,0,0,0,0,0,1,0
1,1,1,1,0,0,1,1,0,1,1,1,0,0,0,0,1,0,0,0,1,1,0,1,1,0,1,0,1,0,1,0,1,0,1,1,0,1,0,1,1,1,0,1,0,1,1,0,0,1,1,1,1,1,0,1,0,0,0,0,1,0,1,1,1,0,1,1,1,1,0,1,0,1,1
1,0,0,1,1,1,0,0,0,0,0,1,0,0,1,0,1,0,0,0,1,1,1,1,0,0,1,0,0,1,1,1,0,0,0,1,0,0,0,1,1,0,1,1,0,1,0,0,1,1,1,0,1,0,0,0,0,1,1,1,0,0,1,1,0,0,0,1,1,1,1,1,0,1,0
1,1,1,1,0,0,0,0,1,1,0,1,0,0,0,0,1,0,0,0,0,1,1,1,1,0,1,1,1,0,1,0,0,0,0,0,0,0,1,0,0,0,0,1,0,1,1,1,1,0,1,1,1,1,0,1,1,0,0,0,1,1,0,0,1,1,1,1,1,1,1,0,0,1,0
1,1,1,1,1,0,0,1,0,1,0,1,1,0,1,1,1,1,0,0,0,1,0,1,0,1,1,0,0,1,1,1,0,1,1,1,0,0,0,1,1,0,1,1,0,1,0,0,0,1,0,1,0,1,0,1,0,0,0,0,0,0,1,0,0,1,0,1,1,1,1,1,0,0,1
1,0,0,0,1,0,0,0,1,0,0,1,0,0,0,1,0,1,0,0,0,0,0,1,1,1,1,1,1,1,1,1,1,0,1,0,1,0,1,0,1,0,1,1,0,1,1,1,0,1,1,1,1,0,1,0,1,1,0,1,0,1,1,0,1,1,0,0,1,1,1,0,1,1,0
0,0,1,0,1,1,1,1,0,1,0,1,0,0,1,0,0,0,1,0,1,1,1,1,0,1,1,1,1,0,1,1,1,0,1,1,0,0,0,1,1,1,1,1,1,0,0,1,1,1,1,0,1,0,0,1,1,0,0,1,1,1,0,0,1,0,0,0,1,1,1,1,0,0,0
1,0,1,0,0,1,0,0,0,1,0,1,0,0,0,1,1,1,0,0,0,1,0,0,0,1,0,0,1,0,0,0,1,0,0,0,1,1,1,0,1,0,0,1,0,0,1,0,0,0,1,1,1,1,0,1,0,0,1,1,1,0,1,1,1,0,0,0,1,1,0,0,1,1,0
0,0,0,0,0,0,0,1,0,0,0,0,0,0,0,1,0,1,1,0,1,1,0,1,1,0,1,0,1,0,1,1,0,0,0,0,0,1,0,0,0,0,1,1,0,1,0,1,0,0,1,1,1,1,0,0,1,0,0,0,0,0,0,1,1,1,1,0,0,1,1,0,1,1,0
1,1,1,1,1,1,0,1,0,0,1,0,1,0,1,1,0,0,0,1,0,1,1,1,1,0,1,1,1,0,0,0,0,0,1,1,0,0,0,1,1,0,0,1,1,1,0,0,0,1,1,1,0,1,0,1,0,1,0,1,0,0,1,0,1,0,1,1,0,1,0,0,0,1,1
1,0,0,0,1,0,0,1,1,0,0,1,0,0,0,0,1,1,1,1,0,0,1,1,0,0,1,1,1,0,0,0,1,0,1,0,0,0,0,1,0,0,1,1,0,0,1,1,0,0,1,1,1,1,0,0,0,1,1,1,1,0,1,0,1,0,1,1,1,1,1,0,0,1,0
0,0,0,1,0,0,0,1,0,1,0,0,1,0,1,1,1,1,0,1,1,1,0,1,0,0,1,0,1,1,1,1,0,0,0,1,0,1,0,0,0,1,1,1,0,1,1,0,1,1,0,1,1,0,1,1,0,1,0,1,0,0,1,0,1,0,1,0,1,0,1,0,0,1,0
1,0,0,1,1,0,0,1,0,1,0,1,1,0,0,1,1,1,1,0,0,0,0,1,1,1,1,0,1,1,1,1,1,0,0,0,1,1,0,1,0,0,1,1,1,0,1,1,0,0,1,1,1,0,1,1,1,0,0,1,1,0,0,0,1,0,0,0,1,1,1,0,1,1,0
1,0,0,0,0,1,1,0,0,1,0,1,1,0,0,1,1,0,1,0,1,0,1,1,1,1,1,1,1,1,0,0,1,0,1,0,1,0,1,0,1,1,0,1,1,0,0,0,0,0,1,0,1,0,1,1,0,0,0,1,0,0,1,0,1,1,0,0,1,1,1,1,1,0,0
1,0,1,1,0,0,0,1,0,0,1,0,0,0,1,1,1,0,0,1,0,0,0,1,1,0,1,1,1,0,1,0,0,0,0,0,0,1,1,0,1,0,0,1,0,1,0,0,1,0,1,0,1,1,0,0,0,1,1,1,0,1,1,0,0,0,0,1,0,0,0,0,0,0,0
0,0,1,1,1,0,0,1,0,0,1,0,0,0,0,1,1,0,0,0,0,1,0,1,0,1,1,0,1,0,0,0,1,1,0,0,0,0,1,0,1,0,0,1,0,1,0,0,1,1,0,1,1,1,0,1,0,0,0,1,0,0,1,0,1,0,1,1,1,0,0,1,0,1,1
1,0,1,1,0,1,0,1,1,0,0,1,0,1,1,1,0,0,0,0,1,1,0,1,1,0,1,0,0,0,1,0,0,0,0,1,0,1,0,1,0,1,0,1,0,1,0,0,0,1,1,0,1,1,0,1,0,0,0,1,0,1,0,1,0,0,0,0,0,1,0,1,1,1,0
0,0,0,0,0,0,0,0,1,1,0,1,1,0,0,1,1,1,0,1,1,1,0,1,1,1,1,0,1,1,1,0,0,1,1,0,0,0,1,0,1,1,0,1,1,1,1,0,1,0,0,1,0,1,0,0,0,0,1,0,1,0,1,0,1,1,1,0,0,1,0,1,1,1,0
1,1,0,1,0,0,0,1,0,0,1,0,0,0,0,1,0,0,1,0,1,1,0,1,0,0,1,1,0,0,0,0,0,0,1,1,1,0,0,0,0,1,0,1,1,0,0,0,0,1,1,1,0,1,1,1,0,1,0,1,0,0,0,0,1,0,1,0,0,1,0,0,0,1,0
1,0,0,1,0,1,0,0,0,0,0,1,0,0,0,1,1,1,0,0,0,1,0,1,1,1,0,1,1,0,1,0,1,0,1,1,1,1,0,1,1,0,1,1,0,1,1,0,0,0,1,0,1,1,0,0,0,0,0,1,0,0,1,0,0,1,0,1,1,1,1,0,1,1,0
0,0,0,0,1,0,0,1,0,1,1,1,1,0,1,0,1,0,0,1,0,1,1,1,0,1,0,0,1,1,1,0,0,0,0,0,0,0,1,0,1,1,0,1,0,1,0,1,0,0,1,0,1,0,1,1,1,0,1,0,1,1,1,0,0,0,0,1,0,1,1,0,1,1,0
1,1,0,0,0,1,0,1,0,1,1,1,0,0,1,1,0,1,0,0,0,0,0,1,1,1,1,0,0,1,0,0,0,1,1,1,1,0,0,1,0,0,0,1,1,1,0,1,0,1,1,1,1,1,1,1,1,0,0,0,0,0,0,0,0,0,0,1,1,1,0,1,0,0,0
0,0,0,0,0,1,1,1,0,1,1,0,0,0,0,1,1,0,0,1,0,1,0,0,0,0,1,1,1,1,1,1,1,0,0,1,0,1,0,1,1,0,0,1,0,0,0,1,0,1,1,1,1,1,0,0,1,1,1,0,1,0,1,0,1,0,0,0,0,1,0,1,0,1,0
1,0,0,0,1,1,0,1,0,0,0,0,0,0,0,1,1,0,1,0,1,1,1,1,1,0,1,1,1,1,1,1,1,0,1,1,0,0,1,1,0,0,1,1,0,0,0,1,1,1,1,1,1,1,0,1,1,0,1,1,0,0,1,1,1,0,0,1,1,1,1,1,0,1,0
1,0,1,1,1,0,0,1,0,0,1,0,1,0,0,1,1,0,0,1,1,1,0,0,0,1,1,0,0,1,1,0,0,1,1,0,0,1,1,0,1,0,1,1,0,1,0,1,0,0,1,1,1,0,0,1,0,1,1,0,0,0,1,0,0,1,1,1,0,1,0,1,1,1,1
1,0,0,1,0,0,0,1,1,0,1,1,1,0,1,1,0,1,0,0,0,1,0,1,0,0,0,0,1,1,0,1,1,0,0,1,1,0,0,1,1,1,0,1,0,1,1,0,0,1,0,0,1,0,1,1,0,1,1,1,0,1,1,1,1,0,0,0,0,1,0,1,0,1,0
1,0,1,1,0,0,0,0,0,0,0,1,1,0,0,0,1,0,1,1,0,1,1,1,0,0,1,0,1,1,1,1,1,0,0,0,0,1,0,0,1,1,1,1,0,1,0,1,1,0,1,1,1,1,0,1,1,1,0,0,0,1,0,0,0,1,0,0,1,1,0,1,0,1,0
0,0,0,0,1,0,1,1,0,1,0,0,0,1,0,1,1,1,0,0,0,0,0,0,1,0,1,1,0,0,0,1,1,0,1,1,1,0,0,1,1,0,1,1,0,1,0,0,0,1,1,1,1,1,0,1,0,0,0,0,0,0,1,0,0,0,1,0,0,0,0,0,0,0,1
1,1,0,0,1,1,1,1,0,1,1,0,1,0,0,1,1,0,0,0,1,1,0,1,0,0,1,0,1,0,0,1,1,0,0,1,1,0,0,1,1,0,1,1,1,1,0,1,0,0,1,1,1,0,0,1,1,0,1,1,0,1,1,0,1,0,1,1,1,1,1,1,0,1,0
0,0,1,1,1,0,0,1,0,0,1,0,1,0,1,0,0,1,0,1,1,1,0,1,1,1,0,0,1,0,1,1,0,0,1,1,0,1,0,0,1,1,0,1,1,1,0,0,0,1,1,0,1,1,0,0,0,0,0,0,0,1,1,0,0,0,1,0,1,1,0,1,0,0,1
1,1,1,0,0,1,0,1,0,1,0,0,1,0,0,1,1,1,1,0,1,1,1,1,0,1,1,0,1,0,0,1,1,0,0,1,0,1,0,1,1,0,0,1,1,0,0,0,0,0,1,1,1,1,0,1,0,1,1,1,0,0,0,0,1,0,0,1,1,1,0,1,0,1,0
1,1,1,0,0,1,0,1,0,1,0,1,0,0,0,0,1,1,0,1,1,1,0,1,1,0,1,1,1,1,0,0,1,0,1,0,1,0,1,0,1,1,0,1,1,0,0,0,0,1,1,1,1,0,0,1,0,0,0,0,1,1,1,1,1,0,0,0,1,1,0,0,0,1,0
1,0,1,1,0,0,0,1,0,1,1,1,0,1,0,1,1,0,0,1,0,0,0,1,1,1,1,0,0,1,0,0,1,1,1,0,1,0,1,0,1,1,0,1,1,0,0,1,0,1,1,0,1,0,0,1,1,0,0,1,0,0,1,0,1,1,0,0,0,1,1,0,1,1,0
1,0,0,1,0,0,0,0,1,0,0,0,0,0,1,1,1,0,0,1,1,0,1,1,0,0,1,0,1,1,1,0,1,1,0,0,1,0,1,0,1,1,0,1,0,1,0,0,0,1,1,0,1,1,0,0,0,0,0,0,0,1,0,0,0,1,1,0,1,1,0,1,1,1,1
1,1,1,0,0,0,0,1,1,1,0,1,0,0,1,1,1,0,0,0,0,0,1,1,0,0,0,0,1,1,0,0,1,0,0,0,1,1,0,1,1,0,0,1,0,1,1,0,0,1,1,1,1,1,0,0,0,0,1,1,1,1,1,0,1,0,0,0,1,1,0,1,1,1,1
1,0,1,1,0,1,0,1,0,1,1,1,0,0,0,1,1,0,0,1,0,0,0,0,0,1,1,1,1,1,0,1,1,0,1,0,0,0,1,0,1,0,0,1,1,0,0,1,0,0,1,0,1,1,0,1,1,0,1,1,1,1,0,0,1,0,0,0,1,1,0,1,1,0,0
1,1,1,0,0,0,0,1,0,0,1,1,0,0,1,1,1,1,1,0,1,1,0,1,0,0,1,1,1,0,0,1,0,0,1,1,1,0,1,0,1,0,0,1,1,1,1,0,0,1,1,1,1,0,0,0,0,1,0,1,0,1,1,0,0,0,1,1,1,1,1,1,1,1,0
0,1,0,1,1,0,0,1,0,0,0,0,1,0,0,0,1,0,0,0,1,1,1,1,1,1,1,1,1,0,1,1,1,0,1,0,0,0,0,0,1,1,1,1,1,1,0,1,0,0,0,0,1,0,1,0,1,1,0,1,0,0,1,0,0,0,0,1,1,1,1,1,0,1,0
1,0,0,1,1,0,0,1,0,1,1,0,0,1,0,0,1,0,0,0,1,1,0,1,1,0,0,0,1,1,1,1,1,0,0,1,1,1,1,0,1,1,0,1,1,0,0,1,0,1,1,1,1,1,0,1,0,1,1,1,1,0,1,0,0,1,0,0,1,1,0,1,0,0,0
0,0,0,1,0,0,0,0,0,0,1,1,0,0,0,1,1,1,0,0,0,1,0,1,0,0,1,1,1,1,1,0,1,1,0,0,0,1,0,0,1,1,0,1,1,1,1,1,1,0,1,1,1,1,0,1,1,1,0,0,0,1,0,1,0,1,0,1,1,0,0,0,0,1,0
1,1,1,1,1,1,0,1,1,1,1,0,0,0,0,0,1,1,0,0,0,1,0,0,0,0,0,0,0,0,0,1,1,0,1,1,0,1,0,0,0,1,0,1,1,1,0,1,0,0,1,1,1,1,0,1,1,0,1,1,0,1,1,1,1,0,1,0,1,1,1,1,0,0,0
1,1,1,1,0,1,0,1,0,1,1,0,0,0,1,0,0,1,0,0,0,0,1,1,1,0,1,0,0,1,0,1,0,0,1,0,1,0,0,1,0,0,0,1,1,1,0,0,0,1,1,0,1,1,0,1,1,0,1,1,0,1,1,0,0,1,1,1,1,1,1,1,0,1,0
0,0,1,0,0,0,0,1,0,1,1,1,1,0,1,1,0,1,1,0,1,1,0,1,0,1,1,0,0,0,1,1,0,0,0,0,1,1,1,0,1,0,1,1,1,0,0,0,1,0,1,1,1,0,1,1,0,1,1,1,1,1,1,0,1,0,1,1,0,0,1,0,0,1,1
1,1,0,1,1,1,0,1,0,1,0,0,0,0,1,1,1,1,0,0,0,0,0,1,1,1,1,0,0,0,0,0,0,0,1,1,0,0,0,1,1,0,0,1,1,1,1,0,0,0,1,1,0,0,1,1,0,1,0,1,0,0,1,0,1,0,1,1,1,0,0,1,0,1,1
1,0,0,1,0,1,1,1,0,1,0,1,0,0,0,0,0,0,0,0,0,1,1,1,0,0,0,1,0,0,1,0,1,0,1,0,0,0,1,0,1,1,0,1,0,0,1,1,0,0,1,1,1,0,1,0,0,1,0,0,1,0,1,0,0,0,0,1,1,1,0,1,1,1,0
1,1,1,0,1,0,0,1,0,1,0,1,1,1,0,0,1,1,1,1,1,1,0,0,1,0,1,0,0,0,1,0,1,0,0,1,1,0,0,1,0,1,0,1,0,1,1,1,0,0,0,1,1,0,0,1,1,0,0,1,1,1,0,0,1,1,1,1,0,1,1,0,1,1,1
1,1,0,1,1,1,0,1,0,1,1,1,1,0,0,1,1,1,1,0,0,1,1,1,0,0,0,0,1,0,0,0,1,1,0,0,0,0,1,0,1,1,0,1,1,0,1,0,1,1,0,0,1,0,0,0,0,1,1,1,1,0,1,1,1,0,0,0,0,1,0,1,0,0,1
1,0,1,1,0,0,0,0,0,1,0,0,0,0,1,0,1,1,1,0,1,0,0,1,0,1,1,0,0,1,1,1,0,1,0,1,0,0,1,1,1,1,0,1,1,1,0,1,0,1,0,1,1,1,1,1,1,1,1,1,0,0,1,0,0,1,1,1,0,1,0,1,0,1,1
0,1,1,1,1,0,0,1,0,0,1,1,0,1,1,1,1,1,0,0,0,1,1,1,1,0,1,1,1,0,1,1,1,0,1,1,0,0,0,1,1,1,0,1,0,0,1,1,0,1,1,1,1,0,0,1,0,0,0,1,1,1,1,0,1,1,0,0,1,0,0,1,1,1,1
1,0,0,0,0,0,1,1,0,1,0,1,0,0,0,1,1,0,0,0,1,1,1,1,1,1,1,0,1,1,1,0,0,0,1,1,0,0,0,1,1,1,0,1,1,1,0,0,0,1,1,0,1,1,0,1,0,1,0,0,0,0,1,0,1,1,0,0,1,0,0,0,0,1,1
0,0,1,0,0,1,0,1,1,1,1,0,0,0,0,0,0,0,0,0,1,1,0,1,0,0,0,1,1,1,0,1,1,1,1,1,1,0,0,1,1,0,0,1,0,1,0,0,0,1,1,1,1,0,1,1,0,0,1,1,0,1,1,0,1,0,1,1,1,1,1,1,1,1,0
1,0,1,0,1,1,0,1,1,1,0,1,0,0,0,1,1,0,0,0,1,1,0,0,0,1,0,1,0,0,0,0,0,0,1,0,0,1,1,0,1,0,0,1,1,1,0,1,0,1,1,1,0,1,0,0,1,1,1,0,0,1,1,1,0,0,0,0,1,0,0,1,0,1,0
1,1,0,0,0,0,0,1,0,1,1,1,0,0,0,1,1,0,0,0,1,1,0,1,0,1,1,0,1,0,0,0,1,0,0,0,0,0,1,0,1,0,0,1,0,1,0,0,0,1,1,1,1,0,1,0,1,0,1,1,0,0,1,0,1,1,0,1,1,1,0,1,1,1,1
1,0,0,1,1,0,0,0,0,0,0,1,0,0,0,0,1,1,0,0,1,1,0,1,0,0,1,1,1,1,1,1,1,0,0,0,1,1,0,1,1,0,0,1,0,1,1,0,0,1,0,0,1,0,1,0,0,1,1,0,0,0,0,0,1,1,1,1,0,1,0,1,1,1,1
1,0,0,0,1,1,0,0,1,1,0,1,0,0,0,0,1,0,1,0,0,1,0,1,0,1,1,1,1,0,1,0,1,0,1,0,1,0,1,0,1,1,0,1,0,1,0,0,0,0,1,0,1,1,0,1,0,1,1,0,0,1,1,0,0,1,1,1,0,1,0,1,1,1,0
1,1,1,1,0,0,0,1,0,0,0,0,0,0,0,1,0,0,0,1,1,0,1,1,0,0,0,1,1,1,0,1,1,0,0,0,1,1,1,0,1,0,0,1,1,1,1,0,0,1,1,1,1,1,0,1,1,1,1,0,0,1,1,0,0,0,1,0,1,1,0,1,1,1,0
1,0,0,0,0,0,0,1,1,0,1,0,1,0,1,1,1,0,0,1,0,1,0,1,1,1,0,0,0,1,1,0,0,0,1,0,0,0,1,0,1,0,1,1,0,1,0,0,1,1,1,1,1,0,0,1,0,0,0,0,0,0,0,1,1,0,0,0,1,1,0,0,0,1,0
1,0,0,0,0,0,0,0,0,0,0,1,1,0,1,1,1,1,0,1,1,1,1,1,0,0,1,0,0,0,1,0,0,0,1,0,1,1,0,0,1,0,1,1,1,1,0,0,0,0,1,0,1,1,0,1,0,1,0,0,1,1,1,1,1,1,0,1,1,0,1,0,1,0,0
1,1,0,1,0,0,0,1,1,1,0,1,1,0,1,0,1,0,0,0,1,1,0,1,0,0,1,1,1,1,1,1,0,0,1,1,1,0,0,1,1,0,0,1,0,1,1,1,1,1,1,1,0,1,0,0,1,1,0,0,0,0,1,0,1,0,0,0,0,1,0,0,1,0,0
1,0,1,0,0,0,0,1,0,0,0,1,1,1,1,0,0,0,0,0,1,0,0,1,0,1,1,0,0,1,1,1,0,0,1,1,1,1,1,1,1,0,0,1,1,0,0,0,0,1,1,1,1,0,0,1,0,0,1,0,0,0,0,0,1,0,1,0,1,1,0,1,1,0,0
1,1,0,1,1,0,0,1,1,0,0,1,0,0,0,1,1,1,1,0,0,0,0,1,0,1,1,0,0,1,0,1,1,0,1,0,1,1,1,0,1,0,1,1,1,0,0,0,0,0,0,1,1,1,1,1,1,1,0,1,0,1,1,0,1,1,0,1,1,0,1,1,1,1,0
1,1,0,1,1,1,0,1,1,1,0,0,0,0,1,1,1,0,1,1,1,1,0,1,1,1,1,0,0,1,0,0,0,1,1,1,1,0,0,1,1,1,0,0,1,1,0,1,1,1,0,1,1,0,1,1,1,1,0,0,0,0,1,0,1,0,0,0,0,1,0,1,0,1,0
1,1,0,1,0,1,0,1,0,1,0,1,0,0,0,1,1,0,1,1,1,1,0,0,0,1,1,1,0,1,1,0,1,0,1,0,0,0,0,1,1,0,0,1,1,0,0,1,0,1,1,0,1,0,1,1,1,1,1,0,0,0,1,1,1,0,0,0,1,1,0,1,0,0,0
1,1,0,0,1,1,0,1,0,0,0,1,0,1,1,0,0,1,0,0,1,1,0,1,0,1,0,1,1,1,0,0,0,0,0,0,1,1,1,0,1,1,0,1,1,1,0,0,0,1,1,1,1,0,0,1,1,1,0,0,1,0,0,1,1,0,0,0,0,1,0,0,0,1,1
1,0,0,0,0,1,0,1,0,1,1,1,0,0,1,0,1,0,1,0,1,1,0,0,1,0,1,1,0,1,1,0,1,0,1,1,0,1,1,1,1,1,1,0,0,1,0,0,0,1,1,1,1,0,0,0,0,1,1,1,0,0,1,1,0,0,1,1,1,1,1,0,1,1,1
1,0,0,0,1,1,0,1,1,1,1,1,1,0,0,1,1,1,0,0,0,1,1,1,1,0,1,1,1,0,1,0,1,0,1,1,0,0,0,1,1,0,0,1,1,1,1,0,0,0,0,0,1,0,1,1,0,1,1,1,1,1,1,0,1,0,0,0,0,1,1,0,0,1,0
1,0,0,1,1,1,1,1,0,1,1,1,0,0,0,1,1,0,0,0,0,1,1,1,0,1,1,1,1,0,1,0,1,0,1,1,0,0,1,1,1,1,1,1,0,0,0,0,0,1,0,0,1,0,1,1,0,1,0,1,0,0,0,1,1,0,1,0,1,1,1,1,1,1,0
1,0,0,0,1,1,0,0,1,0,0,0,1,0,1,1,1,0,1,0,1,1,1,1,1,1,0,0,0,1,1,0,0,0,0,0,1,1,1,0,0,0,1,1,0,1,1,1,0,0,1,1,1,0,1,0,1,0,1,1,1,0,0,0,0,0,0,0,0,1,1,1,0,1,1
1,0,1,0,0,0,0,1,1,0,0,0,0,0,1,1,0,0,1,1,0,1,0,0,0,1,1,0,1,1,1,0,1,0,1,0,1,1,0,0,1,0,1,1,1,0,0,0,1,1,1,1,1,1,0,0,0,0,1,0,0,0,1,0,1,0,1,0,0,1,1,1,0,0,1
1,0,1,1,1,0,1,1,1,0,1,1,1,0,0,1,0,1,1,0,1,1,1,1,1,1,1,0,1,1,1,0,1,0,1,0,1,1,1,0,1,0,0,1,0,1,1,0,0,0,1,0,1,0,1,0,0,0,1,0,1,1,1,0,1,0,0,0,1,1,0,0,0,0,0
1,0,0,0,0,1,0,1,0,1,0,1,1,0,1,1,1,1,0,0,0,1,0,1,0,0,1,1,0,1,1,0,0,0,0,1,0,0,1,0,1,1,0,1,1,1,1,1,1,0,1,1,1,1,0,1,1,1,1,0,1,1,1,0,1,0,0,0,0,1,0,1,0,1,0
0,1,1,1,1,1,0,1,1,1,0,1,1,1,0,1,1,1,1,0,1,1,0,1,0,1,1,0,1,0,0,0,1,0,1,0,0,0,1,0,1,0,0,1,1,0,0,0,0,0,0,1,1,0,0,1,0,1,1,1,1,1,0,1,1,1,0,0,1,1,0,1,1,1,0
1,0,0,0,1,0,0,1,1,1,0,1,1,1,0,1,1,1,1,1,1,0,0,1,1,1,0,0,1,1,1,1,1,0,1,1,1,0,1,1,1,0,1,1,0,1,1,1,1,0,1,1,1,1,0,0,1,0,1,1,1,0,0,0,0,0,1,1,0,1,1,0,0,0,1
1,1,0,1,1,1,0,1,0,0,1,1,0,0,0,0,1,1,0,0,1,0,0,0,1,1,1,1,0,0,1,1,1,0,0,1,0,0,0,1,0,0,1,1,1,1,0,1,0,1,0,0,1,1,0,0,1,0,0,0,1,0,1,0,0,0,0,1,1,1,1,0,0,1,1
1,1,1,1,0,0,0,1,0,1,1,1,0,0,1,1,1,0,0,0,0,1,0,1,1,0,1,0,0,0,0,1,0,0,1,1,1,0,1,0,0,1,0,1,1,1,0,0,1,1,1,1,1,0,0,1,1,1,0,1,0,1,1,0,0,0,0,1,0,1,1,1,0,0,0
0,1,0,1,0,0,0,1,0,1,1,1,0,0,0,0,1,0,0,0,0,0,0,0,0,0,1,1,0,0,0,1,1,0,1,0,1,0,1,0,1,0,0,1,1,0,1,1,0,0,1,1,1,0,0,1,1,0,0,0,0,1,1,0,1,1,0,1,1,1,0,0,1,1,1
1,0,1,1,0,0,1,1,0,0,1,0,0,0,0,1,1,0,0,0,0,1,1,1,1,1,1,1,1,0,1,1,1,1,0,0,1,1,1,0,1,0,0,1,0,1,0,0,0,1,0,0,1,0,1,1,0,0,0,0,0,0,0,1,0,1,0,0,0,1,0,1,0,1,0
1,1,0,1,0,0,0,1,1,0,1,1,0,0,0,1,1,1,1,1,1,1,0,1,0,1,0,1,0,1,0,1,1,0,0,1,1,0,0,1,1,0,1,0,1,0,0,0,1,0,1,0,1,0,1,1,0,1,0,1,1,1,0,1,0,1,0,1,0,1,1,1,0,1,0
1,1,1,1,0,1,0,1,0,1,0,0,0,0,1,0,0,1,1,1,1,1,0,1,1,1,1,1,0,0,1,1,0,0,1,1,0,1,1,0,1,1,1,1,1,0,1,0,1,1,1,1,1,0,0,1,0,0,0,1,1,0,1,0,0,0,1,0,1,1,1,0,0,1,0
1,0,1,0,1,1,0,1,0,1,0,1,1,0,0,1,0,0,1,1,0,1,0,0,1,1,1,1,1,0,1,1,1,0,1,0,0,0,0,0,1,0,0,1,0,0,0,1,1,0,1,1,1,0,1,1,1,1,0,0,0,0,1,0,1,0,0,1,1,1,0,0,0,1,0
1,0,1,1,0,1,0,0,0,1,0,1,0,0,1,0,0,1,0,0,1,0,0,1,0,0,1,1,1,0,1,0,0,0,1,0,0,0,1,0,1,0,1,1,0,0,0,0,1,1,1,1,1,0,1,1,0,1,0,0,1,1,1,1,0,1,1,1,1,1,0,0,0,1,0
1,0,0,0,0,1,0,1,0,0,1,0,0,0,1,1,1,0,0,0,1,0,0,0,0,0,0,1,1,0,1,0,0,1,1,1,0,0,1,0,1,1,0,1,0,0,0,1,1,1,1,1,1,0,1,1,1,1,0,0,1,1,1,0,0,1,1,1,0,1,0,0,0,1,1
0,0,1,1,1,1,0,1,0,1,0,1,1,0,0,1,0,1,1,0,1,1,0,1,1,0,1,0,0,1,1,1,1,0,1,1,1,1,1,0,1,1,1,1,0,0,0,1,1,0,1,1,1,1,0,0,1,1,0,1,1,0,1,0,0,0,0,1,1,1,1,1,0,1,0
0,0,1,1,0,0,0,1,1,0,1,1,0,0,1,0,1,1,0,0,0,0,0,1,1,0,0,1,1,1,1,1,1,0,1,1,1,1,1,0,1,1,1,1,1,0,1,0,0,1,0,1,1,1,1,1,0,1,1,0,1,0,1,0,1,0,0,0,0,0,1,0,0,1,0
1,0,1,1,0,1,0,1,1,0,0,1,0,0,0,1,1,0,1,0,0,1,0,0,1,0,1,0,0,0,1,0,1,0,1,1,0,0,0,1,1,0,0,1,1,1,0,0,1,1,1,1,1,1,0,1,0,1,0,1,0,1,1,0,1,1,1,1,0,1,1,1,0,1,1
1,0,1,0,0,1,0,0,0,0,0,1,0,0,0,1,1,0,0,1,0,1,0,0,0,1,0,0,1,0,1,1,1,1,0,0,0,0,1,0,1,1,0,1,0,1,1,1,0,1,1,0,1,0,1,1,1,1,1,0,0,1,1,1,0,1,1,0,1,1,0,1,0,1,0
1,0,1,1,1,1,0,1,0,1,0,0,1,0,0,1,1,0,0,0,1,0,1,1,1,1,1,1,1,0,1,0,1,0,1,1,0,1,0,1,1,0,0,1,0,1,0,1,1,0,1,1,1,1,0,1,1,1,0,1,0,1,1,0,0,0,1,1,0,1,0,0,0,1,0
1,1,1,0,0,0,0,0,0,0,0,0,0,0,0,1,0,0,0,1,0,1,1,1,0,1,1,0,1,1,0,0,1,0,1,0,0,0,0,1,1,1,0,1,1,1,1,0,0,1,1,0,1,1,0,0,1,0,0,1,0,0,1,0,1,0,0,0,1,1,0,1,0,1,0
1,0,1,1,1,0,0,0,0,0,0,1,0,0,0,0,1,1,1,0,1,0,0,1,1,1,0,0,1,1,0,0,0,0,0,1,1,0,1,0,1,1,0,1,0,0,0,1,1,0,1,0,1,1,0,1,0,1,1,1,1,1,0,0,0,1,1,0,0,1,1,0,0,1,1
0,0,0,1,1,0,0,1,0,1,1,1,0,0,1,1,0,0,1,1,0,1,0,0,1,1,1,1,1,1,0,1,0,0,0,1,1,0,0,1,0,1,0,1,0,1,1,0,1,1,1,1,1,0,1,1,1,1,0,0,1,1,0,1,1,0,1,1,1,0,0,1,0,1,0
1,1,1,0,1,1,1,0,0,1,0,0,1,0,0,1,1,0,1,0,1,0,1,1,0,0,1,1,1,1,1,0,1,0,0,1,0,1,1,1,1,0,1,1,1,0,0,1,1,0,1,0,1,1,1,1,1,0,1,1,1,1,1,0,0,1,1,0,1,1,1,0,0,1,0
1,0,0,0,1,0,0,0,1,0,0,1,0,0,0,1,1,0,0,0,0,1,0,1,0,0,1,0,1,1,1,1,1,1,0,1,1,0,0,1,0,0,0,1,1,0,0,0,1,0,1,1,1,1,0,0,0,1,1,1,1,1,1,1,0,1,0,1,1,1,0,1,0,1,1
1,0,1,0,1,1,0,1,1,1,1,1,0,1,0,1,1,1,0,1,1,1,1,1,0,1,1,1,1,0,1,1,1,0,1,0,1,0,0,1,1,0,0,1,0,1,1,0,1,1,0,0,1,0,1,0,0,1,0,0,0,1,1,0,1,0,0,0,0,1,0,0,0,0,0
1,0,1,1,0,1,1,1,0,0,1,0,0,0,0,1,0,1,0,0,1,1,1,1,1,1,1,0,0,0,0,0,0,0,1,1,0,0,1,1,1,0,0,1,0,0,1,0,0,0,0,1,1,1,0,1,0,1,1,0,0,0,1,1,1,0,0,1,1,1,0,0,0,0,1
1,1,0,1,1,1,0,0,1,0,0,1,0,0,0,1,1,0,1,0,1,1,1,1,1,1,1,1,1,0,0,1,1,0,0,0,1,1,1,0,1,1,0,1,1,0,0,0,0,0,1,0,1,1,0,1,1,0,0,0,0,1,0,0,0,1,0,1,0,1,0,1,1,1,0
1,0,0,1,1,0,0,1,1,1,0,1,1,0,1,0,1,1,0,0,0,1,0,1,1,1,1,0,1,0,0,0,1,0,1,1,1,1,1,0,1,1,0,1,1,1,1,0,1,1,0,0,0,0,0,0,0,1,0,0,0,0,1,0,1,0,1,0,0,1,0,1,1,1,1
0,0,0,1,1,0,0,1,0,1,0,1,0,0,1,1,1,1,1,1,1,1,0,1,1,0,1,0,1,1,1,1,0,1,1,1,0,1,1,0,1,1,0,1,0,0,0,1,1,0,1,1,0,0,1,0,1,1,0,0,0,1,1,0,1,1,1,0,1,0,0,1,0,1,0
0,0,1,1,1,0,0,1,1,0,0,1,0,0,1,1,1,1,1,1,1,0,1,1,0,1,1,1,0,1,0,1,0,0,1,0,1,0,1,0,1,0,0,1,1,0,0,0,0,1,0,0,1,0,1,1,0,1,0,0,1,0,0,0,0,0,1,1,1,0,0,1,0,0,0
0,0,1,0,1,1,0,0,0,0,0,1,1,0,0,1,0,0,0,1,0,1,1,1,0,1,1,0,1,0,1,1,1,0,0,0,1,1,1,0,1,1,0,1,0,1,0,0,0,0,1,0,1,0,1,1,0,1,1,1,1,0,1,1,0,1,0,1,0,1,0,1,1,1,0
1,1,0,1,0,0,0,1,0,1,0,1,0,1,1,0,1,1,1,0,1,1,0,1,0,0,1,1,0,0,0,1,0,0,0,1,1,0,1,0,0,1,0,1,1,0,1,1,1,1,1,1,1,0,0,1,1,1,1,0,1,0,1,0,1,0,0,0,1,1,0,0,0,0,1
1,0,0,1,0,0,0,1,0,0,1,1,0,0,0,0,0,1,0,0,0,1,0,0,1,1,1,0,1,0,0,0,1,0,0,0,0,0,1,0,0,1,0,1,1,1,1,0,0,1,1,1,1,0,1,0,0,0,0,0,0,0,1,0,1,1,1,0,1,1,0,0,1,1,0
1,0,1,1,0,1,0,0,0,1,0,1,1,0,0,1,1,1,0,0,0,1,0,1,0,0,1,1,0,1,1,0,1,0,0,0,1,1,1,1,1,1,1,1,0,0,0,0,1,0,1,1,1,1,0,0,1,1,0,0,1,1,0,0,0,1,1,1,1,1,0,1,0,1,1
1,1,1,1,0,0,1,1,1,1,0,1,1,1,0,1,1,0,1,0,1,1,0,1,1,0,1,0,1,1,1,1,1,0,1,0,0,1,1,0,1,1,1,1,1,0,0,1,0,0,1,1,1,1,1,0,1,1,0,1,0,0,1,1,1,0,0,0,1,1,1,1,0,1,0
0,1,1,0,0,0,1,0,0,0,0,0,1,0,0,1,1,1,1,0,1,0,1,1,0,1,1,1,0,0,1,1,1,0,0,0,1,1,1,0,1,1,0,1,1,1,1,0,0,0,0,0,1,1,1,1,1,0,1,0,0,0,1,0,1,0,0,0,0,1,0,0,1,1,0
0,0,1,1,0,1,0,1,1,1,1,1,1,0,1,0,0,1,1,0,1,1,1,1,0,1,0,0,0,1,0,0,0,0,0,0,0,1,1,0,1,0,1,1,0,1,1,1,0,0,1,0,1,0,1,1,1,0,1,1,1,0,1,1,1,0,0,1,1,1,1,1,1,1,0
1,0,0,1,1,0,1,1,1,0,1,1,0,0,0,0,1,0,0,0,1,1,1,1,0,0,0,0,1,1,0,1,0,0,1,0,0,0,1,0,1,0,0,1,1,1,0,0,1,1,1,0,1,0,0,1,0,1,1,1,0,1,1,0,0,0,1,0,0,1,0,1,0,1,0
1,0,0,0,0,1,0,1,0,1,1,1,1,0,0,0,0,1,0,0,0,1,1,1,0,0,1,1,0,1,1,0,1,0,1,1,0,1,0,0,1,1,0,1,0,1,1,1,0,0,1,0,1,0,1,1,1,1,1,0,0,1,1,0,1,0,1,0,1,1,0,1,0,1,0
1,0,0,1,0,1,1,1,0,1,0,0,0,0,1,1,0,1,1,0,1,1,1,1,0,0,1,0,0,0,1,1,0,0,1,1,0,0,0,1,1,1,0,1,1,0,0,0,1,1,1,0,1,1,0,1,0,1,0,0,0,0,1,0,1,1,1,1,0,1,0,0,0,1,1
1,0,0,0,1,1,0,1,1,0,0,1,0,1,1,0,1,1,0,0,0,1,0,1,0,1,1,0,0,1,1,1,0,0,1,1,0,1,0,1,0,1,1,1,0,1,1,0,1,1,1,1,1,0,1,1,0,1,1,0,0,0,1,1,1,0,0,0,0,1,1,0,0,0,0
1,1,0,1,1,0,1,1,0,0,1,0,1,0,0,0,0,0,0,0,1,1,0,1,0,0,1,1,1,1,1,1,1,0,0,0,0,1,0,0,1,0,0,1,0,1,1,0,0,0,0,1,1,1,0,0,0,0,1,0,0,0,1,0,1,0,1,0,1,1,1,1,0,1,1
1,1,1,0,1,0,0,1,1,1,1,1,0,0,1,1,1,1,0,0,1,1,0,1,0,0,1,1,1,0,1,0,0,1,1,1,1,0,0,1,0,0,0,1,1,1,0,0,1,1,0,1,1,0,0,1,0,0,0,1,1,1,1,0,1,0,1,0,0,1,1,1,0,0,1
0,0,1,1,1,1,0,0,1,0,0,0,1,0,1,0,1,0,1,0,0,1,1,1,0,1,0,1,0,1,1,0,0,0,0,0,1,0,1,0,1,1,1,1,0,0,0,0,1,1,1,0,1,1,0,1,0,1,0,1,0,1,0,0,1,0,0,1,0,1,1,1,0,1,1
0,0,0,0,0,0,0,0,0,1,0,0,1,0,0,0,1,1,0,0,1,1,1,1,0,0,1,1,1,0,1,1,1,0,0,0,0,1,1,0,0,1,0,1,1,0,0,0,0,1,1,0,1,1,0,1,0,1,1,1,0,0,1,0,1,0,0,0,0,0,1,0,0,1,0
1,1,0,1,0,0,0,1,0,0,0,1,0,0,1,1,1,1,1,0,0,0,1,1,0,0,1,0,0,0,0,1,0,0,1,0,1,0,0,1,1,1,1,1,1,1,0,1,1,1,0,0,1,1,1,1,1,1,0,0,0,0,1,0,1,0,1,1,1,1,0,1,0,1,0
1,0,0,0,0,1,0,1,0,0,1,1,0,0,0,1,1,0,0,0,1,1,1,1,0,1,0,0,0,1,0,0,0,0,0,1,1,1,0,0,0,1,0,1,0,0,0,0,1,1,1,1,1,1,0,1,0,1,1,1,1,1,0,0,1,0,1,0,0,1,1,1,0,1,0
1,0,1,1,0,0,1,1,1,0,1,1,0,1,0,1,1,0,1,0,0,1,1,1,1,0,1,0,0,0,1,0,0,0,0,1,0,0,0,1,0,1,1,1,0,1,0,1,1,1,1,1,1,1,0,1,1,0,0,1,0,0,1,0,0,0,1,1,0,1,1,1,0,1,1
1,1,0,1,1,1,1,1,0,0,1,1,0,0,1,0,0,1,0,0,0,1,1,1,0,1,0,1,1,1,1,1,0,0,1,1,1,0,0,1,1,1,0,1,1,0,0,1,0,1,1,0,1,1,0,0,0,1,0,1,1,1,1,1,1,0,0,1,0,1,0,0,0,0,0
1,0,1,0,0,0,0,1,1,0,0,1,0,1,1,0,0,1,0,1,0,1,0,0,1,0,1,0,1,0,1,1,1,1,0,1,1,0,0,0,1,0,1,1,0,1,0,0,0,0,1,1,1,1,0,1,0,1,0,0,1,0,0,1,1,0,1,0,1,1,1,1,0,1,0
1,1,0,1,1,0,0,0,0,1,0,1,0,0,1,0,0,1,1,0,1,1,0,1,1,0,1,0,0,0,1,1,0,0,0,1,1,1,0,1,1,0,0,1,1,0,0,0,0,0,1,1,1,0,0,1,0,1,0,1,1,0,1,1,0,1,0,0,1,1,0,0,1,1,0
0,0,0,0,1,0,0,1,0,1,0,1,0,0,0,0,1,0,0,0,0,0,0,1,0,0,1,0,0,1,1,1,0,1,1,0,1,0,1,0,0,1,0,1,0,0,0,1,0,1,1,1,1,1,0,1,1,1,1,0,1,0,0,0,0,0,0,1,0,0,0,1,0,1,0
1,0,0,1,1,1,0,0,1,0,0,0,0,0,1,1,1,1,0,0,1,1,0,1,1,1,1,1,1,1,1,0,0,0,0,1,0,0,0,1,0,0,1,1,0,1,1,0,0,1,1,1,1,0,1,0,0,0,0,1,0,0,0,1,1,1,1,1,1,1,1,0,1,1,0
1,0,1,1,0,0,0,1,1,0,1,0,0,0,0,1,1,0,0,0,1,1,0,1,0,0,1,0,0,0,1,0,1,0,1,1,1,1,0,1,1,1,0,1,0,0,0,1,0,1,1,0,1,1,0,0,1,1,0,0,0,1,1,0,1,0,0,1,0,1,0,1,0,1,1
1,0,1,1,0,1,0,1,0,1,1,1,0,0,0,0,0,0,0,0,0,1,0,1,0,1,1,0,1,0,1,0,1,0,0,0,0,0,1,0,1,1,1,1,1,0,0,0,0,1,1,1,1,1,1,1,1,1,0,1,0,0,0,0,1,0,0,0,1,1,1,1,0,1,0
1,0,0,0,0,1,0,0,0,0,1,1,0,0,1,0,1,0,0,0,0,0,0,0,0,0,0,0,1,1,0,1,0,0,1,1,0,1,0,0,1,1,1,1,1,1,1,1,0,1,1,1,1,1,0,1,0,0,1,1,1,1,1,0,0,1,1,1,0,0,1,1,0,0,0
0,1,1,1,1,0,1,1,0,0,1,1,0,1,1,1,0,0,0,0,0,1,0,1,1,0,0,0,1,1,1,1,0,0,1,0,0,1,0,1,1,0,0,1,1,1,1,0,1,1,1,0,0,0,0,0,0,0,1,1,0,0,1,0,1,0,0,1,1,0,1,0,0,0,1
0,1,1,1,1,1,1,1,0,1,1,1,0,1,1,0,1,1,1,0,1,1,0,1,0,0,0,0,1,0,0,1,0,1,1,0,1,1,1,0,1,1,0,1,1,0,0,0,0,0,1,1,0,0,1,1,0,0,1,0,1,1,1,0,1,0,1,1,0,0,0,1,0,1,0
1,0,0,1,0,0,0,0,1,0,0,1,0,1,0,1,1,0,0,0,1,1,0,1,0,1,1,0,1,0,0,1,1,0,1,1,1,0,1,1,1,0,1,1,1,0,0,0,0,1,1,1,1,1,0,1,0,1,0,1,0,1,1,0,0,1,1,1,1,1,1,1,1,1,1
0,0,1,1,1,1,0,1,0,1,1,0,0,0,0,1,1,1,0,0,0,0,0,1,0,1,1,1,1,1,1,0,1,0,1,0,1,0,0,0,1,1,0,1,1,0,0,0,1,0,1,1,1,1,0,1,0,0,0,0,0,1,1,0,0,1,0,1,1,1,0,0,0,1,1
1,1,1,1,0,0,1,1,0,1,1,1,1,0,0,1,1,1,0,0,0,1,1,1,0,1,1,0,0,0,0,1,0,0,1,0,1,0,1,0,1,0,1,1,1,0,1,1,1,1,1,1,1,1,1,0,0,1,0,1,0,0,1,1,1,0,0,1,0,1,1,0,0,0,0
1,1,1,0,0,1,0,1,1,0,1,0,0,0,0,1,1,1,0,1,0,1,1,1,0,0,1,1,1,0,0,1,1,1,0,1,0,1,0,1,1,0,0,1,0,0,1,0,0,0,0,0,1,1,0,0,0,0,1,0,0,1,0,0,1,0,0,0,1,1,0,0,0,1,0
1,1,1,0,1,0,0,1,0,0,0,1,0,1,0,0,1,0,0,0,0,1,0,0,0,0,1,1,1,0,1,1,1,0,1,0,0,0,1,0,1,1,0,1,1,1,0,1,0,1,1,1,1,1,0,1,1,0,0,0,0,0,1,0,0,0,1,0,1,1,0,1,1,1,1
1,1,1,1,1,0,0,0,1,0,0,1,1,0,1,0,1,0,0,0,0,0,0,1,0,1,1,1,0,1,1,0,0,0,1,0,1,0,0,0,1,1,0,1,1,0,0,0,0,0,1,1,1,0,0,1,0,1,1,0,1,1,0,0,1,1,0,1,1,1,0,0,1,0,1
0,0,0,1,1,0,0,1,1,1,0,0,0,0,1,0,1,0,0,0,1,1,1,1,0,0,0,1,1,0,1,1,0,0,1,0,0,1,1,0,1,1,1,1,0,1,0,1,0,1,1,1,1,1,0,1,1,1,1,1,0,0,1,0,1,0,0,0,0,0,1,0,1,1,0
1,1,0,1,0,1,1,1,0,1,0,0,0,0,1,0,1,1,1,0,0,0,1,1,1,1,1,1,0,1,0,0,0,1,1,0,0,0,0,0,1,1,1,1,1,0,1,0,0,1,0,0,1,0,0,0,1,0,1,0,1,0,1,0,0,0,1,0,1,1,1,1,0,0,0
0,1,0,0,1,1,0,1,0,1,1,1,1,0,0,0,0,0,0,1,1,1,0,0,1,1,1,1,1,1,0,0,1,0,1,0,0,0,1,0,1,0,0,1,1,0,0,1,0,0,1,1,0,0,0,0,0,1,1,1,0,1,0,1,0,0,0,0,0,0,1,0,0,0,1
1,0,0,1,0,1,0,1,1,0,1,1,0,1,1,0,1,0,0,0,0,1,0,0,0,1,1,0,0,0,0,0,0,0,1,0,1,1,1,0,0,0,0,1,0,1,1,0,0,0,0,1,1,1,0,1,0,0,1,0,1,0,1,0,0,0,1,1,1,1,0,0,0,0,1
1,1,0,1,1,0,0,1,1,1,0,1,0,0,1,1,0,0,1,0,1,1,0,0,0,0,1,1,1,0,0,0,0,1,0,1,0,0,0,1,1,0,0,1,1,1,0,0,1,1,1,0,1,1,0,0,0,0,0,0,1,0,1,0,1,0,0,1,0,1,0,0,0,1,0
0,0,1,1,0,1,0,1,0,1,1,0,0,0,1,1,1,0,0,1,1,1,0,1,0,0,1,1,1,0,0,1,0,1,0,1,0,0,0,1,0,0,0,1,0,0,0,1,0,1,1,1,1,1,1,1,1,1,1,0,0,0,1,0,0,1,1,0,0,1,0,1,0,0,1
1,0,0,1,0,1,1,1,0,1,0,1,1,0,1,1,0,0,1,0,1,1,0,1,0,1,1,1,0,1,1,0,1,0,0,1,1,0,0,1,0,0,0,1,0,0,0,0,0,1,1,1,1,0,1,0,0,0,0,1,0,0,0,0,1,0,0,0,0,1,0,1,0,1,1
1,1,1,0,1,0,0,1,0,0,1,0,1,0,0,0,1,1,0,0,1,0,1,1,0,0,1,1,0,0,0,0,1,0,0,0,1,1,1,0,0,1,1,1,1,1,0,0,0,0,1,0,1,1,0,1,0,1,1,1,0,0,1,0,0,0,1,1,1,1,1,1,0,0,0
1,1,1,1,0,1,0,0,0,1,1,1,0,1,1,1,1,0,0,0,0,1,0,0,0,1,1,0,0,1,0,1,0,0,1,1,0,0,0,1,1,0,0,1,1,0,0,0,1,1,1,0,1,1,1,0,1,1,0,1,1,1,1,0,1,0,1,1,1,0,0,1,0,1,0
1,0,0,1,0,1,0,1,0,1,1,1,0,0,0,1,1,0,0,0,0,1,0,0,0,0,0,0,1,0,1,1,0,1,1,1,1,1,0,1,1,0,0,1,0,1,1,0,0,1,0,1,1,1,0,1,0,0,0,1,1,0,1,0,1,0,0,0,1,1,0,0,0,1,1
1,1,1,0,1,1,0,1,0,1,0,0,0,1,0,0,1,1,1,1,0,1,0,0,0,0,0,0,0,0,1,1,1,0,0,1,0,1,1,0,1,1,0,1,1,1,0,1,0,1,1,1,1,0,0,1,1,0,1,0,0,1,1,1,1,0,0,0,0,1,0,0,1,1,1
1,1,0,1,0,0,0,1,1,0,1,1,1,0,1,1,1,1,1,1,1,1,1,1,1,1,0,0,0,1,0,1,0,0,0,1,1,0,0,1,1,0,1,1,1,0,0,1,0,0,1,0,1,0,0,0,1,1,0,1,0,1,1,0,1,1,1,1,0,1,1,1,1,0,0
1,0,1,0,1,0,0,1,0,1,1,1,1,0,1,1,0,0,1,1,1,1,1,1,1,0,1,0,1,0,1,1,1,1,1,0,0,1,1,0,1,1,0,1,0,0,0,0,1,0,0,0,1,0,0,1,0,1,0,1,1,0,0,0,0,0,1,1,0,1,0,0,0,0,0
1,0,0,1,1,1,0,1,0,1,1,1,1,0,0,0,1,1,1,0,1,1,0,1,1,1,0,0,1,1,1,0,1,0,1,0,1,1,1,0,1,0,1,1,0,0,1,1,1,1,1,1,1,0,0,0,1,0,0,0,0,0,1,0,1,1,0,1,1,1,0,0,1,1,0
1,0,0,1,0,0,0,1,0,0,0,0,0,1,1,1,1,1,0,0,0,1,0,1,0,0,1,1,0,0,0,1,0,1,0,0,0,1,1,0,1,1,0,1,1,1,0,0,0,1,0,1,1,1,0,0,0,1,0,1,0,0,0,0,0,0,1,0,0,1,1,0,0,1,0
1,0,0,0,1,0,0,1,0,1,0,0,1,1,1,1,1,0,1,0,0,0,1,1,1,1,0,0,0,0,1,0,0,0,0,0,1,1,1,0,0,0,0,1,0,0,1,0,0,0,1,1,1,1,0,1,0,0,1,1,0,1,1,0,1,0,0,0,1,1,1,0,1,1,0
0,0,0,1,1,0,0,1,1,1,0,1,0,0,0,0,1,1,1,0,1,1,0,1,0,0,1,1,0,1,0,0,1,0,0,0,1,0,1,0,1,0,0,0,1,1,0,0,0,0,1,1,1,1,0,1,0,1,0,0,1,1,1,0,1,0,0,0,1,1,0,1,0,1,1
1,0,0,0,1,1,0,1,0,1,0,1,0,0,1,1,1,0,0,1,0,1,0,1,1,0,0,1,1,1,0,1,0,0,1,1,0,0,0,1,1,0,0,1,0,1,1,1,0,1,1,1,1,1,0,0,1,0,1,0,0,0,1,0,0,0,0,1,1,1,0,1,1,1,1
1,0,0,1,0,0,0,1,1,1,0,1,1,0,1,1,1,1,0,1,1,1,1,1,0,0,0,0,1,1,0,1,0,0,1,0,1,1,1,0,1,0,0,1,1,0,0,0,1,0,1,1,1,0,1,1,0,1,0,1,1,0,1,0,0,1,1,1,1,1,0,1,0,0,0
1,0,0,0,1,0,0,1,0,1,0,1,1,0,1,1,1,1,0,0,0,1,0,1,0,1,1,1,1,0,0,1,0,0,1,1,0,0,1,0,1,0,0,1,0,1,0,1,1,1,1,1,1,1,0,1,1,1,1,0,0,0,0,1,1,0,0,1,1,1,0,0,0,1,1
1,0,1,1,1,0,0,0,1,1,0,1,1,0,1,0,1,0,1,1,1,0,0,0,1,0,1,0,0,1,1,1,0,0,1,1,1,1,1,0,1,1,0,1,0,1,0,0,1,0,1,1,1,0,0,1,0,0,1,1,1,0,0,0,1,1,1,0,1,1,0,0,0,0,1
1,0,1,1,0,0,0,1,1,1,0,1,0,0,0,0,1,1,0,1,1,1,0,1,0,0,0,1,0,0,1,1,1,0,1,0,1,0,0,1,1,1,0,1,0,1,0,0,1,1,0,0,1,0,0,1,1,0,0,0,1,0,1,1,1,1,0,0,0,1,0,0,0,1,1
1,0,1,1,1,0,0,1,0,1,0,1,1,0,1,0,1,1,0,0,1,1,0,1,1,0,0,1,1,1,1,0,0,0,1,1,0,0,0,1,0,1,0,1,0,1,1,0,0,1,0,1,1,0,1,1,0,1,1,1,1,1,1,0,0,0,1,0,0,1,1,1,1,0,1
1,0,0,0,0,1,1,1,0,0,1,1,0,1,0,1,0,1,1,0,0,0,1,1,0,1,1,0,1,1,1,0,0,0,0,0,0,0,0,1,1,0,1,1,0,1,1,0,0,1,0,1,1,0,0,0,0,1,1,0,0,1,1,0,0,0,0,0,1,0,1,0,0,0,0
1,0,0,1,0,1,1,1,1,1,1,1,1,0,0,0,1,0,0,1,0,0,1,1,0,0,0,1,1,1,0,0,1,1,1,0,0,0,0,1,0,1,1,1,0,1,1,1,1,0,1,0,1,0,1,1,1,1,0,1,0,1,1,0,1,0,1,1,1,1,1,0,0,1,0
0,1,0,1,0,0,1,1,0,1,0,0,0,0,0,1,1,0,0,0,0,1,0,1,1,1,1,1,1,0,0,0,1,0,1,1,0,0,0,1,0,0,0,1,1,0,0,1,1,1,1,1,1,1,0,1,1,0,0,0,0,0,1,0,1,1,0,0,0,1,0,1,0,1,1
1,1,0,1,1,0,0,1,0,1,0,1,1,0,0,0,1,1,0,0,1,1,0,1,0,1,1,0,1,0,0,1,1,0,0,1,0,1,0,0,1,1,1,1,1,1,1,0,0,0,0,1,1,0,0,1,0,0,0,1,1,0,0,1,0,0,1,1,0,1,1,0,1,1,0
1,0,0,1,0,1,1,1,0,1,1,0,0,0,0,1,0,1,0,0,1,1,0,1,0,1,0,1,1,1,1,1,1,0,1,0,1,1,1,0,1,0,1,1,1,0,0,0,0,1,0,0,1,0,1,1,0,1,0,0,0,0,1,1,0,0,1,0,1,1,0,0,0,0,0
1,0,0,0,1,0,0,1,1,0,1,1,0,0,1,1,1,1,0,0,0,1,0,1,0,1,1,1,1,0,0,0,1,1,0,0,1,0,1,0,1,1,1,1,1,0,0,0,0,1,0,1,1,0,0,0,0,0,1,1,0,1,1,1,1,1,0,0,0,1,1,1,1,1,0
0,0,0,1,0,0,0,1,0,0,0,0,0,0,0,1,0,1,0,1,0,1,0,1,1,1,1,0,1,1,0,0,1,1,1,0,1,1,0,1,0,0,0,1,1,1,0,0,1,0,1,1,1,1,0,1,0,1,0,1,0,1,1,0,1,1,0,0,0,0,0,0,0,1,0
1,1,1,0,0,0,0,1,1,0,0,1,0,1,1,1,1,0,0,1,1,1,0,1,0,0,1,1,1,0,0,1,0,0,1,1,1,0,0,1,1,0,0,1,1,0,0,1,1,0,1,0,1,0,1,1,1,1,1,0,1,0,1,0,0,0,1,0,0,0,0,1,0,1,0
1,0,0,1,0,0,0,1,0,0,0,1,0,0,0,0,1,0,0,0,1,1,0,1,0,0,1,1,1,1,0,1,1,0,0,0,1,1,1,0,1,1,0,0,1,1,0,0,0,1,1,1,1,0,0,1,0,0,1,1,0,1,0,1,0,0,0,1,0,1,0,1,1,1,0
1,1,0,1,1,0,1,1,0,1,0,0,0,0,0,0,1,0,0,1,0,1,0,1,1,1,1,0,1,0,0,0,1,0,1,1,0,0,0,1,0,1,0,1,1,1,0,0,0,1,0,1,1,1,0,1,0,1,0,1,0,0,1,0,1,0,0,0,1,1,1,1,1,1,0
0,1,1,0,1,1,0,1,0,1,0,1,1,1,0,0,0,0,0,1,0,1,1,1,1,0,1,0,1,1,0,1,1,0,0,1,1,1,0,0,1,1,0,1,1,0,0,1,0,0,1,1,1,1,0,1,1,1,1,0,1,0,1,1,0,0,0,1,0,1,0,0,0,1,0
1,1,1,1,1,1,0,1,0,1,1,1,1,0,1,1,1,1,1,0,1,1,1,1,0,0,0,1,1,1,0,1,0,0,0,0,1,0,0,0,0,0,1,1,1,0,1,0,0,0,1,0,1,0,1,0,0,0,0,0,1,0,1,0,1,1,1,0,1,1,0,1,1,1,1
0,0,1,0,1,0,1,1,1,1,0,1,0,1,0,1,1,1,1,1,1,1,1,1,0,0,1,0,1,0,0,1,0,1,0,1,1,0,1,0,0,1,0,1,1,0,1,1,0,1,1,0,0,0,1,0,0,0,0,0,0,1,0,1,1,0,1,0,1,1,0,0,0,1,1
1,1,1,1,0,1,0,1,0,1,1,0,0,0,1,0,1,1,1,0,1,1,1,1,0,0,1,0,1,1,0,0,0,0,1,0,0,0,1,1,1,0,1,1,1,0,1,0,1,1,0,1,1,1,0,1,0,0,0,1,0,1,1,1,1,0,1,1,0,1,1,1,0,1,0
1,1,1,1,0,0,0,0,0,0,0,1,1,0,0,1,1,0,0,0,0,1,0,1,0,1,1,1,0,1,1,0,0,0,0,0,0,1,1,0,1,1,0,0,0,1,0,0,0,0,1,1,1,1,1,0,0,0,0,1,1,1,1,0,0,1,1,1,0,1,0,1,1,1,0
1,0,1,1,1,0,0,1,0,0,1,0,0,0,0,1,1,1,0,0,0,0,0,1,1,0,0,0,1,0,1,0,1,0,1,0,1,0,1,0,1,0,1,1,0,1,1,0,0,0,1,1,0,0,1,0,0,1,0,0,0,0,1,0,1,0,0,1,0,1,0,1,0,0,1
1,0,0,0,1,0,0,1,0,0,1,0,0,0,0,0,1,1,1,0,1,1,0,1,0,0,0,0,0,0,0,0,0,0,1,0,0,0,1,0,1,1,0,1,1,1,0,1,1,1,1,1,1,0,0,1,1,1,1,0,0,0,1,0,1,0,0,0,0,1,0,0,0,0,0
0,1,0,1,1,0,0,0,0,1,1,1,1,0,0,1,1,1,0,0,0,0,0,1,1,1,1,0,0,0,0,0,0,0,1,1,0,1,0,1,1,0,1,1,1,1,1,0,0,0,1,1,1,1,0,1,0,1,1,0,1,1,1,0,1,1,0,0,1,0,1,0,1,0,0
1,0,1,1,0,0,1,1,1,1,1,1,1,0,1,0,1,1,1,1,0,1,0,1,0,1,1,1,1,0,0,1,1,1,0,0,0,0,1,0,0,1,0,1,0,1,1,1,0,0,1,1,1,0,0,0,1,1,1,1,1,1,1,1,1,0,0,1,0,0,0,1,1,0,1
0,1,0,1,1,0,0,1,0,1,1,0,0,0,1,1,1,1,0,0,0,1,0,0,1,0,1,0,0,1,0,0,0,0,1,1,0,0,0,1,0,0,0,1,1,1,1,0,0,1,0,0,1,0,1,1,0,1,0,0,0,0,1,1,0,0,1,1,1,0,0,1,0,0,1
1,0,0,0,1,0,0,1,1,0,1,1,1,0,0,1,1,0,1,0,1,1,1,1,0,0,0,0,1,0,1,0,0,0,1,1,1,0,0,1,1,0,1,1,0,0,0,0,1,0,1,0,1,0,1,0,0,1,1,1,1,0,0,1,0,0,0,1,0,1,1,0,0,1,0
1,0,0,1,1,0,0,0,1,1,0,1,1,0,0,1,0,1,0,1,1,0,0,0,1,0,1,1,0,1,1,1,1,0,1,1,0,1,0,1,1,0,1,1,0,1,0,0,1,0,1,1,1,0,1,0,0,1,1,1,1,0,0,0,1,1,0,0,1,1,1,0,0,1,1
1,1,0,1,0,1,1,1,0,1,1,0,0,0,0,1,1,1,0,0,0,0,1,1,0,0,1,0,1,0,1,1,1,0,0,0,0,0,1,0,1,1,0,1,1,0,1,1,1,1,0,1,1,1,1,0,1,1,0,1,0,0,0,0,0,0,1,0,0,1,0,0,0,1,0
1,0,0,1,1,0,1,1,0,0,1,1,0,0,1,0,1,1,0,1,0,1,1,1,0,1,1,1,1,1,1,1,1,0,0,0,1,0,1,0,1,1,1,1,0,1,1,1,0,1,1,0,0,0,0,0,0,1,1,0,1,1,1,1,1,0,0,1,1,0,1,1,0,1,0
1,1,0,1,1,0,0,1,0,0,0,1,0,0,1,0,1,0,1,1,0,1,0,0,0,1,1,1,1,1,0,0,0,0,0,1,0,1,0,1,1,1,0,1,0,0,0,0,1,1,0,1,1,1,0,1,0,0,0,1,1,0,0,0,0,1,1,1,1,1,1,1,0,1,1
1,0,1,0,0,1,0,1,0,1,0,1,0,0,1,1,0,0,1,0,1,1,0,1,1,0,0,1,0,0,1,0,1,0,1,1,1,0,0,1,0,0,0,1,0,1,0,0,1,1,1,1,1,1,0,1,0,1,1,0,1,1,1,1,0,0,1,1,1,1,1,0,0,1,1
1,1,1,1,0,1,0,1,0,0,0,1,0,0,1,0,1,0,1,0,0,0,1,1,0,0,0,1,1,1,0,1,0,0,1,1,0,0,0,1,0,1,1,1,1,0,0,1,0,1,1,0,1,0,0,1,1,1,0,0,1,1,1,0,0,1,1,1,1,1,1,0,1,1,0
1,0,1,1,1,1,0,1,0,1,1,1,0,0,0,0,1,1,0,0,1,1,1,1,0,1,1,1,1,0,0,1,1,0,0,0,0,1,1,0,1,1,0,1,1,0,0,1,1,1,1,0,1,1,0,1,1,1,1,0,0,0,1,0,0,0,0,1,1,1,0,0,0,1,0
1,1,1,0,1,1,0,1,1,1,0,1,1,0,0,1,1,1,0,0,0,0,0,1,0,0,1,0,1,1,1,1,1,0,0,1,1,0,0,1,1,1,1,1,1,1,1,1,0,0,1,1,1,1,0,1,1,0,1,0,0,1,1,0,1,0,0,0,1,1,1,0,0,1,0
1,1,0,0,0,1,0,1,1,1,0,1,0,0,1,0,1,0,0,0,1,1,1,1,0,0,1,0,0,0,0,0,0,0,0,0,1,0,1,0,1,0,1,1,1,0,0,0,0,1,0,0,1,1,0,0,0,1,1,0,1,1,1,0,1,0,0,1,0,1,1,0,0,1,1
1,0,0,1,1,0,1,1,1,0,0,0,0,0,0,1,1,0,1,0,0,1,0,1,1,1,1,0,0,1,0,1,0,0,1,0,0,0,0,1,1,0,1,1,0,1,0,1,0,1,1,1,1,1,0,1,1,1,0,1,0,1,1,0,0,0,1,1,1,1,1,1,0,1,0
1,1,1,1,1,1,0,1,0,0,0,1,0,0,1,0,0,1,0,0,1,0,1,1,0,1,1,0,0,1,1,1,0,0,0,0,0,1,1,1,1,0,1,0,0,1,0,1,1,1,1,0,1,1,0,1,0,0,0,1,0,0,1,0,0,0,1,1,1,1,1,1,0,1,0
1,1,0,1,1,0,0,1,0,1,0,0,0,1,0,0,1,0,0,0,1,0,0,1,0,0,1,0,1,0,1,1,1,0,1,0,0,1,0,1,1,1,1,1,0,1,1,1,0,1,1,1,1,1,0,1,1,0,0,1,1,1,0,0,0,1,1,0,0,1,1,1,1,1,0
1,0,0,1,1,1,1,1,1,1,0,0,0,0,0,0,1,0,0,0,0,0,1,1,0,0,1,1,0,0,1,0,0,0,1,0,0,1,1,0,0,0,0,1,0,1,0,0,1,1,1,0,1,1,0,1,0,1,0,1,0,1,1,0,1,0,0,0,0,1,0,1,0,0,0
1,0,1,1,0,0,0,1,1,0,0,1,1,0,1,1,1,1,0,1,0,0,0,1,0,1,0,0,0,1,1,1,0,1,1,0,0,1,1,0,1,1,0,1,0,1,0,1,1,1,1,1,1,1,0,1,1,1,0,1,1,1,0,0,0,1,0,0,0,1,1,1,0,1,0
0,0,0,0,1,0,0,0,0,1,0,0,0,0,1,1,1,0,0,1,0,0,0,1,1,1,1,1,0,0,1,1,0,1,0,1,1,0,0,1,0,0,1,1,1,1,0,0,1,1,1,1,1,0,0,0,0,1,1,1,1,0,1,0,0,1,0,0,1,1,1,0,0,1,0
1,0,1,1,0,0,0,1,0,1,0,1,0,0,0,0,0,1,1,1,1,0,1,1,1,1,1,1,1,0,0,1,1,0,1,1,0,0,1,0,1,0,0,1,1,1,0,1,1,1,1,1,1,1,0,0,0,1,0,1,0,1,1,1,1,1,0,0,1,1,0,0,0,1,0
1,0,0,0,0,0,0,1,0,0,1,1,1,0,0,0,1,1,0,0,1,1,0,1,0,1,1,0,1,1,1,1,1,0,0,0,1,1,0,0,0,0,0,1,0,1,1,1,1,0,1,0,1,1,0,1,1,0,0,1,1,1,0,0,0,0,1,1,1,1,0,0,1,1,0
1,0,1,1,1,0,0,1,0,1,0,1,0,1,0,1,0,1,0,0,1,0,1,1,0,0,1,0,0,1,1,1,1,0,0,1,0,1,0,1,1,0,0,1,0,1,0,0,1,1,0,1,1,0,0,0,1,1,1,0,0,0,1,0,1,0,1,1,1,1,0,0,0,1,0
1,1,1,0,0,1,1,0,0,1,0,1,0,0,0,0,1,1,0,0,1,1,1,1,0,1,1,0,1,1,1,0,1,0,1,0,1,1,0,0,0,1,0,1,1,0,0,1,1,1,1,0,1,0,1,1,1,0,0,1,0,1,1,0,0,1,1,0,0,1,0,0,0,1,0
1,0,0,0,0,1,0,1,1,1,1,0,1,0,1,0,1,1,0,0,0,1,1,1,1,1,0,0,0,1,1,0,0,0,0,0,1,0,1,0,1,1,1,1,0,1,1,1,0,1,1,0,1,1,1,0,1,0,1,0,0,0,1,0,0,0,1,0,1,1,1,0,0,1,1
1,0,0,0,1,1,0,1,0,0,0,0,0,0,1,0,0,1,0,0,1,0,1,1,0,1,1,0,1,1,0,1,1,1,0,1,1,0,1,1,1,0,0,1,0,0,1,0,0,0,0,0,1,0,1,1,0,0,1,0,1,1,0,0,1,0,0,1,1,1,0,0,1,1,0
1,0,0,0,0,0,0,1,1,0,1,1,0,0,0,1,1,0,1,0,1,1,0,1,0,1,1,0,1,1,1,1,1,0,1,0,0,1,1,0,1,0,0,1,0,1,1,0,0,0,1,1,1,1,0,1,0,0,1,0,0,1,1,0,1,1,0,1,1,1,0,0,1,1,0
1,0,0,0,1,0,0,1,0,0,1,1,1,0,0,1,1,1,0,0,0,1,1,1,1,1,1,1,1,0,1,0,1,0,0,0,1,1,1,0,1,0,1,1,0,1,1,0,1,0,1,1,1,0,1,1,0,0,1,1,0,1,1,0,0,0,1,0,1,1,1,0,0,1,1
1,0,1,0,0,1,1,0,1,0,0,1,1,0,1,0,1,1,0,0,0,1,1,1,1,1,1,1,0,1,1,0,0,0,0,1,1,0,0,0,1,1,0,0,0,1,0,0,0,1,1,1,1,1,0,1,0,0,1,0,1,1,1,0,1,0,1,0,0,1,0,1,1,1,0
1,1,1,1,1,0,0,0,0,1,0,1,0,0,0,1,0,0,1,0,0,1,0,1,0,1,0,0,0,1,1,0,0,0,1,0,1,0,0,0,1,0,1,1,1,0,1,0,1,1,1,1,1,0,0,0,0,0,0,1,1,0,1,0,0,1,1,1,0,1,1,1,0,1,0
1,0,0,1,0,0,0,1,0,1,0,1,1,0,1,1,1,0,0,0,0,1,0,1,0,1,0,1,1,0,1,1,1,0,1,0,0,1,0,0,1,0,1,1,1,0,0,1,0,1,1,1,1,0,0,1,0,1,0,1,0,0,1,0,1,0,1,1,1,1,1,0,0,1,0
1,1,1,0,1,1,0,1,0,0,0,1,1,0,0,1,1,1,1,0,1,0,1,1,1,0,1,0,1,1,1,1,1,1,0,1,0,0,0,1,0,0,1,1,0,1,1,0,1,0,1,0,0,1,0,0,0,1,1,1,1,0,1,0,0,1,1,1,1,1,1,0,1,1,0
1,0,0,1,1,0,1,1,1,0,1,1,0,0,0,1,1,0,0,1,1,1,0,1,1,0,1,1,0,1,0,0,1,0,0,1,1,0,1,1,1,1,1,1,1,1,0,1,1,0,1,1,1,1,0,1,1,1,0,0,1,0,0,0,0,0,1,1,1,1,1,1,1,1,1
1,0,0,1,0,0,0,1,0,0,0,1,0,0,0,0,1,0,0,0,1,1,0,1,0,0,0,1,1,1,0,1,1,0,0,0,0,1,1,0,1,1,1,1,0,1,0,0,0,1,1,1,1,1,1,1,0,0,0,0,0,0,0,0,1,0,0,1,0,1,1,1,1,1,0
1,1,0,0,0,0,0,0,0,1,0,1,1,0,0,1,1,0,0,1,0,0,0,0,0,0,0,0,1,0,0,0,1,1,1,0,1,1,1,0,1,1,1,1,1,0,1,1,1,1,1,1,0,1,1,0,1,1,1,0,0,0,0,0,0,1,0,1,0,1,1,1,1,1,0
1,0,0,1,1,0,0,0,1,1,0,1,0,0,1,0,0,0,0,0,0,0,0,1,1,1,1,0,1,1,1,1,1,0,1,0,1,1,0,0,0,1,1,1,0,1,0,0,0,1,1,1,1,0,1,1,0,0,0,1,1,0,1,0,1,1,0,1,0,1,1,0,1,1,0
1,0,0,0,1,0,1,1,1,1,1,1,0,0,0,1,1,1,1,1,0,1,1,1,1,1,1,1,1,0,1,1,1,1,1,1,1,0,0,1,1,1,0,1,1,0,0,0,1,1,0,0,1,1,0,1,0,1,1,1,1,1,1,0,1,0,0,0,0,1,1,0,0,1,1
0,0,1,0,1,0,0,1,1,0,1,0,0,0,0,0,0,1,0,1,1,1,0,1,0,0,1,0,0,1,1,0,0,1,1,1,1,1,0,1,1,1,1,1,0,1,1,0,1,0,1,1,0,1,1,0,0,0,1,1,0,1,1,0,1,0,1,0,0,1,0,0,1,1,0
1,0,0,1,0,1,0,0,0,0,1,1,0,0,0,0,1,0,0,0,0,1,1,1,0,0,0,1,0,0,1,0,0,0,1,0,0,0,0,1,1,0,0,1,0,1,0,0,1,0,1,1,1,0,1,1,1,1,1,0,1,1,1,0,0,1,1,1,0,1,0,0,0,0,0
1,0,0,0,0,0,0,1,0,1,1,1,1,0,0,1,1,0,0,0,1,1,1,1,0,0,0,1,0,0,1,1,0,1,1,0,0,0,1,0,1,1,0,1,1,0,0,1,0,1,1,0,1,1,0,1,1,0,1,1,0,0,1,0,1,0,0,0,0,1,0,1,1,1,0
0,0,0,0,1,0,1,1,0,0,0,1,0,0,1,1,1,0,0,0,1,1,1,1,0,0,1,1,0,1,1,1,0,0,1,1,1,0,0,1,1,0,0,1,1,0,0,0,0,1,1,0,1,1,0,1,0,1,0,1,1,1,1,1,0,1,1,0,1,0,1,1,1,0,1
1,0,1,1,1,0,1,1,1,0,1,1,0,0,0,1,1,1,0,1,1,1,1,1,1,0,1,0,0,1,1,1,1,0,1,1,0,0,0,1,0,0,0,1,0,0,1,0,0,1,0,1,0,0,1,0,0,0,0,1,0,0,0,0,0,0,0,1,1,1,0,0,0,1,1
1,0,0,0,1,0,0,1,0,0,0,1,0,1,0,1,1,0,1,1,1,1,1,1,0,0,1,0,0,0,1,1,1,0,1,0,1,0,0,0,1,0,1,1,0,1,0,0,0,1,1,0,1,0,1,1,1,1,1,1,1,0,0,1,1,1,1,1,1,1,1,1,1,0,1
1,1,0,0,1,1,0,1,0,1,1,0,1,0,0,1,0,1,0,0,0,1,0,0,0,1,1,0,0,0,0,0,0,0,0,1,0,0,1,0,0,1,1,1,1,1,0,0,1,1,1,0,1,0,0,1,0,1,1,0,0,1,1,1,0,0,0,0,0,1,1,0,0,0,1
1,1,0,0,0,0,1,1,0,1,1,0,1,0,1,1,1,1,0,0,1,0,1,1,1,1,0,0,0,1,0,1,0,0,1,0,1,0,1,0,1,0,1,1,1,0,0,0,0,1,0,0,1,1,1,1,0,1,0,0,0,1,1,0,1,0,0,0,1,1,1,0,0,0,0
1,0,1,0,1,1,0,1,0,0,0,0,1,0,1,1,1,1,1,0,1,1,0,1,0,1,1,0,1,0,1,1,1,0,1,0,1,0,1,0,1,1,0,1,0,1,0,0,0,1,1,1,1,1,0,1,0,1,1,0,0,0,1,1,1,0,0,0,1,0,0,0,0,1,0
1,0,1,0,1,1,1,1,0,1,0,1,0,0,1,1,0,1,0,0,1,0,1,1,1,1,1,1,1,0,0,0,0,1,0,1,1,0,0,1,1,0,1,1,1,1,0,0,1,1,0,0,0,0,1,1,0,1,1,1,0,1,1,0,0,0,1,0,1,1,0,0,1,1,1
1,1,1,0,0,0,0,1,0,0,0,1,1,1,0,1,0,1,0,1,0,1,0,0,0,0,0,1,1,1,0,1,1,0,1,0,0,0,1,0,1,1,1,1,1,1,1,0,1,0,1,1,1,1,0,0,0,0,1,1,0,0,0,0,0,0,0,0,0,1,1,1,0,0,0
1,0,0,1,1,1,0,1,1,0,1,0,0,0,1,1,1,0,1,1,0,1,0,1,0,0,0,1,1,0,1,1,0,0,0,0,0,1,1,1,1,1,0,1,1,1,1,1,0,1,1,1,1,1,0,1,1,1,0,0,1,1,1,1,0,0,0,0,1,1,0,1,1,1,1
1,0,0,1,0,1,0,1,0,0,1,1,0,0,1,0,1,1,0,0,0,1,1,1,0,1,0,0,1,1,0,0,1,0,0,1,0,1,1,0,1,1,1,1,1,0,0,1,0,0,1,1,1,1,0,1,0,1,1,1,1,1,0,1,1,0,0,0,0,1,1,0,0,0,1
1,0,0,1,1,0,0,1,1,1,1,1,0,0,0,1,1,1,0,1,0,1,0,1,1,1,0,0,1,1,0,0,1,1,0,0,1,0,1,0,1,1,0,1,0,1,1,0,1,0,1,0,1,1,0,0,0,1,0,0,1,0,1,0,0,0,0,0,0,1,0,0,0,0,0
0,1,0,0,0,1,0,1,1,1,0,1,1,1,0,1,0,1,1,0,1,1,1,1,0,1,1,0,0,0,0,1,1,1,0,0,0,0,1,0,1,0,1,1,1,0,0,1,1,1,1,1,1,0,0,0,1,1,1,0,0,1,1,1,0,1,1,0,1,0,0,0,0,1,0
1,0,0,1,0,1,0,0,0,1,1,1,1,0,0,1,0,1,1,0,0,1,1,1,0,0,0,1,1,1,0,1,1,0,1,0,1,0,0,1,1,0,0,1,1,0,0,0,0,0,1,0,1,0,1,1,0,1,0,0,1,1,1,0,0,1,1,0,1,1,1,1,1,1,1
1,1,0,1,1,0,1,1,1,0,1,1,0,0,1,0,0,0,0,0,1,1,1,1,1,1,1,0,0,0,1,0,0,0,1,1,1,0,0,1,0,0,0,1,1,0,0,1,0,1,1,0,1,1,0,1,1,1,1,0,1,0,1,0,0,1,0,1,0,1,0,0,1,0,0
1,0,0,0,1,0,1,1,1,0,1,1,0,0,1,0,0,1,0,0,0,1,0,0,0,0,0,1,0,1,0,0,0,0,0,1,0,1,0,1,1,1,0,1,1,0,1,0,1,1,1,0,1,1,0,1,1,1,1,1,0,1,1,0,0,1,1,0,0,1,0,1,0,1,1
0,1,1,0,1,0,0,1,1,0,1,1,1,0,1,0,1,0,0,0,1,1,0,1,0,0,1,0,1,0,0,0,1,0,0,1,0,1,0,1,0,0,0,1,1,1,0,1,1,0,1,1,1,0,0,0,1,1,1,1,1,0,1,1,0,0,1,1,0,0,0,0,0,1,0
1,1,1,1,0,0,0,1,0,1,0,1,0,1,0,1,1,0,0,0,0,1,0,1,0,0,0,0,1,1,0,0,0,0,0,0,1,0,1,1,1,0,0,1,0,0,0,0,0,0,1,1,1,0,1,0,1,1,0,0,1,1,0,0,1,0,1,0,1,1,0,1,1,1,0
1,0,0,0,1,0,0,0,1,0,0,0,0,0,0,1,1,1,1,0,1,0,0,1,0,0,1,1,0,1,0,0,1,0,1,0,1,0,1,0,1,0,0,1,0,1,1,0,0,1,1,1,1,1,0,0,0,1,0,1,0,0,1,0,0,1,1,1,0,1,1,0,0,1,1
1,1,0,1,0,0,0,1,0,0,0,1,0,0,0,0,1,1,0,1,0,1,0,0,0,0,1,1,0,0,0,0,0,0,1,1,0,1,0,1,1,0,1,1,1,1,0,0,0,1,0,1,1,1,0,1,0,1,0,0,0,1,0,0,1,0,0,0,0,1,1,0,0,1,0
1,0,0,0,1,1,0,0,1,1,0,0,0,0,1,0,1,1,1,0,0,0,1,1,0,0,1,1,0,0,0,1,0,0,0,0,1,1,0,1,1,1,0,1,1,1,1,0,0,1,0,0,1,1,0,0,1,1,1,0,0,1,0,0,0,1,1,1,0,0,0,1,1,1,0
1,1,1,0,1,0,1,1,0,0,0,1,0,0,1,1,1,0,0,0,0,0,0,0,1,0,1,1,1,0,0,1,0,0,0,0,0,0,1,0,1,0,1,1,1,1,0,0,1,1,1,1,1,1,0,1,0,1,1,0,0,0,1,0,1,0,0,0,0,1,1,0,0,1,0
1,1,1,0,0,0,0,1,0,0,0,1,1,0,1,1,1,1,1,0,0,0,0,1,0,0,0,0,1,1,0,1,1,1,1,0,1,1,0,0,1,0,1,1,1,1,0,0,0,1,0,1,1,1,0,1,0,1,0,1,1,1,1,0,1,0,0,1,0,1,1,0,0,0,0
0,1,1,1,0,1,0,1,0,0,0,1,1,0,1,1,1,1,1,0,1,0,0,1,1,0,1,1,1,0,1,0,0,0,1,1,0,1,0,1,0,0,0,1,1,1,0,1,0,1,1,1,1,0,0,1,1,1,0,0,0,1,0,0,1,0,1,1,1,0,0,0,0,1,0
1,0,0,1,0,0,0,1,0,0,0,0,1,0,1,0,1,0,0,0,0,1,0,1,0,0,1,0,1,1,0,1,0,0,0,0,1,1,0,1,1,0,0,1,1,1,0,1,1,0,1,1,1,1,0,1,1,0,1,0,0,1,0,1,0,0,1,1,1,1,0,0,1,1,0
0,0,0,1,0,1,1,1,0,1,0,0,0,0,0,1,1,1,1,0,1,1,0,1,0,0,1,0,0,0,0,1,0,0,0,0,1,0,1,0,1,0,0,1,1,0,0,1,1,1,1,1,1,0,1,1,1,1,1,0,0,0,1,0,0,1,1,1,0,0,0,0,0,1,0
1,0,1,1,1,0,0,1,0,1,1,1,0,0,0,0,1,0,1,0,1,1,1,1,0,1,0,0,0,1,0,1,1,0,1,0,0,0,1,0,1,1,1,1,1,0,1,1,0,1,1,0,1,0,0,1,0,0,0,1,1,1,0,0,0,0,1,1,1,1,1,1,1,0,0
0,1,0,1,0,0,1,1,1,1,1,0,1,1,0,1,0,0,0,0,0,1,0,1,0,1,0,1,1,1,1,1,1,0,1,1,1,0,1,0,1,1,1,1,0,1,1,0,0,1,1,1,1,1,1,0,0,0,1,0,1,1,0,0,0,0,0,0,0,0,0,0,1,0,0
0,1,1,1,0,0,1,1,0,1,0,1,1,0,0,1,1,0,1,0,0,1,1,1,0,0,1,0,1,0,0,1,0,1,0,1,0,1,0,1,1,1,0,1,1,0,0,0,0,0,1,0,1,1,1,1,0,1,0,0,1,1,0,0,1,1,1,1,0,0,0,0,1,1,0
1,0,0,1,1,1,1,1,1,0,0,1,1,0,0,0,0,0,1,0,0,1,1,1,1,0,0,0,1,1,0,0,1,1,0,1,1,0,0,0,0,1,0,1,0,0,0,1,1,0,1,0,1,1,0,1,1,1,1,1,1,1,1,1,1,0,1,0,0,1,1,1,0,1,1
1,0,0,0,1,0,0,1,0,0,1,0,0,0,1,0,1,1,1,0,1,1,1,1,0,0,1,1,1,1,0,1,0,0,1,1,1,1,1,0,1,1,1,1,0,1,0,1,0,0,1,0,1,1,1,1,1,0,1,1,0,1,1,0,1,0,0,0,1,1,1,1,0,0,1
1,1,0,1,1,1,0,0,0,0,0,1,0,0,0,1,1,0,1,0,1,0,0,1,1,0,1,1,1,1,0,0,1,0,0,1,0,1,0,0,1,1,0,1,1,1,1,0,0,1,1,1,1,1,0,1,0,1,1,0,1,0,1,0,0,1,0,1,0,1,0,1,0,0,1
0,0,0,0,1,1,0,1,0,1,0,0,1,1,1,0,0,1,1,0,1,1,1,1,1,1,1,0,0,1,1,0,0,1,0,1,0,0,0,1,1,0,0,1,0,1,1,0,1,0,1,1,1,0,0,1,0,0,1,1,1,1,1,0,1,0,0,0,1,0,0,1,1,1,0
1,0,0,0,0,0,1,1,0,0,1,1,0,0,1,1,1,0,1,1,1,0,0,0,0,1,1,0,0,0,0,1,0,1,1,1,1,1,0,1,1,0,0,1,0,0,1,0,0,1,1,1,1,1,0,0,0,0,0,1,0,1,0,0,1,0,1,1,0,1,0,0,1,1,0
1,0,0,1,0,1,0,1,1,1,0,1,0,0,0,1,1,1,1,0,1,1,1,1,0,0,1,1,0,0,1,1,0,0,1,0,1,0,1,0,1,0,1,1,0,1,0,1,0,1,1,0,1,1,0,0,1,1,0,0,1,0,1,1,0,0,1,1,0,1,1,0,0,1,0
1,0,0,0,1,0,0,1,1,0,1,1,1,0,1,0,1,1,0,0,0,0,0,1,0,1,1,0,1,0,1,1,1,0,0,0,0,0,1,1,1,0,0,1,0,1,0,1,1,0,0,1,1,0,0,1,1,0,1,1,1,1,1,0,1,0,0,1,0,1,0,1,0,1,1
1,0,0,1,1,0,0,0,0,1,0,1,0,0,0,0,1,0,1,1,0,1,1,1,1,0,1,0,1,0,1,1,1,0,1,1,0,1,0,1,1,1,0,1,0,1,0,0,1,0,1,0,1,1,0,1,0,1,0,1,1,0,1,0,1,1,0,0,0,1,1,0,0,1,0
1,1,0,0,0,1,0,1,0,1,1,0,0,0,0,1,0,0,1,1,1,1,1,1,0,0,1,1,1,1,0,1,0,0,0,0,0,1,0,1,1,0,1,1,1,0,1,1,1,0,1,0,1,1,0,1,1,0,1,1,0,0,1,0,0,0,0,1,1,1,1,1,0,1,0
0,0,0,1,0,1,0,0,0,1,0,0,0,0,1,0,0,0,1,0,1,1,1,1,0,1,1,1,0,1,0,0,0,0,1,1,1,0,0,1,1,1,0,1,1,1,0,1,0,1,1,1,1,1,1,1,1,0,0,1,0,0,1,0,1,0,1,1,0,1,0,1,1,0,0
1,1,1,0,1,0,0,1,1,1,0,1,1,0,1,0,0,0,0,0,1,1,0,1,0,1,0,0,0,0,1,1,0,0,1,0,0,0,1,0,1,1,0,1,0,0,0,1,0,0,1,1,1,0,0,1,1,0,1,1,1,1,0,0,1,1,0,0,0,1,0,0,1,1,0
1,0,0,0,0,1,0,1,0,1,0,0,1,1,0,0,1,1,1,0,0,1,0,1,0,0,0,0,1,1,1,1,0,0,0,0,1,1,0,0,1,1,0,1,0,0,1,0,0,1,1,1,1,1,0,1,0,0,1,0,0,0,1,1,1,0,1,0,1,1,0,0,1,1,0
1,1,0,0,1,1,0,1,0,1,1,1,0,0,1,0,0,0,1,1,0,1,0,1,1,1,1,0,0,0,1,1,1,0,1,1,1,0,0,1,1,0,1,1,1,1,1,0,0,0,1,1,1,0,1,1,0,0,0,1,1,1,1,1,1,0,0,0,1,1,1,0,1,0,0
0,0,0,0,1,0,0,1,0,1,0,1,1,0,1,1,1,0,1,1,1,1,0,0,0,0,1,0,0,1,0,1,0,0,1,0,1,0,1,0,1,0,0,1,1,0,1,0,0,1,1,1,1,1,0,0,0,1,1,1,0,0,1,1,1,0,0,1,1,1,0,0,1,1,0
0,0,0,1,1,0,0,0,0,1,0,0,0,0,0,1,0,0,0,0,1,1,1,1,1,0,1,0,1,1,1,1,1,0,0,1,0,0,0,1,1,1,1,1,0,1,0,0,1,1,1,0,1,0,1,1,0,0,0,1,0,1,0,0,1,1,0,0,1,0,1,1,1,1,1
1,1,1,0,1,0,0,1,0,1,0,0,1,0,1,0,1,1,0,1,1,1,0,0,0,0,1,1,0,0,0,0,0,0,1,0,1,0,1,0,1,1,1,1,1,0,1,0,1,1,1,1,1,0,0,1,0,1,1,1,1,1,0,1,1,0,0,0,1,1,1,1,0,1,0
1,1,0,1,0,0,0,1,0,1,0,0,1,0,0,0,1,1,0,0,0,1,0,0,0,1,1,0,0,1,1,1,1,0,1,1,0,1,0,1,1,0,0,1,0,1,0,0,1,0,0,1,1,1,0,1,0,1,0,1,0,0,1,1,1,0,0,0,1,1,0,0,0,1,0
1,0,0,0,1,0,0,1,0,0,0,1,1,0,1,1,1,1,0,0,1,0,0,1,0,1,0,1,0,1,0,1,0,0,0,0,1,1,0,0,0,1,0,1,0,1,1,0,0,1,1,0,1,0,1,0,0,1,1,0,1,1,1,0,1,0,1,1,0,1,1,0,1,1,1
1,0,0,0,1,0,1,1,0,0,0,0,1,0,0,0,1,0,1,0,1,0,1,1,0,0,1,0,1,0,1,1,1,0,1,0,1,1,1,0,1,1,1,1,0,1,0,1,0,0,1,1,1,1,0,1,1,0,1,0,0,0,1,0,0,0,0,0,0,1,1,0,1,1,0
1,0,1,1,0,0,0,1,0,1,1,0,0,0,1,1,1,0,0,0,0,1,0,1,1,1,0,0,0,0,1,1,0,0,1,1,1,1,0,0,1,0,1,1,0,1,0,0,1,1,1,0,1,1,0,1,0,1,0,1,0,1,1,0,1,0,1,0,1,1,1,0,0,0,0
1,0,1,1,1,1,0,0,1,1,0,0,1,1,1,1,1,0,1,0,1,1,0,1,0,1,1,1,1,1,0,0,0,0,1,0,0,0,1,0,1,0,0,1,1,0,0,1,1,0,0,0,1,1,0,1,0,1,0,0,0,1,1,1,1,1,0,0,1,0,0,0,1,1,1
1,0,0,0,1,1,0,1,0,1,1,1,0,1,1,0,1,1,1,1,0,1,0,1,0,0,0,0,0,0,1,1,0,1,1,1,1,0,0,1,1,0,0,1,0,1,1,0,0,0,0,1,1,0,0,0,0,1,0,1,1,0,1,1,1,1,1,1,1,1,1,1,1,0,1
1,0,0,0,0,0,0,1,0,1,0,1,0,0,1,1,1,1,0,0,1,1,0,1,0,1,0,0,0,1,1,1,0,0,0,1,1,0,0,1,1,0,0,1,0,1,1,1,1,1,1,0,1,0,0,0,1,1,1,0,0,0,1,0,0,0,1,1,1,1,0,0,0,1,1
1,0,0,1,0,0,0,0,1,1,0,1,1,1,0,0,1,1,1,0,0,1,1,1,0,1,0,1,0,1,1,1,0,0,1,0,0,0,1,1,1,0,0,1,0,0,1,1,0,0,1,0,1,1,0,0,1,1,0,0,1,1,1,1,0,1,1,0,1,1,0,1,0,0,0
1,0,0,1,1,0,1,1,0,0,0,1,0,0,1,1,1,1,1,1,0,1,1,1,0,1,1,1,0,0,1,1,0,0,0,0,1,1,0,1,0,1,1,1,0,1,1,0,0,1,1,0,1,1,0,0,0,0,0,0,1,0,0,1,0,0,1,1,0,1,0,0,1,1,0
1,1,0,1,1,0,0,1,1,0,0,0,0,0,0,0,0,1,0,1,0,1,0,0,0,0,1,0,1,1,1,0,1,0,1,1,1,1,0,1,1,1,0,1,0,0,1,1,0,0,1,1,0,1,0,0,1,1,0,1,0,1,0,0,0,0,0,1,1,1,1,0,0,1,0
1,0,0,0,1,1,0,1,0,0,0,0,0,0,0,0,1,1,0,0,0,1,0,1,0,0,0,1,1,1,1,1,0,0,1,0,0,0,1,0,1,0,0,1,0,1,0,0,0,1,1,1,0,1,0,0,0,1,0,1,0,0,1,1,0,0,0,0,1,1,0,0,0,0,1
1,0,0,1,0,0,1,1,0,1,1,1,1,0,1,1,1,1,1,0,1,1,1,1,1,1,1,0,0,1,1,1,0,0,0,1,0,1,1,0,1,1,0,1,0,1,1,0,1,0,0,1,1,0,1,1,0,0,1,1,1,0,1,0,0,0,1,0,0,1,0,1,1,1,0
1,0,0,1,0,0,0,1,0,0,0,0,0,0,1,1,1,0,0,1,1,1,1,1,0,0,1,1,0,1,0,1,0,1,0,1,0,1,0,1,1,1,0,1,0,1,1,0,1,0,1,1,1,1,0,1,1,0,0,1,0,0,1,1,0,1,0,0,0,1,0,0,1,1,0
1,0,1,1,1,1,0,0,0,0,0,1,0,0,0,0,1,1,0,1,0,1,1,1,1,0,0,0,1,0,1,0,1,0,1,1,1,0,0,0,1,1,0,1,0,1,0,0,0,0,1,1,1,1,1,1,0,1,0,0,1,0,0,0,1,1,1,1,0,1,0,0,0,1,0
1,1,0,1,0,1,0,0,0,0,0,0,0,0,1,1,1,0,0,0,0,1,0,1,1,1,1,1,0,1,1,1,0,0,1,1,1,1,1,1,1,0,0,1,1,1,0,1,1,1,1,1,1,0,0,1,1,1,0,0,1,1,0,0,1,1,0,1,1,1,0,1,0,1,1
1,0,0,1,0,1,0,1,0,0,0,1,0,0,1,1,1,0,0,0,0,0,0,0,0,0,1,1,0,1,1,0,0,0,0,0,1,1,0,0,0,0,1,1,0,1,1,0,1,1,1,1,0,0,1,0,0,0,0,1,0,1,1,0,1,0,1,0,1,1,0,0,1,1,0
0,0,0,0,1,0,0,1,0,0,0,0,0,0,1,1,1,0,0,0,1,1,1,1,1,0,0,1,1,0,1,1,0,0,1,0,0,0,1,0,1,0,0,1,0,1,0,0,0,1,1,1,1,1,0,1,0,1,1,1,0,0,1,0,1,0,0,0,1,0,0,0,0,1,1
1,0,1,0,1,0,1,1,0,0,0,1,1,0,1,0,1,1,0,0,1,0,1,1,0,0,0,1,0,0,0,1,0,0,0,0,1,0,1,0,1,1,1,1,1,1,1,0,0,0,1,0,1,0,0,0,1,1,0,1,1,0,0,0,0,1,0,1,0,1,1,0,1,1,1
1,1,1,1,0,1,0,1,0,1,1,0,0,0,0,0,1,0,0,0,0,1,0,1,0,0,1,1,1,0,1,0,1,0,1,0,1,0,0,0,1,1,0,1,0,0,0,0,0,1,0,1,1,1,0,1,0,1,0,0,0,1,1,1,0,1,1,0,0,1,0,1,1,1,0
1,0,0,0,0,0,1,1,0,1,0,1,0,0,1,0,1,1,1,0,1,1,1,1,0,1,1,1,1,1,0,0,0,1,1,1,0,0,0,1,0,0,0,1,0,1,0,0,0,1,1,0,1,1,0,1,1,1,1,0,0,0,1,1,0,0,1,1,1,1,0,1,0,1,0
1,0,0,0,0,0,0,1,0,0,1,0,1,1,0,1,1,0,0,0,1,1,0,1,1,1,0,1,1,0,1,1,1,0,1,0,1,1,1,0,1,0,1,1,0,1,1,0,1,1,1,1,1,0,1,1,0,1,0,1,0,0,1,0,0,0,1,0,0,1,1,1,0,0,0
1,1,1,0,0,1,0,1,0,1,0,1,0,0,0,0,1,1,0,0,1,1,1,1,1,0,1,1,1,1,1,0,1,1,1,1,0,1,1,0,1,1,0,1,1,0,0,1,0,0,1,0,1,1,0,1,1,0,1,1,0,1,1,0,0,0,0,0,0,1,1,1,1,1,0
1,0,0,1,1,1,0,1,1,0,0,1,0,1,0,1,0,1,1,0,0,1,0,1,1,0,1,1,1,0,0,0,1,1,0,0,0,1,0,1,1,0,0,1,0,1,0,1,0,0,1,0,1,0,1,1,1,1,1,1,1,0,1,0,0,0,1,1,1,0,1,1,0,1,0
0,0,1,1,0,0,0,1,0,1,0,1,1,0,1,1,1,1,1,1,0,1,0,0,1,0,1,0,0,0,0,1,0,0,0,0,0,1,0,1,0,0,1,1,1,0,0,1,1,0,0,1,1,1,0,1,1,1,0,0,1,0,0,0,1,0,0,0,1,1,0,1,0,0,0
1,0,1,1,0,1,0,1,1,1,1,1,1,0,0,1,1,1,1,0,0,0,0,1,0,1,0,0,1,1,1,0,1,1,0,0,1,0,0,0,1,1,1,1,1,1,0,1,1,0,1,1,1,1,0,1,1,1,0,1,0,1,0,0,0,0,1,0,1,1,1,0,0,0,0
1,0,1,1,0,1,0,0,1,0,0,0,0,0,0,1,1,1,0,0,1,1,0,1,1,1,1,1,0,1,1,0,0,0,1,0,1,0,1,0,1,1,1,1,1,1,1,1,0,1,1,1,1,1,1,0,0,0,0,0,0,0,0,0,1,1,0,0,0,1,1,0,0,1,0
1,1,1,0,0,0,0,1,0,0,0,1,1,1,0,1,1,1,0,0,0,1,1,1,0,0,1,0,1,0,0,1,0,1,1,0,0,1,1,0,1,0,0,1,0,1,1,0,0,0,1,0,1,1,1,0,0,0,0,0,1,0,1,1,1,0,0,0,0,1,1,0,0,1,1
1,0,1,0,1,0,0,1,0,1,1,0,1,0,1,0,1,1,0,0,0,1,1,1,1,1,1,1,1,1,0,0,0,0,1,0,1,0,0,0,1,1,0,1,1,0,0,1,1,1,1,1,1,0,0,1,1,1,1,1,0,0,1,1,0,0,0,0,0,1,1,1,0,1,0
1,0,0,0,0,1,0,1,1,0,0,1,0,0,0,1,1,1,1,0,0,1,0,1,0,0,1,0,0,0,0,1,1,1,0,1,1,0,0,1,1,0,0,1,1,0,0,0,0,0,0,1,1,0,1,1,0,0,1,0,0,1,1,0,0,0,1,1,1,0,0,1,1,1,0
0,0,0,0,1,0,0,1,1,0,1,1,1,0,0,0,1,0,1,0,1,0,0,1,0,1,1,0,1,0,0,1,1,1,0,0,1,0,1,0,1,1,1,1,0,0,0,0,1,1,1,0,1,1,0,0,0,1,0,1,1,1,0,0,0,0,0,1,0,1,1,1,0,0,0
1,0,0,1,1,1,0,1,0,1,0,1,1,0,0,0,0,0,1,0,1,1,0,1,1,0,1,0,1,0,1,1,1,0,1,1,0,0,1,0,1,0,0,1,1,0,0,0,1,1,1,1,1,1,0,1,0,1,0,1,1,1,1,0,1,1,1,1,1,1,0,1,0,1,0
1,0,0,1,0,1,0,1,1,1,0,1,0,0,1,1,1,1,0,0,1,1,0,1,1,1,1,1,1,1,1,1,0,0,1,1,0,1,0,1,0,1,0,1,0,1,1,0,1,1,1,1,1,0,1,0,0,1,0,1,0,0,0,0,0,0,1,1,1,1,1,0,0,1,1
1,0,0,1,1,0,0,1,1,1,0,1,1,0,0,0,1,0,1,0,0,1,0,1,0,0,0,0,0,0,1,1,1,1,1,1,1,0,1,0,1,0,1,1,0,1,1,0,0,0,1,1,1,0,0,1,0,1,1,1,1,0,1,0,1,0,1,1,0,1,1,0,1,1,1
1,0,0,1,0,0,1,1,0,1,1,1,0,1,0,1,1,1,0,1,1,1,1,1,0,0,1,0,0,0,1,1,1,0,0,0,1,0,1,0,1,0,1,1,0,0,1,0,1,1,1,0,1,0,1,1,0,1,1,1,0,0,1,1,1,0,0,0,1,1,1,0,0,0,0
0,1,0,0,1,0,1,0,1,0,0,0,1,0,0,0,1,0,1,1,0,1,1,1,0,1,1,1,1,1,0,1,1,0,0,0,1,0,0,0,0,0,1,1,0,0,0,1,0,1,1,1,1,1,0,1,1,1,1,1,1,1,1,0,0,1,0,1,1,1,1,1,1,1,0
1,1,0,0,1,1,0,1,0,1,1,1,1,0,1,0,0,1,0,0,0,1,0,1,0,0,1,1,0,0,0,1,0,0,1,1,1,1,0,1,1,1,0,1,1,1,0,0,1,0,0,1,1,1,0,1,1,0,1,0,0,0,1,1,1,0,0,0,0,1,0,0,0,1,1
1,1,0,1,1,0,0,0,0,1,0,1,0,0,1,1,0,1,1,0,1,1,0,1,0,1,0,0,0,1,1,1,0,1,0,1,0,1,1,1,1,0,0,1,0,0,0,0,1,0,1,1,1,1,0,1,0,0,0,0,1,1,1,1,0,1,1,1,0,1,0,1,0,1,0
1,1,1,1,1,0,0,1,0,1,0,0,0,0,0,1,0,1,0,0,1,1,0,1,0,0,1,1,0,1,0,0,0,0,1,0,0,1,1,0,1,0,0,1,1,0,1,0,0,1,1,1,1,0,0,0,0,0,1,0,0,0,1,0,0,0,0,0,0,1,0,0,1,1,1
1,1,1,0,0,0,0,1,1,1,0,1,0,0,0,1,1,0,0,1,1,1,1,1,0,0,1,1,1,1,0,1,1,0,1,1,0,0,0,1,1,0,0,1,0,1,0,1,1,1,1,0,1,1,1,1,0,1,1,1,1,0,1,0,0,0,0,1,0,1,0,1,0,1,0
1,0,0,1,1,1,0,1,0,1,1,0,1,0,1,0,1,0,0,0,0,1,0,1,0,0,1,0,0,0,1,1,0,0,1,1,0,1,1,0,1,1,0,1,1,0,0,1,0,1,1,0,1,1,0,1,1,1,0,0,1,1,1,1,0,0,0,1,0,1,0,0,0,1,0
0,0,1,1,0,0,0,0,0,0,0,0,1,0,1,1,0,0,0,0,1,1,1,1,0,1,1,0,1,0,1,0,0,0,0,1,0,1,0,1,1,1,0,1,0,0,1,0,1,1,1,0,1,1,1,0,0,1,0,0,0,0,0,1,0,1,0,0,1,1,0,1,0,1,0
0,0,0,1,1,1,0,1,0,0,1,1,0,0,1,1,0,0,0,1,0,0,0,0,0,1,1,0,1,0,0,0,1,0,0,1,0,0,0,1,1,0,0,1,1,0,0,0,1,1,1,1,1,1,0,1,0,1,0,0,0,0,0,0,1,0,0,0,1,1,0,1,0,1,0
0,0,1,0,1,1,1,1,1,0,0,1,0,0,1,1,0,1,1,0,1,1,1,1,0,1,1,0,0,1,1,0,0,0,0,0,0,1,1,0,1,1,1,1,0,0,1,0,1,1,1,0,1,0,1,0,1,0,0,0,0,1,0,1,1,0,0,0,0,1,0,0,1,1,0
1,1,0,1,1,0,1,0,1,0,0,1,0,0,1,0,0,1,1,0,0,0,1,1,1,0,1,1,1,0,0,0,1,0,1,1,0,0,0,1,1,1,0,1,1,0,1,0,1,1,0,1,1,0,0,1,0,1,0,0,0,1,1,0,1,1,0,0,1,1,0,0,1,1,0
1,0,0,0,1,0,0,1,1,1,1,1,0,0,1,1,0,0,0,0,0,0,0,1,0,0,1,1,0,1,0,0,0,0,1,0,0,0,1,0,1,1,0,1,1,1,0,1,1,1,1,1,1,0,1,0,1,1,1,0,0,1,1,0,1,0,0,0,0,1,0,0,0,1,0
1,0,0,1,1,0,0,1,0,1,1,1,1,1,0,0,1,1,0,1,1,1,1,1,0,0,1,0,1,1,1,0,1,0,1,0,0,0,1,0,1,1,0,1,0,1,0,0,0,0,1,1,1,0,0,1,0,1,0,0,1,0,0,0,0,0,1,1,1,1,0,1,0,1,0
1,0,1,0,1,0,0,1,0,1,0,0,0,0,0,1,0,1,0,0,0,1,0,0,0,1,1,1,1,0,0,0,1,0,0,0,1,1,0,0,1,1,0,1,1,0,0,1,0,1,1,1,1,0,1,1,1,1,1,1,0,0,1,0,1,0,1,0,0,1,0,0,0,1,1
1,1,1,0,1,1,0,1,0,1,0,1,0,0,0,0,1,0,0,0,1,1,0,0,0,0,0,1,1,1,1,0,1,0,1,0,1,1,1,0,1,0,0,1,1,1,0,0,0,0,1,1,1,1,0,1,1,0,1,1,1,1,1,0,1,0,0,0,1,1,0,1,1,1,1
1,0,1,1,1,1,0,1,0,1,0,0,0,0,0,1,0,0,0,1,1,1,0,1,1,0,1,0,1,0,0,1,1,1,0,0,1,0,0,1,1,1,0,1,1,1,0,0,1,1,0,1,0,0,1,0,0,0,1,0,0,1,0,0,1,0,0,1,1,1,1,1,0,1,0
1,0,1,1,1,0,0,1,0,0,1,1,0,0,0,1,1,0,1,1,1,0,0,0,0,1,0,1,1,0,1,1,1,0,1,0,1,1,1,0,0,1,1,1,1,1,0,1,1,1,1,1,1,0,1,0,1,1,0,1,0,0,1,0,0,1,1,1,0,1,1,1,1,1,1
1,0,1,1,1,1,0,1,0,0,1,1,1,1,1,1,0,1,0,0,0,1,0,0,0,1,1,0,1,0,0,0,1,0,0,0,1,0,0,0,1,1,0,1,0,1,1,0,0,1,0,1,1,1,1,0,0,1,1,1,0,0,1,0,0,1,0,1,0,1,0,0,0,0,1
0,0,0,1,1,1,0,1,1,1,1,1,1,0,1,1,1,1,1,1,0,0,0,1,0,1,0,0,0,1,1,0,0,0,1,0,1,0,1,0,1,0,0,0,0,1,1,0,0,0,1,0,1,0,1,0,0,0,1,0,1,1,1,0,0,0,0,0,0,0,0,0,1,0,0
0,1,0,0,1,1,0,1,0,0,1,0,0,1,1,0,0,1,1,0,1,0,1,1,1,1,1,1,1,0,1,0,1,0,1,1,0,1,0,1,1,1,0,1,0,1,1,1,0,0,1,0,1,1,0,0,0,1,0,1,0,0,1,0,1,0,0,0,0,0,1,1,1,0,1
1,0,1,0,0,1,0,1,1,0,0,0,0,0,1,1,0,0,1,0,0,1,0,1,1,0,1,0,0,0,0,1,0,0,1,1,1,1,0,1,1,0,0,1,0,0,0,1,1,1,1,1,1,1,1,0,0,1,1,1,1,0,0,0,1,0,1,1,0,1,0,1,0,1,0
1,0,0,1,0,1,1,0,0,1,0,1,1,0,1,0,1,0,1,0,1,0,1,1,1,0,1,1,1,0,1,0,0,0,1,0,0,0,1,0,1,1,0,1,0,0,0,0,0,1,1,0,1,0,1,1,0,0,0,0,1,1,0,0,0,1,1,1,0,1,1,0,1,1,0
0,0,1,0,0,0,1,1,1,0,1,1,0,0,1,0,0,1,1,0,1,1,1,1,0,1,0,0,1,0,1,1,0,0,1,1,1,0,0,1,0,1,0,1,1,1,0,0,0,1,1,1,1,0,1,1,0,1,0,0,1,1,1,0,0,0,0,1,1,0,0,0,1,0,1
0,0,0,0,1,0,1,1,0,1,0,0,0,1,0,1,1,0,1,0,1,0,0,1,0,0,0,0,1,0,0,1,1,0,1,0,0,1,0,1,1,0,0,1,0,0,0,0,1,1,1,0,0,1,0,1,1,1,1,0,1,1,1,0,1,0,1,1,0,0,1,1,1,1,1
1,0,0,0,1,0,1,1,1,1,1,1,0,0,1,1,0,1,1,0,1,1,1,1,0,1,1,1,1,0,1,0,1,0,0,1,1,1,1,0,1,1,0,1,1,1,1,0,0,0,1,0,1,1,0,0,0,1,1,0,1,1,1,0,1,0,0,0,0,1,0,0,0,1,0
1,1,1,1,0,0,0,1,0,0,1,1,1,0,0,0,1,1,0,1,1,1,0,1,0,0,0,1,0,1,1,0,1,0,1,0,0,0,1,0,1,1,1,1,0,1,0,0,1,0,1,0,1,1,0,1,0,0,0,0,1,0,1,1,0,0,1,1,1,1,1,0,0,1,0
0,1,1,1,0,0,0,1,1,0,0,0,0,0,0,0,0,1,1,0,1,1,0,1,0,0,0,0,0,0,0,1,1,0,0,1,1,1,1,0,0,1,0,1,1,0,0,0,1,1,1,1,1,0,0,1,0,1,0,0,0,1,0,0,1,0,0,0,0,1,1,0,0,1,0
1,0,0,0,1,1,0,1,0,0,1,0,1,0,0,1,1,0,1,0,0,1,0,1,0,0,0,0,0,1,1,1,1,0,0,0,1,0,1,0,1,0,1,1,0,1,1,0,1,1,1,1,1,1,0,1,0,1,1,0,0,1,1,0,1,0,0,0,1,1,1,1,0,1,1
1,0,1,1,0,1,0,1,0,1,0,1,1,0,1,1,1,0,1,0,1,0,1,1,1,0,0,1,0,0,0,1,0,1,0,0,0,1,1,0,1,1,0,1,0,1,0,1,0,1,1,1,1,1,0,1,1,0,0,0,1,0,0,0,1,0,0,0,1,1,0,1,1,1,0
1,1,1,0,0,1,0,1,1,1,1,1,1,0,0,0,1,1,1,0,0,1,0,0,0,0,0,0,0,0,0,1,0,0,0,1,1,0,0,1,1,0,0,1,1,1,1,0,1,0,0,1,1,1,0,1,0,0,1,0,1,1,1,0,1,0,0,0,1,1,0,0,0,1,0
1,0,1,1,0,1,0,1,0,1,1,1,0,0,1,1,0,0,0,0,1,1,0,0,1,0,0,0,1,0,1,0,1,0,1,1,1,1,1,0,1,1,0,1,0,0,0,0,1,1,1,1,1,0,1,1,0,1,0,0,0,1,1,0,1,0,0,1,1,1,0,0,0,1,0
1,0,1,0,1,1,1,1,0,1,0,1,1,0,0,0,0,0,0,0,0,1,1,1,0,0,1,0,1,1,1,1,1,1,1,1,1,0,1,0,1,1,1,1,0,1,0,1,0,1,1,0,1,1,1,1,1,0,1,1,0,0,0,0,1,0,0,0,0,1,1,1,1,1,0
1,0,0,1,1,0,0,1,1,1,1,1,1,0,1,1,0,1,0,0,0,1,0,1,0,1,1,1,0,1,1,1,0,0,0,0,1,0,0,0,1,0,0,1,0,0,0,1,1,1,1,1,1,0,1,1,1,1,0,0,0,1,0,0,1,0,1,1,0,1,0,1,0,1,0
0,0,0,1,1,1,0,1,0,0,0,1,0,0,1,1,1,1,1,0,1,1,0,1,0,0,1,0,1,1,0,0,0,0,1,0,1,0,1,0,1,0,1,1,1,1,1,0,1,1,1,1,1,1,0,0,0,1,1,1,1,1,1,0,1,0,0,0,1,1,1,1,0,1,0
1,1,1,0,0,0,1,1,0,1,0,0,1,1,0,0,1,1,0,0,0,1,1,1,0,0,1,0,1,0,0,0,1,1,1,1,1,0,1,0,1,1,0,1,1,0,0,1,0,1,1,1,1,1,0,1,1,1,1,1,0,0,1,1,1,0,0,0,0,1,0,0,0,1,0
1,0,0,1,0,0,0,1,1,0,0,1,0,1,1,1,0,1,0,0,1,1,0,1,1,1,0,0,0,1,1,0,0,0,0,1,1,0,0,1,0,0,0,1,0,0,1,0,1,1,0,0,1,0,1,0,0,1,0,0,0,1,0,0,1,0,1,1,1,1,0,1,0,1,0
1,0,0,1,0,0,1,1,0,0,0,1,0,0,1,1,1,1,0,0,0,1,0,1,0,0,1,0,0,1,1,1,0,0,0,1,0,1,1,1,1,0,1,1,1,1,0,0,0,1,0,1,0,1,0,1,0,1,0,0,0,0,1,0,1,0,1,0,1,1,0,1,0,1,0
1,0,0,0,1,0,0,1,0,1,0,1,0,0,1,1,1,1,0,1,0,0,0,1,0,0,1,1,1,1,1,1,0,1,0,1,0,1,0,1,1,0,0,1,0,1,1,0,1,1,0,1,1,1,0,1,1,0,1,0,1,0,1,0,1,0,0,0,1,1,0,0,0,1,1
1,1,1,0,0,0,1,0,0,1,0,0,0,0,1,1,1,1,0,0,1,1,0,1,0,0,0,0,1,1,1,1,0,0,0,1,1,0,1,1,1,0,1,1,0,1,1,0,1,0,1,1,1,1,0,0,1,0,1,0,0,0,1,0,1,0,0,0,1,1,1,1,0,1,0
0,1,0,1,0,0,0,0,0,1,0,1,0,0,0,1,1,0,0,0,1,1,0,0,0,0,0,0,0,0,1,0,1,0,1,1,0,1,1,1,1,0,1,1,1,1,0,0,0,1,1,1,1,1,0,0,0,1,1,1,1,0,1,0,0,1,1,1,1,1,1,1,0,1,0
0,0,1,1,1,1,0,1,0,0,0,1,1,0,1,0,1,0,0,0,0,0,1,1,1,0,0,0,0,0,1,1,0,0,0,0,0,1,1,0,1,1,0,1,0,1,0,0,0,1,1,0,1,0,0,0,0,0,0,1,0,0,0,0,0,0,0,0,1,0,0,0,1,1,0
1,0,1,0,0,0,0,1,0,1,0,1,1,0,0,1,0,1,0,0,1,1,0,1,1,1,0,0,1,0,1,0,1,0,1,1,1,1,0,1,1,0,1,1,0,1,0,1,0,0,1,1,1,1,1,0,1,1,0,0,1,0,1,0,1,0,0,1,0,1,1,0,0,0,0
1,0,0,1,1,1,0,1,0,1,1,1,0,0,1,1,1,1,1,1,0,0,0,0,0,0,0,0,1,0,0,1,0,0,0,1,1,1,0,1,0,0,1,1,1,0,1,1,0,0,1,1,1,1,0,1,1,0,0,1,0,1,0,0,1,0,0,1,1,1,1,1,1,1,0
0,0,0,1,0,1,0,1,0,1,1,0,0,0,0,1,1,0,0,1,1,0,0,1,0,0,1,1,1,0,0,0,1,0,1,1,1,0,0,1,0,0,0,1,1,0,0,0,0,1,1,1,1,1,0,0,0,1,1,1,1,1,1,0,0,1,0,1,1,0,0,1,0,1,0
1,1,0,1,1,0,0,1,0,1,1,0,1,1,0,0,1,0,1,1,1,0,1,1,1,1,0,1,1,1,1,0,0,1,0,0,0,1,1,0,0,0,1,1,1,0,0,0,0,0,1,0,0,1,0,0,0,1,0,0,0,1,0,0,1,0,1,0,0,1,1,1,0,1,0
1,1,0,1,1,0,0,0,0,0,0,1,0,0,1,0,1,0,1,0,0,1,1,1,1,0,1,1,1,1,0,1,0,0,1,1,0,0,0,1,1,1,0,1,1,0,0,0,0,1,1,0,1,1,0,1,0,1,1,0,0,0,0,0,0,1,0,0,1,1,1,0,0,1,0
0,0,0,1,1,0,0,1,0,1,0,1,0,0,1,1,1,0,1,0,0,0,0,1,0,0,1,1,1,1,0,1,0,0,1,0,0,1,1,0,1,0,0,1,1,0,0,0,0,1,1,0,1,0,1,1,0,1,1,1,0,0,1,0,1,0,0,0,0,1,0,1,0,0,1
1,1,1,0,0,1,0,1,1,0,0,0,0,0,1,0,1,1,0,1,1,1,0,0,1,0,0,0,1,0,1,1,1,0,0,1,0,1,1,1,1,1,0,1,1,0,0,0,0,0,0,1,1,0,0,1,0,0,1,0,0,1,1,0,0,0,1,0,0,0,0,0,1,1,0
0,0,0,1,0,1,0,1,1,1,1,1,0,0,1,1,1,1,1,1,0,0,0,0,0,0,1,1,1,0,1,0,0,0,0,0,1,1,0,0,1,0,1,1,0,0,0,1,0,0,1,1,1,0,0,1,1,1,0,1,1,1,0,0,0,0,0,0,1,0,0,1,0,1,0
1,0,0,0,0,0,0,1,1,0,0,1,0,0,0,1,1,1,1,1,0,1,1,1,0,0,1,0,1,0,1,0,0,0,0,0,0,0,0,1,0,0,0,0,1,0,1,1,1,1,1,1,1,1,0,1,1,0,1,1,1,0,1,0,0,1,0,1,0,1,0,0,0,1,0
1,1,0,0,0,0,0,1,0,0,0,1,1,0,0,1,0,1,0,0,0,1,1,1,0,1,1,1,0,0,1,1,1,1,1,0,0,1,1,0,1,1,0,1,1,0,0,1,0,0,1,0,1,1,0,1,1,0,1,0,1,0,1,0,1,0,1,0,0,1,0,0,0,1,0
1,0,0,0,1,1,0,1,0,1,0,1,1,0,0,0,1,1,0,0,1,0,1,1,0,0,0,1,1,1,1,1,1,0,1,0,1,1,0,0,1,1,1,1,0,1,1,0,0,1,1,1,0,1,0,0,0,1,1,1,1,1,1,0,1,0,1,0,0,1,1,0,0,1,1
0,1,0,0,0,0,1,0,0,1,0,1,0,0,1,1,1,0,0,1,1,0,1,1,0,0,1,0,0,0,0,0,0,0,1,0,0,0,1,0,1,1,1,1,1,0,1,0,0,1,1,0,1,0,1,1,0,0,0,0,1,1,0,0,0,1,1,1,1,1,1,0,0,0,0
1,0,0,1,1,1,1,1,0,1,1,0,0,0,0,0,0,0,0,1,0,1,1,1,0,1,1,1,0,1,0,0,0,0,0,1,0,1,0,1,0,1,1,0,1,0,0,1,1,1,1,1,1,0,1,1,1,1,1,1,0,0,1,0,0,1,0,0,1,1,1,0,0,0,1
1,0,0,0,1,0,0,1,0,1,0,1,0,0,0,1,1,0,0,0,1,0,0,1,0,1,0,0,1,0,1,0,1,0,1,0,0,1,0,0,1,0,1,1,0,0,0,0,0,1,1,1,1,0,1,1,0,1,1,1,0,0,1,0,1,0,1,0,1,1,0,1,1,1,0
1,0,1,1,1,1,0,1,1,0,1,1,0,0,0,0,1,1,1,0,0,1,0,1,1,1,0,1,0,0,0,1,1,1,1,1,0,1,1,0,1,1,0,1,1,1,1,1,0,1,1,1,1,1,0,1,1,1,0,0,0,1,1,1,1,1,0,0,0,0,0,0,1,1,1
1,0,1,1,0,0,0,1,1,0,1,0,0,0,1,0,0,0,1,0,1,0,0,1,1,1,1,0,0,1,0,1,0,1,1,1,1,0,1,0,1,1,1,1,0,0,0,0,1,1,1,1,1,1,1,0,0,1,0,1,0,0,1,0,1,0,0,1,1,1,1,0,0,1,0
1,0,1,0,0,1,0,1,0,1,1,1,0,0,1,0,0,1,1,0,1,0,0,1,1,0,1,0,1,0,1,1,1,0,0,1,0,1,0,1,1,1,1,1,0,1,1,0,1,0,1,1,0,1,1,0,0,0,1,1,1,0,1,0,1,1,1,0,0,1,0,0,1,1,0
1,0,0,0,1,0,0,1,0,1,0,1,1,1,1,1,1,1,1,0,0,1,1,1,0,0,0,1,0,0,0,1,0,1,0,1,0,0,0,1,1,0,0,1,0,0,0,1,0,0,1,0,1,1,0,0,1,0,0,1,1,0,0,0,0,0,1,1,0,1,1,1,1,1,0
0,0,0,1,1,0,0,1,0,1,1,1,0,0,0,1,1,1,0,1,1,1,0,1,1,1,1,0,0,0,1,1,0,0,1,1,0,1,0,1,0,0,0,1,0,1,1,0,0,0,1,1,1,1,0,1,0,1,1,1,1,0,1,0,1,0,0,0,1,1,0,0,0,1,0
1,1,1,1,1,0,1,1,1,1,1,1,0,1,1,1,1,0,1,0,0,1,0,1,1,0,1,0,0,0,1,0,0,0,1,1,0,0,0,1,1,0,0,1,1,1,0,0,0,1,1,1,1,0,0,1,0,1,1,1,1,1,0,0,1,0,0,0,1,1,0,1,0,1,0
1,0,1,0,1,0,0,0,0,0,0,0,0,0,1,1,1,0,0,0,0,1,0,1,1,0,1,1,0,0,0,0,1,0,1,1,0,0,0,1,1,0,0,1,0,1,0,1,1,0,1,1,1,1,0,1,1,1,1,0,0,1,1,1,1,0,0,1,1,1,0,0,0,1,0
1,0,0,1,1,0,0,1,1,0,1,0,0,0,1,0,1,1,0,1,0,1,0,1,0,0,1,1,1,0,1,0,0,0,1,0,1,0,1,0,0,0,0,1,1,1,1,0,0,1,0,1,1,0,0,1,1,1,0,1,0,1,0,1,1,0,1,1,1,1,1,1,0,1,1
1,0,1,1,1,0,0,1,1,0,1,0,0,0,1,0,1,1,0,0,1,1,0,1,0,0,1,0,0,0,1,0,0,0,0,0,1,0,0,1,1,1,0,1,1,0,1,0,0,1,0,1,1,0,0,0,0,1,0,1,0,1,1,0,1,0,0,1,1,1,0,0,1,1,1
1,0,0,0,0,0,0,1,0,1,1,1,1,1,1,1,1,0,0,0,0,1,0,1,0,0,1,1,0,0,1,1,0,0,1,0,0,0,1,0,1,0,0,1,0,0,0,0,0,1,1,1,1,1,0,1,0,1,1,1,0,0,1,0,1,0,0,0,1,1,0,0,0,1,0
1,0,1,1,1,1,0,1,1,1,1,1,0,0,1,1,0,0,0,0,0,0,1,1,0,1,0,0,0,1,0,0,0,0,0,1,0,0,0,1,1,0,1,1,1,1,0,0,0,1,1,1,1,0,1,0,0,1,0,1,0,1,0,0,1,0,0,0,1,1,1,1,0,0,0
0,0,0,0,1,0,0,1,0,1,0,1,1,0,1,0,1,1,1,0,1,1,0,0,0,0,1,1,0,0,1,1,0,0,1,0,0,0,1,0,0,0,0,1,1,0,1,1,0,0,1,1,1,0,1,1,1,1,1,0,1,0,1,0,0,0,1,1,1,1,0,0,0,1,0
1,0,1,1,0,0,0,0,0,1,0,1,0,0,1,0,1,1,0,1,0,1,0,0,1,1,1,1,1,0,0,0,0,0,1,1,0,0,0,1,0,1,1,1,0,1,0,0,0,1,1,1,1,1,0,1,1,0,0,0,1,1,0,1,1,1,0,1,1,1,1,1,1,0,0
1,0,0,1,0,1,0,1,0,1,1,0,1,0,0,0,1,1,0,1,0,1,0,0,0,0,1,1,0,0,0,1,1,0,1,0,0,0,1,0,0,1,0,1,0,0,1,1,1,1,1,1,1,1,0,1,1,1,1,0,0,0,1,0,1,0,0,0,0,1,1,0,0,1,0
0,0,0,1,0,1,0,1,1,0,1,1,0,0,0,1,1,0,1,0,0,1,1,1,0,1,1,0,1,0,0,0,1,0,1,1,1,1,0,1,1,0,0,1,1,0,1,1,0,1,1,1,1,0,1,1,1,1,0,1,0,0,1,0,0,0,0,1,1,1,0,1,0,1,0
0,0,0,0,0,1,1,1,1,1,0,0,0,0,1,1,0,1,0,0,1,0,1,1,0,0,1,0,0,0,0,1,0,0,0,0,1,0,0,0,1,0,1,1,0,1,1,0,0,1,1,1,1,1,0,0,0,1,1,1,0,0,1,0,1,0,1,0,0,1,1,1,1,1,0
1,0,0,1,1,1,1,0,1,1,0,1,0,0,0,1,0,1,1,1,1,1,1,1,1,1,1,1,1,1,1,1,1,1,1,0,1,0,1,0,0,1,0,1,0,1,1,0,1,1,1,0,1,0,1,0,1,1,0,0,1,0,1,0,0,1,1,0,0,1,0,0,0,1,1
1,0,1,1,1,0,0,1,0,1,0,0,0,0,0,0,1,0,1,1,0,1,0,0,0,0,1,1,1,1,1,0,0,1,0,0,0,0,0,0,1,1,0,1,0,0,0,0,1,1,1,1,1,1,0,1,0,1,1,1,0,0,1,0,0,0,0,1,1,1,0,1,0,0,0
1,1,1,0,1,1,0,1,1,0,0,1,0,0,0,0,1,1,1,0,0,0,0,1,1,1,1,0,0,0,0,1,0,0,1,0,0,1,0,1,1,0,1,1,1,0,1,1,1,1,1,1,1,0,0,1,1,1,0,0,1,1,1,0,1,0,1,1,1,1,1,0,0,1,1
1,1,1,1,1,0,0,1,0,1,0,1,0,0,0,1,0,0,0,0,0,1,1,1,0,0,0,0,1,1,1,1,1,0,1,1,0,1,0,1,1,0,1,1,0,1,0,0,0,0,1,0,1,1,1,1,1,1,0,1,0,0,0,0,1,1,0,0,1,1,1,1,1,1,1
1,0,0,1,0,0,0,1,0,1,1,1,0,0,0,1,0,1,1,1,1,1,0,1,1,0,0,1,1,0,0,1,1,1,1,1,1,1,0,1,1,0,0,1,0,1,0,0,0,1,1,1,0,0,1,0,0,1,1,1,0,1,1,0,1,0,1,1,1,1,0,0,0,1,1
0,0,1,1,0,1,1,1,0,1,1,0,0,0,1,0,1,0,1,0,1,1,1,1,1,0,1,1,0,0,1,0,0,0,1,1,0,1,1,0,1,1,1,1,0,1,0,1,1,0,1,1,1,1,1,1,1,1,1,1,0,1,1,0,0,1,0,0,0,0,0,0,0,0,0
1,0,1,0,0,0,0,1,0,1,0,0,0,0,0,0,0,0,1,0,1,1,0,1,0,1,1,1,1,0,1,0,1,0,1,1,0,0,0,1,1,0,1,1,1,0,0,1,1,1,1,1,1,1,0,1,1,0,0,1,1,0,1,1,1,0,0,1,1,0,1,1,0,0,0
1,0,1,1,0,0,0,1,1,0,0,1,1,1,1,1,0,1,1,0,0,0,0,1,0,0,1,1,1,1,0,1,0,0,1,0,1,1,1,0,1,0,1,1,1,1,1,0,1,0,1,1,1,0,1,0,0,1,1,1,1,1,1,0,0,1,0,1,1,1,1,1,0,1,1
1,0,0,0,1,0,0,1,0,0,1,0,1,0,0,1,0,1,0,0,0,1,0,1,0,0,1,1,1,1,0,1,1,0,0,0,0,0,1,0,1,0,1,1,0,1,0,1,1,0,0,1,1,0,1,1,1,1,1,0,0,0,1,0,1,0,1,1,0,0,0,0,0,1,0
1,1,1,0,1,0,1,0,0,1,0,1,0,0,1,1,1,1,0,0,1,0,1,1,0,0,0,1,1,1,1,0,0,0,0,1,0,1,1,0,0,1,0,1,0,1,1,1,1,1,1,0,1,0,0,1,1,1,1,0,0,0,0,0,0,1,0,1,1,1,0,1,0,1,0
1,1,1,1,1,0,0,1,0,0,1,0,0,0,1,1,1,1,0,0,0,1,1,1,0,0,1,0,0,1,1,0,0,0,0,1,0,0,0,0,1,1,0,1,1,0,1,0,0,1,1,0,0,1,1,0,0,1,1,0,0,1,1,1,1,0,1,0,0,1,0,1,0,0,1
1,0,1,1,1,0,0,1,1,1,1,0,0,1,0,1,1,1,0,0,1,0,0,1,1,1,1,1,1,1,1,0,1,0,1,1,0,0,0,1,1,0,0,1,0,1,0,0,1,0,1,1,1,0,1,1,1,1,0,0,0,1,1,0,0,0,0,1,1,1,0,0,0,1,1
1,0,1,1,0,0,0,1,0,1,0,1,0,0,0,0,1,0,1,1,1,1,0,1,0,1,0,1,1,1,1,0,1,0,0,0,1,0,1,0,1,1,1,1,0,0,0,0,0,1,1,1,1,0,1,1,0,1,1,0,1,0,1,1,0,1,1,1,0,1,0,1,1,1,0
1,0,0,1,1,0,0,1,0,0,1,1,0,0,1,1,1,0,0,0,1,1,0,1,1,1,1,0,0,1,1,0,0,1,1,0,1,0,0,0,0,1,0,1,1,1,1,0,1,1,1,1,1,1,0,0,0,1,1,1,1,1,1,0,1,0,1,1,0,1,0,1,0,1,0
1,0,0,1,0,1,1,1,0,1,1,1,1,0,1,1,1,0,1,0,1,0,0,1,0,0,1,1,1,0,1,0,0,0,1,0,0,0,1,0,1,0,0,1,0,0,0,1,1,1,1,0,1,0,1,1,1,1,0,1,0,1,1,0,1,0,1,1,0,1,0,0,0,1,0
1,0,0,0,1,0,0,0,0,1,0,1,0,0,0,0,1,0,0,1,0,1,0,0,0,0,1,1,1,1,0,1,1,0,1,0,0,0,1,0,1,1,0,1,0,0,0,1,0,1,1,1,1,0,0,1,0,0,1,1,0,0,1,0,0,0,0,0,0,1,1,1,0,1,1
0,0,1,0,1,1,0,1,0,1,0,0,0,1,1,1,1,1,0,1,0,1,0,1,1,1,1,0,0,1,1,0,0,0,1,1,0,1,0,1,1,0,0,1,0,1,1,0,0,0,1,0,1,0,1,0,1,0,0,0,0,0,1,0,0,0,0,0,1,0,0,1,1,0,0
1,1,1,1,0,1,0,1,1,0,1,0,0,0,1,1,1,0,0,0,0,1,1,1,0,0,1,1,0,0,0,1,0,0,0,0,0,0,0,1,1,0,0,1,1,1,0,0,0,1,1,0,1,1,1,1,0,1,0,0,0,0,0,1,1,0,1,1,1,1,0,1,0,1,0
1,0,0,0,0,0,0,1,0,0,1,0,0,0,1,1,1,0,0,1,0,1,0,1,0,0,1,0,1,1,1,1,0,0,0,0,1,1,0,1,1,0,1,1,0,1,0,1,0,0,1,1,0,1,0,0,1,1,1,1,0,1,1,1,1,0,0,0,1,1,1,0,0,1,0
1,0,0,1,0,1,0,1,0,0,0,1,0,0,0,1,0,0,1,0,1,1,0,1,1,0,0,1,1,1,0,1,1,0,1,1,0,0,1,0,1,1,0,1,0,1,0,0,0,0,0,1,1,1,0,0,1,1,1,1,1,1,1,1,0,0,0,1,1,1,0,1,0,0,0
1,0,1,1,1,1,1,1,0,0,0,1,1,0,1,1,1,1,1,0,0,0,1,1,0,0,1,1,1,1,1,1,0,1,0,1,0,0,0,1,1,0,1,1,0,1,0,0,1,0,1,0,1,1,0,0,0,1,0,0,1,0,1,0,1,0,0,0,1,1,1,1,0,1,1
1,0,0,0,1,1,1,1,0,0,0,1,0,0,1,0,0,1,1,0,1,1,1,1,0,0,1,1,1,0,0,1,0,0,1,0,0,0,1,0,1,1,0,1,0,1,1,0,0,1,1,0,1,0,1,1,1,1,0,1,1,0,1,1,1,0,1,0,1,1,1,1,0,1,0
0,0,1,1,1,1,1,1,0,0,1,0,1,0,0,0,1,0,0,1,1,1,0,1,0,0,1,1,0,1,0,1,0,0,1,0,1,1,1,0,1,1,1,1,1,1,0,0,0,0,1,1,1,1,0,1,0,1,0,0,0,1,1,0,1,0,0,1,0,0,0,0,1,1,1
1,0,0,1,1,0,0,1,0,0,0,1,1,0,1,0,1,0,0,1,0,0,0,1,0,0,1,1,0,0,0,0,0,0,0,0,0,0,1,0,1,1,0,1,1,1,0,0,1,1,1,1,1,0,0,1,0,1,1,1,1,1,1,0,0,0,0,0,0,1,1,1,0,1,0
1,0,1,0,1,0,1,1,0,1,0,1,0,0,0,1,0,0,1,0,1,1,1,1,1,1,1,0,1,1,0,0,1,1,0,1,0,0,1,1,1,1,0,1,0,1,0,0,0,1,1,0,1,1,0,1,0,0,0,0,1,0,0,0,0,0,1,1,0,0,0,1,1,1,0
0,0,0,1,1,1,0,1,1,1,1,1,0,0,1,1,1,1,0,0,1,1,1,1,0,1,1,0,0,1,1,1,0,0,1,0,0,0,1,0,1,1,0,1,0,1,1,0,1,1,1,1,0,0,1,0,1,1,1,0,1,1,1,0,1,0,1,0,0,0,0,1,0,0,0
0,0,1,0,1,0,1,1,0,1,1,1,1,0,1,1,1,1,1,0,1,1,0,0,0,1,1,0,0,1,1,0,0,0,1,0,1,1,1,0,1,1,0,1,0,0,1,1,0,0,1,1,1,1,0,1,1,1,1,1,1,1,1,1,1,0,1,1,0,0,0,1,0,1,0
0,1,1,0,0,1,0,1,0,1,1,0,1,0,1,1,1,0,0,0,0,1,0,0,0,0,1,1,1,0,0,1,0,0,1,0,0,0,0,0,1,1,1,1,1,0,0,1,1,0,1,1,1,0,0,0,1,0,1,1,0,0,1,0,0,0,0,0,0,0,1,0,0,1,0
1,1,0,0,1,1,1,1,0,1,0,0,1,0,0,0,1,1,0,0,0,1,1,1,0,1,1,0,1,1,1,0,1,0,0,0,1,0,0,1,1,0,1,1,1,1,0,0,1,0,1,1,1,0,0,1,1,0,1,0,0,0,1,0,1,0,0,0,0,1,1,0,0,1,0
1,0,0,1,0,1,0,0,0,0,0,1,0,0,0,0,0,1,1,0,1,1,0,1,0,1,1,0,0,1,1,0,0,0,1,0,0,1,1,0,1,1,0,1,1,1,0,1,0,0,1,1,1,0,0,1,1,1,0,0,1,0,1,0,1,0,0,1,1,1,0,1,0,1,0
1,0,1,1,0,1,0,1,0,0,1,1,0,0,0,1,1,0,0,0,1,1,0,1,0,0,1,1,0,0,0,1,1,0,0,0,0,1,1,0,0,0,0,1,0,1,0,0,1,0,1,1,1,0,1,1,0,1,0,0,0,1,0,0,1,0,1,1,0,1,0,0,0,1,0
1,0,1,1,1,0,0,1,0,1,0,1,1,0,0,0,0,0,1,0,0,1,1,1,0,0,1,0,1,0,1,0,0,0,0,0,1,1,1,0,1,1,0,1,0,1,0,1,1,0,1,0,1,1,1,1,1,1,0,0,1,1,1,0,1,0,0,1,1,0,0,0,0,0,0
1,0,1,0,1,0,0,1,0,0,1,1,0,0,0,0,0,0,0,0,1,1,1,1,0,1,1,0,0,1,0,0,0,0,1,0,1,0,1,0,1,0,0,1,0,1,0,1,0,1,1,0,1,1,0,0,1,1,1,0,0,0,1,0,1,0,0,0,1,1,0,1,0,1,0
1,1,0,1,1,1,0,1,1,1,0,0,0,0,1,1,1,0,0,0,1,0,0,1,0,1,0,0,0,1,1,0,0,0,0,1,1,1,0,1,1,0,0,1,0,1,0,1,0,1,1,0,1,1,1,1,1,0,0,0,0,1,0,0,0,0,0,1,1,1,0,1,0,1,0
1,0,0,0,0,0,0,1,0,1,1,1,0,0,0,1,1,1,0,1,1,1,0,1,1,0,0,1,1,0,1,0,1,0,1,1,1,1,0,1,0,0,1,1,0,1,0,0,1,1,0,1,1,1,0,1,0,1,1,0,1,1,1,0,1,0,1,1,1,1,0,0,0,0,0
0,0,0,1,0,1,1,1,0,1,0,1,0,0,0,0,0,1,0,1,1,1,0,0,1,1,1,1,0,1,1,1,0,1,0,1,0,1,1,0,1,1,1,1,0,1,1,0,0,1,1,1,1,1,1,1,0,0,0,1,0,0,0,0,1,0,0,0,1,1,1,0,0,1,1
1,1,1,1,1,1,1,1,0,1,0,1,0,0,0,0,1,1,1,0,1,1,1,1,1,0,1,1,1,0,0,1,1,1,0,0,1,0,1,0,1,0,0,1,1,0,1,1,1,1,1,1,1,0,0,1,0,0,0,0,1,0,0,0,1,0,0,0,0,0,0,0,0,1,0
1,1,1,0,1,0,0,1,0,0,0,0,1,0,1,1,1,1,0,1,0,1,0,1,0,0,1,0,1,1,0,0,1,0,0,0,1,0,0,1,1,0,1,1,0,1,1,1,0,0,1,1,1,0,1,0,1,0,1,1,0,1,1,0,1,0,0,0,0,1,1,1,0,1,0
1,0,0,1,1,0,0,1,1,1,1,1,0,0,1,1,1,1,0,0,1,1,1,1,0,0,1,1,1,1,1,0,0,0,0,1,0,1,0,1,0,0,0,1,1,1,1,0,0,1,1,1,1,1,0,0,0,0,0,0,0,1,0,1,0,0,1,1,0,1,0,1,1,1,0
1,1,1,0,0,0,0,1,0,1,0,1,1,0,1,1,1,0,0,0,0,0,0,0,0,0,1,1,0,1,1,1,1,0,1,1,0,0,1,0,1,1,0,1,0,1,1,0,0,1,1,0,1,1,1,1,0,0,0,0,0,0,1,0,0,1,0,1,1,1,0,0,1,1,0
1,0,1,0,0,1,0,1,1,0,0,1,0,0,0,0,1,1,1,1,1,1,1,1,0,1,1,0,1,1,0,1,1,0,0,1,0,0,1,0,1,1,0,1,0,0,0,0,0,1,1,0,1,0,0,1,0,1,1,0,1,0,1,1,0,1,0,1,0,1,1,0,1,1,1
1,0,0,1,1,0,0,1,0,1,0,1,0,0,0,0,0,1,0,0,1,1,1,1,0,1,1,0,1,1,1,0,1,0,1,1,1,1,1,0,1,0,0,1,0,1,0,0,0,1,0,0,1,1,0,0,0,0,0,0,0,0,1,0,1,1,0,0,1,1,0,0,1,0,0
0,0,0,0,0,0,0,1,1,1,0,0,0,0,1,1,1,1,0,0,1,1,1,1,0,0,1,0,1,0,1,0,0,0,0,1,0,0,0,1,1,0,0,1,0,1,1,0,1,1,1,1,1,1,0,0,0,1,1,0,0,1,1,0,0,1,1,1,1,1,0,0,0,0,0
1,1,1,1,0,0,1,0,0,0,0,1,1,0,1,1,1,1,0,0,0,1,1,1,0,1,0,1,1,0,0,1,1,0,1,1,0,0,0,1,1,1,0,1,1,0,0,1,0,0,1,0,1,0,1,1,1,0,0,1,1,1,0,1,1,1,1,1,1,0,0,1,1,1,0
1,0,1,1,1,1,1,1,0,1,1,1,1,0,1,1,0,1,1,0,1,1,1,1,0,0,1,1,1,0,0,1,1,0,0,1,1,0,1,0,1,0,1,1,1,1,1,0,0,1,1,1,1,0,1,0,1,0,0,0,1,0,0,0,1,0,0,0,0,1,1,1,0,1,1
1,0,1,1,1,0,0,1,0,1,1,1,0,1,0,1,1,0,0,0,1,1,1,1,1,0,0,0,1,0,1,1,0,0,1,1,1,1,0,1,1,0,0,1,1,0,0,1,1,0,1,1,1,1,0,1,1,1,0,1,0,1,1,1,0,0,0,0,0,1,0,0,0,1,0
0,0,0,1,1,0,0,0,0,1,0,1,0,0,1,1,1,1,1,0,1,1,0,1,0,0,1,1,1,0,0,1,1,0,1,0,1,0,1,0,1,1,1,1,1,0,0,1,0,1,1,1,1,0,1,1,0,1,0,0,1,0,1,0,1,1,1,0,0,0,0,1,1,1,1
0,0,1,1,1,0,0,1,0,0,0,1,1,1,1,0,1,0,0,1,0,1,0,0,0,1,0,0,1,1,0,1,0,0,0,0,0,0,0,0,1,1,1,1,1,1,0,0,1,1,1,0,1,0,0,1,0,1,0,1,0,1,0,0,1,0,1,1,1,0,0,0,0,1,0
0,1,0,1,0,1,0,1,1,0,0,0,0,0,1,1,1,1,0,0,0,1,0,1,1,1,0,1,0,1,0,1,0,0,1,1,1,0,1,0,1,0,0,1,0,1,0,0,0,0,0,1,1,1,1,1,0,1,0,1,0,1,0,0,1,0,0,1,1,0,0,1,1,1,0
1,0,0,0,0,1,0,1,0,0,1,1,0,0,0,1,1,1,0,0,1,0,1,1,0,1,0,1,1,1,0,0,1,1,0,0,0,0,0,1,1,0,0,1,1,1,0,0,0,0,0,1,1,0,1,1,0,1,1,0,1,0,1,0,1,0,0,0,1,1,0,0,0,1,0
1,0,1,0,1,0,0,1,0,0,1,1,0,0,1,0,0,1,0,1,0,1,1,1,0,0,0,1,1,0,1,0,1,0,0,1,0,0,0,1,1,1,0,1,0,1,0,0,0,1,1,1,0,1,0,1,0,1,1,0,0,1,1,0,0,0,0,1,1,1,0,1,0,1,0
1,0,0,1,1,1,1,0,0,0,0,1,0,0,0,1,1,1,0,0,0,1,1,1,1,1,1,1,1,1,0,0,1,0,1,0,0,1,0,1,0,0,0,1,0,1,1,0,0,1,1,0,1,0,1,0,1,0,0,0,0,0,1,0,1,1,0,0,1,1,0,0,1,1,0
0,1,1,0,0,1,1,1,0,1,1,1,1,1,0,0,1,0,1,0,1,1,1,1,1,0,1,1,0,1,0,0,1,0,1,1,0,0,0,0,0,1,0,1,1,1,0,0,0,0,1,0,1,1,0,1,0,1,1,0,1,1,1,1,1,0,1,0,0,1,0,1,0,0,0
1,0,0,0,1,1,0,1,1,1,1,1,0,0,0,1,0,0,0,0,1,1,1,1,0,0,1,0,0,1,0,0,0,0,1,1,0,0,0,1,1,1,0,1,1,1,0,1,0,1,1,0,1,0,0,1,0,1,1,0,0,1,0,0,1,0,0,0,1,1,0,0,0,0,0
1,1,0,0,1,0,0,0,1,1,0,1,1,0,0,0,0,0,1,0,1,1,1,1,1,1,1,0,1,1,1,1,1,0,0,0,0,1,0,0,1,1,0,1,1,1,0,0,0,0,1,0,1,0,0,1,1,0,1,1,1,0,1,0,1,1,1,1,1,1,0,0,1,1,0
1,0,0,1,1,1,0,1,0,1,0,1,1,0,1,1,1,1,1,0,1,1,1,1,0,1,1,1,0,1,0,0,0,0,1,0,0,1,1,0,1,0,0,1,1,0,1,1,0,0,0,0,1,1,0,1,1,0,1,0,1,0,0,0,1,0,0,0,0,1,0,1,0,0,1
1,1,1,1,0,0,0,1,0,0,0,1,1,0,1,0,1,1,1,1,1,1,1,1,0,0,1,1,1,1,0,1,1,0,0,0,0,0,0,0,0,0,1,1,0,1,1,1,0,0,1,1,1,1,0,1,1,1,0,1,1,1,0,0,1,0,0,1,1,1,1,1,0,1,1
1,0,1,1,0,0,1,0,1,1,0,1,1,0,1,0,1,1,0,0,0,1,1,1,0,0,1,0,1,0,1,0,1,0,1,1,1,0,0,1,1,1,1,1,0,1,0,0,1,1,0,0,1,0,1,1,0,1,0,1,0,1,1,0,0,1,0,0,1,1,1,0,0,1,0
1,1,1,1,1,0,0,1,0,1,0,1,0,0,0,1,1,0,1,0,1,1,1,1,0,1,1,0,1,0,1,1,1,0,1,0,0,0,0,1,0,0,1,1,1,0,0,1,1,0,1,0,1,0,1,1,0,1,1,1,1,0,1,0,1,1,0,0,1,1,1,1,0,1,0
1,0,0,0,0,1,0,1,1,1,0,1,1,0,0,1,1,0,0,0,0,1,0,0,0,0,1,1,0,0,0,0,1,0,1,1,1,0,1,1,1,0,0,1,0,1,0,1,1,1,1,1,1,0,1,0,1,1,1,0,0,1,1,0,1,0,1,0,0,1,0,1,0,1,0
1,0,1,1,0,0,0,1,0,1,0,1,0,0,0,1,1,0,0,0,1,1,0,1,1,0,0,1,0,1,0,1,0,1,0,1,1,1,0,1,0,0,0,1,1,1,0,0,1,1,1,1,0,1,0,1,0,0,0,0,0,0,0,0,1,0,0,0,1,1,0,1,1,1,0
1,0,0,1,0,0,0,0,0,0,1,1,1,0,0,1,1,1,1,1,0,1,0,1,0,1,1,0,1,0,1,0,1,0,1,0,1,1,1,0,1,0,0,1,0,1,1,0,0,1,1,1,1,1,0,1,0,0,0,1,0,1,0,0,0,1,1,0,1,1,0,1,1,1,0
0,1,1,1,0,0,0,1,1,1,0,1,0,0,1,1,0,1,0,0,0,0,0,1,0,0,0,1,1,1,1,0,0,0,1,1,1,1,0,1,1,0,0,1,1,1,1,0,0,1,1,1,1,0,1,1,0,1,0,0,1,1,1,0,1,0,0,0,1,0,1,0,1,1,0
1,0,0,0,1,1,0,0,0,1,0,1,0,0,1,0,1,0,1,0,1,1,1,1,1,0,0,0,1,0,1,0,0,1,0,1,0,1,0,1,0,1,0,1,0,1,0,0,1,1,0,0,1,1,0,1,0,0,1,1,1,1,1,1,0,1,1,0,0,1,0,1,1,1,0
1,0,1,0,0,1,0,1,0,1,0,0,0,0,0,1,0,0,1,1,1,1,0,0,1,0,1,1,1,1,1,1,1,0,0,0,0,0,1,0,1,0,0,1,0,0,0,1,0,1,1,1,1,0,1,1,1,1,1,0,0,0,1,0,0,0,1,0,1,1,0,1,0,1,1
1,1,0,1,1,0,0,1,1,1,1,1,0,0,0,0,1,0,1,1,1,0,0,0,0,0,1,1,1,0,1,1,1,0,1,1,0,0,1,0,1,1,0,1,0,1,1,0,0,1,1,1,0,0,0,0,1,0,0,0,1,0,0,0,0,1,1,1,0,1,1,1,0,0,0
1,1,1,1,1,0,0,1,1,1,0,0,0,0,0,1,0,0,1,1,0,0,1,1,0,1,1,1,0,0,1,1,1,1,1,1,0,0,0,1,1,0,0,1,1,0,1,1,0,1,1,0,0,0,0,0,1,0,0,0,0,1,1,0,1,0,1,1,1,1,1,1,0,1,0
1,0,0,1,1,1,0,1,1,1,1,1,0,0,0,1,0,0,0,0,1,1,0,1,0,0,1,0,0,1,0,1,1,0,1,1,1,0,0,1,1,0,1,1,1,1,0,1,0,1,1,0,1,0,1,1,1,0,1,0,0,1,1,1,1,0,0,0,1,1,1,1,1,0,0
1,0,0,1,0,0,1,1,1,0,1,0,1,1,0,0,1,1,0,1,1,1,1,1,0,0,1,0,0,0,0,1,1,0,0,1,1,1,0,1,0,0,0,1,0,0,1,1,1,0,1,1,1,1,0,1,1,1,0,1,0,1,0,1,1,0,1,1,0,1,1,0,0,1,0
1,0,1,1,0,0,1,1,0,1,0,0,0,0,0,0,1,0,1,0,1,1,1,1,0,0,0,0,1,1,1,1,1,1,1,0,0,0,1,0,1,1,0,1,0,0,0,0,0,0,0,1,1,1,0,1,1,1,1,0,0,0,1,0,1,0,0,0,1,1,0,1,1,1,1
1,1,0,1,1,1,0,0,0,1,0,1,1,0,0,0,1,1,1,0,1,1,0,0,0,0,1,1,0,0,0,1,1,0,1,0,1,0,1,0,0,0,0,1,1,0,1,1,1,0,1,1,1,0,1,0,1,0,1,0,1,1,1,1,1,1,1,1,1,1,0,0,1,1,0
0,0,1,0,0,1,0,0,0,1,0,1,0,0,0,1,1,1,0,0,0,1,0,1,0,1,1,0,0,1,1,0,0,0,1,0,1,0,0,1,1,0,0,1,0,1,1,0,0,1,0,1,0,1,0,0,0,1,0,1,1,1,1,0,0,1,0,0,1,1,0,0,0,1,1
1,0,0,1,1,0,0,1,0,1,1,1,1,0,1,1,0,1,0,0,0,1,0,1,0,0,0,0,0,1,1,0,0,0,1,1,0,0,0,1,1,0,1,1,0,1,0,1,1,0,0,0,1,1,1,1,1,0,1,0,1,1,1,0,1,0,1,1,0,1,0,1,0,0,1
1,0,0,1,1,0,0,0,0,1,1,1,0,0,1,1,1,0,0,0,1,0,0,1,1,0,1,1,0,0,1,0,0,0,0,1,1,0,0,1,1,0,0,1,0,1,0,0,0,1,1,1,1,0,1,0,0,1,1,1,0,1,1,0,1,1,0,0,1,1,0,0,0,0,0
0,0,1,1,1,0,0,0,0,1,0,1,1,0,1,1,1,0,0,0,1,0,1,1,0,1,1,1,1,0,0,0,1,0,1,1,0,1,1,0,0,1,0,1,1,1,0,0,1,1,0,1,1,1,0,1,1,1,0,0,0,0,1,0,0,1,1,1,1,0,0,1,0,0,1
1,1,0,1,0,0,0,0,0,0,0,0,0,0,0,0,1,1,0,0,0,1,0,1,1,1,0,0,1,1,1,0,1,0,1,0,1,0,1,0,1,1,1,1,0,1,0,0,0,0,1,1,1,0,0,0,1,0,0,1,0,0,1,1,1,1,0,0,0,1,1,0,1,1,0
1,0,0,0,0,1,0,0,0,0,0,0,0,0,0,0,1,0,1,1,0,1,1,1,0,1,1,1,0,1,0,0,0,0,0,0,0,1,1,0,1,1,0,1,1,1,0,1,1,1,1,1,1,0,0,1,1,1,1,0,0,0,1,0,0,1,1,0,1,1,0,1,0,1,0
1,0,1,1,0,0,0,1,0,1,0,1,1,0,0,1,1,1,1,0,1,1,0,1,1,0,0,1,1,1,0,1,1,0,1,0,0,1,1,0,1,0,1,1,0,0,1,1,0,1,1,0,1,0,1,0,1,1,0,0,0,1,1,1,1,0,0,1,1,1,1,0,1,1,1
1,1,0,1,1,1,0,1,0,1,0,1,0,1,1,1,1,1,1,0,1,0,1,1,0,0,1,1,0,0,1,1,0,0,1,0,1,0,1,1,1,0,1,1,1,0,1,0,1,1,0,1,1,0,1,1,1,0,0,1,1,0,1,0,1,0,1,0,1,1,1,0,0,0,1
1,0,1,0,0,0,0,1,0,0,0,1,0,1,0,1,1,0,0,1,0,1,0,0,1,0,0,1,1,1,1,1,1,0,0,0,1,1,1,0,1,1,0,1,0,1,1,0,0,1,1,0,1,1,0,1,1,0,1,1,1,0,0,0,0,1,1,1,0,1,0,1,0,1,1
1,1,0,1,1,0,0,1,1,1,1,0,1,1,1,1,1,1,0,0,1,1,0,1,1,0,0,1,1,1,1,0,0,0,1,1,1,0,1,1,1,0,0,0,1,1,1,0,0,1,1,0,1,0,0,0,1,0,1,0,0,1,1,1,0,0,1,1,1,1,0,1,1,0,1
0,0,1,0,1,0,0,1,1,1,0,1,0,0,1,0,0,0,0,0,0,0,0,0,0,1,1,1,0,1,1,0,0,0,1,1,0,0,0,1,0,0,0,1,0,1,0,0,0,1,1,1,1,1,1,1,0,0,1,0,0,1,1,0,1,0,1,1,1,1,0,0,1,1,0
1,0,0,1,1,1,0,1,0,0,0,0,0,0,1,0,0,0,0,0,0,1,1,1,1,1,1,0,0,1,1,1,0,0,1,1,0,0,0,1,1,1,0,1,1,0,0,1,1,1,1,0,1,1,1,1,1,1,0,1,0,0,0,0,1,0,0,1,0,1,1,0,0,1,0
1,0,0,0,0,0,0,0,0,1,1,1,1,1,0,1,0,0,0,1,1,1,0,1,0,0,1,1,1,0,1,0,0,0,0,0,1,0,1,0,1,0,1,1,0,0,1,0,1,0,0,1,1,0,1,0,1,0,1,1,1,1,1,1,0,1,0,0,1,1,1,1,0,1,1
1,0,1,1,0,0,0,1,0,0,1,1,0,0,1,0,1,0,0,0,1,1,0,0,0,1,0,1,1,0,0,0,0,1,0,0,1,1,1,1,1,0,1,1,1,1,0,1,1,1,1,1,1,1,0,1,1,1,1,0,1,1,1,0,1,0,1,0,1,1,1,0,0,1,0
1,0,0,1,1,1,0,1,0,0,0,1,0,1,1,0,0,0,1,0,1,1,1,1,0,0,0,0,1,0,1,0,0,0,0,1,0,0,1,0,1,1,0,1,1,0,0,0,0,1,1,0,1,1,0,1,0,1,1,1,1,0,1,0,1,0,0,1,0,1,1,0,0,1,0
0,1,1,1,0,1,0,1,0,1,0,0,1,0,1,0,0,0,0,0,0,1,1,1,0,1,1,1,0,0,0,0,0,0,0,1,1,0,1,0,1,1,0,1,0,1,0,0,1,1,1,0,1,0,0,0,0,1,1,1,0,0,1,0,1,0,0,0,1,1,1,0,0,1,0
0,0,0,0,0,0,0,1,0,1,1,1,0,0,0,1,1,0,1,0,1,1,0,1,0,1,0,1,1,1,1,0,1,1,1,1,1,0,1,1,1,0,0,1,0,0,0,0,1,0,1,1,1,0,1,1,0,0,1,0,1,1,1,1,1,0,1,1,0,1,0,1,0,1,1
1,1,0,0,1,0,1,0,1,0,0,0,0,0,0,0,0,0,1,1,0,0,1,1,0,0,1,1,1,1,0,1,1,0,0,0,0,0,1,0,1,0,0,1,1,0,1,0,1,1,1,0,1,1,0,0,0,0,1,0,1,1,1,0,0,1,1,1,1,1,0,1,0,1,1
1,0,1,1,1,1,0,0,1,1,1,1,0,0,0,1,0,1,0,0,0,1,0,1,0,0,0,0,0,1,1,0,0,1,0,1,0,0,0,1,1,1,0,1,0,1,0,0,1,1,0,1,1,0,1,0,0,1,1,1,0,0,1,1,0,1,0,1,1,1,0,0,0,1,1
1,0,0,1,1,0,0,1,0,0,0,0,1,0,0,0,1,0,0,0,0,1,0,1,1,0,0,0,1,1,0,0,1,1,1,0,1,0,1,0,1,1,1,1,1,1,0,0,0,1,1,1,1,0,0,1,0,1,0,0,0,0,1,0,1,1,0,0,0,1,0,1,1,1,1
1,0,0,1,0,0,0,1,0,0,0,1,1,0,0,1,1,1,0,0,1,1,1,1,0,0,1,0,1,0,0,1,1,1,1,0,1,0,1,0,1,1,1,1,1,1,1,0,0,0,1,0,1,0,1,0,0,0,1,1,1,1,1,0,1,0,0,0,1,1,1,0,1,0,0
1,0,0,1,1,0,0,1,0,1,0,0,1,0,0,1,0,0,0,1,0,0,0,1,0,1,0,0,1,0,1,1,1,0,0,0,0,0,1,0,1,0,1,1,0,0,0,0,1,0,1,1,1,0,1,1,1,1,0,1,0,0,0,0,1,0,0,1,1,1,1,1,0,1,0
0,0,0,1,1,0,0,1,0,1,0,0,1,0,0,1,1,0,0,1,0,1,0,1,1,0,1,1,1,1,0,0,1,0,1,1,1,0,0,1,1,0,1,1,0,1,0,0,1,1,1,1,1,0,1,1,0,0,1,1,0,1,1,0,0,0,1,0,1,0,1,0,0,0,1
1,1,0,0,1,1,0,1,0,1,1,1,0,0,1,1,1,1,0,0,0,1,1,1,1,1,1,1,1,0,1,1,0,0,1,1,1,1,0,1,1,1,1,1,1,0,1,0,1,0,0,0,1,1,0,0,1,1,1,0,0,0,1,0,0,0,1,1,0,1,0,1,0,1,1
1,0,0,0,1,0,0,1,0,0,0,1,1,0,1,1,0,0,0,0,1,1,0,0,0,0,1,0,1,0,1,1,1,0,1,0,1,0,0,0,1,1,1,1,1,1,1,0,0,0,1,1,1,0,1,0,1,0,1,0,1,0,1,0,1,0,1,1,0,1,1,0,1,1,0
1,0,0,0,1,1,0,1,0,0,0,1,1,1,0,0,1,1,1,0,1,1,1,1,0,1,1,0,1,1,0,0,1,0,1,0,1,0,1,0,1,0,1,1,1,0,0,0,0,0,0,0,1,0,1,1,0,0,1,0,1,0,1,0,1,0,0,0,1,1,1,0,1,1,0
1,0,0,0,0,1,0,1,0,0,0,1,0,1,1,0,1,0,1,1,1,1,1,1,1,1,0,1,0,0,0,0,0,0,0,0,0,0,0,0,1,1,1,1,1,0,0,0,0,0,1,0,1,1,1,1,0,1,1,1,1,0,0,0,0,0,1,1,0,1,1,0,0,1,0
1,0,0,0,0,0,0,1,0,0,1,1,0,0,1,1,1,0,0,1,1,1,1,1,1,1,1,1,0,0,1,0,0,1,0,0,0,1,1,0,1,0,0,1,0,1,0,1,1,1,1,0,0,1,1,0,1,0,0,1,1,1,1,0,1,0,1,0,0,1,0,0,1,1,0
1,0,1,1,1,1,0,1,0,0,1,0,0,0,0,1,1,1,0,0,1,0,0,1,0,1,0,1,1,0,0,0,1,0,1,1,0,0,0,1,1,1,0,1,1,0,1,1,0,1,1,1,1,1,0,0,1,1,0,0,0,0,0,0,0,0,1,1,0,1,0,0,0,1,1
1,0,1,1,0,0,1,1,0,0,0,1,1,1,1,1,1,1,0,0,1,1,1,1,0,1,1,1,0,0,0,0,0,0,0,0,1,0,0,0,1,0,0,1,1,1,0,0,1,0,0,0,1,0,1,1,0,1,0,0,1,0,1,0,0,0,1,1,0,1,0,0,1,1,1
0,0,0,1,1,0,1,1,0,0,1,1,1,0,0,0,0,0,0,0,0,1,0,1,1,0,1,1,0,0,0,1,1,0,1,0,1,0,1,0,1,1,0,1,0,1,0,0,0,0,0,0,1,0,1,1,1,0,1,0,1,0,1,0,0,0,1,1,0,0,1,0,1,0,0
1,0,1,1,1,1,0,1,1,1,0,0,0,0,1,1,0,0,0,0,1,1,0,1,0,1,1,1,0,1,0,1,0,0,0,0,0,0,1,0,1,0,0,1,0,1,0,0,0,1,1,1,1,0,1,1,0,1,1,0,0,1,1,0,0,0,0,1,1,0,0,1,1,0,1
1,0,1,0,1,1,0,1,0,1,0,1,1,0,0,0,1,1,0,0,1,0,1,1,1,0,1,0,0,1,1,0,0,0,1,0,0,0,1,0,1,1,1,1,1,0,1,1,0,0,1,0,1,0,0,1,1,0,1,0,1,1,1,0,0,0,0,0,0,1,1,0,0,1,0
1,0,1,1,0,0,0,1,1,0,0,1,0,0,1,0,1,0,0,1,0,1,0,1,1,0,1,1,1,0,1,0,0,0,0,1,1,0,1,0,1,1,0,1,0,0,0,1,0,1,1,1,1,0,0,1,0,1,1,1,1,1,1,0,1,0,0,0,0,1,0,0,1,1,1
1,0,1,1,0,1,0,0,0,0,0,1,1,0,0,0,1,1,0,0,0,1,0,1,0,0,0,0,1,0,0,1,1,0,0,0,1,0,1,0,1,1,0,1,1,1,1,0,1,0,1,1,1,1,0,1,1,1,1,1,0,1,1,0,0,1,0,1,1,1,0,0,0,1,0
0,1,1,0,0,0,1,1,0,1,1,0,0,1,1,1,1,1,0,0,0,1,1,1,1,0,1,0,1,0,0,1,0,0,0,0,1,1,1,0,1,0,1,1,1,0,1,0,1,0,1,1,0,1,1,0,0,1,1,0,0,0,1,0,0,0,0,0,1,1,1,1,0,1,0
1,0,0,1,0,1,0,1,0,1,1,1,0,1,1,1,0,0,1,0,0,0,0,1,0,1,1,1,0,1,1,0,0,1,1,1,1,0,0,1,1,0,0,1,0,1,0,1,1,1,1,1,1,0,1,1,1,0,1,0,1,0,0,1,1,0,0,0,1,1,0,1,0,0,0
1,0,0,0,0,1,0,1,0,0,0,1,0,0,1,1,0,0,0,0,1,1,0,1,1,0,1,1,0,0,1,1,0,0,1,1,0,1,0,1,1,1,0,1,0,1,0,0,0,0,1,1,1,0,1,0,0,0,0,0,1,0,1,1,0,1,1,1,1,1,0,0,1,1,0
1,1,1,0,1,1,0,1,0,0,0,1,1,0,0,0,0,1,0,0,1,1,0,1,0,0,0,0,1,1,0,1,0,0,0,0,1,1,1,0,1,1,0,1,0,1,1,1,1,1,1,1,1,1,0,0,1,0,0,1,0,0,0,0,1,0,0,0,1,1,0,1,0,1,0
1,1,0,0,1,1,0,1,0,0,0,1,1,0,1,0,0,1,0,0,0,1,0,1,0,1,0,1,0,0,1,1,1,0,1,0,0,0,1,0,1,1,0,1,0,1,0,1,0,0,1,1,1,1,0,1,1,0,1,0,1,1,1,0,1,0,0,0,1,1,0,0,0,0,0
1,0,0,1,1,0,0,1,0,0,0,1,1,0,0,0,1,1,0,1,1,0,0,1,1,1,1,1,1,1,1,0,1,0,1,0,1,1,0,0,1,1,1,1,0,1,1,0,0,0,1,1,1,1,1,0,0,1,1,0,0,0,0,0,0,0,1,1,0,1,0,0,0,1,1
1,0,1,1,1,0,1,1,1,0,0,1,0,0,0,0,0,0,0,0,1,1,1,1,0,0,1,1,1,0,1,0,0,0,1,1,0,1,0,1,1,0,0,1,0,1,1,1,1,1,1,0,1,1,0,0,0,0,0,0,0,0,1,0,0,1,1,1,1,1,0,1,0,1,1
1,0,0,1,0,0,0,0,0,0,0,0,1,0,1,1,1,1,0,0,0,1,0,1,1,1,1,1,1,0,1,0,1,0,0,1,1,0,1,0,1,0,1,1,0,0,1,0,0,0,1,1,1,0,0,1,0,1,0,0,0,1,0,1,1,1,0,0,1,0,1,0,1,0,1
1,0,0,1,1,1,0,1,1,1,0,1,0,0,0,1,0,0,0,1,1,1,1,1,1,0,1,1,1,0,0,1,0,0,1,0,1,1,1,0,1,1,1,1,1,1,0,0,0,1,1,1,0,0,1,0,0,1,1,0,0,0,1,0,0,1,0,1,1,1,1,1,0,1,0
1,0,1,1,0,1,0,0,0,0,1,1,1,0,0,0,1,0,0,0,0,1,0,0,0,1,0,1,0,1,1,1,0,0,1,0,0,1,0,1,0,1,1,1,0,1,0,0,0,1,1,1,1,0,1,1,0,1,1,1,0,0,1,0,0,1,1,1,1,1,1,1,1,1,1
1,1,0,1,1,1,0,0,0,1,0,0,0,0,0,0,1,1,0,1,0,1,0,0,1,1,1,1,0,0,1,1,0,1,1,1,1,0,1,0,1,1,0,1,1,1,1,0,1,1,1,1,1,0,0,0,0,0,0,1,0,1,1,1,0,1,1,0,1,1,1,0,0,1,1
1,0,1,0,0,0,0,1,0,1,1,1,0,0,0,0,1,1,1,0,1,1,0,1,0,1,1,1,1,0,1,0,1,0,1,0,1,1,0,1,0,1,0,1,0,1,1,0,0,1,1,1,1,1,0,0,0,1,1,0,1,0,1,0,0,0,0,1,0,1,0,0,0,1,0
1,1,0,1,1,1,0,0,1,1,0,0,1,0,0,1,1,0,0,1,0,1,1,1,0,0,0,0,0,1,0,0,1,0,0,1,1,0,0,1,1,0,1,1,1,1,0,1,1,0,1,0,1,0,1,0,0,1,0,1,0,1,0,0,0,1,0,0,1,1,1,0,0,1,0
1,1,1,0,0,1,0,1,0,1,0,1,1,0,0,1,1,0,0,1,0,0,0,0,1,0,0,1,1,1,1,1,1,0,1,1,0,0,0,1,1,0,0,1,1,0,0,0,1,0,1,0,1,1,0,1,0,1,1,0,1,0,0,0,0,0,0,0,1,1,0,1,0,1,0
0,0,1,1,1,1,1,1,0,1,0,0,0,1,1,0,0,0,0,0,1,1,1,1,0,1,1,0,0,0,1,1,0,0,1,1,0,0,1,0,1,1,1,1,1,1,0,1,0,1,1,1,1,0,0,1,1,0,1,1,1,0,0,1,0,1,0,0,0,0,1,0,1,1,1
1,0,0,0,1,1,0,1,0,0,1,1,0,0,0,0,1,0,0,0,0,1,0,0,0,1,1,0,1,0,0,1,1,0,1,0,1,0,0,0,1,1,1,1,0,1,0,1,0,1,1,1,1,0,0,1,1,1,1,1,1,0,1,0,1,0,1,0,0,1,1,1,0,1,1
0,0,0,0,0,0,0,0,1,1,0,0,0,0,1,1,1,0,1,0,1,1,0,1,0,0,1,0,0,0,1,1,0,0,0,1,1,1,0,1,1,1,0,1,0,1,1,0,1,1,1,0,0,0,0,0,0,1,1,1,0,0,1,0,0,1,0,0,1,1,0,0,0,1,0
1,1,0,0,0,1,0,1,0,1,0,1,0,0,0,0,1,0,0,1,0,1,0,1,1,0,1,1,1,1,1,1,1,0,0,0,1,1,0,1,0,0,1,1,0,0,0,0,0,1,1,1,1,0,1,1,0,1,1,1,1,0,1,1,1,1,0,0,1,1,1,1,0,0,1
1,1,1,1,0,1,0,1,0,0,1,1,1,0,1,1,1,1,0,0,1,1,1,1,1,1,1,0,1,1,1,0,1,0,0,1,1,1,0,1,1,0,0,1,0,1,1,1,1,0,1,1,1,1,0,0,1,0,0,1,0,1,0,0,1,0,0,0,1,1,0,1,0,1,0
1,0,0,1,1,1,0,1,0,0,1,0,1,0,0,1,1,1,0,0,0,0,1,1,1,1,1,1,1,1,0,1,1,0,1,0,0,0,1,1,1,0,1,1,0,1,1,0,0,0,1,0,1,0,1,0,1,0,1,0,0,1,1,0,1,0,0,1,0,1,1,0,0,0,1
1,1,0,0,0,0,0,1,0,0,1,0,0,0,1,1,0,1,0,0,1,1,1,1,0,1,0,0,0,0,1,0,0,0,0,1,1,1,0,1,1,0,0,1,1,0,1,1,0,0,1,1,1,1,0,1,1,1,1,1,0,1,1,1,1,1,0,0,1,1,0,0,1,1,0
1,0,1,1,1,0,0,0,1,0,1,0,0,0,0,1,0,0,0,0,0,1,0,1,1,0,1,0,1,1,0,1,1,0,0,1,1,0,1,1,1,1,1,1,0,1,0,0,0,1,1,1,1,0,1,1,0,1,1,1,0,1,1,1,1,1,0,1,1,1,1,1,0,0,1
1,1,1,1,1,0,0,0,1,1,0,0,1,0,1,0,0,1,0,1,1,1,0,1,1,1,1,1,0,1,0,0,0,1,0,0,0,0,0,0,1,1,1,1,1,0,1,0,1,1,1,1,1,1,0,0,0,1,1,1,0,0,0,0,0,1,0,1,1,1,1,1,0,0,0
0,0,1,1,1,1,0,1,0,0,1,1,0,0,0,1,1,0,0,0,0,1,1,1,1,0,1,1,1,0,1,1,1,0,1,0,0,0,0,1,1,1,1,1,0,1,0,0,1,1,0,0,1,0,1,1,0,1,0,0,1,0,0,0,0,1,0,0,0,1,1,0,0,0,0
1,0,0,1,0,1,0,1,0,1,1,1,0,0,0,0,1,0,0,0,0,0,1,1,0,1,1,0,0,1,1,1,0,0,1,1,1,0,0,1,1,0,0,1,0,1,0,0,0,1,1,1,1,1,0,1,0,1,1,0,1,1,1,0,1,0,0,0,0,1,0,1,0,1,0
1,1,1,0,1,0,0,0,0,0,0,1,0,0,0,0,1,1,0,0,1,1,0,1,0,1,1,0,1,1,0,0,1,1,1,0,0,0,1,0,1,1,0,1,0,1,0,1,0,1,1,0,1,0,0,1,1,1,1,1,0,0,0,1,1,1,0,0,1,1,0,0,0,1,0
0,1,0,1,0,0,0,1,0,1,1,0,0,1,0,1,1,0,1,0,1,1,1,1,1,1,0,1,0,1,0,0,1,0,1,1,1,1,0,1,0,0,0,1,1,0,0,0,1,1,0,0,1,1,0,1,1,0,0,1,0,0,1,0,1,1,0,0,0,1,1,1,0,0,0
1,1,1,1,1,0,0,1,0,0,0,0,0,0,0,1,0,0,1,1,1,1,0,1,0,0,1,0,1,1,1,1,0,0,0,0,1,1,1,0,1,1,1,1,0,1,1,1,0,1,1,1,1,0,0,0,1,0,0,1,1,1,0,1,1,0,0,1,0,1,1,1,0,1,0
1,1,1,1,0,0,0,0,0,1,0,0,0,0,0,1,0,0,1,0,0,1,0,1,1,0,1,1,1,1,0,0,1,0,1,1,0,0,0,1,1,0,0,1,1,1,1,0,0,1,1,0,1,0,1,1,1,0,0,0,1,0,1,0,1,1,1,0,1,1,0,1,1,1,1
1,1,1,0,1,0,0,1,0,1,0,1,1,1,1,1,0,1,0,1,0,1,0,1,0,0,1,1,0,1,1,0,0,1,1,1,0,0,0,1,1,0,1,1,0,1,0,0,0,0,1,0,1,1,1,1,0,1,1,1,0,1,0,0,0,0,1,1,1,1,1,1,0,1,1
1,0,0,0,0,1,1,0,1,1,0,1,0,0,0,1,1,0,0,0,1,1,1,1,1,1,0,1,1,0,0,0,1,0,1,0,0,1,1,0,0,0,1,1,1,0,0,1,0,0,1,1,1,0,0,1,1,1,0,1,1,1,1,1,1,1,0,0,0,1,0,1,1,0,1
1,0,0,0,0,0,0,0,0,1,0,0,0,0,1,1,0,1,1,1,0,0,1,1,0,0,1,1,1,0,0,0,1,0,0,0,0,0,1,0,1,0,0,1,1,0,1,0,0,1,1,0,1,0,1,1,0,1,1,0,0,1,1,0,0,1,1,0,1,1,0,0,0,1,0
0,0,0,1,0,1,0,1,1,1,1,1,0,0,0,1,1,1,0,0,0,1,0,1,0,0,0,1,0,0,1,0,0,0,1,0,1,1,0,0,1,0,0,1,0,1,1,1,0,1,1,1,1,1,0,0,1,0,1,0,1,1,1,1,0,0,1,1,0,1,1,0,1,1,0
1,0,0,0,0,1,0,1,1,0,1,1,1,0,0,0,1,1,1,0,1,1,1,1,0,0,1,0,0,0,1,1,1,0,1,0,1,1,1,0,1,1,1,1,0,1,0,0,1,0,0,0,1,1,1,1,0,0,1,0,1,0,0,0,1,1,0,0,1,1,1,0,1,1,0
0,1,0,0,1,0,1,0,0,1,1,0,1,1,0,0,0,1,1,1,1,1,1,1,0,1,1,1,1,1,0,1,1,0,1,0,1,0,1,0,1,1,0,1,1,0,0,0,0,1,0,0,1,1,0,1,0,0,0,0,0,0,0,1,0,1,1,0,0,0,0,0,0,0,1
1,1,1,1,0,1,0,1,0,1,1,1,1,0,1,1,0,1,0,0,0,1,1,1,0,0,1,0,1,0,1,0,1,1,1,1,0,0,0,1,1,1,0,1,1,0,0,0,0,0,1,0,1,1,0,0,0,0,1,1,1,1,1,0,0,1,0,0,1,1,0,0,1,0,1
1,0,0,1,0,1,0,0,1,1,0,1,0,0,0,1,0,0,1,1,1,1,1,1,1,1,1,1,0,1,0,0,0,0,0,1,1,0,0,1,0,0,1,1,1,1,0,1,1,1,1,0,1,1,0,1,1,1,1,0,1,0,1,1,1,0,0,0,1,1,0,1,0,1,0
1,0,0,1,0,1,0,1,0,1,1,1,0,0,0,1,1,1,0,0,0,1,0,1,0,0,1,1,0,0,1,0,1,0,1,1,1,1,0,1,0,0,0,1,0,1,0,0,1,1,1,1,1,1,0,1,0,1,0,1,0,1,1,0,0,1,1,1,1,1,0,1,0,1,0
1,0,0,0,0,1,0,1,0,1,0,1,0,0,1,0,1,0,0,0,0,1,0,1,0,1,1,1,1,0,1,1,1,0,0,1,1,0,0,1,0,0,0,1,1,1,0,0,1,1,1,1,1,1,0,1,0,1,1,0,0,0,0,0,1,0,0,0,1,1,0,1,0,1,0
0,0,0,1,0,0,0,0,0,0,0,1,0,0,0,0,1,0,1,1,0,1,0,1,0,0,0,1,0,0,0,1,1,0,1,0,1,1,0,1,1,1,0,1,1,1,0,1,0,1,1,0,1,1,0,1,0,0,0,0,1,1,1,1,1,1,1,1,0,1,0,0,1,0,0
1,0,0,0,0,0,0,1,0,1,0,1,0,0,0,0,1,1,0,0,0,0,0,1,0,0,0,1,0,0,1,1,1,0,0,0,1,1,1,0,1,1,0,1,0,0,1,0,0,1,0,0,1,0,0,0,0,0,0,1,0,0,1,0,1,0,0,1,0,1,1,0,1,1,0
1,0,1,0,1,1,0,1,0,0,0,1,0,0,1,0,0,0,0,0,0,0,0,1,0,0,0,0,0,0,1,1,0,0,0,0,1,0,1,0,1,1,0,1,1,1,1,1,0,1,1,1,0,0,1,1,0,0,1,0,0,0,1,0,1,0,0,0,1,1,0,1,0,1,1
0,0,0,0,0,1,0,1,0,1,0,1,0,0,0,1,1,1,1,0,1,0,0,1,1,1,1,0,0,1,1,1,0,0,0,1,1,1,1,1,1,0,0,0,0,1,1,1,0,0,0,0,1,1,0,0,1,1,0,0,1,1,0,0,0,0,0,0,0,1,0,1,1,1,1
1,0,0,1,1,0,0,0,1,0,0,0,0,0,1,0,1,1,0,0,0,1,0,1,0,0,1,1,0,1,1,0,0,0,1,0,1,0,1,0,1,1,1,1,0,1,0,0,0,1,0,1,1,1,1,1,0,0,0,0,0,1,1,0,0,1,0,1,0,1,0,1,0,1,1
0,0,0,0,0,1,0,1,0,1,0,1,0,0,0,1,1,0,1,0,1,0,1,1,1,1,0,1,1,0,0,1,1,0,1,0,0,0,1,0,1,0,1,1,1,0,0,0,0,1,1,0,1,0,0,0,0,1,1,1,1,1,1,0,1,0,1,1,1,0,1,1,0,1,0
1,0,0,1,1,0,0,0,1,0,0,1,0,0,0,1,1,0,0,0,1,1,0,1,0,0,1,0,0,0,1,0,1,0,0,0,0,1,1,0,1,1,1,1,0,1,1,1,0,1,1,1,1,1,0,0,0,0,1,1,0,1,1,0,0,1,1,1,1,1,1,1,0,1,0
1,1,0,0,1,0,0,1,0,1,1,1,0,1,0,1,1,0,1,0,1,1,1,1,0,1,1,0,0,1,1,0,0,0,1,0,0,0,1,0,0,0,0,1,1,1,0,0,0,1,1,0,1,1,1,1,0,1,0,1,1,1,1,1,1,0,0,0,1,1,0,1,0,1,1
1,1,1,0,0,0,0,1,0,1,0,1,0,0,0,0,1,0,0,0,1,1,0,0,0,0,1,1,1,1,1,0,0,0,0,0,1,0,0,0,1,1,0,1,1,0,1,1,1,0,1,1,1,0,0,0,1,0,1,0,1,0,1,0,0,1,0,1,0,1,0,1,0,1,0
1,0,0,1,0,0,0,1,1,0,0,1,0,0,0,1,1,1,1,0,1,1,0,1,0,0,0,0,1,1,1,0,1,0,1,0,1,0,1,1,1,1,0,1,0,0,0,0,1,0,1,0,1,0,1,1,0,1,0,1,0,1,0,0,0,1,0,0,0,1,0,1,0,1,0
0,0,1,1,0,1,0,0,1,0,0,1,1,0,0,1,1,1,0,0,0,1,0,1,1,1,1,1,0,0,1,1,0,0,1,0,1,1,1,0,1,0,1,1,0,1,1,0,1,0,1,0,1,0,1,1,0,0,0,0,1,0,1,0,1,1,0,1,1,0,1,0,1,1,0
1,0,0,0,1,1,1,0,0,1,0,1,1,0,1,1,1,1,0,1,1,0,1,1,0,0,0,1,1,1,1,1,0,0,1,0,1,0,0,0,0,0,0,1,1,0,1,0,0,0,1,1,1,0,1,1,0,0,1,0,1,0,1,0,1,1,1,0,1,0,0,1,1,1,0
0,1,0,1,0,0,0,1,0,1,1,0,1,0,0,0,1,1,0,1,1,1,0,0,1,1,0,0,1,0,0,1,1,0,1,0,0,0,1,0,0,0,0,1,0,0,0,1,0,0,1,1,1,0,0,1,0,1,0,0,0,1,1,0,0,0,0,1,1,0,0,0,1,1,0
1,0,1,1,0,0,1,1,0,1,1,1,0,1,0,0,0,1,1,0,1,1,0,1,1,0,1,1,0,0,1,1,1,1,0,1,1,0,1,0,1,1,0,1,0,1,1,0,0,1,1,1,1,1,0,1,1,1,0,0,0,0,0,0,1,0,0,0,0,1,0,0,0,1,0
1,0,0,0,0,0,1,1,0,0,0,0,1,0,0,1,1,0,0,1,0,1,1,1,0,1,0,0,0,1,1,0,1,0,1,0,1,0,0,1,0,0,1,1,0,1,0,0,1,0,1,0,1,1,0,1,0,1,1,1,0,1,0,0,1,0,0,0,0,1,1,1,0,0,0
1,0,0,1,1,1,0,0,0,1,0,1,1,0,1,0,0,0,0,0,0,1,0,1,1,1,1,1,0,0,1,0,1,0,0,1,1,0,0,1,0,1,1,1,1,1,0,0,1,0,1,0,1,0,1,1,0,1,0,0,0,1,0,1,0,0,1,1,1,1,1,0,0,1,1
1,0,1,0,0,1,0,1,0,1,0,0,1,0,0,0,1,1,0,1,1,1,0,1,0,0,1,0,1,1,1,0,1,0,0,1,1,1,1,0,1,1,1,1,1,1,1,0,1,0,1,0,1,1,0,1,0,1,1,1,0,1,1,0,1,0,1,1,0,1,1,1,0,1,0
1,1,0,1,1,1,0,1,0,0,0,1,1,0,0,1,1,0,0,1,0,1,1,1,0,1,1,1,1,1,1,1,1,0,0,0,1,0,0,0,0,1,1,1,0,1,0,0,1,1,1,1,1,1,1,1,0,1,0,1,1,0,1,0,1,0,1,0,1,1,1,1,0,1,1
1,0,0,0,0,0,0,1,0,1,0,1,0,0,0,0,1,1,1,1,1,1,1,1,0,0,1,0,1,0,1,1,1,0,0,0,1,0,1,0,1,0,1,1,0,0,0,0,1,1,0,0,1,1,0,1,0,1,1,0,1,0,0,0,1,0,1,0,0,0,1,0,0,1,0
0,1,1,0,1,0,1,1,0,1,1,0,0,0,0,0,1,1,1,0,1,1,1,1,0,1,0,0,1,1,0,0,1,0,1,0,1,0,1,0,1,0,0,1,1,0,1,0,1,0,1,0,1,0,0,1,0,1,1,0,0,0,1,0,0,0,1,0,1,1,0,0,0,0,0
1,1,0,1,0,0,1,1,0,1,1,1,1,0,1,1,0,0,0,0,1,1,0,1,0,1,1,1,0,1,0,1,0,0,1,0,0,0,1,0,1,1,0,1,1,0,0,0,0,0,1,1,1,1,0,1,0,1,1,0,1,1,1,1,1,0,0,1,1,1,0,0,0,0,0
1,0,0,0,1,0,0,1,0,0,1,1,1,0,0,0,1,0,0,0,0,0,0,1,0,1,1,1,0,1,0,0,0,0,0,0,0,0,0,0,0,1,0,1,1,1,0,1,0,0,1,1,1,0,0,1,0,1,1,1,1,0,1,0,1,0,1,0,0,1,0,1,0,0,0
0,0,0,0,1,0,0,1,1,0,0,0,1,0,1,0,1,0,0,0,0,0,1,1,1,0,1,1,0,1,1,1,1,0,0,1,1,1,1,0,0,1,1,1,1,1,1,0,1,1,1,1,1,1,0,1,0,1,1,1,0,0,1,0,0,0,1,0,1,1,1,1,0,1,0
0,0,1,0,0,0,0,1,0,1,1,1,0,0,0,1,0,0,1,0,1,1,0,1,0,1,1,1,1,1,1,0,1,0,1,0,1,1,1,0,1,1,0,1,1,0,0,0,0,0,1,1,1,1,0,0,0,0,1,0,1,1,1,1,0,0,0,0,0,1,0,0,1,1,1
1,0,0,0,0,0,0,1,0,1,1,1,0,0,0,0,1,1,0,0,1,1,1,1,0,0,1,1,1,1,1,0,1,0,0,0,0,1,0,1,1,1,1,1,0,0,0,1,1,1,1,0,0,1,0,1,1,1,1,1,1,1,1,0,1,1,0,0,0,1,0,0,1,1,0
1,1,1,0,1,0,0,1,0,0,0,0,1,0,0,0,1,0,0,0,1,1,0,1,0,0,1,0,1,1,1,1,1,0,1,0,0,0,0,0,1,1,1,1,0,1,0,0,0,1,1,1,1,1,0,0,1,0,1,1,0,0,0,0,1,0,1,0,0,1,1,1,0,1,0
0,0,0,1,0,0,1,1,1,0,1,1,0,0,1,1,1,1,1,1,0,1,0,0,1,1,0,1,1,0,1,0,0,0,1,0,1,0,0,1,1,0,0,1,1,0,1,1,0,0,1,1,1,1,0,0,1,1,1,1,1,1,0,0,0,0,0,1,1,1,0,1,0,1,0
1,0,0,1,0,0,0,1,1,1,1,0,0,0,1,0,1,1,0,1,0,1,0,0,1,0,1,0,1,1,0,1,0,0,0,1,1,0,0,1,0,0,1,1,1,1,1,1,0,1,1,1,0,0,0,0,1,1,1,1,0,1,0,0,0,0,1,1,0,1,1,0,0,1,0
1,1,1,0,1,1,0,1,0,1,1,0,0,1,0,1,1,0,0,0,1,1,0,1,1,0,1,1,1,0,0,1,0,0,0,1,1,1,0,1,0,0,1,1,1,0,0,1,0,1,0,0,1,1,1,0,1,1,1,1,0,0,1,0,1,0,0,0,0,1,1,1,0,1,0
1,1,0,1,1,1,0,1,0,0,1,1,0,0,0,1,1,0,0,1,0,0,1,1,0,0,1,1,0,1,0,1,1,0,0,0,0,0,0,1,1,0,0,1,1,1,0,0,0,1,0,0,1,0,1,1,1,1,1,0,0,0,1,0,1,0,1,1,0,0,0,1,0,0,0
1,0,0,1,1,1,0,1,1,1,0,1,0,0,0,1,0,1,1,1,1,1,0,1,1,0,1,0,0,0,0,1,1,0,1,1,0,0,0,1,0,0,0,1,0,1,0,1,1,1,0,1,1,0,1,0,1,1,0,1,0,0,1,0,1,1,0,0,1,1,1,0,0,0,1
0,1,0,1,1,0,0,1,0,0,0,0,1,0,0,0,0,1,1,0,0,1,1,1,0,0,0,1,0,0,1,1,1,0,0,0,0,1,0,0,0,1,0,1,1,1,1,1,1,1,1,0,1,1,0,1,1,1,1,0,0,0,1,0,1,0,1,0,0,1,0,0,0,0,1
1,0,0,0,1,0,0,1,0,1,0,1,0,1,1,1,1,0,0,1,1,1,1,1,1,1,0,0,1,0,0,1,0,0,0,1,1,1,0,0,1,1,0,1,1,1,0,0,0,1,1,0,1,1,0,1,0,1,0,1,1,1,0,1,1,0,1,1,0,1,0,1,0,1,0
1,0,1,1,0,0,0,1,0,1,0,1,0,0,0,0,0,0,0,0,0,1,0,1,0,1,1,1,1,0,0,0,1,1,1,1,1,0,0,1,0,1,0,1,0,1,1,1,1,1,1,1,1,1,1,1,0,1,1,0,0,0,1,1,1,0,1,1,1,1,0,1,0,0,0
1,1,0,0,1,0,0,1,1,0,1,0,1,0,0,0,0,0,1,0,0,1,1,1,0,1,1,1,1,1,0,0,1,0,0,1,1,1,0,1,0,0,1,1,0,0,0,1,0,1,1,0,1,1,1,0,1,1,1,1,0,0,1,0,0,0,1,1,1,1,1,1,1,1,1
1,0,0,1,1,0,0,1,0,1,0,1,0,0,1,1,0,1,1,0,0,0,0,1,0,0,1,0,1,1,0,1,0,0,0,1,0,0,1,1,1,1,0,1,1,1,0,1,0,1,1,1,1,1,0,1,1,0,0,1,1,0,1,0,1,0,1,0,1,1,1,1,1,1,1
1,0,1,1,1,1,0,1,0,0,0,1,0,0,1,0,0,0,1,0,1,1,0,0,0,1,1,1,1,0,0,1,1,0,0,1,1,1,1,0,1,1,0,1,0,0,1,1,0,1,1,1,1,1,1,1,1,1,1,1,1,1,1,1,1,1,0,1,1,1,1,1,1,1,1
1,1,1,0,0,0,1,1,1,0,1,0,1,0,0,0,1,0,0,0,0,1,0,1,1,0,1,0,0,1,0,0,1,1,1,0,1,0,0,0,1,1,1,1,1,1,0,0,1,1,1,1,1,0,1,1,0,1,1,1,0,1,1,0,1,0,0,1,0,1,1,1,0,1,0
0,0,0,1,1,1,0,0,0,1,0,0,1,0,0,1,1,1,1,0,0,1,0,1,0,1,1,0,1,1,0,0,1,0,0,1,1,1,0,1,1,0,1,1,1,1,0,1,1,0,1,1,1,1,0,0,1,1,1,1,0,1,1,1,1,0,0,0,0,0,1,0,0,1,0
1,0,0,0,0,0,0,1,0,1,0,1,0,0,1,1,1,0,1,0,1,0,1,1,0,0,0,0,1,0,1,1,0,0,0,1,1,1,0,1,1,1,0,1,0,1,0,0,0,1,1,0,1,0,1,1,0,0,1,1,1,1,0,0,0,1,1,0,1,1,0,0,1,1,0
1,0,0,1,1,0,0,1,0,1,1,1,0,0,1,0,1,1,0,0,1,1,0,1,1,1,0,1,1,1,1,1,1,1,1,1,1,1,0,1,0,0,1,1,0,1,1,0,0,1,1,1,1,1,1,1,0,1,0,0,0,0,0,1,1,0,1,1,1,1,1,1,0,1,1
1,1,0,1,1,0,1,0,0,0,0,1,1,0,0,0,0,0,1,1,1,1,1,1,0,1,0,1,0,1,1,0,0,0,0,1,0,0,0,1,0,1,1,1,0,1,1,1,0,0,1,1,1,1,1,1,1,0,0,1,1,1,0,1,0,1,1,1,0,1,1,1,0,1,0
1,0,1,1,1,0,0,1,0,0,1,1,0,0,0,0,0,0,0,1,0,1,0,1,0,1,1,0,1,0,0,1,1,0,1,0,0,1,1,0,1,1,0,1,0,1,1,0,0,1,1,1,1,0,1,0,0,0,1,1,0,0,1,0,0,0,1,1,0,1,1,1,1,1,0
1,0,1,1,1,1,0,1,0,0,1,1,0,0,1,1,1,0,0,1,1,0,0,1,1,0,1,0,1,1,1,0,0,0,0,1,1,0,0,1,0,0,0,1,0,1,1,0,0,1,1,1,1,1,0,1,1,0,1,0,1,1,1,0,1,0,1,0,1,1,0,0,1,1,0
1,1,0,1,0,0,0,1,0,1,0,0,0,0,0,1,1,1,0,0,0,1,1,1,1,1,1,1,1,1,0,0,1,0,1,0,0,0,1,0,1,0,0,1,1,0,0,0,0,1,1,0,1,0,1,1,0,0,1,0,1,1,1,1,0,0,0,0,1,1,0,0,0,0,0
1,0,0,1,0,0,1,1,0,1,0,1,1,1,1,0,1,1,1,0,1,1,1,1,1,1,0,0,1,1,0,1,1,0,1,1,0,1,1,0,1,1,0,1,0,1,1,1,1,1,1,0,1,1,0,1,1,1,0,0,0,0,1,0,1,0,0,1,0,1,0,0,0,1,0
1,1,1,1,1,0,0,1,0,1,0,1,1,0,1,0,1,1,1,0,0,1,0,0,0,0,0,1,0,0,1,0,0,0,1,0,0,0,0,0,1,1,0,1,0,1,1,0,1,0,1,0,1,0,0,1,0,1,0,0,1,1,1,0,1,0,1,0,1,1,0,0,0,1,0
1,0,1,1,1,1,0,1,0,1,0,1,0,0,1,1,1,1,1,0,1,1,1,1,1,1,0,1,1,0,0,1,1,0,1,0,1,0,1,0,1,1,1,1,0,1,1,0,0,1,0,0,1,0,1,0,0,1,0,1,1,1,1,1,1,0,0,0,0,1,1,0,0,1,0
1,1,0,0,0,0,1,1,1,0,0,0,0,1,0,1,0,0,1,0,0,1,1,1,0,1,0,0,0,1,0,0,0,0,1,0,1,0,0,0,0,0,0,1,1,0,1,0,0,1,1,0,1,1,0,0,0,0,0,1,0,0,1,0,1,0,1,0,1,1,0,1,0,0,1
0,1,1,0,1,0,0,1,0,0,1,1,0,0,0,1,1,1,1,0,0,1,0,1,0,0,1,1,1,0,1,0,1,0,0,0,1,1,0,1,0,1,0,1,0,1,1,0,0,0,1,1,1,1,0,1,1,0,1,0,1,0,1,0,1,0,1,1,1,1,0,0,1,1,0
1,0,1,1,0,1,0,1,0,1,0,0,0,0,0,1,1,0,0,1,0,1,0,0,1,0,1,0,1,1,0,0,1,0,0,1,1,0,0,1,1,1,0,1,0,0,0,1,1,1,1,0,1,1,0,1,1,1,0,0,0,0,0,1,1,0,1,1,1,1,0,1,0,1,0
0,1,1,0,1,0,0,1,1,0,1,1,0,0,0,0,1,0,0,0,0,1,1,1,0,0,1,1,1,1,1,0,0,1,1,1,1,0,0,1,1,1,0,1,1,0,0,0,1,1,1,1,1,0,0,1,0,0,1,1,0,1,1,1,0,0,0,1,0,1,0,1,0,0,1
1,1,0,0,0,0,0,1,0,1,1,0,0,1,0,0,1,0,1,0,1,1,1,1,0,1,1,0,1,1,1,1,1,0,0,0,0,0,1,0,1,0,0,1,0,0,0,0,0,1,1,0,1,0,1,1,0,1,1,1,0,1,1,0,0,1,0,0,1,1,0,0,1,1,0
1,1,1,0,0,1,1,1,0,1,0,1,0,0,1,1,0,1,0,0,0,1,0,0,1,0,1,0,0,1,1,1,1,0,0,1,0,0,0,1,1,0,0,1,0,0,1,0,0,1,0,0,0,1,1,0,0,0,1,0,0,0,1,1,1,0,0,0,0,1,0,1,0,1,0
1,0,1,0,1,1,0,1,1,1,1,0,0,0,1,0,1,0,0,1,1,1,0,0,0,0,0,1,0,1,0,1,0,0,1,0,1,1,0,0,0,1,0,1,0,1,0,0,1,1,1,0,0,1,1,1,0,1,1,0,1,0,0,0,0,0,1,0,1,1,0,1,1,0,1
0,0,0,0,1,0,0,1,1,1,0,1,0,0,0,1,1,0,0,1,1,1,1,1,0,0,1,0,1,0,1,0,1,0,1,1,1,1,0,1,1,0,0,1,1,0,0,0,1,1,1,0,0,0,1,0,0,1,1,0,0,1,1,0,1,0,1,1,1,0,0,1,1,1,1
1,1,0,1,0,0,0,1,0,1,0,1,1,0,0,0,1,0,0,0,0,1,1,1,0,0,1,1,0,1,1,0,0,1,0,0,1,0,1,0,1,0,0,1,1,0,0,0,1,0,0,1,1,0,0,1,0,0,0,0,1,1,0,1,1,0,0,0,1,1,0,1,0,1,1
1,0,0,1,0,0,0,1,0,1,0,1,0,1,1,0,1,1,1,0,1,1,0,0,0,0,1,0,0,0,1,1,0,0,1,1,0,0,1,0,1,1,1,1,1,0,1,0,0,1,1,0,1,1,1,1,0,0,1,0,1,0,1,1,1,1,0,0,0,1,1,0,1,1,0
1,1,1,0,0,1,0,0,0,0,0,0,0,0,0,0,1,0,0,0,0,0,0,1,0,1,1,0,0,0,0,0,1,1,0,0,0,0,0,0,0,1,1,1,1,1,0,1,1,1,1,1,0,0,1,1,1,1,1,0,0,0,1,0,1,1,1,0,0,1,1,1,1,1,0
1,0,0,1,1,1,0,1,0,0,0,1,1,0,0,1,1,0,0,0,0,1,0,1,0,1,0,0,0,1,0,1,0,1,1,0,0,0,1,0,1,0,0,1,0,1,0,1,1,0,1,1,1,0,1,1,1,0,0,0,1,1,1,0,0,1,1,0,0,1,0,1,1,1,0
1,0,0,0,1,1,0,1,0,0,0,1,0,0,1,1,1,1,1,0,1,1,0,1,0,1,1,1,1,1,0,1,0,0,1,1,1,0,0,1,1,0,1,1,1,0,0,0,1,1,1,1,1,1,0,1,0,1,1,0,1,0,1,0,1,0,0,0,0,1,1,0,0,1,1
1,1,0,1,1,0,0,1,1,0,0,1,1,0,0,0,1,1,1,1,1,1,0,0,0,0,0,1,1,0,1,1,1,0,0,0,0,1,1,0,1,1,1,1,0,1,1,0,0,1,1,1,1,0,0,0,0,0,0,1,0,0,0,0,1,0,0,0,0,1,1,0,0,1,0
0,0,0,1,0,0,1,1,0,1,1,1,0,0,0,1,1,0,0,0,0,1,1,1,1,1,0,1,1,1,0,0,1,0,1,0,1,0,0,1,1,0,0,1,0,0,0,0,0,0,1,0,1,1,0,1,1,1,1,0,1,1,1,1,1,1,0,0,1,1,1,0,0,0,1
1,1,1,1,1,0,0,1,1,1,0,1,1,0,0,1,0,1,1,0,1,1,1,1,0,1,0,0,0,0,1,1,0,0,0,0,1,1,1,0,1,0,1,1,1,1,1,0,0,1,1,0,0,1,0,0,1,0,0,1,1,1,0,0,1,0,1,0,1,1,1,0,0,1,0
1,0,1,1,0,0,1,1,0,1,1,1,0,1,1,0,1,1,0,0,0,1,0,1,0,0,1,1,1,0,1,0,0,0,1,1,0,0,1,1,0,1,1,1,1,1,1,0,0,0,1,0,1,1,0,0,0,0,1,0,1,0,1,1,0,0,1,1,0,1,1,1,1,1,0
0,0,0,0,1,1,0,1,1,0,1,0,0,0,1,0,1,1,1,0,0,0,0,1,1,1,1,1,1,1,1,0,0,1,0,0,1,0,1,0,1,0,0,1,0,0,0,0,0,1,1,1,1,1,0,0,1,1,1,0,0,0,1,0,0,0,0,1,1,1,0,1,0,0,1
0,0,0,1,1,1,1,0,0,1,0,0,1,0,1,1,1,0,0,0,0,0,1,1,0,0,1,0,1,0,0,0,0,0,1,1,0,0,0,1,0,0,0,1,0,1,0,0,0,0,1,0,1,1,0,1,0,0,0,0,0,1,1,0,0,1,0,0,1,1,0,0,0,1,1
1,0,0,1,0,0,0,1,0,0,0,1,1,0,0,1,1,1,1,0,1,0,0,0,0,0,0,0,0,0,1,1,0,0,0,0,1,1,1,0,1,0,0,1,0,1,0,0,1,0,1,1,1,1,0,0,0,1,1,1,1,0,1,0,1,0,0,1,1,1,1,1,0,1,0
1,0,1,1,1,0,1,1,1,1,0,1,0,0,0,1,1,1,1,0,0,1,1,1,0,1,1,0,1,0,1,0,1,0,1,0,0,0,0,0,0,1,0,1,1,0,0,0,1,1,1,0,1,1,0,1,0,1,1,0,0,1,0,0,0,1,0,0,1,1,0,0,0,1,0
1,0,0,0,0,1,1,0,0,1,0,1,0,1,1,1,1,0,0,0,1,1,0,0,1,0,0,1,0,1,1,0,0,0,1,1,0,1,0,1,1,0,0,1,1,1,0,0,1,1,1,1,1,1,0,1,0,1,0,0,0,0,1,0,0,1,1,1,1,1,1,1,0,1,0
1,1,1,0,1,0,0,1,0,0,1,1,0,0,1,1,1,1,0,0,1,0,0,1,1,0,0,0,1,0,0,1,0,0,1,0,1,1,1,0,1,0,0,1,0,1,1,1,0,1,1,1,0,0,0,0,1,1,1,0,0,0,1,0,0,0,0,0,1,1,1,1,0,1,0
1,0,0,0,0,1,1,1,1,0,0,0,0,0,1,1,0,1,0,1,0,1,1,1,0,1,0,1,0,0,0,1,0,0,1,1,1,0,0,1,1,0,1,1,0,0,1,0,0,0,1,0,1,0,1,1,0,0,1,0,0,1,1,1,1,0,0,0,1,1,1,0,0,0,1
1,1,1,0,0,0,0,1,0,0,1,1,1,1,1,0,0,1,1,0,1,1,0,1,0,1,0,1,1,1,1,1,1,0,0,0,0,0,1,0,1,1,0,1,1,1,1,0,0,0,0,1,1,0,0,1,1,1,1,0,1,1,1,0,1,1,0,0,0,1,0,0,1,1,0
1,0,1,1,0,0,1,1,1,0,0,1,0,1,0,0,0,1,1,1,1,0,1,1,1,1,1,1,1,1,1,1,1,0,1,1,1,0,0,1,1,1,0,1,0,0,0,1,0,1,1,1,1,1,0,1,1,0,1,0,1,1,1,0,0,0,0,0,0,1,0,0,1,1,0
1,0,0,1,1,1,1,1,0,1,1,1,1,0,1,1,1,1,0,1,0,1,1,1,0,0,1,1,1,0,1,1,0,1,1,1,1,0,0,1,0,0,1,1,0,1,0,1,0,0,1,0,0,1,0,1,1,1,0,0,1,0,0,1,1,0,1,0,0,1,1,1,0,0,1
0,0,1,1,0,1,1,1,0,0,1,1,1,0,1,1,0,1,1,1,0,1,1,1,1,0,1,0,1,0,1,0,1,0,0,1,0,1,0,1,1,0,1,1,0,1,0,0,1,0,1,1,1,1,0,1,0,1,0,1,1,1,0,0,1,0,0,1,1,1,1,0,0,0,0
1,1,1,1,1,1,0,1,0,0,0,0,0,0,1,1,1,1,0,0,1,1,1,1,1,0,1,0,1,1,0,1,0,0,0,0,0,1,1,0,1,0,1,1,1,1,0,1,0,1,1,1,1,1,1,1,1,0,0,1,1,0,0,0,0,0,0,0,1,1,1,1,0,1,0
1,0,0,0,0,0,0,1,0,1,1,1,0,0,1,1,1,1,0,0,1,1,0,1,0,0,0,0,1,0,0,1,0,1,0,1,1,1,0,1,1,0,0,1,1,1,0,1,1,1,1,1,1,1,0,1,1,1,1,0,0,0,1,1,0,0,1,1,1,1,0,0,1,0,0
1,0,0,1,1,0,1,1,0,1,0,0,0,0,0,1,1,0,1,0,0,1,1,1,0,0,1,0,1,1,1,1,0,1,1,0,0,1,0,0,1,0,1,1,0,0,0,0,0,0,1,0,1,1,0,1,0,1,0,1,0,1,1,1,0,0,1,0,1,1,1,1,0,1,0
1,0,0,0,1,1,0,1,1,1,0,1,0,1,0,0,1,0,1,0,1,1,0,1,0,0,1,1,0,1,0,1,1,0,0,0,0,1,0,0,0,1,1,1,1,1,0,0,0,1,1,1,1,0,0,1,1,1,0,1,1,0,0,1,1,0,1,0,0,1,1,1,0,1,1
1,1,0,1,1,0,0,0,1,1,0,1,0,0,0,0,1,1,0,0,0,1,0,0,1,1,1,0,1,1,1,0,0,0,0,0,0,0,1,0,1,0,0,1,0,1,0,0,1,1,1,1,1,0,0,1,0,1,1,1,0,1,1,0,0,1,1,0,1,1,1,0,1,1,0
0,0,0,0,1,0,0,1,0,0,1,1,0,0,1,1,0,1,0,0,1,1,1,1,1,0,1,0,1,0,0,0,1,0,0,0,1,0,0,1,1,0,0,1,0,1,0,1,0,1,1,0,1,0,1,1,1,1,1,0,1,1,1,1,1,1,0,0,1,0,0,0,0,1,0
1,0,1,0,0,1,0,0,0,1,0,1,0,0,0,1,0,0,1,0,1,1,0,1,0,0,1,1,0,1,1,0,1,0,1,1,0,1,1,0,1,0,0,1,0,0,0,0,1,1,1,1,1,1,1,0,0,1,0,0,0,1,1,0,1,0,0,0,0,1,0,1,0,1,0
1,1,0,0,0,1,0,1,0,1,1,0,1,0,0,1,1,0,1,1,1,1,0,0,0,1,1,1,1,1,0,0,1,0,1,0,0,1,1,0,1,0,1,1,1,0,0,1,0,1,1,1,1,1,0,1,1,1,1,1,0,0,0,0,1,0,0,0,1,1,1,1,1,0,0
1,0,1,0,1,0,0,0,0,1,0,1,0,0,0,1,0,0,1,0,0,0,0,0,1,1,1,0,0,1,0,0,1,0,1,1,1,1,0,1,1,1,1,1,1,1,0,0,1,1,1,1,1,1,0,1,0,1,1,1,0,0,1,0,0,1,0,0,0,0,1,1,0,1,0
1,0,0,1,1,1,0,1,0,1,1,1,0,0,0,1,0,0,1,0,0,1,1,1,0,0,0,1,1,0,1,1,1,0,1,0,0,0,0,1,0,0,0,1,1,1,0,1,1,1,1,1,1,0,1,1,1,1,1,0,1,0,1,1,1,0,0,0,1,1,0,1,0,1,0
1,1,0,1,1,0,0,0,1,0,0,1,0,0,0,1,1,0,0,0,1,1,1,1,0,0,1,1,1,0,0,0,0,0,1,0,0,0,1,0,0,0,1,1,1,0,0,0,0,1,1,0,1,1,0,0,0,1,0,0,0,1,1,0,1,0,0,0,1,1,0,1,0,1,1
0,0,1,0,1,0,1,0,0,0,0,1,1,0,0,0,0,0,1,0,0,1,0,1,1,0,1,0,0,0,0,1,0,0,1,1,1,1,0,1,1,1,1,1,0,1,0,1,0,0,1,1,1,1,1,1,1,1,1,1,0,0,1,0,0,1,1,0,0,1,1,0,1,0,1
1,0,1,1,1,1,0,0,0,1,0,1,1,0,0,1,1,0,1,0,0,0,0,1,0,0,1,1,0,1,1,0,1,1,1,0,1,0,1,0,1,0,1,1,0,0,0,0,1,0,1,0,1,0,1,1,0,1,0,1,1,1,1,0,0,1,0,1,0,1,1,1,0,1,0
1,0,1,0,1,0,0,1,0,0,1,1,1,0,0,0,1,1,0,0,1,1,0,1,1,1,1,0,0,0,1,0,0,0,0,0,1,1,1,0,1,1,0,1,0,1,1,1,0,0,1,1,1,0,1,1,1,0,1,0,0,1,1,0,1,1,0,0,0,0,0,0,1,1,0
1,1,0,1,0,0,0,1,1,0,1,1,0,1,0,1,0,0,0,0,1,1,0,1,0,0,1,1,0,0,0,1,1,0,1,0,1,1,0,1,0,1,0,1,1,0,1,1,1,1,1,1,1,1,0,0,1,0,1,0,0,0,0,0,1,0,0,0,1,1,0,1,0,1,0
0,1,0,1,1,1,0,0,1,0,0,1,0,0,1,1,1,1,0,0,1,1,1,1,0,1,1,0,0,0,0,0,0,0,1,0,0,0,1,1,1,0,0,1,1,0,1,0,0,0,1,0,0,0,1,0,0,1,0,0,1,1,1,0,0,1,0,0,1,1,0,1,0,1,1
1,0,0,0,1,0,1,0,0,1,0,1,0,1,0,1,1,0,1,0,1,1,1,1,0,0,1,1,1,1,0,0,1,0,1,0,0,0,1,1,1,0,1,1,1,0,0,1,1,1,1,0,1,1,0,1,0,0,0,0,0,0,1,0,0,1,1,1,1,1,0,1,0,0,1
1,0,0,0,0,1,0,1,1,1,0,1,1,0,0,1,1,1,0,0,0,1,1,1,1,1,1,1,0,1,0,1,0,1,1,0,0,0,1,0,1,1,1,1,1,0,0,0,1,1,1,1,1,0,1,1,0,1,1,1,1,1,1,0,1,0,0,0,1,1,1,0,0,1,0
0,1,1,1,0,0,0,0,0,1,1,1,0,0,1,0,1,0,1,0,1,1,1,1,0,0,1,1,0,1,1,1,0,0,1,1,0,0,0,1,1,0,0,1,0,1,0,1,0,1,1,0,1,1,0,1,1,1,0,0,1,0,1,1,0,1,0,0,0,0,0,0,0,0,0
1,0,0,1,1,1,0,0,0,0,0,1,0,1,1,1,1,1,1,0,0,0,0,1,1,0,1,1,1,1,0,1,0,1,1,0,1,0,1,0,1,0,0,1,1,1,0,0,0,0,1,1,1,1,0,1,0,1,1,0,1,0,1,0,1,0,0,0,1,1,1,0,0,0,1
1,0,0,1,1,0,0,1,0,1,1,1,0,0,0,1,1,1,1,0,1,1,0,1,1,1,1,1,0,0,0,1,1,0,0,0,0,0,1,0,1,0,0,1,1,0,0,1,1,0,1,1,0,1,0,0,1,0,0,1,1,1,1,0,1,0,0,1,1,1,1,0,1,1,1
1,0,1,1,1,0,0,1,0,1,1,1,1,0,1,0,0,1,1,0,1,0,1,1,1,0,0,1,0,0,1,0,0,0,1,1,1,0,1,0,1,1,1,1,0,1,0,1,0,0,1,0,1,0,1,1,0,0,1,1,1,1,1,0,1,0,1,0,1,1,1,1,0,1,1
1,0,1,0,1,0,0,1,1,0,0,0,0,0,0,0,1,0,0,0,1,1,0,0,0,0,1,0,1,1,1,0,0,0,1,0,0,1,1,0,1,1,1,1,0,1,0,1,0,1,1,1,1,1,0,0,0,1,1,1,0,1,1,0,1,0,1,1,1,1,1,1,0,1,1
1,0,0,1,1,1,0,0,0,0,1,0,1,0,1,0,1,1,0,0,1,1,1,1,1,1,0,1,0,1,0,1,0,1,0,1,1,0,0,1,1,0,0,1,1,0,0,0,1,0,1,1,1,0,1,1,0,1,0,1,0,1,0,0,1,0,1,1,1,1,0,1,0,1,0
1,0,0,1,1,0,0,1,0,0,0,1,0,0,1,0,1,1,0,0,0,1,1,1,0,1,1,1,1,0,1,0,1,0,0,1,1,0,0,1,1,0,0,1,0,0,0,0,0,1,1,1,1,1,0,1,0,0,0,0,1,1,0,1,0,0,0,0,1,1,0,1,0,1,0
1,1,1,1,0,1,0,1,0,0,1,1,0,0,1,1,0,1,0,0,0,1,0,1,1,0,0,0,1,1,1,1,1,0,0,1,1,1,0,1,1,1,1,1,1,1,1,0,0,0,1,1,1,0,0,1,0,0,1,1,1,0,1,0,1,1,1,0,1,1,1,1,0,1,0
1,0,0,1,0,1,0,1,0,1,0,0,1,0,0,1,1,0,1,0,1,0,0,1,1,1,1,1,1,0,0,0,1,0,1,1,1,0,1,0,1,0,0,1,1,1,0,0,0,1,0,1,1,1,0,0,0,1,0,1,1,1,1,0,1,1,0,0,1,0,1,1,0,1,1
1,0,0,0,0,0,1,1,1,1,0,1,0,0,0,1,1,0,1,1,1,0,1,1,0,0,1,1,1,1,0,1,1,0,1,0,1,0,1,0,1,1,1,1,1,1,0,0,1,1,1,1,1,1,0,1,0,1,1,0,1,1,1,0,1,0,0,0,0,1,1,1,0,1,0
1,0,0,0,1,0,0,0,0,1,1,1,1,0,0,0,1,0,1,0,1,1,0,1,1,1,1,0,0,1,1,0,0,1,1,0,1,0,1,0,1,1,0,1,0,0,0,0,1,1,1,1,1,0,0,1,0,0,1,0,1,1,1,1,1,1,0,0,0,1,0,1,0,1,1
1,1,0,0,0,1,0,1,1,1,1,0,0,0,1,1,0,0,1,0,1,1,0,1,1,1,0,1,0,1,1,0,0,0,1,1,1,0,1,1,1,0,1,1,0,1,1,0,1,1,1,1,1,0,0,0,1,0,1,1,1,1,0,0,1,0,1,0,1,1,1,1,0,0,0
1,0,1,1,0,1,1,1,1,1,0,1,0,0,0,0,0,1,1,1,0,1,0,0,1,0,0,0,0,0,0,0,1,0,1,0,1,1,1,0,1,0,0,1,1,1,0,1,1,0,1,0,1,1,1,1,1,1,1,0,0,1,1,0,1,0,0,0,1,0,0,1,0,1,0
1,1,0,1,1,0,0,1,1,1,1,1,1,0,0,1,1,1,0,0,0,1,0,1,0,0,1,1,1,0,0,0,0,0,1,1,0,0,0,1,0,0,1,1,1,1,0,0,0,0,0,1,1,0,1,1,0,1,0,0,0,1,1,0,1,0,0,0,0,1,1,0,0,1,0
1,0,1,0,0,0,0,1,1,1,1,1,0,0,0,0,0,0,1,0,1,1,0,1,0,1,1,0,1,0,0,0,1,1,1,1,1,0,1,0,1,1,0,1,0,1,0,0,1,1,1,1,1,0,1,1,0,0,0,1,1,0,1,1,1,1,0,0,1,1,0,1,1,0,0
1,0,1,1,1,0,0,1,0,1,0,0,0,0,0,1,1,1,1,0,1,1,0,0,0,1,0,1,0,1,1,0,0,0,1,0,1,0,1,0,1,0,0,1,1,0,0,1,0,1,0,1,1,0,1,1,1,0,1,1,1,1,0,0,0,0,0,1,1,0,1,0,1,0,0
1,0,1,1,0,0,0,0,1,0,0,1,0,1,0,0,0,0,0,0,0,1,1,1,0,1,1,0,1,1,1,1,1,0,0,0,0,0,1,0,1,1,0,1,0,1,1,0,1,1,1,0,1,1,1,1,0,0,0,1,0,1,0,0,0,0,1,0,1,1,0,0,0,1,1
1,0,0,1,1,1,0,1,0,0,0,0,1,0,1,1,1,1,0,0,1,1,1,1,0,0,1,0,1,1,1,0,0,0,0,1,1,1,0,1,0,0,0,1,1,1,1,0,1,0,1,1,1,0,1,1,0,1,1,0,0,1,0,0,0,1,0,0,1,0,0,1,0,0,0
1,1,1,1,1,0,0,1,1,1,0,0,0,0,0,0,1,0,0,0,0,1,0,1,0,1,1,0,1,0,1,0,1,0,1,1,0,0,1,0,1,1,0,1,0,1,0,1,0,1,1,1,1,0,0,1,1,1,0,1,0,1,1,0,0,0,0,0,1,1,0,1,0,1,0
1,0,1,1,0,0,1,1,0,1,0,1,0,0,1,1,1,0,1,1,1,1,1,1,0,0,0,1,1,0,1,1,1,1,0,0,1,1,1,0,1,0,0,1,0,0,0,1,1,1,1,1,1,0,0,1,1,1,0,1,0,0,0,0,1,0,0,0,1,1,1,0,0,1,0
0,1,1,1,1,0,0,1,0,0,1,0,0,0,1,1,0,0,1,0,0,1,0,0,1,1,0,0,0,1,0,1,0,0,1,1,1,0,1,0,1,1,1,1,1,1,0,1,0,1,1,1,1,0,0,0,1,1,0,0,0,0,1,1,0,0,0,1,0,0,1,1,1,1,0
1,1,0,1,0,0,0,1,0,0,0,1,0,0,1,0,1,1,0,0,1,1,0,0,1,1,0,1,1,1,0,1,1,0,1,1,1,0,1,1,1,0,1,1,1,1,0,1,0,0,1,1,1,0,0,1,0,1,1,0,1,1,1,0,1,0,0,1,1,1,1,0,1,0,0
1,0,0,1,0,1,0,0,1,1,0,0,1,0,0,1,0,0,0,1,1,0,0,1,0,0,1,0,1,0,1,0,1,1,1,1,0,0,0,1,0,0,1,1,0,1,0,0,1,0,1,0,1,0,1,0,0,0,0,0,0,1,1,0,0,1,0,0,0,1,1,0,0,1,0
1,0,0,0,1,0,0,1,0,0,0,1,0,0,0,0,1,0,0,1,1,0,0,0,0,0,0,0,0,1,0,1,0,0,0,0,0,0,0,0,1,1,0,1,0,1,0,1,1,1,1,0,1,0,0,1,1,1,1,0,0,0,1,0,1,0,1,1,0,1,0,1,0,1,1
1,1,1,1,1,0,0,1,1,1,0,1,0,0,0,0,1,1,0,0,0,1,0,1,0,0,1,1,1,1,0,1,1,0,1,0,0,1,0,0,1,1,1,1,1,1,0,1,0,1,1,1,1,1,0,1,1,1,0,0,0,1,1,0,1,0,0,1,1,0,1,0,0,0,0
1,0,1,1,0,0,0,1,0,0,0,0,0,0,0,1,1,0,0,1,1,1,0,1,0,0,0,0,1,1,1,1,1,0,1,0,0,0,1,0,1,1,1,1,0,1,0,0,1,1,0,1,1,0,1,1,0,1,1,1,0,0,1,0,1,0,0,1,1,1,1,1,0,1,0
1,0,1,1,1,1,0,1,0,1,1,1,0,0,0,1,1,0,1,0,0,1,0,1,0,1,0,1,1,0,1,1,1,1,0,1,1,0,0,1,1,0,1,1,0,1,0,1,1,1,1,0,1,1,0,1,1,1,1,1,0,0,1,0,1,0,0,0,1,1,1,1,0,0,0
1,0,0,0,1,1,1,0,0,1,0,1,1,0,1,1,1,1,1,0,1,0,1,1,1,1,0,1,0,1,1,0,0,0,1,1,0,0,1,1,1,0,0,1,0,1,1,1,1,0,1,0,1,1,0,0,0,0,1,1,1,1,1,0,1,0,0,1,1,1,1,1,1,1,0
1,0,1,1,0,0,0,1,0,0,0,1,0,0,0,0,1,1,1,0,0,1,1,1,1,0,0,1,1,0,1,0,1,0,1,0,1,0,0,0,0,1,1,1,1,1,0,1,0,1,1,1,1,0,0,1,0,1,1,1,0,0,1,0,0,0,0,1,0,1,1,0,1,1,0
0,0,0,1,0,0,0,1,0,1,0,1,0,0,0,0,1,0,0,0,0,1,0,1,0,0,1,1,1,0,1,1,1,0,0,0,0,0,1,0,1,1,1,1,0,1,1,0,0,1,1,0,1,1,0,0,0,0,0,1,1,0,0,0,1,1,0,0,0,0,1,1,1,1,0
0,0,1,0,0,0,0,1,0,0,0,1,0,0,0,0,1,1,0,0,1,1,1,1,0,1,0,1,1,0,1,0,1,1,0,1,1,0,1,0,1,1,0,1,0,1,1,0,0,1,1,0,1,0,1,1,0,0,1,1,0,0,1,0,1,1,1,1,0,0,0,0,1,1,0
0,0,1,1,1,0,0,1,0,0,0,1,0,1,0,1,1,1,1,1,1,1,1,1,0,1,1,1,1,0,1,1,1,0,1,0,1,0,0,1,1,0,1,1,0,1,1,0,1,1,0,0,0,1,0,0,1,0,1,1,1,0,0,1,1,0,1,0,1,0,1,0,1,0,0
0,0,0,1,0,0,0,1,0,0,0,1,0,0,0,1,0,1,0,1,0,1,0,0,0,1,0,0,1,0,1,0,1,0,0,0,0,0,1,0,1,1,0,1,0,1,1,1,1,1,1,1,1,0,1,0,1,0,0,0,0,0,0,1,1,0,0,0,1,0,0,0,0,1,1
0,1,0,1,0,0,0,1,1,0,0,1,0,0,1,0,1,0,0,1,1,1,0,0,1,1,1,1,1,0,0,0,1,0,1,1,1,0,0,1,0,0,1,1,0,1,0,1,0,1,1,1,1,1,0,0,1,1,0,1,1,0,1,0,1,1,0,0,0,1,1,0,0,1,0
1,0,1,0,0,1,0,1,1,1,1,0,0,0,0,1,1,1,0,0,0,1,1,1,0,0,1,0,1,0,0,0,1,0,0,1,1,1,1,0,1,1,0,1,1,1,1,0,1,1,0,0,1,1,0,1,0,1,1,0,0,1,1,0,1,0,1,1,0,1,0,0,0,1,0
0,0,0,0,1,0,0,1,1,0,1,1,0,0,1,0,1,1,0,0,0,1,0,0,0,0,0,0,1,1,0,0,0,0,0,1,0,1,0,1,1,1,0,1,1,0,0,0,1,1,0,1,1,0,0,1,0,1,1,0,0,1,1,1,0,1,0,1,1,1,0,1,0,1,1
1,0,0,1,0,0,0,1,1,0,1,1,0,0,0,1,0,1,0,0,1,1,0,0,1,0,1,1,0,0,0,1,0,0,1,0,1,0,1,0,1,1,1,1,0,0,0,0,0,1,0,1,1,0,1,0,0,1,0,1,0,1,1,0,0,1,1,1,1,1,1,0,0,1,0
1,0,0,1,1,0,0,1,0,0,0,1,0,0,1,1,1,1,0,0,1,0,1,1,0,0,0,0,1,1,0,1,0,0,0,1,1,0,0,1,0,0,1,1,0,0,1,0,0,0,0,1,1,1,0,1,0,0,0,0,0,1,0,0,1,1,1,0,1,1,1,0,1,1,1
1,0,1,0,1,0,0,0,0,1,1,0,0,0,0,1,0,0,1,0,1,1,1,1,0,1,1,0,1,0,1,0,0,1,0,0,1,1,1,1,1,1,0,1,1,0,0,0,0,1,1,1,1,1,1,1,0,1,1,1,0,0,1,0,0,1,0,0,0,1,1,1,0,0,1
1,1,0,1,0,0,0,1,0,1,0,0,0,0,0,0,1,0,1,0,1,1,0,1,1,0,1,0,1,1,1,1,1,0,0,0,1,0,1,0,1,1,0,1,1,0,1,0,1,1,0,1,1,0,0,0,0,0,0,1,0,0,1,0,0,0,1,0,0,1,1,1,0,1,0
1,0,0,0,1,1,0,1,0,0,0,1,0,1,0,0,1,1,1,1,1,1,0,1,0,1,0,1,1,0,1,0,1,0,1,0,0,0,1,0,1,0,0,1,0,1,1,0,1,0,1,1,1,0,0,1,0,1,0,1,1,1,1,1,0,1,0,0,0,1,0,1,0,1,0
1,0,1,0,0,1,0,1,0,0,0,1,1,0,1,0,0,0,1,0,1,1,0,1,1,0,1,0,0,0,1,1,0,1,0,0,0,1,0,1,0,1,0,1,0,1,0,0,1,1,1,1,1,1,1,1,0,0,1,1,1,1,1,0,1,0,0,0,1,1,0,1,0,1,1
0,0,0,0,1,1,0,1,1,0,0,0,1,0,1,0,1,0,1,1,0,1,0,1,1,1,1,1,0,1,0,0,0,0,1,1,0,0,0,1,0,0,0,0,0,0,1,1,0,1,1,1,1,1,0,1,1,0,1,0,0,0,1,1,1,0,0,0,1,1,0,1,1,1,0
0,0,0,1,1,1,1,0,1,1,0,1,0,0,0,1,0,0,1,0,1,1,1,1,1,0,1,1,0,0,1,0,1,1,1,0,1,0,0,0,1,0,0,1,0,1,0,1,0,1,1,0,1,0,1,1,1,1,0,0,0,0,1,0,0,1,0,1,0,1,0,1,1,1,0
1,1,0,1,0,0,0,0,0,1,0,0,1,0,0,0,1,0,1,1,0,1,0,0,0,1,1,0,1,0,1,1,1,0,0,0,0,0,0,0,1,1,0,1,0,1,0,1,0,1,1,1,1,1,0,1,1,0,0,0,0,0,0,0,1,1,1,0,0,1,0,1,1,1,0
1,0,0,0,0,0,0,1,0,0,0,0,1,0,0,0,1,0,0,0,0,1,0,0,0,0,1,1,0,0,1,1,1,0,1,0,1,0,0,0,1,1,0,1,0,1,0,1,1,1,1,1,1,0,0,1,1,1,1,1,0,0,0,0,1,0,1,0,1,1,0,0,0,1,1
0,0,1,1,1,0,0,0,1,1,0,1,1,0,0,1,1,1,0,1,0,1,0,1,1,0,1,1,1,1,1,0,1,0,0,1,0,1,1,1,1,0,0,1,0,1,0,0,0,0,0,1,1,1,0,0,1,1,0,1,0,1,0,0,1,1,1,0,1,1,1,1,1,1,1
1,0,0,0,1,1,0,0,0,0,0,1,0,0,0,1,1,1,0,1,1,1,1,1,0,0,1,0,1,0,1,0,1,0,0,1,1,0,0,1,1,0,0,1,0,1,1,0,1,1,0,0,1,1,0,0,0,1,1,1,1,1,1,1,0,1,1,0,1,1,1,0,0,1,1
0,0,0,0,1,0,1,1,1,0,1,1,1,0,0,0,1,1,1,0,1,1,0,1,1,0,1,0,0,0,0,1,0,0,1,0,1,0,0,0,0,0,0,1,0,1,0,0,0,0,1,1,1,0,0,1,0,0,1,0,1,0,1,1,1,0,1,0,1,1,0,0,1,0,0
1,0,1,0,0,1,0,1,0,1,0,1,0,1,0,0,1,0,0,1,0,1,1,1,1,0,1,0,1,0,1,1,1,0,0,1,0,1,0,1,1,1,1,1,0,1,1,0,1,1,1,0,1,1,0,1,0,1,1,0,0,0,1,1,0,0,0,1,0,0,1,0,0,1,1
1,0,0,0,1,0,0,0,0,0,0,1,0,0,0,0,1,1,0,0,1,1,0,0,0,0,1,1,0,0,1,1,1,0,0,0,0,1,1,0,1,0,1,1,0,0,1,1,0,1,1,1,1,0,1,1,1,0,1,1,0,0,1,0,0,1,1,1,0,1,1,0,1,1,0
1,0,1,1,0,0,0,1,1,1,0,0,0,1,0,1,0,1,0,1,1,1,0,0,0,0,1,0,1,0,0,1,1,0,0,1,0,1,1,1,1,0,0,1,1,1,1,1,0,1,1,1,1,0,1,0,1,0,0,0,0,1,0,0,0,0,1,1,1,1,1,0,1,1,1
1,1,1,1,1,1,0,0,1,0,1,0,1,0,1,1,0,1,1,0,0,1,1,1,0,0,1,1,1,1,0,0,1,0,0,0,0,0,1,0,1,1,1,1,1,0,0,1,0,0,1,1,1,1,0,0,1,1,0,0,0,1,0,1,1,1,0,1,0,1,0,1,1,1,0
1,1,1,0,0,1,0,1,1,1,0,1,0,0,1,0,1,1,1,1,0,0,0,1,0,1,1,0,0,0,1,1,0,1,1,0,0,1,1,0,0,1,1,1,1,1,0,0,0,1,1,1,1,1,0,1,0,1,0,1,1,1,1,0,1,1,0,0,0,1,1,0,1,0,0
1,1,0,0,0,0,0,0,1,1,0,1,0,0,1,0,0,0,1,0,1,1,0,1,0,1,1,1,1,0,1,1,1,0,1,0,0,1,1,0,1,1,1,1,0,1,0,1,0,1,1,0,1,1,0,1,1,1,1,1,1,0,0,0,1,1,0,0,1,1,1,1,1,1,0
1,0,0,1,0,1,0,1,1,1,0,1,0,0,1,1,0,0,0,0,0,1,0,1,1,1,1,0,0,1,1,1,0,1,0,1,0,0,0,1,0,0,1,1,0,1,0,1,0,1,1,1,1,0,1,1,1,0,0,1,0,0,0,0,1,0,0,0,0,1,1,1,1,1,0
0,0,1,1,1,0,1,1,1,1,0,1,1,0,0,0,0,1,0,0,0,1,1,1,1,0,1,1,0,0,1,1,1,1,1,1,0,0,0,1,1,1,0,1,0,1,1,0,0,0,0,0,1,1,1,0,0,1,0,1,1,0,0,1,1,0,0,0,1,1,1,0,0,1,0
1,0,1,1,1,0,0,1,1,0,1,1,0,0,0,0,1,1,0,1,0,1,0,1,0,1,1,0,1,0,1,1,1,1,1,0,0,0,1,0,1,0,1,1,0,1,1,0,1,1,0,1,0,1,0,0,0,0,0,1,1,1,1,1,0,0,0,0,1,1,1,0,1,0,1
1,0,0,0,1,1,0,0,0,0,1,1,0,0,0,1,1,1,0,0,0,0,0,1,0,1,1,1,1,1,1,0,1,0,1,0,0,0,0,0,0,0,0,1,0,1,1,0,0,1,1,1,1,0,1,1,0,1,0,0,0,0,1,0,1,1,1,0,1,1,0,0,1,0,1
1,0,0,0,0,0,0,0,0,1,0,1,0,0,0,1,1,0,0,0,1,0,1,1,0,0,1,0,1,1,0,1,0,1,1,0,1,0,1,0,0,0,0,1,0,1,0,0,0,1,1,0,1,1,0,1,0,1,0,1,0,0,1,0,1,1,0,0,0,0,0,1,1,0,1
0,1,0,1,0,0,0,1,0,1,0,1,0,0,0,1,1,1,1,0,0,0,1,1,0,0,0,1,1,0,1,1,1,1,1,0,1,0,0,1,1,0,1,1,0,1,1,0,0,0,0,0,1,1,1,1,0,0,0,0,1,0,1,0,1,0,0,0,1,1,0,0,0,1,0
1,0,0,0,1,1,0,0,1,1,0,0,0,0,0,0,1,1,1,0,0,1,0,1,1,0,0,1,1,1,1,1,1,1,0,0,1,0,0,1,0,0,0,0,0,0,0,0,0,0,1,1,1,1,1,1,0,0,1,0,0,1,1,0,0,0,1,1,1,1,0,1,0,1,0
1,1,0,1,0,1,0,1,0,0,1,1,1,0,0,1,0,1,1,0,1,1,0,1,0,1,0,0,1,1,0,1,1,0,0,1,0,0,0,1,0,0,1,1,1,0,0,0,0,0,1,1,1,0,1,1,1,1,1,1,1,1,1,0,1,0,1,1,1,1,1,0,1,1,0
1,1,0,1,1,0,0,1,0,1,0,1,0,1,0,1,0,1,1,0,1,1,0,1,0,0,1,0,1,0,1,1,1,1,0,0,1,0,1,0,1,1,0,0,0,0,1,0,0,1,0,0,1,0,1,1,1,1,1,0,0,1,1,0,1,0,0,0,1,1,0,0,1,1,0
1,1,0,1,1,0,0,1,0,1,1,1,0,0,1,0,1,0,0,0,0,1,1,1,0,1,1,1,1,1,0,0,0,0,1,1,0,1,0,1,0,0,0,1,0,0,0,1,0,0,1,1,1,0,1,1,1,1,0,1,1,0,0,0,0,1,1,1,0,1,1,1,0,1,0
1,0,0,1,1,1,1,0,0,1,0,0,1,0,1,0,1,1,1,0,1,0,0,0,0,0,1,1,0,0,1,0,0,0,0,0,0,0,0,0,1,0,1,1,1,0,1,1,0,0,1,1,1,0,0,0,1,1,1,0,0,1,1,0,0,1,1,0,1,0,1,1,0,0,0
1,0,1,0,1,0,1,1,0,0,1,1,0,0,1,1,1,0,0,0,1,1,1,1,1,1,1,0,1,1,0,0,1,0,0,0,1,0,1,0,1,1,1,1,0,1,0,1,1,1,1,0,1,1,0,1,1,1,1,1,0,1,1,0,0,1,1,0,1,1,1,0,0,1,1
1,0,1,1,0,1,0,1,0,1,0,1,1,0,0,0,1,0,0,0,0,1,0,1,1,0,1,1,0,1,1,0,1,0,0,1,0,1,0,1,1,1,1,1,0,1,0,1,1,0,1,1,1,1,0,1,1,1,0,0,1,1,0,0,1,0,0,0,1,0,0,1,0,1,0
0,0,0,0,0,1,0,1,0,0,0,1,0,0,1,1,1,1,1,0,1,1,0,0,1,0,0,0,0,0,1,1,0,0,1,0,1,0,1,0,1,0,0,1,0,1,0,0,0,0,1,1,1,0,1,1,0,1,1,0,1,0,0,0,1,1,1,1,1,1,0,1,0,1,0
1,0,1,1,0,0,0,0,0,1,0,0,1,0,1,1,1,1,1,0,1,1,0,1,0,1,1,1,1,0,1,1,0,0,1,1,1,1,1,0,1,1,1,1,1,1,0,0,0,1,1,0,1,1,0,0,0,1,0,0,1,0,0,0,0,1,0,0,1,1,0,1,0,1,0
1,0,0,0,0,1,0,1,0,1,1,1,1,1,0,1,1,1,0,1,1,1,0,0,0,1,0,1,1,1,1,0,1,0,1,0,0,1,1,0,1,0,0,1,1,0,1,0,1,1,0,1,1,0,1,1,0,1,0,0,0,0,0,0,1,0,1,1,1,1,0,0,0,1,0
1,0,1,1,0,0,0,1,0,1,0,0,0,0,0,1,1,0,0,0,0,1,0,1,1,0,1,1,0,1,1,1,1,0,0,0,1,0,0,1,1,0,0,0,1,0,0,0,0,1,1,0,1,0,0,1,0,0,0,1,0,0,0,1,1,0,1,0,1,1,1,1,1,1,0
1,0,1,1,0,0,0,1,1,0,1,1,1,0,1,1,1,1,1,0,0,1,0,1,0,1,1,1,0,0,1,1,0,0,1,1,1,1,0,1,1,0,1,1,1,0,1,0,0,0,1,1,1,1,0,0,0,0,1,0,1,0,1,0,1,0,0,1,1,1,0,0,1,0,0
1,0,1,1,1,1,0,1,0,1,1,0,0,0,0,0,0,0,1,0,0,1,0,1,1,0,1,0,1,1,1,1,1,0,0,1,1,0,0,0,1,1,0,1,1,1,1,0,0,1,1,0,1,1,0,1,0,0,0,1,1,0,0,0,1,0,1,0,1,1,0,1,1,1,0
1,0,1,0,1,0,1,1,0,1,0,0,0,0,0,0,1,0,1,0,0,1,1,1,0,1,1,1,1,0,1,0,1,0,1,1,1,1,1,0,1,0,1,1,1,0,1,0,0,0,1,1,1,0,1,0,1,0,1,1,0,1,1,0,1,0,0,0,0,1,0,1,1,1,0
0,0,1,0,1,1,0,1,0,1,0,1,1,0,1,0,0,0,1,0,0,1,0,0,1,1,1,1,0,1,1,1,0,1,1,1,1,0,0,0,1,1,0,0,0,0,0,1,0,1,1,1,1,1,0,1,1,1,1,0,0,0,1,0,0,0,1,1,1,0,0,0,1,1,1
1,0,0,1,0,0,1,0,1,1,0,1,1,0,1,1,1,1,0,0,1,1,1,1,0,0,1,0,1,1,1,0,0,0,0,1,1,0,0,1,1,0,1,1,1,0,0,0,0,0,0,1,1,1,1,0,0,1,1,1,1,1,1,0,0,1,0,0,1,1,1,1,0,1,0
1,0,0,1,0,0,1,0,0,0,0,1,1,1,0,0,1,1,1,0,0,1,1,1,0,1,1,1,0,0,1,1,0,0,1,0,1,1,1,0,1,1,1,1,0,1,1,0,0,0,0,1,1,1,0,0,0,0,1,0,1,0,0,0,0,0,1,0,0,1,1,0,1,0,0
1,0,1,1,1,0,0,1,0,0,1,1,0,0,0,0,1,0,0,0,0,1,0,1,1,1,0,1,1,0,0,0,1,0,1,0,1,1,1,0,1,0,0,1,0,1,0,0,1,1,1,0,1,1,0,1,1,1,1,1,1,1,1,0,0,0,1,0,0,1,1,1,0,1,0
1,0,0,0,1,1,1,1,0,0,1,1,1,0,0,1,1,0,0,0,1,1,1,1,0,0,1,0,0,1,1,0,1,0,1,0,0,1,0,1,1,0,0,1,0,1,0,0,0,0,1,1,1,1,0,0,0,1,0,0,1,1,0,0,0,0,1,0,1,1,0,0,0,1,0
1,0,0,1,0,1,1,1,0,0,1,1,0,1,1,1,1,0,0,0,1,1,1,1,1,1,1,1,1,0,1,1,1,0,1,1,1,0,0,1,1,0,1,1,0,1,0,0,0,1,1,1,1,1,0,1,0,0,0,1,0,0,0,0,1,1,1,1,1,1,1,1,0,1,1
1,1,0,0,1,0,0,1,1,0,1,1,1,1,1,1,0,0,0,0,1,1,0,1,0,0,0,0,0,0,1,0,0,0,1,0,0,0,0,0,1,1,1,1,1,0,1,0,0,0,0,0,1,0,0,1,0,0,1,0,1,1,1,1,1,0,1,0,0,0,1,0,1,0,0
0,0,1,1,1,0,0,1,0,1,0,1,1,0,0,0,0,1,0,0,0,1,0,1,1,0,1,0,0,0,0,0,1,0,1,1,0,0,1,0,0,1,1,1,0,1,1,0,0,0,1,0,1,0,0,0,0,1,1,1,1,1,1,0,0,1,1,0,0,1,0,0,1,1,1
1,0,0,1,1,0,0,1,0,1,0,0,1,0,0,1,1,1,0,0,1,1,0,1,0,0,0,0,1,0,1,1,1,0,1,0,1,1,1,0,1,0,0,1,1,0,1,0,0,1,1,1,1,1,0,1,0,1,0,0,1,0,1,0,1,1,0,0,1,1,0,0,1,1,0
1,0,0,1,0,1,0,1,1,1,0,1,1,0,0,0,0,0,1,1,1,1,0,0,1,0,0,0,0,1,1,1,1,0,0,0,0,0,1,0,0,0,0,1,0,1,0,1,1,0,1,1,1,1,0,1,1,1,0,0,1,0,0,0,1,0,1,1,0,1,0,1,0,0,0
0,0,0,0,0,0,0,1,1,0,0,0,0,0,1,1,1,0,0,0,1,1,0,1,0,0,1,0,1,0,1,0,0,0,1,1,1,1,0,1,1,0,0,0,1,1,0,1,1,1,1,1,1,1,0,1,1,1,1,1,0,1,0,0,1,0,1,1,0,0,0,0,0,1,0
1,0,0,0,1,0,0,1,0,1,0,0,0,0,1,1,1,0,1,0,1,1,0,1,0,0,1,1,0,0,1,1,0,0,1,0,1,0,1,0,1,0,0,1,0,0,0,0,0,1,1,1,1,0,1,1,0,0,1,1,0,0,0,1,1,0,0,0,1,1,1,0,1,1,0
1,0,1,1,0,1,0,1,0,0,0,1,0,0,1,1,1,0,0,0,1,1,0,1,0,1,1,0,1,1,0,0,1,0,1,0,1,0,0,1,1,0,0,1,1,1,0,1,1,1,1,0,1,1,0,1,1,1,0,0,1,0,1,0,1,0,0,0,1,1,0,1,0,1,0
1,0,1,1,1,0,0,0,0,1,0,0,0,0,0,0,1,1,1,0,0,1,0,1,1,1,1,0,1,0,0,0,1,1,1,0,1,0,1,0,1,1,0,1,1,0,0,0,0,1,0,1,1,1,0,1,0,0,0,0,0,1,1,1,0,0,0,0,1,1,0,1,1,1,0
1,0,0,0,1,1,1,0,0,1,0,1,1,0,1,1,1,0,0,1,0,1,0,0,1,1,1,1,0,0,0,1,0,0,1,0,0,1,0,1,1,1,1,1,1,0,0,0,0,1,1,0,1,1,1,0,0,0,0,1,0,1,0,1,0,1,0,1,0,1,1,0,0,1,0
1,1,0,0,0,1,0,1,1,0,0,1,0,0,1,1,0,1,1,1,0,0,1,1,0,0,0,0,1,0,1,0,0,0,1,1,0,1,0,1,0,0,0,1,1,0,1,0,0,1,1,0,1,1,1,0,0,0,1,1,1,0,1,0,0,0,0,1,0,1,0,0,1,1,0
1,0,0,1,1,0,1,0,1,0,0,0,1,0,0,1,1,0,0,1,0,0,1,1,0,0,1,1,1,0,0,1,1,0,1,1,0,1,1,0,1,1,0,1,1,0,1,0,1,1,1,0,1,0,1,0,1,1,0,0,0,1,1,1,0,1,0,0,0,1,0,1,0,1,0
1,0,1,0,1,0,0,1,0,1,0,0,0,1,0,1,0,1,0,0,1,1,1,1,0,1,1,0,1,1,1,1,1,0,1,1,1,0,0,1,0,0,1,1,1,1,0,0,1,1,1,1,1,1,0,1,1,1,1,0,0,0,1,1,0,1,0,1,1,1,1,0,0,1,0
1,1,1,1,0,0,0,1,0,0,1,0,0,0,0,0,0,1,0,0,1,1,1,1,1,1,1,0,0,1,0,1,1,0,0,0,1,0,1,0,1,1,1,1,1,1,0,0,0,0,1,1,1,0,0,1,0,1,1,1,0,1,1,0,1,1,0,0,1,1,1,1,0,1,1
0,0,1,1,0,0,1,1,0,0,0,1,1,0,1,0,1,1,0,0,1,1,1,1,0,1,1,0,0,0,0,1,0,0,1,0,1,0,1,0,0,1,0,1,0,1,1,0,0,0,1,0,1,0,0,0,0,1,1,0,0,1,1,0,1,0,0,0,0,1,1,0,0,1,0
1,0,1,1,1,0,1,0,1,1,0,0,0,0,1,1,0,1,0,1,1,1,0,1,0,0,1,0,1,1,1,1,0,0,1,0,0,0,1,0,1,0,0,1,0,1,0,1,1,1,1,1,1,0,1,1,1,1,0,1,0,1,1,0,0,1,0,1,1,1,1,1,0,1,0
1,0,1,1,0,1,0,1,0,0,1,1,1,0,0,0,1,0,1,0,0,1,0,1,0,1,1,0,0,1,0,0,1,1,1,0,1,1,1,1,1,0,0,1,1,1,0,0,0,0,0,0,1,1,0,1,0,1,0,0,1,0,0,1,0,1,0,1,1,1,0,1,0,1,0
1,0,1,1,0,0,1,1,0,1,0,1,0,1,0,0,1,0,0,0,0,1,1,1,0,0,1,0,1,1,1,1,1,0,1,1,0,0,1,1,1,1,0,0,0,1,0,0,1,1,1,0,1,0,1,1,0,1,0,0,0,0,1,1,1,0,0,0,0,1,0,0,0,1,0
1,0,0,1,1,0,1,1,0,0,0,0,1,0,0,0,1,1,0,0,0,0,0,1,1,0,1,1,1,0,1,0,1,0,1,0,1,1,1,0,0,1,1,1,0,1,0,0,1,1,1,1,1,0,0,1,0,1,0,0,0,1,1,0,1,0,0,1,0,1,1,0,0,1,0
1,0,0,1,0,1,0,1,0,0,0,0,1,1,0,1,0,1,0,0,0,1,1,1,1,1,1,0,1,1,0,0,1,0,0,0,0,0,0,1,0,1,0,1,0,1,1,1,0,0,1,1,1,0,1,1,1,0,1,1,1,0,1,1,0,0,0,0,0,1,0,0,1,1,0
0,0,0,1,0,0,0,1,0,0,0,1,1,0,0,1,1,0,0,0,1,1,0,1,0,0,0,0,1,1,0,0,1,0,1,0,1,0,1,0,1,0,0,1,0,1,1,0,0,0,0,1,1,1,0,1,0,1,0,1,1,1,1,0,1,0,0,0,1,0,0,1,1,1,1
1,1,0,0,1,1,1,1,1,1,0,0,0,0,0,0,0,0,0,1,0,1,1,1,0,0,1,1,1,0,0,1,1,0,1,0,1,1,1,0,1,1,1,1,1,1,0,0,0,0,1,1,1,1,0,1,0,1,1,0,0,1,1,1,1,0,0,1,0,1,0,1,0,1,1
0,1,0,1,1,0,0,0,0,1,0,0,1,0,0,0,1,0,1,0,0,1,0,1,1,1,1,0,1,1,0,0,1,0,1,0,0,0,1,1,1,0,0,1,1,0,0,0,0,0,1,1,1,0,0,1,0,1,0,0,0,1,1,1,1,1,1,0,1,1,0,0,1,1,0
0,1,1,1,1,0,0,1,1,0,1,0,0,0,0,0,1,1,0,0,0,1,1,1,1,1,0,0,1,0,1,0,1,0,0,0,1,1,1,0,1,0,0,1,1,0,1,1,1,1,1,1,1,0,0,0,1,1,0,1,0,1,1,0,1,0,0,0,1,0,0,0,0,1,0
1,1,0,1,1,1,1,1,0,1,1,1,1,0,0,0,1,1,1,0,0,0,0,0,1,1,1,1,1,1,1,0,1,0,1,0,0,0,0,0,1,1,0,1,1,0,0,1,0,1,1,1,1,0,0,1,1,1,0,0,0,0,1,0,1,0,1,0,0,1,0,0,1,1,0
1,0,0,0,1,0,0,1,0,0,1,0,0,0,0,1,1,1,0,0,0,1,0,1,0,0,0,0,0,0,1,1,1,1,0,0,0,1,0,0,1,1,1,1,0,1,0,1,1,0,1,1,1,1,0,1,0,0,1,0,0,0,1,1,1,0,1,0,1,1,0,0,0,1,1
1,0,0,1,1,1,0,1,1,0,1,1,0,0,0,1,0,1,1,1,1,1,0,1,0,0,1,0,0,0,1,0,1,0,1,1,1,0,1,1,1,0,0,1,0,1,1,0,0,1,0,1,1,0,1,0,0,0,1,1,1,0,1,0,1,1,0,1,1,1,0,0,0,0,0
1,1,0,1,0,0,0,1,0,0,0,1,1,0,0,0,1,1,0,0,0,1,0,1,0,0,1,1,1,0,0,1,1,0,0,0,0,0,1,0,0,1,1,1,0,1,1,0,0,1,1,0,1,0,1,1,0,0,0,1,1,0,0,0,1,0,0,0,0,1,1,0,1,1,1
1,0,1,1,1,0,0,1,0,1,0,0,0,0,1,0,1,0,1,0,1,1,1,1,0,1,1,1,0,1,1,1,0,0,0,0,1,0,1,0,1,1,0,1,1,0,0,0,1,1,1,1,1,0,1,1,0,0,0,1,0,0,0,0,1,0,0,0,0,1,0,1,0,1,0
0,1,1,1,1,1,1,1,0,1,1,1,0,0,0,0,0,1,0,0,0,1,1,1,0,0,1,1,1,0,1,0,1,0,1,0,1,0,1,0,1,1,1,1,0,0,1,0,0,1,0,0,1,1,0,1,0,0,1,0,1,0,0,1,1,0,1,1,0,0,1,0,0,0,1
1,0,0,1,1,0,0,1,0,0,0,1,1,0,0,0,1,0,0,0,0,1,0,0,0,0,1,1,0,0,0,1,1,1,0,1,1,0,0,1,0,1,0,1,1,0,1,1,0,0,1,1,1,0,1,1,1,1,0,0,0,0,1,0,0,1,0,0,1,1,1,0,1,1,1
1,0,0,1,1,1,0,1,0,1,0,0,0,0,0,0,1,1,0,1,0,0,0,1,0,0,1,0,1,0,1,1,1,0,0,0,1,1,1,0,1,1,0,1,1,0,1,1,1,0,1,0,1,0,0,1,1,1,1,1,0,0,1,0,1,0,0,0,0,1,1,1,0,1,0
1,0,1,1,0,1,0,1,0,0,1,0,0,0,0,0,1,0,1,1,1,1,1,1,0,1,1,0,0,1,1,0,0,0,1,0,1,1,0,0,0,1,0,1,0,1,0,1,0,1,1,0,1,1,1,1,1,1,0,0,0,0,1,1,0,1,0,0,0,1,0,1,0,1,0
1,1,1,1,1,1,0,1,0,1,0,0,0,0,1,0,0,1,0,0,0,1,1,1,1,0,1,1,0,0,0,0,0,0,1,0,1,1,0,0,1,1,0,1,1,0,0,1,0,1,1,1,1,1,0,1,1,1,0,0,0,1,1,0,1,0,1,1,0,1,0,1,0,1,0
1,1,1,1,1,1,0,1,0,0,1,0,0,1,0,1,1,0,0,0,1,0,0,1,0,1,1,0,1,0,1,0,1,0,0,0,0,1,1,0,1,1,1,1,0,1,0,0,0,1,1,1,1,1,0,0,0,1,1,1,0,0,1,0,0,1,1,0,0,1,1,1,1,0,0
1,0,0,1,0,1,0,1,0,1,1,1,1,0,0,1,1,1,1,0,1,1,0,0,0,0,0,1,1,1,1,1,1,0,1,0,0,1,1,0,1,0,0,1,0,0,0,1,1,1,1,1,0,1,0,1,1,0,0,1,1,0,1,0,1,0,1,0,1,1,0,0,1,1,0
1,1,0,1,1,0,0,1,0,1,1,1,0,0,1,1,0,1,0,0,1,1,0,1,0,0,1,1,0,1,0,0,0,0,1,1,0,1,0,1,1,0,0,1,1,0,1,1,0,1,1,0,1,1,0,1,1,0,0,1,0,0,0,1,0,1,1,1,1,1,0,0,0,1,1
1,0,1,0,1,1,0,1,0,0,0,1,0,0,0,0,0,0,1,0,1,1,1,1,1,0,1,0,0,1,1,1,1,0,0,1,1,1,0,1,1,0,0,1,0,1,0,1,0,1,1,1,1,1,1,1,1,1,1,0,0,0,1,0,1,0,1,0,0,1,0,1,0,1,1
1,1,1,1,0,0,0,1,1,0,0,1,0,0,0,0,1,1,1,0,1,1,0,1,0,0,1,0,1,1,0,1,1,1,1,0,1,0,1,0,1,1,0,1,1,0,0,1,1,1,1,0,1,1,0,1,1,1,0,1,1,0,0,0,0,0,1,0,1,1,0,1,0,1,0
1,1,0,0,0,0,0,1,1,1,0,1,1,0,0,1,0,0,1,0,1,1,1,1,0,0,0,0,1,0,0,1,1,0,0,1,1,0,1,0,1,0,1,1,1,1,0,0,1,0,1,0,0,0,0,0,0,1,1,0,1,1,1,0,0,0,1,1,1,0,1,1,1,1,0
1,0,1,1,0,1,0,1,0,1,1,0,0,1,1,1,0,1,1,0,1,1,1,1,1,0,0,0,1,0,1,1,0,0,1,0,1,0,1,0,0,1,1,1,0,0,1,0,0,0,1,1,1,0,1,1,1,0,1,1,0,1,1,1,1,1,0,0,0,1,1,0,1,1,0
1,0,0,0,1,0,0,1,1,0,0,0,0,0,0,1,0,1,1,1,0,1,1,1,0,1,1,0,1,1,1,0,1,0,1,1,0,0,0,1,1,0,0,1,1,0,1,1,1,1,0,1,1,0,1,0,0,1,1,1,0,1,1,0,1,0,1,1,1,1,0,0,0,1,0
1,0,0,1,0,1,0,1,0,1,1,1,0,0,1,0,0,1,0,0,0,1,1,1,0,1,1,1,1,0,0,0,1,0,1,0,0,0,1,0,1,1,1,1,0,0,0,0,0,0,0,0,1,0,0,1,0,0,1,1,0,0,0,0,1,0,0,1,0,1,1,1,1,0,0
1,0,1,1,1,1,0,1,1,1,1,1,0,0,0,0,1,0,1,0,0,1,1,1,0,1,1,0,0,1,1,0,0,0,1,1,0,0,1,1,1,0,0,1,0,1,0,1,1,0,1,0,1,1,0,1,1,0,1,1,1,0,0,1,1,0,0,1,0,0,0,1,0,0,0
1,0,0,0,0,0,1,1,1,0,1,0,1,0,1,0,1,1,0,0,1,1,1,1,0,0,1,0,1,0,1,0,0,0,1,0,1,0,1,0,1,0,0,1,1,1,1,0,0,0,0,0,1,1,0,1,1,0,1,1,0,1,1,0,0,0,1,0,0,1,0,1,1,1,1
0,1,1,1,0,0,0,1,1,0,1,1,1,0,0,0,1,1,0,0,1,1,1,1,0,0,0,0,1,0,1,0,1,0,1,1,1,0,0,0,1,1,0,1,1,1,1,0,0,0,1,0,1,0,0,1,0,1,1,0,0,1,1,0,1,0,1,0,0,0,0,0,1,0,0
1,0,0,1,1,0,0,0,0,0,1,0,0,0,0,1,1,0,0,1,1,1,1,1,0,0,1,1,1,0,0,1,1,0,1,0,0,1,1,0,1,0,0,1,0,1,0,0,0,0,1,0,1,0,1,1,0,1,1,0,0,1,1,0,0,1,1,0,0,1,0,0,1,0,1
0,1,1,1,0,0,1,1,0,1,0,1,0,0,0,1,0,1,0,0,1,1,1,1,1,1,0,0,1,0,1,1,1,1,0,1,1,1,0,1,0,0,1,1,1,0,1,1,0,0,1,1,1,1,0,0,1,1,0,1,1,0,0,0,1,0,0,0,0,0,1,1,0,1,0
1,0,0,1,1,0,1,1,0,1,0,1,0,0,0,1,1,0,1,0,0,1,1,1,0,0,0,1,0,1,0,0,1,0,1,0,1,0,0,0,1,0,0,1,1,0,1,0,1,1,1,0,1,1,0,0,0,0,0,1,1,1,1,0,1,1,0,1,1,1,0,1,0,0,1
1,0,0,1,0,0,0,1,0,1,1,1,0,0,0,1,1,1,1,0,0,0,0,1,0,1,1,0,0,1,0,0,0,0,1,0,0,0,1,0,1,0,0,1,0,0,0,0,0,1,0,1,1,1,0,1,0,1,1,1,0,0,1,0,1,0,0,0,1,1,1,1,0,0,0
1,0,0,1,1,0,0,1,0,1,0,1,1,0,0,0,1,1,1,0,0,0,0,0,0,0,1,0,1,0,1,0,1,0,1,0,1,0,0,1,1,1,0,1,0,0,0,0,0,0,1,1,1,0,0,1,0,1,0,0,1,1,1,0,0,0,0,0,0,1,0,0,0,1,0
0,0,0,0,1,1,1,0,1,1,0,1,0,0,0,1,1,1,0,0,1,0,1,1,1,1,1,1,0,1,0,0,0,0,1,0,1,0,0,0,1,1,1,1,0,1,1,0,0,1,1,1,1,0,1,0,1,1,0,1,1,0,0,0,1,1,1,0,0,0,1,0,1,1,1
0,0,0,0,1,0,0,1,0,1,0,1,0,0,0,0,1,1,1,0,0,1,1,1,0,0,0,0,0,0,1,0,1,0,0,0,0,1,1,0,1,1,1,1,0,0,0,0,0,1,1,0,1,1,0,1,1,1,1,0,1,1,1,0,1,1,1,1,1,0,1,0,1,1,1
1,0,1,1,0,0,1,1,1,0,1,0,0,0,0,0,0,0,0,0,0,1,1,1,0,0,0,0,1,0,1,1,1,0,1,0,1,1,1,0,1,1,1,1,0,1,0,1,1,1,1,1,1,1,1,1,1,1,1,1,0,0,1,0,1,0,0,0,0,1,1,1,0,1,0
1,0,1,1,1,0,0,1,0,0,0,1,1,1,0,1,1,1,1,1,0,1,0,1,0,0,1,1,0,0,1,0,1,0,0,0,1,0,1,0,1,1,1,1,0,1,0,0,0,0,1,1,1,0,1,1,0,0,1,1,1,0,1,0,0,0,0,1,1,1,1,0,1,1,1
0,0,0,0,0,1,0,1,0,1,0,0,1,0,0,0,1,1,0,0,0,1,0,0,1,0,0,0,0,0,1,1,1,0,1,1,1,0,1,1,1,1,1,1,1,1,1,1,1,1,1,1,1,0,0,0,1,1,1,1,1,0,1,0,1,0,1,0,0,0,1,1,0,1,1
1,0,1,0,0,1,0,1,0,0,0,1,0,1,0,0,1,0,0,0,0,1,0,1,1,1,0,1,1,0,0,1,1,0,0,1,1,1,0,1,1,1,0,1,1,0,1,1,0,1,1,1,1,1,1,0,1,0,0,1,0,1,0,0,0,0,0,1,0,1,1,1,1,1,0
1,0,0,1,1,0,0,1,0,0,0,0,1,0,0,1,1,0,0,0,0,1,1,1,0,1,1,1,0,0,1,1,0,0,1,0,1,1,1,0,1,0,1,1,1,0,0,1,0,1,1,0,0,0,1,0,1,1,0,0,0,0,1,0,0,1,0,0,1,1,1,1,0,1,0
1,1,0,0,1,0,0,0,0,1,0,1,1,0,0,1,0,1,1,1,0,0,1,1,0,1,0,0,1,0,0,0,1,1,1,0,1,0,0,0,0,0,1,1,1,0,0,0,0,0,1,1,1,1,0,1,0,0,1,1,1,0,1,0,1,1,1,1,0,1,1,1,1,1,1
1,0,0,0,1,1,0,1,0,0,1,1,1,0,0,1,1,0,1,0,0,1,1,1,0,1,1,0,1,1,0,1,1,0,0,0,0,0,1,0,1,1,0,1,1,1,0,1,0,1,1,0,1,1,0,1,1,1,1,0,1,0,1,0,0,1,0,1,0,1,1,0,1,1,0
1,0,1,0,1,1,1,0,0,1,0,0,1,0,0,0,0,0,1,0,0,0,1,1,0,0,1,0,1,1,0,1,0,0,1,0,1,1,1,0,1,0,1,1,1,0,0,1,0,1,1,0,1,1,1,0,1,1,1,1,0,0,0,0,1,0,0,1,1,1,1,1,1,1,0
1,1,1,0,1,0,1,0,0,0,0,1,0,1,1,1,1,1,1,0,1,0,0,1,0,0,0,0,1,1,1,0,1,0,1,1,0,0,0,1,0,0,0,1,1,0,1,1,0,1,1,1,1,0,1,0,1,1,0,0,1,1,1,0,1,1,0,1,1,1,0,0,1,0,0
1,0,0,1,1,1,0,1,0,0,1,1,1,0,0,0,0,0,0,1,0,1,0,0,0,1,1,0,0,1,1,0,0,1,1,0,0,1,0,0,1,1,0,1,0,1,0,1,1,1,1,1,1,1,1,1,1,0,1,1,1,1,0,0,0,0,1,1,0,1,0,1,1,1,0
0,0,0,1,1,1,1,0,1,1,0,1,1,0,0,0,1,0,1,0,1,1,0,1,1,1,1,1,0,1,0,0,1,0,1,0,0,1,0,1,1,1,0,1,1,1,0,1,0,0,1,1,1,0,1,0,1,1,0,1,1,1,1,1,0,0,0,0,0,0,0,1,1,1,0
0,0,1,1,0,1,1,0,1,0,0,0,0,0,1,1,1,1,0,0,0,1,1,1,1,0,1,1,1,1,1,0,0,0,0,1,0,0,0,1,1,0,1,1,1,1,1,0,1,0,1,0,1,1,0,0,1,1,1,1,0,1,1,1,1,1,1,0,1,1,1,1,0,1,0
1,1,1,1,1,0,0,1,0,0,1,1,0,0,0,0,1,0,0,0,1,1,0,1,0,0,1,1,0,0,1,1,0,0,0,0,1,0,1,0,1,1,1,1,0,0,0,0,1,0,1,1,1,0,1,1,1,1,0,0,0,0,0,0,1,0,1,0,0,1,1,0,0,1,0
0,1,0,1,0,0,0,1,1,0,1,0,0,0,0,0,0,1,1,1,1,0,1,1,1,1,1,1,1,0,0,0,1,0,1,0,0,1,1,0,1,1,1,1,1,0,0,0,1,1,1,1,1,1,0,1,0,1,0,0,0,1,1,0,0,0,1,0,0,0,1,0,0,1,0
1,0,0,1,0,0,0,1,0,1,1,0,0,0,0,0,1,0,0,0,1,1,0,0,0,1,0,0,0,1,1,1,0,0,0,0,1,1,0,0,1,1,1,1,1,0,0,0,0,1,1,0,0,0,1,0,0,1,1,0,0,1,1,0,0,0,1,0,0,1,1,1,0,0,0
1,0,1,0,0,0,1,1,1,1,0,1,0,0,1,1,0,1,1,0,0,0,1,1,0,1,1,0,0,0,0,1,0,0,1,1,1,1,0,1,0,1,0,1,0,1,1,0,1,1,0,0,1,1,1,1,0,0,1,1,0,1,1,0,1,0,0,0,1,1,1,0,1,0,0
1,0,0,0,1,0,0,1,1,1,0,0,1,0,1,0,1,1,0,0,0,1,0,1,0,0,1,0,1,1,0,0,0,1,0,1,1,1,0,1,1,0,1,1,0,1,1,0,0,0,1,1,1,1,0,0,0,0,1,0,0,1,1,0,1,0,0,0,1,1,1,1,1,1,0
1,1,1,1,0,1,0,1,0,0,1,1,0,0,1,0,0,0,1,1,0,1,0,1,1,0,1,0,0,1,1,1,1,0,1,0,1,1,0,1,0,0,0,0,0,1,1,1,0,1,1,1,1,1,0,0,1,0,1,1,0,0,0,1,1,0,0,0,0,1,1,0,1,0,1
1,0,0,1,0,0,0,1,1,0,0,1,0,0,0,0,0,0,0,1,1,1,0,1,0,0,0,0,1,1,1,1,0,0,1,0,0,1,1,1,1,1,1,1,0,0,0,0,0,0,1,0,0,1,0,1,0,1,0,0,1,1,1,0,0,1,1,0,1,1,1,1,0,1,0
0,1,0,1,1,1,0,1,1,0,1,1,0,0,0,1,1,0,1,1,1,1,0,0,0,1,0,1,1,0,1,1,1,0,1,0,0,1,0,0,0,0,0,1,0,1,0,1,0,1,1,1,1,1,1,1,1,1,0,0,1,1,0,0,1,0,1,0,0,0,0,1,1,1,1
1,0,1,0,1,0,0,1,1,0,0,0,0,0,0,1,0,0,0,0,1,1,1,1,0,0,1,0,0,0,0,1,1,0,1,1,1,0,0,1,1,0,0,1,1,1,0,1,1,1,1,0,1,0,1,0,1,1,1,1,0,1,1,1,1,0,0,0,1,1,1,1,0,0,0
1,1,1,1,0,0,0,1,0,1,1,0,0,0,0,0,0,1,0,1,0,1,0,1,1,0,0,0,0,0,0,1,1,0,1,1,1,1,1,0,1,1,0,0,1,1,0,1,0,1,1,1,1,1,0,1,1,0,1,0,0,0,1,1,0,0,1,1,1,1,0,0,0,0,0
1,0,0,0,1,0,0,1,0,0,1,0,1,1,0,1,1,1,0,0,1,1,0,1,0,1,1,0,1,0,1,0,1,0,0,0,1,1,1,0,0,1,1,1,1,1,0,0,0,0,1,1,1,1,0,1,0,0,1,1,0,1,1,1,1,0,0,1,0,1,1,1,1,1,0
1,0,1,1,1,0,1,1,0,1,0,1,0,0,1,0,1,1,1,1,0,1,0,0,0,1,1,0,1,1,1,0,1,0,1,1,0,0,0,0,0,1,0,1,0,1,1,0,0,1,1,1,1,0,0,1,0,1,1,1,1,0,1,1,1,0,1,0,0,1,0,0,0,0,0
1,0,0,0,0,1,1,1,1,0,0,0,1,0,1,0,1,1,0,0,0,1,1,1,1,1,0,0,0,0,1,0,0,0,0,1,1,1,0,1,1,0,1,1,1,1,1,0,0,1,1,0,1,1,0,0,0,0,1,1,0,0,1,0,0,0,0,0,1,1,1,0,1,1,0
1,1,0,0,1,1,1,1,1,0,0,0,1,0,0,0,0,1,0,0,0,1,0,1,1,0,1,0,0,0,0,1,1,0,0,0,1,0,0,1,1,0,0,1,1,0,1,0,1,0,0,1,1,0,0,1,0,0,1,0,0,1,1,0,0,0,1,1,1,1,0,0,0,1,0
1,0,0,0,1,0,1,0,0,0,0,1,0,1,0,1,1,1,1,0,1,1,1,1,0,0,1,0,0,1,1,1,1,0,1,0,0,1,1,0,0,0,1,1,0,1,1,0,0,1,1,0,1,1,0,1,0,0,0,0,0,0,1,0,1,1,0,0,1,1,1,0,1,0,0
0,1,0,0,1,1,0,1,0,1,1,1,0,0,1,1,0,0,0,1,0,1,0,0,1,1,1,0,0,1,1,1,0,0,1,0,0,1,0,1,1,0,0,1,1,0,0,1,1,1,1,0,1,1,0,1,1,1,1,1,1,0,1,0,0,0,0,0,0,1,1,1,1,1,0
0,0,0,1,0,0,0,1,0,1,0,1,0,0,1,1,1,0,0,1,0,1,0,1,0,0,1,0,1,0,1,0,0,0,0,0,1,0,1,0,0,0,0,0,0,0,1,1,0,1,1,1,1,1,0,1,1,0,1,0,0,1,1,1,1,0,0,0,0,0,0,0,1,1,0
0,0,1,0,1,0,0,1,0,1,1,1,1,0,0,1,1,1,1,1,0,0,0,0,0,0,1,1,0,0,1,1,0,0,0,0,0,1,0,0,1,1,1,1,1,0,1,0,0,0,1,0,1,0,0,1,1,0,1,1,1,0,1,0,1,0,1,0,0,1,1,1,1,1,0
1,0,1,1,1,0,0,1,1,0,0,0,1,0,1,1,1,1,1,0,0,1,0,0,1,0,1,1,1,0,1,0,1,1,0,1,1,1,0,1,1,1,1,1,0,1,1,1,0,0,1,0,1,1,0,1,1,1,0,1,0,1,1,1,1,0,0,1,1,1,1,1,1,1,1
1,0,0,1,0,0,1,0,0,1,0,1,1,0,1,1,1,1,1,0,1,1,0,1,0,1,1,0,1,0,0,0,1,0,0,1,0,1,1,0,1,1,1,1,1,1,1,1,0,1,1,1,1,1,0,0,1,1,1,1,0,0,1,0,0,1,1,0,0,1,0,1,1,1,1
1,1,1,1,1,1,0,0,0,1,0,1,0,0,1,1,0,1,0,0,1,1,1,1,1,1,1,1,1,0,1,1,1,0,0,1,1,0,0,1,1,0,0,1,1,0,1,0,0,1,1,0,1,1,1,1,0,0,1,0,1,0,1,1,1,1,0,1,0,1,1,0,1,1,0
1,0,0,1,1,1,0,1,0,1,1,1,1,0,1,0,1,1,1,0,1,1,0,1,1,1,1,1,1,1,1,1,1,0,0,0,0,0,1,0,1,1,0,1,0,0,1,0,0,1,1,1,1,1,0,1,1,0,0,0,0,0,0,1,1,1,0,0,1,0,0,0,1,1,0
1,0,0,1,1,1,0,0,0,1,0,1,0,0,1,1,1,1,0,0,0,1,0,1,0,0,1,0,0,1,1,0,0,0,0,1,1,0,0,0,1,0,1,1,1,0,1,0,0,1,0,0,1,0,1,0,0,0,0,1,0,1,1,0,0,1,0,1,1,1,1,0,0,1,0
1,0,0,0,0,1,0,1,0,1,0,1,0,1,0,1,1,1,0,0,0,1,0,0,1,1,0,1,0,1,1,1,0,0,0,1,0,1,0,1,0,1,0,1,0,1,0,0,1,1,0,1,1,1,0,1,0,1,1,1,0,0,1,1,0,1,1,1,0,1,1,0,0,1,0
1,1,1,1,0,0,1,1,0,0,0,1,0,0,0,1,0,1,0,0,1,0,0,1,1,1,1,1,1,1,0,1,1,0,0,0,1,1,1,0,0,0,1,1,1,1,1,0,1,1,1,1,1,0,1,1,0,1,0,1,1,0,0,0,0,0,1,1,1,1,1,0,0,1,0
1,1,0,0,1,1,0,0,0,0,0,1,0,0,0,1,1,1,0,0,0,1,0,1,1,0,1,0,1,0,1,0,1,1,0,0,0,0,1,1,1,1,0,1,1,1,1,1,0,1,1,1,0,0,1,0,1,0,1,1,0,1,1,0,1,1,0,0,0,1,0,0,0,1,0
1,0,0,0,1,1,0,1,1,0,1,0,0,1,1,0,0,0,1,0,1,1,0,1,0,1,1,0,1,1,1,0,0,0,1,1,1,0,1,0,1,1,0,1,0,1,0,0,1,1,1,1,1,1,0,0,0,1,0,0,0,1,0,0,1,1,0,0,0,1,0,0,0,1,0
1,0,0,1,1,0,0,0,0,1,0,1,0,0,0,0,1,1,1,0,1,1,1,1,0,0,0,0,1,0,1,0,0,0,1,0,0,0,0,0,1,0,0,1,1,0,1,0,0,1,1,0,1,0,0,1,0,1,0,0,1,1,0,0,0,1,1,0,0,1,0,0,1,0,1
1,0,1,1,1,1,0,1,0,1,1,0,0,1,0,1,1,0,1,0,1,1,0,1,0,0,1,0,0,0,1,1,1,0,0,1,0,1,0,1,0,0,1,1,0,1,0,1,0,1,1,1,1,1,0,1,1,1,1,1,0,0,1,0,0,0,0,0,1,0,1,1,1,0,0
1,1,1,1,1,1,0,1,1,0,1,1,0,0,0,1,1,1,1,0,0,1,1,1,0,0,1,1,1,0,0,1,1,0,1,1,0,0,0,1,1,0,0,1,1,0,1,1,0,1,1,0,1,1,0,0,0,1,0,0,1,0,0,1,1,0,0,0,1,1,0,0,1,1,0
1,0,1,0,1,0,0,0,0,1,1,1,0,1,1,0,1,1,1,0,1,1,0,1,0,0,1,1,1,0,0,1,0,0,0,1,0,1,1,0,1,1,1,1,1,1,1,1,0,1,1,1,1,1,0,1,1,1,1,1,0,1,0,0,0,1,0,0,0,1,1,0,0,0,0
0,1,1,1,1,1,0,1,1,1,1,1,1,1,0,0,1,0,0,0,0,1,1,1,0,0,1,1,1,0,0,0,1,0,1,1,0,0,0,1,1,0,0,1,1,1,1,0,1,0,0,0,0,0,0,0,0,0,1,1,1,1,0,0,1,0,0,0,0,0,0,1,1,1,1
1,0,0,1,1,1,0,0,0,0,0,1,0,1,1,0,1,0,0,0,0,1,0,1,0,1,0,0,0,0,0,1,0,0,1,1,0,0,1,0,1,1,1,1,1,0,1,1,0,1,1,1,1,0,1,0,1,0,0,1,1,1,1,0,0,1,1,1,1,1,1,0,1,0,0
1,0,0,1,1,0,1,1,1,1,0,1,0,0,1,1,1,1,0,0,1,1,1,1,0,0,0,1,0,0,0,1,0,1,1,0,0,1,1,0,0,0,1,1,0,1,1,1,1,1,1,1,1,1,0,1,1,0,0,0,0,1,0,0,1,0,0,0,1,0,1,1,1,1,1
1,0,1,0,0,1,0,0,1,0,0,1,0,0,1,0,1,1,0,0,1,1,0,1,0,1,1,0,1,1,1,0,1,0,1,0,1,0,0,1,0,1,1,1,1,1,1,0,0,1,0,1,1,1,0,0,0,0,1,0,0,1,1,1,1,1,0,0,1,1,1,0,1,1,0
1,1,0,0,1,1,0,1,0,0,1,1,0,0,0,1,0,0,1,0,0,1,0,1,1,1,1,0,1,1,0,1,1,0,1,0,1,0,0,0,1,0,0,1,0,0,0,0,1,0,1,1,0,0,0,1,0,1,0,1,1,1,0,0,1,0,0,1,0,1,0,0,1,1,0
1,0,0,1,0,0,0,0,0,0,0,0,0,1,1,0,1,0,0,0,1,1,0,1,1,1,1,0,0,0,1,1,0,0,1,0,1,0,0,1,1,0,1,1,0,1,1,1,1,0,1,1,1,1,0,1,1,0,0,0,0,1,1,0,1,1,0,1,1,1,1,0,0,1,1
1,0,0,1,1,0,1,0,1,0,0,1,0,0,1,1,1,1,0,0,1,1,1,1,1,1,0,1,0,1,0,0,0,0,0,0,0,1,1,0,1,0,1,0,0,1,1,0,0,1,1,0,1,1,0,1,1,0,0,1,1,0,0,0,0,0,1,1,0,1,1,0,0,1,1
1,0,0,1,1,0,1,0,0,0,0,0,0,0,0,1,1,1,0,0,0,1,1,1,0,1,1,0,1,1,1,1,1,1,0,0,0,0,1,0,1,1,1,1,1,1,1,1,1,1,1,0,1,0,1,1,1,0,1,0,0,1,1,0,0,1,1,1,1,1,0,0,0,1,1
1,1,1,1,0,0,0,1,0,0,0,1,0,0,0,1,1,1,0,1,1,0,1,1,0,0,1,1,1,0,1,1,1,0,1,0,1,1,1,0,1,0,1,1,0,1,1,0,1,1,0,0,1,0,0,1,0,1,0,0,0,0,1,0,1,0,0,0,1,1,1,0,0,1,0
1,0,0,0,1,1,0,1,0,1,1,1,0,0,1,1,1,1,1,0,1,1,1,1,0,0,1,1,1,0,1,1,1,0,1,1,1,0,1,1,1,0,0,1,0,1,1,1,0,1,1,0,1,1,0,0,1,0,1,0,0,0,1,0,1,0,0,0,0,1,0,0,0,0,1
1,0,1,1,1,0,1,1,0,1,0,1,1,0,1,0,0,0,0,0,1,1,1,1,1,1,0,0,0,1,0,0,0,0,0,1,0,0,0,0,1,1,0,1,0,1,1,0,1,1,1,1,1,1,0,1,0,0,0,0,1,0,0,0,0,0,0,1,0,1,0,1,0,1,0
1,0,1,1,1,0,0,1,0,0,1,1,0,0,0,0,1,1,0,0,0,1,0,1,0,0,1,0,0,0,1,1,0,0,1,0,1,1,1,0,1,1,0,1,1,1,0,1,1,1,1,1,1,0,1,1,0,1,1,1,1,0,1,0,1,0,1,1,0,1,0,0,0,1,0
1,0,0,0,0,1,0,0,0,0,0,1,0,0,1,0,1,1,1,0,0,1,0,1,0,0,1,1,0,0,0,0,0,0,1,0,1,0,1,0,1,0,0,1,1,1,0,0,0,1,1,1,1,1,0,1,0,1,1,0,0,0,1,1,0,1,1,1,0,1,0,0,0,1,0
1,1,1,1,1,0,0,1,1,1,0,1,0,0,0,0,1,1,0,0,1,1,1,1,0,0,0,1,1,0,1,1,1,0,1,0,0,1,0,1,0,0,1,1,0,0,1,0,1,1,0,0,1,0,1,0,0,0,1,1,1,0,0,0,1,0,0,0,0,1,1,0,0,0,0
1,1,1,0,1,0,0,0,0,1,0,1,0,0,0,1,1,0,1,0,1,1,1,1,1,0,0,0,1,1,1,0,0,0,0,1,1,1,0,1,1,1,1,1,1,1,0,0,1,1,1,0,1,1,1,1,0,1,1,1,0,0,1,1,0,1,1,1,0,0,1,1,0,1,0
1,0,0,1,1,1,0,0,0,1,0,1,1,0,1,1,0,1,1,0,0,1,0,1,0,0,0,1,0,1,1,0,0,1,0,1,1,1,0,0,0,1,0,1,0,0,1,0,0,0,1,0,1,1,1,1,0,0,1,1,1,1,0,1,0,0,0,1,0,1,0,1,1,1,0
1,0,0,0,0,1,0,1,1,1,1,1,0,0,0,1,1,1,1,0,1,0,1,1,1,0,1,1,1,1,1,0,0,0,1,0,0,1,1,0,1,0,0,1,0,0,0,0,0,1,1,1,1,1,0,0,0,1,0,0,0,1,0,0,1,0,0,0,0,1,0,0,0,0,0
0,0,0,0,1,0,1,1,1,1,0,1,0,0,1,1,1,1,0,0,0,1,1,1,0,0,0,1,0,0,1,1,1,0,0,0,1,0,1,0,1,1,1,1,0,1,0,0,1,1,1,1,1,1,1,1,0,1,1,1,1,0,1,0,1,0,0,0,0,0,1,1,1,1,1
0,1,1,0,1,0,0,1,1,0,0,0,0,0,0,1,1,0,0,1,1,1,0,1,0,0,0,1,1,0,1,1,1,0,1,0,1,0,1,0,1,0,0,1,1,1,0,1,0,1,1,1,1,0,1,0,1,0,1,1,1,0,1,0,0,0,0,0,1,1,1,1,0,1,1
1,0,0,1,0,1,0,1,0,1,1,1,0,0,0,0,0,0,1,1,1,1,0,1,0,0,0,1,1,1,0,1,0,1,1,0,1,0,1,0,1,1,0,1,1,0,0,1,0,0,1,0,1,1,1,1,1,0,1,0,1,0,0,0,1,0,0,0,1,1,0,1,0,0,0
1,0,0,0,1,1,0,1,1,0,0,0,1,0,0,0,1,0,0,0,1,0,0,1,1,1,1,1,1,0,1,0,1,0,0,1,0,1,0,1,1,0,0,0,1,0,0,1,1,0,1,1,1,1,1,1,1,1,0,1,0,1,0,0,1,1,1,1,0,1,1,0,0,0,1
0,0,0,1,1,0,0,0,0,0,0,0,0,0,1,1,0,1,1,0,1,1,0,0,0,0,0,0,1,1,0,0,0,0,1,1,1,0,0,1,1,0,1,1,1,1,1,0,0,1,1,0,1,1,0,0,0,0,0,1,1,0,1,0,0,1,1,1,0,1,1,1,1,0,0
1,1,0,0,1,1,0,1,1,1,0,0,0,1,1,0,0,1,0,0,0,0,1,1,1,1,0,0,1,0,1,1,0,1,0,1,0,0,0,1,1,0,0,1,1,1,1,0,1,0,1,0,1,0,0,0,0,0,1,0,0,1,1,0,1,0,1,1,1,1,0,1,0,1,0
1,1,1,0,0,1,0,1,0,0,0,1,1,0,0,1,1,0,0,0,0,1,0,1,0,1,1,0,1,0,1,0,1,0,1,0,1,0,0,1,1,0,0,1,0,1,0,0,0,0,1,0,1,1,0,0,0,1,1,0,0,1,1,1,1,0,1,1,0,1,0,1,0,1,0
1,0,0,1,1,0,0,1,0,0,0,1,0,0,0,1,1,1,0,1,0,0,0,0,0,0,0,1,1,1,0,1,1,1,1,0,0,0,1,1,1,0,1,1,1,1,0,1,1,1,1,0,1,0,1,0,1,1,0,0,0,0,0,0,1,0,0,0,1,1,1,0,0,1,0
0,0,1,0,0,0,0,0,1,1,0,1,0,0,1,1,1,1,0,0,1,1,0,1,1,0,0,1,1,1,1,0,0,0,0,1,0,0,0,1,1,0,0,1,0,1,0,0,0,1,1,0,1,0,1,0,1,1,1,0,1,0,1,0,0,1,1,1,1,0,0,0,0,1,0
1,0,1,0,1,1,0,1,0,0,0,1,1,0,0,0,1,0,0,0,0,1,0,1,0,1,1,1,0,0,1,1,0,1,1,0,0,0,1,0,1,1,0,1,0,1,0,1,0,0,1,1,1,0,0,1,0,0,1,0,1,1,1,0,1,0,0,0,0,1,0,0,1,1,1
1,0,0,0,0,1,0,1,0,0,0,1,1,0,0,0,1,0,1,0,1,0,0,0,0,0,1,1,0,1,0,1,1,0,1,1,0,0,1,0,0,1,1,1,1,1,0,0,0,0,1,1,1,0,1,1,0,1,1,0,1,0,1,0,1,0,0,0,1,1,1,0,0,1,0
1,1,0,1,0,0,0,1,0,0,0,0,0,0,1,0,0,0,0,0,1,1,1,1,0,0,1,0,1,1,0,0,0,0,1,0,1,0,0,0,0,1,0,1,1,1,1,0,1,1,1,1,1,1,0,1,0,1,0,1,0,0,1,0,1,0,1,1,1,1,0,1,0,1,1
1,0,0,1,0,1,0,1,1,1,0,0,0,0,0,1,1,0,1,1,1,1,0,0,0,0,1,1,0,1,0,0,1,1,1,0,0,0,1,0,1,0,0,1,1,0,0,1,0,1,1,0,1,0,1,0,1,1,0,0,0,1,0,0,1,0,0,0,1,1,0,1,1,1,0
1,0,0,0,0,1,0,1,0,1,1,0,1,0,1,1,1,1,1,0,0,0,1,1,0,0,1,0,1,1,1,1,0,0,0,1,0,1,0,1,0,0,0,1,0,0,1,0,0,1,1,0,1,1,0,1,0,1,1,0,1,1,1,0,1,0,0,1,1,0,0,0,1,0,1
1,0,1,1,1,1,0,1,1,1,1,0,1,0,0,1,0,1,0,0,1,1,1,1,0,1,1,1,1,0,0,1,1,0,1,1,1,0,1,0,1,1,0,1,1,1,1,1,0,1,1,0,1,1,0,0,0,0,0,0,0,1,1,0,0,1,1,1,0,1,0,0,1,1,0
0,0,0,1,1,1,1,1,1,0,0,0,0,0,0,1,1,1,0,0,0,1,0,1,1,1,1,1,1,0,1,1,1,0,1,0,0,1,1,0,1,0,0,0,0,1,0,0,0,1,1,0,1,0,1,1,1,0,0,0,0,0,1,0,0,0,1,0,1,0,0,0,1,1,0
1,0,0,0,0,0,0,0,1,0,0,1,1,1,0,1,1,0,0,1,0,1,0,0,0,0,1,1,0,0,0,1,0,0,0,0,1,1,0,0,1,1,1,1,1,1,0,0,1,0,1,1,1,1,0,0,0,1,0,1,1,1,0,0,0,0,0,1,1,1,1,0,0,1,0
1,0,1,1,1,0,0,1,1,0,0,0,0,0,1,0,1,0,0,0,0,1,1,1,0,1,0,1,1,1,1,0,1,0,1,0,1,1,0,0,0,1,1,1,0,1,1,0,0,1,0,0,1,0,0,0,0,0,1,0,1,0,1,1,1,0,1,0,0,1,1,0,1,1,0
1,1,0,1,0,0,1,1,1,0,0,0,0,0,1,0,1,0,0,1,0,1,0,0,1,1,0,0,1,0,0,0,1,0,1,0,1,1,1,0,1,1,0,1,1,0,1,0,0,1,1,1,1,1,0,1,1,0,0,1,1,0,0,0,1,0,0,0,0,1,1,1,1,1,1
1,1,1,0,1,1,0,1,1,1,0,1,0,0,0,1,1,0,1,1,1,1,1,1,1,0,1,0,0,0,0,1,1,0,0,1,0,0,0,1,1,0,0,1,1,1,1,0,0,1,1,0,1,1,0,1,0,1,1,0,1,0,1,1,1,0,1,0,0,1,0,1,0,1,1
1,0,0,1,1,1,0,1,1,1,0,0,0,0,0,1,0,1,0,1,0,1,1,1,1,1,1,0,0,0,0,1,1,0,1,1,0,0,0,1,1,0,0,1,1,1,1,0,1,1,1,0,0,0,1,0,0,1,0,1,0,1,0,0,1,1,1,1,0,0,1,0,1,1,1
0,1,1,0,1,1,0,1,1,0,0,1,0,0,1,1,1,1,1,1,0,1,0,1,0,0,1,0,0,0,1,0,0,1,1,1,1,1,0,1,1,0,0,1,1,1,0,0,1,1,1,0,1,1,1,0,0,1,1,1,1,1,1,0,0,0,0,0,1,0,0,1,1,1,0
0,0,0,1,1,1,1,1,0,0,1,1,0,0,1,1,1,0,1,0,1,1,0,1,0,1,0,0,0,1,1,0,0,0,0,1,0,1,0,1,0,0,0,0,0,0,0,1,1,1,1,0,1,1,0,1,0,1,1,0,0,1,1,1,1,0,0,1,0,0,0,0,0,0,0
1,0,0,1,1,1,1,1,1,1,0,1,0,0,1,1,0,0,0,0,0,1,1,1,0,1,1,1,0,1,1,1,0,0,1,1,1,0,1,1,1,0,1,1,0,1,0,1,1,1,1,0,1,0,1,1,1,0,0,0,0,1,1,1,1,0,0,0,1,1,1,0,0,1,1
1,0,1,1,0,0,0,1,0,1,0,1,1,0,0,1,1,0,1,1,1,1,0,1,0,1,1,1,1,0,1,0,1,0,0,0,0,1,1,0,1,0,0,1,0,0,0,1,0,1,1,1,1,0,1,0,0,1,1,1,0,0,1,0,1,0,0,1,1,1,1,1,0,1,0
0,0,0,0,1,0,0,1,0,0,0,1,0,0,1,1,1,1,0,0,0,0,0,0,0,0,1,0,0,0,0,1,0,0,0,0,1,0,0,0,1,1,0,1,0,1,0,1,1,1,0,1,1,0,1,0,1,1,1,1,1,0,1,0,1,0,1,0,0,1,0,0,0,1,0
0,1,0,1,1,1,0,1,0,1,0,0,0,0,1,1,1,0,0,0,1,1,1,1,0,0,0,0,0,0,1,0,1,0,0,1,1,0,1,1,1,1,0,1,1,1,0,0,0,1,0,1,1,0,0,0,1,0,0,0,0,0,0,0,1,0,0,1,0,1,0,0,0,1,1
0,0,0,1,1,0,0,0,0,1,0,0,0,0,1,0,1,1,0,1,0,1,0,0,0,0,0,0,0,1,1,0,0,1,1,0,1,1,1,1,1,0,0,1,1,0,0,1,1,1,1,0,0,1,0,1,1,1,0,1,0,1,1,0,1,1,0,1,0,0,0,0,1,1,0
1,1,1,0,1,0,0,1,1,1,1,1,1,0,0,1,1,1,0,0,0,0,0,1,0,0,0,0,1,0,1,0,0,0,0,0,0,0,0,0,1,0,0,1,1,0,0,0,0,0,1,1,1,1,0,1,0,1,1,0,1,0,1,0,0,1,0,1,1,1,0,0,1,0,1
1,0,1,1,1,1,1,1,1,0,0,1,1,0,1,1,0,1,1,0,0,1,0,1,0,1,0,1,0,1,0,1,0,1,1,0,1,0,1,0,1,1,0,1,0,1,1,0,1,0,1,1,0,1,0,0,0,0,1,0,1,1,0,0,1,0,1,0,0,1,0,1,1,0,1
1,0,0,0,0,0,0,1,0,1,0,1,1,0,0,0,0,1,0,1,0,0,0,0,1,1,1,1,1,0,1,0,1,0,1,1,1,1,0,1,0,1,1,1,0,1,1,1,0,0,0,1,1,1,0,1,1,0,1,1,1,0,1,0,1,0,1,1,0,1,1,1,1,1,0
1,0,1,1,1,0,1,0,1,0,0,1,0,0,1,1,0,0,0,0,0,1,1,1,1,0,1,0,1,1,0,1,0,0,1,1,0,0,0,1,1,0,0,1,1,0,1,0,0,1,1,0,1,0,1,0,0,0,1,1,0,1,1,0,1,1,1,1,1,1,0,1,1,1,0
1,0,1,0,0,0,0,1,0,0,1,1,0,1,0,0,1,1,0,0,0,1,1,1,0,1,1,0,1,1,1,1,1,0,1,0,0,0,0,0,1,1,0,1,0,1,1,1,1,1,1,1,1,1,0,1,1,0,0,1,1,0,0,1,1,0,1,0,0,1,0,0,0,0,1
1,0,0,1,1,0,0,1,0,0,1,0,0,0,0,1,1,0,1,0,1,0,0,1,1,1,0,1,0,1,0,0,1,0,1,1,0,0,1,1,1,0,1,1,1,0,0,0,1,1,1,0,1,1,0,1,0,1,0,0,0,0,1,0,0,0,1,0,0,1,1,1,0,0,1
1,0,1,1,1,1,0,1,1,0,1,1,1,0,1,0,1,0,0,0,1,1,0,1,0,0,0,0,1,1,1,1,1,1,1,1,0,0,0,1,1,1,0,1,1,0,1,0,0,0,1,1,1,1,0,0,0,1,0,0,1,0,1,0,1,0,1,0,1,0,0,1,0,1,1
0,0,1,1,0,1,0,1,1,0,1,1,0,0,0,1,1,1,1,0,1,1,0,1,0,1,1,1,1,0,0,0,1,0,1,1,1,0,1,1,1,1,1,1,1,1,0,1,1,0,0,1,1,1,0,1,1,0,1,0,0,1,1,0,0,1,0,0,1,1,0,1,0,0,0
1,0,1,1,1,0,0,1,0,0,0,1,0,0,1,1,0,0,0,0,1,1,0,1,0,1,1,1,0,0,1,1,0,1,0,1,0,0,0,0,1,1,0,1,0,1,1,1,1,1,1,0,1,0,1,1,0,1,0,0,0,0,0,0,1,0,1,0,0,1,1,0,0,1,0
1,0,0,1,1,1,0,1,1,1,0,0,0,0,0,0,1,1,0,1,1,1,0,1,1,1,0,1,1,1,0,1,0,0,1,1,1,0,0,1,1,1,1,1,0,1,0,1,0,0,1,1,1,0,0,1,1,1,1,0,0,1,1,0,1,0,1,1,1,1,1,0,1,1,1
1,0,0,1,1,0,0,1,0,1,0,0,0,0,0,1,1,0,0,0,1,1,0,1,1,0,1,0,1,1,1,1,1,0,0,0,1,0,1,0,1,1,1,1,0,1,0,0,1,0,1,0,0,0,1,0,0,1,0,1,1,1,1,0,0,0,1,0,0,1,1,0,1,1,0
1,0,0,0,1,0,1,1,0,1,1,0,0,0,0,1,1,1,0,0,0,1,1,1,0,0,1,0,1,0,1,0,1,0,0,1,1,0,0,1,1,0,1,1,1,1,1,0,1,1,1,1,1,1,1,1,1,1,1,1,0,1,1,0,0,1,1,1,1,1,0,0,0,1,0
1,0,1,1,1,0,0,0,0,0,0,1,1,0,0,0,1,0,1,0,1,1,0,1,1,0,1,0,1,0,0,0,1,0,0,0,0,1,0,1,0,0,1,1,0,1,0,0,1,0,0,1,1,0,0,1,0,1,1,1,1,1,1,0,1,0,0,1,0,1,1,1,0,0,1
1,0,0,0,0,1,0,1,1,0,0,1,0,0,1,0,1,1,0,0,0,1,0,0,0,0,0,0,1,0,1,1,0,0,0,1,1,0,1,1,1,0,0,1,0,1,1,1,0,1,1,1,1,0,0,0,1,0,1,0,1,1,1,0,0,0,1,0,1,0,0,0,1,1,0
1,0,0,1,1,1,0,1,0,1,1,1,1,0,0,0,1,1,1,0,1,1,0,1,0,0,1,0,1,0,1,1,1,1,0,0,0,1,1,0,1,1,0,1,1,0,1,0,0,0,1,1,1,1,0,1,0,1,1,0,0,0,1,0,1,0,0,0,1,1,0,0,1,0,1
1,0,1,1,0,1,0,1,0,1,1,0,0,0,0,0,1,1,1,0,1,0,0,1,0,0,0,0,1,0,0,0,0,0,0,0,0,1,0,0,0,1,1,1,1,0,0,0,1,1,1,1,1,1,0,1,0,1,1,1,1,1,1,0,1,0,1,0,0,1,0,0,0,1,0
1,1,1,1,0,0,0,1,1,1,1,1,0,0,0,1,1,0,0,0,1,1,1,1,0,0,0,0,1,0,1,0,1,0,0,0,0,1,0,1,1,0,0,1,1,1,0,1,0,0,0,0,1,1,1,1,1,1,0,0,1,1,0,1,1,1,0,1,1,1,0,1,1,1,0
0,0,1,0,1,0,0,1,0,0,0,1,0,0,1,1,1,0,0,1,0,1,1,1,0,1,1,1,0,0,1,0,0,1,0,0,0,1,1,1,1,1,0,1,0,1,1,0,1,1,1,0,1,0,0,1,0,1,1,0,1,1,1,0,1,0,1,1,0,0,0,0,0,1,1
1,0,1,0,1,0,0,1,0,0,0,0,1,0,0,0,0,0,0,0,1,1,0,1,0,0,1,0,0,0,0,1,1,1,0,0,0,1,1,0,1,1,1,1,1,1,0,0,0,1,0,1,1,1,0,1,1,1,1,1,0,0,1,0,0,1,1,0,1,1,0,1,0,1,0
1,0,0,0,0,0,0,1,0,1,0,0,0,0,0,0,1,0,1,1,1,1,0,1,0,0,1,0,1,1,1,0,1,1,1,0,0,0,1,0,0,1,0,1,0,0,0,1,0,1,1,1,1,1,0,1,1,0,1,0,0,1,0,0,1,1,1,1,1,1,0,1,1,1,0
1,0,0,1,1,1,0,1,0,0,1,0,0,0,0,0,1,1,1,0,1,1,0,1,1,0,1,1,1,0,1,0,1,0,0,1,1,1,1,1,1,0,0,1,1,0,1,0,0,0,0,1,1,1,0,1,0,0,0,0,0,1,0,1,0,0,1,1,0,1,0,0,1,1,0
1,0,0,1,0,1,0,1,1,1,1,1,0,0,0,1,0,0,0,0,0,0,0,1,1,0,0,1,1,0,1,0,1,0,1,0,0,1,0,1,1,0,1,1,0,1,0,0,0,1,1,1,0,1,0,0,0,1,1,0,0,1,1,0,0,0,0,1,0,1,1,1,0,0,0
0,0,1,1,1,0,0,1,1,0,1,1,0,0,0,0,1,0,1,0,1,1,0,1,1,1,1,0,0,1,1,0,0,0,1,0,0,1,1,0,1,1,0,1,0,1,0,0,1,1,1,1,1,0,0,1,1,1,1,0,1,1,1,0,0,0,1,0,0,0,0,1,0,0,0
0,0,0,0,1,1,0,1,1,0,1,1,0,0,1,0,1,1,1,0,1,1,0,1,1,0,0,0,1,0,1,1,1,1,1,1,0,0,1,1,1,1,1,1,0,1,0,1,0,1,1,1,1,0,0,1,0,1,0,1,0,1,1,1,0,0,1,0,0,0,1,0,0,1,0
1,1,0,1,1,0,1,1,0,0,0,1,1,0,0,0,0,1,0,0,1,1,0,0,0,1,1,1,1,0,1,1,1,0,1,0,0,1,1,0,1,1,0,1,0,1,0,0,0,0,1,1,1,1,0,1,0,1,0,1,1,1,1,0,1,1,0,0,0,1,0,1,1,1,1
1,1,0,1,0,0,1,1,0,0,0,1,1,0,1,0,0,1,1,0,1,1,1,1,1,0,1,0,1,0,0,1,1,0,1,1,1,1,0,1,1,1,0,1,1,0,1,0,1,0,1,0,1,1,0,1,0,0,1,0,1,0,0,0,0,0,1,1,0,1,0,0,0,0,0
1,1,1,0,1,0,0,1,0,0,1,1,0,0,0,0,1,1,1,0,1,1,1,1,0,1,0,1,1,1,1,1,1,1,0,0,0,0,1,0,1,1,1,1,0,1,0,0,0,1,1,1,1,1,0,1,0,1,1,1,0,1,1,0,1,0,0,1,0,1,1,0,0,1,1
1,0,1,1,1,0,0,1,1,1,1,0,1,0,1,1,1,1,0,0,1,0,0,1,0,1,1,1,0,1,0,0,0,0,1,0,1,1,1,0,1,0,1,1,1,0,1,0,0,0,1,1,1,1,0,0,1,1,1,0,0,1,1,0,1,0,0,0,1,1,0,1,1,1,0
1,1,0,1,0,1,0,1,0,0,0,1,0,0,0,1,1,0,0,0,0,1,0,1,1,1,0,1,1,0,1,1,0,0,1,1,1,1,0,1,0,1,1,0,1,0,0,0,0,1,1,1,1,1,1,1,0,0,0,0,1,1,1,0,0,0,1,1,0,1,0,1,1,1,0
1,0,0,1,0,0,1,1,1,0,1,1,1,0,1,1,1,1,0,1,1,1,0,1,0,0,1,1,1,1,1,1,0,0,1,0,1,1,1,0,0,1,0,1,0,1,0,0,0,0,1,1,1,1,0,1,0,1,0,0,1,0,1,0,1,0,0,0,0,1,0,0,0,0,0
1,1,1,1,0,1,0,1,0,1,1,1,0,0,1,0,1,1,1,1,1,0,1,1,0,0,0,1,0,0,1,1,0,0,1,1,0,0,0,1,1,1,0,1,0,0,0,0,0,0,1,1,1,0,0,1,0,1,1,1,1,0,1,0,1,1,0,0,0,1,1,1,1,0,0
1,0,0,0,1,1,0,1,0,1,0,1,0,0,0,1,1,1,0,0,0,1,0,0,1,1,0,0,1,1,0,0,1,1,1,1,0,1,0,1,1,1,0,1,1,1,1,1,0,1,1,1,1,1,0,1,0,0,0,1,0,0,1,1,1,1,0,0,0,1,0,0,1,1,1
1,0,1,1,1,0,0,1,0,1,1,0,1,0,0,1,1,0,0,0,0,1,0,0,0,1,1,0,1,1,0,0,1,1,1,1,1,1,1,0,1,1,0,1,0,1,0,0,0,0,0,0,1,1,0,1,0,0,1,1,0,1,1,0,1,0,1,0,0,1,1,1,1,1,0
1,0,0,1,0,1,0,0,0,0,1,1,0,0,1,1,1,1,0,0,0,1,0,1,0,0,1,0,1,0,0,1,0,0,1,0,1,0,0,0,1,0,0,1,1,1,1,0,1,0,1,1,1,1,0,1,0,1,0,0,1,0,1,0,0,1,1,0,1,1,0,1,1,1,0
1,0,1,1,0,1,0,1,1,1,1,1,0,0,0,0,1,1,0,0,0,1,0,1,0,0,1,1,1,0,0,1,0,0,1,0,0,1,1,0,0,1,1,1,0,1,0,0,0,1,1,1,1,1,0,0,0,0,0,0,1,1,0,0,1,0,0,1,0,0,0,0,1,1,0
1,0,0,0,1,0,0,1,1,0,0,1,1,0,0,1,1,1,1,0,1,1,1,1,0,0,1,1,1,0,1,0,1,0,0,0,1,1,0,1,1,0,0,1,0,0,0,0,1,0,0,1,1,1,0,1,0,0,1,0,0,1,1,0,1,0,0,0,0,1,0,0,0,1,0
1,0,0,0,0,0,1,0,0,1,0,1,0,0,0,0,1,0,0,0,0,1,1,1,1,0,1,0,0,0,1,1,1,0,1,0,0,0,0,1,1,0,1,1,0,1,0,1,0,1,1,0,1,1,0,1,1,0,0,0,0,0,0,1,0,1,1,1,1,0,1,0,1,0,0
1,1,0,1,0,0,0,0,0,0,0,0,0,1,0,0,1,0,0,1,0,1,0,1,0,1,1,0,0,1,0,1,0,0,1,0,1,1,1,0,1,0,0,1,1,1,0,0,0,1,1,1,1,1,0,1,0,1,1,1,0,1,1,0,1,0,0,1,0,1,1,1,0,0,0
0,0,0,0,0,0,0,1,1,1,1,1,0,1,1,1,1,0,0,0,1,0,0,1,0,1,1,1,1,0,1,1,0,0,1,1,0,0,0,1,1,0,0,1,0,1,0,0,1,1,1,1,1,0,1,1,1,1,0,0,0,1,1,0,1,0,1,0,1,0,0,1,0,1,0
1,0,0,0,0,0,0,1,0,0,0,0,0,1,0,0,1,0,1,1,1,1,1,1,0,0,1,1,0,0,1,1,0,0,1,1,0,1,1,1,0,0,0,1,0,0,0,0,1,1,1,1,1,1,1,0,0,1,0,1,0,0,1,0,1,0,0,0,1,1,1,1,0,1,0
1,1,1,1,1,0,0,1,1,0,0,1,0,0,1,1,1,1,1,0,1,1,0,1,0,1,1,1,0,1,0,0,0,0,0,1,1,0,0,1,1,0,0,0,1,0,1,1,0,1,1,0,1,1,0,1,1,0,0,0,0,0,0,1,1,0,0,0,0,1,0,1,0,1,0
1,0,1,1,1,0,1,1,0,1,0,1,1,1,0,0,0,0,1,0,0,0,0,1,1,1,1,0,1,0,1,1,0,0,1,0,1,1,1,0,1,1,0,1,0,1,0,0,0,0,1,1,1,0,0,0,0,0,0,0,1,1,0,0,1,1,0,0,0,1,0,1,1,1,0
0,0,1,0,1,1,0,1,0,0,0,1,1,0,0,0,0,1,1,0,1,0,0,1,0,1,0,1,1,0,0,1,1,0,1,0,1,0,1,0,1,0,0,1,1,1,0,1,0,1,0,0,1,0,1,1,1,1,0,0,1,0,1,0,0,0,0,1,1,0,0,0,0,1,0
1,0,1,1,0,0,0,1,0,0,0,1,0,1,1,0,1,1,0,0,0,1,0,0,0,1,1,1,0,1,1,1,0,0,1,0,1,0,1,0,1,1,0,1,0,1,1,1,0,1,1,0,1,0,1,1,1,1,0,1,0,1,1,1,0,1,1,1,1,1,0,1,0,1,0
1,0,0,1,1,0,0,0,0,0,0,0,1,0,0,0,1,0,1,0,0,1,1,1,0,1,0,1,1,0,1,1,1,0,1,0,0,0,1,0,1,1,1,1,0,1,0,0,0,0,1,0,1,1,0,0,0,1,0,0,0,0,1,1,0,1,0,1,0,1,1,0,0,1,0
1,0,1,1,1,1,1,0,0,0,0,1,1,0,1,0,1,1,1,1,1,1,1,0,0,1,0,0,0,0,1,0,0,0,0,0,0,1,1,0,1,1,0,1,0,1,0,0,0,1,1,0,1,1,1,1,0,0,0,1,1,0,0,0,1,0,0,0,0,1,1,0,1,1,0
1,0,0,1,1,0,0,1,1,0,0,1,0,1,0,0,1,0,0,1,1,1,0,1,0,0,1,0,1,1,0,1,1,0,1,0,1,1,0,0,1,0,0,1,1,1,0,0,1,0,1,1,1,1,1,1,0,1,0,0,0,1,1,0,1,0,1,1,0,1,0,1,0,0,0
1,0,1,0,1,1,0,1,1,0,1,1,1,0,1,0,1,0,1,0,1,1,0,0,1,0,0,1,1,1,0,0,0,0,0,1,0,0,1,1,1,1,1,1,0,0,1,1,1,0,1,1,1,0,1,0,1,0,1,1,1,0,1,0,0,1,0,1,0,1,1,1,0,1,1
1,1,1,1,1,1,0,1,0,0,1,1,0,0,0,1,1,1,0,0,0,1,0,1,1,0,0,0,1,0,1,1,1,0,1,0,1,1,1,0,1,1,1,1,0,1,0,1,0,1,0,1,1,0,1,1,1,1,1,1,0,0,0,1,1,0,0,0,1,1,1,0,0,1,1
1,1,0,1,1,0,0,1,0,0,1,0,1,0,0,1,0,0,0,0,0,0,1,1,1,1,1,1,0,0,0,0,0,0,1,0,0,1,0,1,1,0,0,1,0,1,0,1,0,0,1,1,1,0,0,1,1,1,0,0,0,0,0,0,1,0,0,0,1,1,1,0,0,1,0
1,0,0,1,1,0,1,1,1,0,0,1,0,0,0,1,1,0,1,0,1,1,1,1,1,0,1,0,1,1,1,0,1,0,1,1,0,0,1,0,0,1,1,1,1,0,0,0,0,0,1,0,1,0,0,1,0,1,0,1,0,1,1,1,1,0,0,1,0,1,1,1,1,1,1
1,0,0,0,0,1,0,1,0,1,0,0,1,0,1,0,1,0,0,0,0,1,0,0,1,0,0,0,0,1,1,1,0,0,0,0,0,1,1,0,1,1,0,1,0,0,0,0,0,1,1,1,1,1,0,1,0,1,1,1,1,0,1,0,0,1,1,0,1,1,0,1,1,1,0
1,1,0,1,0,0,0,1,0,1,1,0,1,0,1,1,0,1,0,0,0,1,1,1,1,1,1,0,0,1,1,1,0,0,0,1,0,1,0,1,1,0,0,1,1,1,0,1,1,0,1,1,1,1,0,0,1,0,0,0,0,0,0,1,1,0,1,0,1,1,0,1,0,1,0
1,0,0,1,0,0,0,0,0,1,0,1,0,0,1,0,1,1,1,0,1,0,1,1,0,0,1,1,1,1,1,1,0,0,0,0,0,0,1,1,1,1,0,1,0,0,1,0,1,1,1,0,1,1,1,1,0,0,0,1,0,1,0,0,0,0,0,0,1,1,1,1,1,1,0
1,0,1,1,1,1,1,1,0,0,1,1,1,0,0,0,0,0,0,0,1,1,0,1,1,0,1,0,0,1,1,0,1,0,1,1,0,1,1,0,1,1,1,1,1,1,0,0,0,1,0,1,1,1,0,0,0,1,0,1,0,1,1,0,0,0,0,1,1,1,1,1,1,0,1
1,0,0,1,0,0,0,1,0,1,0,1,1,0,0,1,1,0,1,0,1,1,0,1,0,0,1,0,1,1,1,0,1,0,1,0,1,1,1,0,0,0,1,1,1,0,0,0,0,0,1,0,1,1,0,1,1,1,0,1,1,1,0,0,0,0,0,1,0,1,1,1,0,1,0
1,0,0,1,0,0,0,1,1,0,1,1,0,0,0,1,1,0,0,0,1,1,1,1,1,0,1,0,1,1,1,1,1,1,1,0,1,1,1,0,1,0,0,1,0,1,0,1,0,1,1,0,1,1,0,1,1,0,0,1,0,1,1,0,0,0,1,0,1,1,1,1,1,0,0
1,1,1,0,1,1,0,0,1,1,0,1,0,1,0,0,0,0,0,0,0,0,0,0,1,0,1,0,0,0,1,1,0,1,1,1,1,0,0,1,1,1,1,1,1,1,1,0,1,0,1,1,1,1,0,1,0,1,0,1,1,0,1,0,1,0,0,0,0,1,1,1,0,1,0
1,0,0,0,0,0,0,0,0,1,0,1,0,0,0,0,0,0,0,0,0,1,1,1,0,1,1,1,1,0,1,1,1,0,0,0,1,1,1,0,1,1,1,1,1,1,0,0,0,1,1,0,1,1,1,1,0,1,1,1,0,1,0,0,0,1,0,1,0,1,1,1,1,1,0
1,0,0,1,0,1,0,1,0,0,1,1,0,1,0,1,1,0,0,0,0,1,0,0,0,0,0,1,1,1,1,1,1,0,0,0,1,1,0,0,0,0,0,1,1,1,1,0,0,1,1,1,1,1,1,0,0,0,0,0,0,0,1,0,1,0,1,0,0,1,0,1,0,1,0
1,1,0,1,0,1,0,1,0,0,1,1,0,1,1,1,0,0,0,0,0,1,0,1,0,0,0,1,1,0,1,1,1,0,1,1,0,0,0,1,0,0,0,1,1,1,0,0,0,1,1,1,1,1,1,0,0,1,0,0,1,1,1,0,1,1,1,0,0,1,0,1,1,0,0
1,0,0,1,0,0,1,0,0,1,0,0,0,0,0,0,0,0,1,1,0,1,1,1,0,0,1,1,0,0,1,1,1,0,1,1,0,1,1,1,0,0,0,1,0,1,0,1,1,1,1,1,1,0,0,1,1,1,0,0,0,0,1,0,0,1,0,0,1,1,0,1,0,1,0
0,0,0,1,1,1,0,1,0,0,0,0,0,0,0,0,1,0,1,1,1,1,1,1,0,0,1,0,1,1,1,1,1,0,1,0,1,0,0,1,1,0,0,1,0,1,1,0,0,1,1,0,1,0,1,0,1,0,0,1,1,0,1,1,0,0,0,0,1,0,0,1,1,0,0
1,1,1,1,1,0,0,0,0,0,0,0,0,0,1,1,0,1,0,1,0,1,0,0,0,0,1,1,0,1,1,1,1,0,0,0,0,0,0,1,1,0,0,1,1,1,1,0,0,0,0,1,1,0,0,0,0,0,0,1,0,0,0,0,1,1,0,0,1,1,1,1,0,1,0
1,0,1,1,1,0,0,1,1,0,0,1,0,0,0,1,1,0,1,1,1,1,0,0,1,0,0,0,1,1,0,1,1,0,1,0,0,0,1,0,1,1,1,1,1,0,0,1,1,0,1,0,1,0,1,0,1,1,0,1,1,1,0,1,0,0,1,0,1,1,1,1,0,1,0
0,0,0,1,1,1,0,1,0,1,1,1,0,0,1,1,1,1,0,0,0,1,1,1,0,0,0,1,1,0,1,0,1,0,1,1,0,0,0,1,1,0,0,1,0,1,1,0,1,0,1,0,1,1,0,1,0,0,0,0,0,1,1,0,0,0,0,1,1,1,0,0,1,0,0
0,0,0,0,1,0,0,1,1,1,0,1,1,0,0,0,0,0,0,1,1,0,0,0,0,1,1,1,1,1,1,0,1,0,1,0,0,1,0,1,1,1,1,1,0,1,1,0,1,0,1,1,1,1,0,0,1,1,1,1,1,0,1,0,0,1,1,1,0,1,1,0,0,1,0
0,0,1,1,1,0,0,1,0,1,0,1,1,0,0,0,1,0,0,1,1,1,0,1,0,1,1,0,1,0,0,1,1,0,0,0,1,0,1,0,1,1,1,1,1,1,0,1,1,0,1,0,1,0,1,1,1,1,0,1,1,1,0,0,0,0,1,1,0,1,1,1,0,0,0
1,1,0,1,1,0,0,1,0,1,1,0,1,0,1,1,1,1,1,0,1,1,0,1,1,0,0,1,1,1,0,1,1,0,1,1,1,0,0,1,1,1,0,1,1,1,1,0,1,0,0,1,1,1,0,0,0,1,0,1,0,0,0,0,0,0,1,0,0,1,1,1,0,1,0
1,0,0,1,1,0,0,0,0,0,0,0,0,0,1,1,1,1,0,1,0,0,1,1,1,0,1,0,1,0,0,1,0,1,1,0,0,1,0,1,1,0,0,1,0,1,0,0,0,1,1,1,0,1,0,0,0,1,1,0,0,0,1,0,0,1,0,0,1,1,0,1,0,0,0
1,0,0,0,1,1,0,1,0,0,0,1,0,0,1,1,0,1,0,1,1,0,0,1,1,1,0,0,0,1,0,1,0,0,1,1,0,0,0,1,1,0,0,1,0,1,1,0,1,1,1,0,1,0,1,1,1,1,1,0,1,1,1,0,0,0,1,1,1,1,0,1,0,1,0
1,0,0,1,0,1,0,1,1,1,0,1,0,0,1,1,1,1,0,0,0,1,0,1,1,1,1,0,0,0,1,0,0,0,1,1,1,1,0,1,1,1,0,1,0,1,0,0,1,0,1,0,0,1,0,1,1,1,0,1,1,1,1,0,1,0,1,0,0,1,0,0,0,1,0
0,0,0,1,0,0,0,1,1,1,1,1,0,0,1,1,1,1,0,0,0,0,1,1,1,1,1,0,1,0,1,1,1,0,0,0,0,0,1,0,1,0,0,1,0,1,1,1,0,1,1,0,0,0,0,0,1,1,1,1,0,0,1,0,1,0,1,0,1,0,0,0,0,1,0
1,0,0,1,0,0,0,1,1,1,0,1,0,0,1,0,1,1,0,0,0,1,0,1,0,0,0,0,1,1,1,0,0,1,1,0,0,0,0,0,0,0,0,1,0,0,1,0,0,0,1,0,1,0,0,1,0,1,1,0,1,1,0,1,1,0,1,1,1,1,0,1,1,1,1
1,1,0,1,1,1,0,1,1,1,1,0,0,1,1,1,1,1,0,0,0,1,0,1,0,1,0,1,1,1,1,0,0,0,0,1,0,1,1,0,1,0,0,1,0,1,1,1,0,1,1,1,1,1,0,1,0,1,0,1,1,1,1,0,1,0,0,1,1,1,0,0,1,1,0
0,0,0,1,0,1,1,1,0,0,1,0,0,0,1,1,0,1,0,0,0,1,0,0,0,1,1,0,1,0,0,0,1,0,1,0,0,1,1,0,1,0,0,1,0,1,0,1,0,0,1,1,1,1,0,0,1,1,0,0,0,0,0,1,1,0,0,0,1,1,0,0,0,0,0
1,0,0,0,1,0,0,1,0,1,1,0,1,0,0,1,1,0,1,0,1,1,1,1,0,1,0,0,1,1,1,1,1,0,1,0,0,0,1,0,1,0,1,1,0,0,0,0,1,1,1,1,1,0,1,1,0,1,0,1,0,0,1,1,1,0,0,0,0,1,1,0,0,0,0
1,1,1,0,0,1,0,1,0,1,1,1,0,0,0,0,1,1,0,0,0,0,1,1,1,0,0,0,1,1,0,0,1,0,0,1,0,0,0,1,1,1,0,1,1,0,1,0,0,1,1,0,1,1,0,1,0,1,1,0,0,1,1,0,1,1,0,0,0,1,0,0,1,1,0
1,0,1,0,1,0,1,1,1,1,1,1,0,0,1,1,0,0,0,1,0,1,0,1,0,0,1,0,0,0,0,0,0,0,1,0,1,0,0,1,1,0,0,1,1,0,0,0,0,1,1,0,1,0,1,0,0,1,1,0,0,1,1,0,1,0,0,0,1,1,0,1,0,1,1
1,0,0,1,0,1,0,1,0,1,0,0,1,0,1,1,0,1,1,0,1,1,0,1,1,1,1,1,0,0,1,1,0,0,0,1,1,1,0,1,1,0,1,1,0,0,1,0,1,0,0,0,1,0,1,1,0,1,0,0,0,0,0,1,0,1,1,0,1,1,1,0,1,1,1
1,0,0,1,0,0,0,1,0,0,1,1,0,1,1,1,1,1,1,0,1,0,0,1,1,0,0,1,0,0,0,1,0,1,0,1,1,1,1,1,1,0,1,1,1,1,1,1,1,1,0,1,1,0,0,1,1,0,1,0,0,0,0,0,0,0,0,1,0,1,1,0,0,1,0
1,0,0,0,0,0,0,1,1,0,0,0,0,1,0,1,1,1,1,1,0,1,0,1,0,1,1,0,1,1,0,0,1,0,0,1,1,0,0,1,1,0,0,1,0,1,0,0,1,1,1,1,1,0,1,0,0,1,0,0,0,1,0,0,1,0,1,0,0,1,0,0,0,1,0
1,0,1,1,1,0,1,1,1,0,0,1,1,0,1,0,1,1,0,0,1,0,1,1,1,0,1,1,1,0,1,0,0,1,0,1,0,0,0,1,1,0,0,1,1,0,1,0,0,1,1,0,1,0,0,0,0,0,0,1,0,1,0,0,1,1,1,1,1,1,1,0,1,1,1
1,0,1,1,0,0,1,1,1,0,1,0,0,0,0,0,1,1,0,0,1,1,0,0,0,0,1,1,0,0,0,1,1,0,1,1,0,0,1,1,1,0,1,1,1,0,1,1,0,1,1,1,1,1,0,0,1,1,1,1,0,0,1,0,1,0,0,1,1,1,1,0,0,0,0
1,0,0,0,0,1,0,1,0,0,0,1,0,0,0,0,0,0,1,0,0,0,1,1,0,0,1,0,1,1,0,1,1,1,1,0,1,1,0,0,1,0,0,1,0,1,0,0,1,1,1,0,1,1,1,1,0,1,1,0,0,0,1,0,1,0,1,1,0,1,0,1,0,1,0
0,0,1,1,0,1,1,1,0,1,1,0,1,0,1,1,1,1,0,0,1,1,1,1,0,1,1,1,0,1,1,1,0,0,0,1,1,1,0,1,0,1,0,0,0,1,0,0,1,1,0,1,1,1,1,1,1,1,0,1,0,0,0,0,1,0,0,1,0,0,0,1,0,1,0
1,1,1,1,1,0,1,1,0,1,0,0,1,1,0,0,1,0,0,1,0,1,1,1,0,1,1,0,1,0,1,1,1,0,1,0,1,1,1,0,1,1,1,1,0,1,0,1,0,0,1,0,1,0,1,1,0,1,1,1,0,0,0,0,0,0,1,1,1,1,1,0,1,1,0
1,0,1,0,1,1,1,1,0,0,0,1,1,0,0,1,0,1,1,0,1,1,1,1,0,1,1,1,1,0,0,0,1,0,0,0,0,0,1,0,1,0,0,1,1,0,0,1,0,1,1,0,1,0,1,1,1,1,1,0,0,0,1,0,1,0,0,0,0,1,0,0,0,1,0
0,0,1,1,0,0,0,1,0,0,1,1,0,0,0,0,1,1,1,0,1,0,0,1,1,1,0,1,1,1,0,1,1,1,0,0,1,0,0,1,1,0,0,1,0,1,0,1,0,1,1,1,1,0,1,1,1,1,1,0,1,1,1,0,0,0,1,1,1,1,0,0,0,0,0
1,1,0,0,0,0,0,1,1,1,0,1,0,0,0,1,0,0,1,1,1,0,0,0,1,1,1,0,1,0,1,1,0,1,0,0,1,0,1,1,1,0,1,1,0,1,0,1,0,1,1,1,0,0,0,0,1,0,1,0,1,0,1,0,1,1,0,0,1,1,1,1,0,1,0
1,0,1,0,1,1,0,1,0,1,1,0,1,0,1,1,0,0,1,1,1,1,0,1,1,0,1,1,1,1,1,0,0,0,0,0,0,0,1,0,1,1,1,1,0,0,0,0,0,1,1,1,1,0,1,1,0,1,1,1,0,0,1,0,1,1,1,1,1,1,1,1,0,1,1
0,0,1,0,0,1,0,0,0,0,0,0,0,0,0,0,1,1,1,1,1,1,0,0,1,0,1,1,1,0,0,1,1,0,1,1,0,0,1,0,1,1,0,1,0,0,1,0,1,1,1,1,1,1,0,1,0,1,0,1,0,0,1,0,0,1,1,1,0,0,1,0,0,0,0
1,0,0,0,0,1,0,1,0,0,0,1,0,1,1,1,1,1,1,0,0,1,1,1,1,0,1,1,0,0,0,1,1,0,0,1,0,1,0,1,0,0,0,1,1,0,0,1,0,1,1,1,1,1,0,1,0,1,1,0,0,0,1,0,1,1,0,0,1,1,0,0,0,0,0
1,0,1,0,0,0,0,1,0,0,0,1,0,0,0,1,1,0,1,1,1,1,1,1,0,0,0,0,1,1,0,1,0,0,0,0,1,0,1,0,1,0,0,1,0,1,0,0,0,1,1,0,1,1,0,1,0,1,1,0,1,1,1,0,1,0,0,0,1,1,0,1,0,1,0
1,0,1,1,0,0,0,0,0,0,0,1,1,1,0,1,0,0,0,0,0,1,0,0,0,1,1,1,1,0,0,0,0,0,1,0,0,0,0,0,1,0,1,1,1,1,1,1,1,1,1,1,1,0,1,0,1,0,0,1,0,0,1,1,1,0,1,0,1,1,1,1,0,1,1
1,1,1,1,0,1,1,1,0,0,1,0,0,0,1,0,1,1,0,0,1,1,1,1,0,0,0,1,1,0,0,1,0,0,1,0,0,0,1,0,1,1,1,1,1,1,0,0,1,0,1,0,1,0,0,1,0,0,0,0,0,0,1,0,1,0,0,0,0,1,1,0,0,0,0
1,0,0,1,1,1,0,1,0,1,0,1,1,0,0,0,1,1,0,1,1,1,0,1,0,0,1,1,0,1,0,0,1,0,0,0,0,0,1,0,1,1,1,1,1,0,0,1,0,1,1,0,1,1,0,1,1,0,0,0,0,0,0,1,1,0,0,0,1,1,1,0,1,1,0
1,0,0,0,0,1,1,1,1,0,0,0,0,1,0,1,1,1,1,0,1,1,1,1,0,0,1,1,1,0,1,0,1,0,0,1,0,0,0,1,1,1,0,1,1,0,0,0,1,1,0,0,0,0,1,1,0,0,1,1,0,1,1,1,0,0,0,1,0,1,0,0,1,1,0
1,0,0,0,1,1,1,0,0,0,0,0,1,0,1,0,1,1,0,0,1,1,0,1,1,1,1,0,0,1,1,0,0,0,0,0,1,0,1,0,1,0,1,1,0,1,1,0,0,0,1,0,0,0,0,1,0,1,1,0,0,0,1,1,1,1,1,1,1,1,1,1,0,1,0
1,1,1,0,1,1,0,1,1,0,0,0,1,0,1,1,0,1,0,0,0,1,0,1,0,1,1,0,0,1,1,1,0,0,0,0,0,0,1,0,0,1,0,1,1,0,1,1,1,1,1,1,0,0,0,0,1,0,1,1,0,1,0,0,1,1,1,1,0,0,0,0,1,1,1
1,1,0,1,1,0,0,1,1,0,0,0,0,1,1,0,1,0,0,0,0,1,0,1,1,1,0,1,0,0,1,0,0,1,0,1,0,1,0,1,1,1,0,1,0,1,0,0,1,1,0,1,1,0,0,1,1,1,1,0,1,1,1,0,1,1,1,1,0,1,0,0,0,1,1
1,1,1,0,1,0,0,1,0,1,0,1,0,0,0,0,0,1,0,0,0,1,0,1,1,0,1,0,1,1,0,0,0,1,1,1,0,0,1,1,1,0,0,1,1,1,0,0,0,1,1,0,1,1,0,1,0,1,1,0,0,0,1,1,1,0,1,1,1,1,0,0,0,1,0
1,0,0,1,0,0,0,1,0,0,1,0,1,0,0,1,1,0,0,0,1,1,0,1,0,0,1,1,1,1,1,1,1,0,1,0,0,0,1,0,1,0,1,1,0,1,0,1,0,1,1,1,1,0,1,1,0,0,1,1,0,0,1,1,1,0,0,1,0,1,1,1,0,1,1
0,0,1,0,0,1,0,0,1,0,0,1,0,1,0,0,1,1,1,0,1,1,1,1,0,1,1,1,1,1,1,0,1,0,0,1,1,0,0,1,1,0,0,1,0,0,1,1,0,1,1,0,0,0,1,0,1,1,0,1,0,0,0,0,0,0,0,1,1,0,0,0,0,0,0
1,0,0,0,1,0,0,1,1,1,0,1,0,0,0,1,1,1,0,0,0,1,0,0,1,1,1,0,0,0,1,1,0,0,0,0,0,0,1,0,1,0,1,1,1,1,0,0,0,1,1,0,1,0,1,1,0,1,1,0,0,1,1,1,1,1,1,1,0,1,1,0,1,1,1
1,0,1,0,0,0,0,0,0,0,1,1,0,0,0,0,1,0,0,0,1,1,1,1,1,1,1,0,1,1,1,1,1,0,1,1,1,0,1,0,1,1,0,1,0,0,1,0,1,1,1,0,1,1,0,1,0,0,0,1,0,0,1,0,1,0,0,0,0,1,0,1,0,0,0
1,0,0,1,1,0,0,1,0,1,0,0,1,0,1,1,0,0,0,1,0,1,0,0,0,0,0,1,1,1,0,1,0,0,1,1,0,0,0,1,1,0,0,1,0,1,0,0,1,0,1,1,0,1,0,1,0,1,0,1,0,1,1,0,1,0,1,1,1,1,1,0,1,1,1
1,1,1,0,1,0,0,1,0,1,0,1,0,0,0,0,1,1,1,0,1,1,0,1,0,1,1,0,0,0,0,0,0,0,1,0,0,0,0,0,1,1,0,1,1,0,1,0,0,0,1,1,1,1,0,1,0,1,0,1,0,0,0,1,0,0,0,1,1,1,0,0,1,0,0
0,0,0,0,0,0,0,1,0,0,0,1,1,0,1,0,1,0,0,1,0,1,1,1,0,0,1,0,0,0,1,0,0,0,0,0,1,1,1,0,1,1,0,1,0,1,0,0,1,0,1,0,1,0,1,1,0,1,1,1,1,0,1,1,1,0,0,1,0,1,1,0,0,1,0
1,1,1,1,1,1,0,1,0,0,0,0,0,0,1,1,1,1,0,1,0,1,0,1,1,1,1,1,0,1,1,1,0,0,0,0,0,1,1,0,1,0,1,1,1,1,1,1,1,0,1,0,0,1,0,0,1,1,1,0,0,1,1,0,1,0,0,0,0,1,1,1,1,1,0
1,0,1,0,1,0,0,1,0,1,1,1,0,0,1,1,1,1,0,0,1,0,0,1,0,0,0,1,1,1,1,0,1,0,0,0,1,0,1,0,0,0,0,1,0,0,1,0,1,0,1,1,1,0,1,1,0,1,1,0,1,1,1,1,0,0,0,1,1,1,0,1,0,1,0
1,0,1,1,0,0,0,1,0,1,0,1,0,0,0,0,1,0,1,0,0,0,0,1,1,1,0,1,0,1,1,1,0,0,0,1,1,1,0,1,1,1,0,1,0,1,0,0,0,1,1,1,1,1,0,1,1,0,0,0,1,0,1,0,1,0,0,0,1,1,0,1,1,1,0
1,0,0,0,1,0,0,1,0,1,0,1,0,1,0,0,1,0,0,0,1,1,0,1,0,0,1,0,0,1,1,0,1,0,0,0,0,1,1,1,0,1,0,1,1,0,0,0,1,1,1,1,1,0,1,1,0,1,1,1,0,1,1,0,0,0,1,1,0,1,1,1,0,1,0
1,1,0,0,1,1,0,1,1,0,1,1,0,0,1,1,0,0,1,1,0,1,0,0,1,1,1,1,0,1,1,0,0,0,0,0,1,0,0,1,1,0,0,1,1,1,0,0,0,1,1,1,1,0,0,1,1,1,1,0,0,1,1,0,0,1,1,0,1,1,0,1,1,1,0
1,1,0,0,1,1,0,1,0,0,0,1,0,0,0,0,0,0,1,0,1,1,0,0,1,1,1,0,1,0,0,0,1,0,1,0,1,0,1,0,1,1,0,1,1,1,0,0,1,1,1,0,1,0,0,1,0,1,1,1,0,1,1,0,0,0,1,0,1,1,0,1,0,1,0
0,1,1,1,1,0,0,1,1,1,0,0,0,0,0,0,0,1,0,1,0,0,1,1,1,0,1,1,1,1,0,1,1,0,1,0,0,1,0,1,1,1,1,1,1,1,0,0,1,0,1,0,1,1,0,1,0,1,1,0,0,1,1,0,1,0,1,1,0,0,1,0,0,0,1
1,0,0,1,0,1,0,1,0,1,0,1,0,0,0,1,1,1,1,1,1,0,0,1,1,0,1,1,1,1,1,0,0,0,0,0,0,0,1,0,1,0,0,1,0,1,0,0,1,1,1,1,1,0,1,1,0,0,0,0,1,1,0,0,1,0,0,0,1,1,0,1,1,1,0
1,0,0,1,1,1,1,1,0,0,0,1,1,0,0,0,1,0,1,0,1,1,1,1,0,0,1,1,0,0,0,1,0,0,0,0,0,0,1,0,0,1,0,1,1,1,1,0,0,1,1,0,1,0,0,1,0,1,1,0,0,0,1,0,1,0,0,0,0,1,0,1,0,0,1
1,0,0,0,1,1,1,1,1,0,0,1,0,1,1,0,1,0,0,0,1,1,1,1,1,0,1,0,1,0,1,0,0,0,1,0,0,1,1,0,1,0,0,1,1,1,1,0,1,1,1,0,1,1,0,1,0,0,0,1,1,1,1,0,0,0,1,1,1,1,0,1,0,0,0
1,0,1,1,1,0,0,1,0,1,1,0,0,0,0,0,1,0,0,0,1,1,0,1,0,1,1,1,0,1,0,0,1,1,0,1,0,1,0,1,1,1,1,0,1,0,0,1,1,0,1,0,1,1,0,1,1,1,1,0,0,0,1,0,1,0,0,0,0,1,1,0,0,1,0
1,0,1,1,1,0,0,1,1,0,0,0,0,0,0,0,0,0,0,0,0,1,1,1,0,1,1,1,1,0,0,0,1,0,0,0,1,0,1,0,1,1,1,1,0,1,1,0,0,1,1,0,1,1,0,0,1,0,0,0,0,1,0,0,1,0,1,1,0,1,1,1,1,1,0
1,1,1,1,0,1,0,1,0,1,1,0,0,0,0,1,1,1,0,1,1,1,1,1,0,0,0,0,0,0,1,0,0,0,1,1,0,1,0,1,1,1,1,1,0,1,0,0,1,0,0,1,1,1,1,0,0,1,1,1,0,1,1,1,1,0,1,1,0,1,1,1,0,0,0
0,0,0,1,0,1,0,0,0,0,0,1,0,0,0,1,1,1,0,0,1,1,0,1,0,1,1,0,0,0,1,1,0,0,1,0,1,1,1,0,1,0,0,1,0,1,0,1,1,1,1,1,0,1,0,1,1,1,0,1,0,1,0,0,0,1,0,0,1,0,0,0,0,0,0
1,0,0,1,0,0,0,1,0,0,1,1,0,1,1,0,1,1,1,1,1,0,1,1,1,1,1,1,0,0,0,1,0,0,1,0,0,1,1,0,1,0,0,1,1,1,1,1,1,1,0,1,1,1,0,1,1,1,1,0,1,1,1,0,1,0,1,1,0,1,0,0,0,0,0
0,0,1,0,0,0,1,1,0,0,1,1,1,0,0,0,0,1,1,0,1,1,1,1,0,1,1,0,0,0,0,0,1,0,1,0,0,0,1,0,1,1,1,1,1,1,0,0,1,1,1,0,1,1,0,1,0,1,1,0,0,0,1,1,1,0,0,0,0,1,1,0,0,1,0
1,0,0,0,1,0,0,1,1,0,0,1,1,0,0,1,1,0,1,0,0,0,0,1,0,0,1,0,1,0,0,1,1,0,0,1,1,0,0,1,0,1,0,1,1,0,1,0,1,0,1,1,0,1,0,0,0,0,0,0,0,1,0,0,1,0,0,0,1,1,0,1,1,1,0
1,0,0,1,1,0,0,1,0,0,0,1,1,0,0,0,0,1,0,0,1,0,0,1,0,1,1,1,1,1,0,0,1,0,0,1,0,1,0,0,0,1,0,1,0,1,0,0,0,1,1,1,1,0,1,1,0,0,0,0,1,0,0,0,0,0,0,1,0,1,1,0,1,1,1
1,0,0,1,1,0,0,1,0,1,0,0,0,0,1,1,1,1,1,0,1,1,0,1,0,1,1,1,1,1,0,0,1,0,0,1,0,0,0,1,0,0,1,1,0,1,1,0,0,1,0,1,1,1,1,0,0,0,1,0,1,0,1,1,1,0,1,1,0,1,1,0,0,1,1
1,1,1,0,1,0,1,1,1,1,0,1,0,0,0,0,1,1,1,0,1,1,1,1,1,0,1,0,0,1,1,1,1,0,1,1,1,0,1,0,1,1,0,0,1,1,0,0,0,1,1,1,1,0,0,1,0,0,1,1,0,0,1,1,1,0,0,0,0,1,0,0,0,1,1
1,0,0,1,0,1,0,0,1,0,0,1,0,0,1,1,1,1,1,0,1,1,0,1,0,1,1,1,0,0,0,0,0,0,1,1,0,1,1,0,1,1,0,1,1,0,0,0,0,1,1,1,1,1,0,0,0,0,0,0,0,1,1,0,0,0,1,0,1,1,0,0,1,1,0
1,1,0,1,1,1,0,1,0,1,1,1,0,0,1,1,1,1,0,0,0,0,0,1,0,0,1,0,0,1,1,1,1,0,1,1,0,0,0,1,0,0,1,0,0,1,1,1,1,1,1,0,1,0,0,0,1,0,0,0,0,0,1,0,1,0,0,0,1,1,0,1,0,1,1
1,0,1,1,1,1,0,1,1,0,1,1,1,0,1,0,1,1,0,1,0,0,0,0,1,1,1,1,0,0,0,0,0,1,1,0,1,1,1,0,1,1,0,1,1,1,0,0,0,0,1,1,1,1,0,1,0,1,0,0,1,0,1,0,0,0,0,1,0,1,0,0,0,0,1
1,0,1,1,0,1,0,1,1,1,1,1,1,1,1,0,1,0,1,0,0,1,1,1,0,0,1,0,0,0,0,1,0,0,1,1,0,1,1,0,1,1,0,1,0,1,1,1,0,0,1,1,1,0,0,0,1,0,0,1,1,1,1,0,1,1,1,1,0,1,1,0,1,1,0
1,0,0,0,0,1,0,1,1,0,0,0,1,0,0,0,1,0,1,1,0,1,0,0,0,1,0,0,0,1,1,1,1,0,1,0,0,1,0,1,1,0,0,1,0,1,0,1,0,0,1,0,0,0,0,1,1,0,1,1,0,1,1,0,1,0,0,1,0,1,0,1,0,1,0
1,0,0,1,0,1,0,0,1,1,0,0,0,0,0,1,1,0,1,0,1,1,1,1,1,0,1,0,0,0,0,0,1,0,0,0,0,1,1,0,1,0,0,1,0,1,0,1,1,1,1,0,1,1,0,1,1,1,1,1,1,0,1,0,0,1,1,0,1,1,1,1,0,0,0
1,0,1,1,1,0,0,0,1,1,0,0,1,0,1,1,1,0,0,1,0,1,0,1,0,1,1,1,0,0,0,0,0,0,1,0,0,0,1,0,1,0,1,1,0,1,0,0,1,1,1,1,1,1,0,1,1,1,0,0,0,0,1,0,0,1,1,0,1,1,1,0,0,0,0
0,0,1,1,0,0,0,1,0,0,0,0,0,0,0,0,1,0,1,0,0,1,1,1,1,1,1,0,1,0,0,1,1,0,0,1,1,0,0,1,1,0,0,1,0,1,0,1,1,1,1,1,0,1,1,0,1,0,0,0,0,0,0,0,0,0,0,0,1,1,0,1,1,1,0
1,0,0,0,1,0,1,1,0,1,0,0,0,0,0,1,1,1,1,1,0,1,0,1,0,1,1,1,0,0,1,1,0,0,1,0,0,0,1,0,1,0,1,1,0,0,0,1,0,1,1,0,1,1,0,1,1,1,0,1,0,0,1,1,0,0,0,0,1,1,1,0,0,1,1
1,0,0,0,1,0,1,0,0,0,0,1,0,0,0,0,1,0,1,1,1,1,0,1,1,1,0,0,0,1,1,0,1,1,0,0,0,1,1,0,1,1,1,0,0,1,0,0,0,1,1,1,1,1,0,1,1,0,1,1,0,0,1,1,1,1,0,0,0,1,1,1,1,1,0
1,1,0,1,1,1,0,1,0,0,1,0,0,0,0,0,1,1,1,1,0,0,0,0,0,1,1,1,1,1,0,0,1,0,1,1,0,0,0,1,1,0,1,1,1,0,1,0,0,1,1,0,1,0,0,1,0,1,0,0,1,0,1,0,0,1,1,1,1,1,1,0,0,1,1
1,0,0,1,0,0,0,1,0,0,0,1,0,0,0,1,1,1,1,0,1,1,0,1,0,0,1,1,1,1,1,0,1,0,1,0,1,0,1,0,1,1,1,1,0,1,1,0,1,1,0,1,1,0,1,1,0,1,0,0,1,1,0,1,1,0,0,1,1,1,0,0,0,1,0
1,0,0,1,0,0,0,1,0,0,0,0,1,0,0,0,1,0,1,0,1,1,0,1,0,0,1,1,1,0,1,0,1,1,1,0,0,1,1,1,1,0,1,1,0,0,1,1,0,0,1,1,1,0,1,0,1,0,1,0,0,1,0,0,1,0,1,0,0,1,1,0,1,1,0
0,1,1,0,0,1,0,1,0,1,0,1,0,0,1,1,1,0,1,0,1,1,0,1,1,0,0,1,1,0,0,1,0,0,1,1,0,0,0,1,1,0,0,1,1,0,1,0,0,0,1,1,1,0,1,1,0,0,1,0,0,1,1,0,0,0,1,0,1,1,0,0,1,1,1
1,0,0,0,0,0,0,1,0,1,0,0,0,0,1,0,1,0,0,1,0,0,0,1,0,0,1,1,0,0,1,1,0,0,1,1,1,1,0,1,1,1,0,1,0,0,1,0,0,0,1,1,1,1,1,0,0,1,0,1,0,0,0,0,1,0,0,0,0,1,0,0,0,1,0
1,0,1,1,0,1,0,1,1,0,0,1,0,0,0,1,1,0,1,0,0,0,1,1,1,1,1,1,0,1,0,1,0,0,0,0,0,0,0,0,1,1,0,1,0,1,0,1,0,1,1,1,1,0,1,1,0,1,1,0,0,1,1,0,1,0,1,1,0,0,0,1,0,1,0
1,1,0,0,0,0,0,1,0,1,0,1,0,0,1,1,0,1,0,1,0,0,0,1,0,0,0,1,0,0,1,0,0,0,1,0,1,0,1,0,1,0,0,0,1,0,1,0,1,1,1,0,1,0,0,1,1,1,1,0,1,1,1,0,1,0,0,1,1,1,0,0,0,1,0
1,0,0,1,1,1,0,0,1,1,0,1,0,0,0,1,0,1,1,0,0,0,0,1,1,1,1,1,1,1,1,1,1,0,1,0,0,1,0,0,1,0,0,1,0,1,1,0,0,0,0,0,1,0,1,0,0,0,0,0,1,0,1,0,1,1,1,0,1,1,0,0,1,0,0
1,0,0,1,1,0,0,0,0,0,0,1,0,0,0,1,1,1,0,0,0,1,0,0,0,0,0,0,0,0,1,0,1,0,1,0,1,1,1,0,1,0,1,1,0,1,1,0,0,1,1,1,1,1,0,0,0,0,0,1,0,1,1,1,0,1,0,1,1,1,1,0,0,0,1
0,0,0,0,1,1,0,1,1,0,1,1,1,1,1,0,1,1,1,0,0,1,0,0,0,0,1,0,0,0,0,0,0,0,1,0,0,1,0,1,0,0,1,1,1,0,1,0,0,0,1,0,1,1,1,1,0,1,1,0,0,1,1,0,1,1,0,0,1,1,1,0,1,0,0
1,1,1,0,0,1,0,1,1,1,0,1,0,0,0,0,1,0,0,1,1,1,0,0,1,1,1,0,1,0,1,0,1,0,1,0,0,1,1,0,1,1,1,1,1,1,0,0,1,1,1,1,0,1,0,1,0,1,0,0,1,1,0,0,1,0,1,0,0,0,1,1,1,0,0
1,0,1,1,1,0,0,0,1,0,0,1,1,0,1,0,0,1,1,0,0,1,0,1,0,1,0,0,0,1,1,0,0,0,0,0,0,0,1,0,0,1,1,1,0,0,1,1,0,0,1,1,1,0,1,1,0,0,0,1,1,0,1,0,1,1,0,0,0,0,1,0,1,1,0
1,0,0,1,1,0,0,1,0,0,0,0,0,0,0,0,1,1,0,1,0,1,0,1,0,0,0,1,0,0,1,1,1,0,1,0,0,1,1,1,1,0,0,1,0,1,1,0,1,1,1,1,1,1,0,1,0,0,1,0,0,0,1,0,0,0,1,0,1,0,0,0,0,0,1
1,1,1,1,1,1,1,1,0,0,0,0,1,0,1,1,0,1,0,1,1,1,0,1,0,0,1,1,1,0,1,1,0,0,0,1,1,1,0,1,1,1,0,1,0,1,1,0,1,0,0,1,1,0,0,1,0,1,0,0,0,0,1,1,1,0,1,0,0,1,0,0,1,1,0
1,1,1,1,0,0,0,1,1,0,1,0,0,0,1,1,1,1,1,0,1,1,1,1,0,1,0,1,0,1,1,1,1,0,0,1,0,0,0,1,1,0,1,1,1,0,1,0,0,0,1,1,1,0,1,0,0,1,1,0,0,0,1,0,1,1,1,1,1,1,0,1,1,0,0
0,0,0,0,1,0,0,1,1,1,0,1,0,0,1,1,1,0,0,0,1,1,0,1,0,1,1,1,0,0,1,0,0,0,0,1,0,0,0,1,1,0,0,1,0,1,0,1,1,1,1,1,1,0,1,0,1,1,0,0,0,1,0,0,1,0,0,0,1,1,0,0,0,0,1
0,1,1,1,1,1,0,1,1,1,1,1,1,0,1,1,1,1,1,0,1,1,1,1,0,1,1,1,0,1,1,1,0,0,1,0,1,1,1,0,1,0,0,1,1,1,1,0,1,0,1,0,1,1,1,0,0,0,0,0,1,0,0,0,0,1,1,1,1,0,0,1,0,0,1
1,1,1,1,0,0,0,1,1,0,1,1,1,0,0,1,0,0,0,0,1,0,0,1,0,0,1,0,1,1,1,0,1,0,1,0,1,0,0,0,1,1,0,1,1,1,0,0,0,0,1,0,1,0,0,1,1,1,0,1,1,1,1,0,0,0,0,1,0,1,1,1,1,0,1
1,1,1,1,1,0,0,1,1,1,0,1,0,0,1,1,0,1,1,1,1,1,0,1,0,0,1,0,0,1,0,0,0,1,1,0,1,1,0,1,1,0,0,1,1,0,1,0,0,1,0,1,1,1,0,0,0,1,0,0,0,1,1,1,0,1,1,0,1,1,0,0,1,1,0
1,1,1,1,0,0,1,1,1,1,1,1,0,0,0,1,0,0,0,0,1,1,1,1,1,0,1,1,0,0,0,1,0,0,0,0,1,1,0,0,1,1,0,1,1,1,0,0,1,1,0,0,1,1,0,1,0,0,1,1,1,1,1,0,0,0,1,1,0,1,0,1,0,1,0
1,0,0,1,0,0,0,1,0,0,0,1,0,0,1,0,1,1,1,0,1,1,0,0,1,0,1,0,1,1,1,1,0,1,1,1,1,0,1,0,1,1,1,1,1,0,0,1,0,1,1,1,1,1,1,1,1,1,0,1,1,0,1,0,1,0,0,1,0,1,1,1,0,1,0
1,0,0,1,1,0,0,1,0,0,0,1,0,0,1,1,1,0,0,1,0,1,0,0,1,0,1,1,1,0,0,1,0,0,1,1,0,0,0,1,1,0,1,1,0,1,0,0,1,1,1,1,1,0,1,0,1,1,1,1,0,1,0,0,1,0,0,0,1,1,1,1,0,0,0
1,0,0,0,0,1,0,1,0,1,0,1,1,0,0,0,1,0,1,1,1,1,0,1,0,0,0,0,0,1,0,1,0,0,1,0,1,1,0,0,1,1,0,1,1,1,0,0,1,1,1,1,1,1,1,1,0,1,1,1,1,1,1,0,1,0,1,0,0,1,1,1,1,1,1
1,0,0,0,0,1,0,0,0,0,0,1,1,0,0,0,0,0,0,0,0,0,0,1,0,0,1,0,1,0,0,1,1,0,1,1,0,1,1,1,1,1,0,1,0,1,1,0,1,0,1,1,1,1,1,1,0,0,1,1,1,1,1,0,0,1,0,0,0,0,0,0,1,1,1
1,0,0,0,1,1,1,1,0,1,0,1,0,0,0,1,0,1,0,0,0,1,1,1,1,1,1,0,1,1,1,0,1,0,1,1,1,1,1,0,1,1,0,1,0,1,1,0,1,1,1,0,1,1,0,0,0,1,1,1,0,1,0,0,1,0,0,0,0,1,0,0,0,1,0
1,0,1,0,1,0,1,1,0,1,0,1,0,0,1,1,0,1,1,0,0,1,0,1,1,1,1,0,0,1,0,0,0,0,1,1,0,1,0,1,1,0,1,1,1,1,0,0,0,1,0,1,1,1,0,1,0,1,1,1,0,1,1,1,0,0,1,0,1,1,1,1,1,1,0
1,1,1,0,1,1,1,1,0,1,1,0,0,0,0,0,1,1,1,0,1,0,0,1,1,1,1,0,1,0,1,1,1,0,1,0,1,1,1,0,0,1,0,1,0,0,1,0,0,0,0,1,0,0,0,0,0,0,1,1,0,1,0,0,0,0,1,1,0,1,1,0,0,1,0
0,0,0,0,0,1,0,1,1,1,1,1,1,0,0,1,1,0,1,0,1,0,1,1,0,0,1,0,1,0,1,0,1,0,1,1,1,1,1,0,1,1,1,1,1,1,0,0,0,0,1,0,1,1,0,0,0,1,1,0,1,1,0,0,1,0,0,1,1,1,1,0,1,1,1
0,0,0,0,1,0,1,1,1,1,1,1,0,0,0,1,1,1,0,1,1,1,1,1,0,1,1,0,1,1,1,1,1,1,1,1,0,0,0,1,1,0,0,1,0,1,0,0,1,0,0,0,1,0,1,1,0,1,1,0,1,0,1,0,1,0,0,0,1,1,0,0,0,1,0
1,1,1,1,1,1,0,1,1,1,0,0,0,0,0,1,1,0,0,0,0,1,0,1,1,0,1,1,1,1,1,1,0,0,1,0,1,1,1,0,1,1,1,1,0,1,0,0,0,1,1,1,1,0,1,1,0,1,0,1,0,0,1,1,0,0,0,0,0,1,1,1,1,1,0
1,1,0,0,1,1,0,0,0,0,0,0,0,1,0,0,0,1,0,0,1,0,0,1,1,1,1,0,0,1,0,1,1,0,0,1,0,0,0,1,1,1,0,1,1,0,0,0,1,1,1,1,1,1,0,1,1,0,1,0,1,1,1,0,0,1,1,0,0,1,0,1,0,1,0
1,0,1,1,1,0,0,1,0,0,0,1,0,0,0,1,1,0,1,1,1,1,1,1,1,1,1,1,1,1,1,0,1,0,1,0,0,0,1,0,1,1,0,1,1,1,1,0,0,1,1,1,1,0,1,1,0,0,0,0,1,0,1,1,1,0,0,0,0,1,0,1,1,1,0
0,1,0,0,0,1,0,1,0,0,0,0,0,0,0,0,0,1,0,1,1,1,0,1,0,0,1,1,1,0,0,1,1,0,0,0,0,1,0,1,1,1,0,1,1,1,0,0,1,1,1,1,1,1,0,1,0,0,1,1,0,0,1,0,0,0,0,0,1,0,1,0,0,1,0
1,0,1,1,1,0,0,1,1,0,1,1,1,0,0,0,1,0,1,0,1,1,1,1,1,1,1,0,0,1,0,1,0,0,1,0,0,0,0,0,1,1,0,1,0,1,0,0,1,1,1,1,1,1,0,1,0,1,1,0,1,1,0,0,0,0,0,1,1,1,0,0,0,0,0
1,0,1,1,0,1,0,1,0,1,0,1,0,1,0,0,1,0,0,0,1,0,1,1,0,0,0,0,0,0,0,0,0,0,1,0,0,0,1,0,1,0,0,1,0,0,0,0,1,0,0,0,1,1,0,1,0,1,1,0,1,1,1,0,1,0,0,0,1,1,0,0,0,1,0
1,0,0,0,1,0,1,1,0,0,1,1,1,0,0,1,1,1,0,0,0,0,1,1,1,1,1,0,1,0,1,1,1,1,1,0,0,0,0,0,1,1,1,1,0,1,0,0,1,1,1,1,1,1,0,1,1,1,1,0,1,0,0,0,0,0,1,1,0,1,1,0,0,0,0
1,1,0,1,0,1,0,1,1,1,0,0,0,0,1,0,1,0,0,0,1,1,1,1,1,1,0,1,0,1,1,0,0,1,1,1,1,1,1,1,1,1,0,1,1,1,0,1,0,0,1,0,1,1,0,0,1,0,1,1,0,1,1,0,1,0,0,0,1,1,0,0,0,1,0
1,1,0,0,0,1,0,1,0,1,1,1,0,1,0,1,1,1,1,0,0,1,0,1,1,1,0,0,0,1,1,1,1,1,1,1,0,1,0,1,0,0,0,1,1,1,0,1,0,1,1,1,1,1,0,1,1,1,1,0,1,0,1,0,0,1,1,1,1,0,0,0,1,0,0
1,1,0,0,1,1,0,1,1,0,0,0,1,0,0,0,0,0,1,1,1,1,0,0,0,0,0,0,1,1,1,1,1,0,1,0,0,1,1,1,1,0,0,1,1,1,0,0,0,1,1,0,1,0,0,0,0,1,1,0,1,0,0,0,0,0,0,0,1,0,0,1,0,0,0
0,1,1,1,1,0,0,0,0,1,0,0,0,0,1,0,1,0,0,0,0,1,0,1,0,0,1,1,1,0,0,1,0,0,1,1,0,1,0,1,1,1,0,1,1,1,0,0,1,0,1,1,1,1,0,1,1,1,0,0,0,1,0,0,0,1,0,1,0,1,0,0,0,1,1
1,1,1,1,1,0,1,1,1,0,0,1,0,0,0,1,1,1,1,1,0,1,1,1,0,0,1,0,1,0,0,1,1,1,1,1,1,1,1,1,1,0,1,1,1,1,0,0,0,0,1,0,1,0,0,0,1,1,0,1,1,0,1,0,1,0,1,1,1,1,1,0,0,1,1
0,0,0,0,1,0,0,1,1,1,1,0,0,0,0,0,1,1,0,1,0,1,1,1,0,0,0,0,0,0,1,0,0,0,1,1,0,1,1,0,1,1,0,1,0,1,1,0,1,1,1,0,1,1,1,0,0,1,1,1,0,1,1,0,1,0,0,1,1,1,0,0,0,1,0
1,1,1,0,0,0,0,1,0,1,0,0,0,1,0,1,0,1,0,0,1,1,1,1,0,0,1,1,1,1,1,1,1,0,1,1,0,1,1,0,1,1,1,1,0,1,1,0,1,1,1,0,1,1,0,0,0,0,1,1,0,0,1,0,1,0,0,0,0,1,1,0,0,1,0
1,0,1,1,1,0,0,0,1,1,0,1,0,0,1,1,0,1,0,1,0,1,0,0,0,1,0,0,1,0,1,1,1,0,0,1,1,1,0,1,1,1,0,1,0,1,1,0,0,0,1,1,1,1,1,1,0,0,0,1,0,1,0,0,1,1,1,1,0,0,0,1,1,1,0
1,0,0,0,0,0,0,1,1,1,1,1,0,0,0,1,0,0,0,1,0,1,1,1,0,1,1,0,0,0,1,0,0,1,0,1,1,0,0,0,1,1,0,1,0,1,0,0,0,1,1,0,1,1,0,0,0,0,0,1,0,0,0,0,0,0,0,1,0,1,0,0,1,1,0
1,1,0,0,1,0,0,0,0,1,0,1,1,1,0,0,1,0,1,1,0,1,0,1,0,0,1,1,0,0,0,0,1,0,1,1,1,0,0,1,0,0,1,1,1,0,0,0,0,0,1,0,1,1,0,1,1,1,1,1,1,0,1,0,1,1,0,1,1,1,1,0,1,1,0
1,0,0,1,1,1,0,1,0,0,0,1,0,0,1,0,1,1,0,0,0,1,0,0,0,1,1,0,0,0,1,1,0,1,1,0,0,1,1,0,1,0,0,1,0,1,0,1,1,0,1,1,1,1,0,1,1,1,1,0,1,1,1,0,1,0,0,0,1,1,0,0,0,0,1
1,0,0,1,0,0,1,1,0,1,1,0,1,0,0,1,1,0,1,0,1,1,1,1,0,0,1,1,0,1,0,1,0,1,1,0,0,0,0,0,0,0,1,1,1,0,0,0,1,0,1,0,0,0,0,1,0,1,0,0,0,1,0,1,1,0,1,0,1,1,1,1,0,1,0
1,0,1,1,1,1,0,0,0,1,0,1,1,1,1,1,0,1,1,0,1,1,1,1,1,1,1,1,0,1,1,1,0,0,1,1,1,0,0,1,1,0,0,1,0,1,1,1,1,0,1,1,1,0,1,0,1,1,0,1,0,1,0,0,0,1,0,1,1,1,0,1,0,1,1
1,0,0,0,0,0,1,1,0,1,1,1,1,0,0,1,1,1,1,0,0,1,1,1,1,0,1,1,1,0,0,0,1,0,1,1,1,1,0,1,0,0,0,1,0,1,0,1,1,0,1,0,1,1,0,1,1,1,1,1,1,1,0,0,1,0,0,0,1,1,0,0,0,0,0
1,0,0,0,1,0,0,1,0,1,0,0,0,0,0,0,1,0,1,1,1,1,0,0,0,1,1,1,0,1,1,0,1,0,0,0,1,0,1,0,0,1,0,1,0,0,0,1,0,1,1,1,1,0,0,1,1,1,0,1,1,1,0,1,1,0,0,0,0,1,0,1,0,1,1
1,1,1,0,0,0,0,0,0,0,0,1,0,0,0,0,0,0,0,0,0,1,0,1,1,1,1,0,0,1,0,0,0,0,1,0,0,1,1,0,1,0,0,1,0,1,0,1,1,0,1,1,1,0,0,1,0,1,1,1,1,0,1,0,1,1,0,0,0,1,1,1,1,1,0
1,0,0,1,0,0,0,1,0,1,0,1,1,1,0,1,1,0,1,0,1,1,1,1,0,0,1,0,0,0,1,0,1,0,1,0,0,0,1,1,1,0,1,1,1,0,0,0,0,0,1,0,1,1,0,1,0,1,1,1,0,1,1,0,0,0,1,1,1,1,1,0,0,0,1
1,0,0,0,1,1,0,1,1,0,1,1,0,1,0,1,1,0,0,0,1,1,0,1,0,0,1,0,1,0,1,1,1,1,1,0,1,0,1,0,1,0,0,1,0,0,0,0,0,1,1,1,1,0,1,1,0,0,0,1,1,0,0,1,1,0,0,0,1,1,0,0,1,0,0
1,1,1,0,1,0,0,1,0,0,0,0,1,0,1,1,1,1,0,0,1,0,1,1,1,1,1,0,0,0,1,1,0,0,0,0,1,1,1,0,1,0,0,1,1,1,1,1,1,0,1,0,1,0,0,1,0,0,1,1,0,0,1,0,0,0,1,0,1,1,0,0,0,1,1
0,0,0,1,1,0,1,0,0,0,0,1,0,0,1,1,0,0,0,1,1,1,1,1,0,0,0,1,0,1,0,1,0,0,1,0,0,0,0,0,1,0,1,1,0,1,0,0,0,1,1,1,1,0,1,0,0,1,1,1,1,1,1,1,1,0,0,1,0,1,1,1,1,0,0
1,1,1,1,1,0,0,1,0,1,1,1,1,0,0,1,1,0,0,0,0,1,0,0,0,1,1,1,1,1,1,0,1,0,1,0,1,0,1,0,1,1,0,1,0,1,0,1,0,1,1,1,1,0,0,1,0,1,0,1,1,1,1,0,0,0,0,1,0,1,1,1,0,1,0
0,1,1,0,1,1,0,1,1,1,0,0,0,0,1,0,1,1,1,0,0,1,0,0,1,1,0,1,1,0,0,1,0,0,1,1,0,1,0,0,1,1,0,1,0,1,0,1,1,1,1,1,1,1,0,1,0,0,1,0,0,1,1,0,1,0,0,1,0,0,0,1,0,1,0
1,1,0,0,0,1,0,1,0,1,0,1,1,0,0,1,0,0,1,1,1,0,0,1,1,1,1,1,0,1,1,1,1,0,0,1,1,1,0,1,0,0,1,0,1,1,0,0,0,0,1,1,1,1,0,1,0,1,1,0,1,1,1,0,1,1,0,0,1,1,0,1,0,1,0
0,0,0,1,1,0,0,1,1,1,0,1,0,0,0,1,1,1,1,0,1,1,1,1,0,0,1,1,1,1,1,0,1,0,1,1,1,1,1,1,1,0,1,0,1,0,1,0,0,1,1,0,1,1,0,0,0,0,1,0,0,1,1,1,1,0,1,0,0,1,1,0,1,1,1
0,0,1,1,0,0,1,0,1,1,0,0,0,0,0,1,1,1,0,0,0,1,1,1,0,1,0,1,1,1,1,1,1,0,1,0,0,1,1,0,1,1,0,1,1,1,1,0,1,1,1,0,1,1,0,0,0,1,0,0,0,1,1,0,0,1,0,0,0,1,0,0,0,1,1
1,0,1,1,0,1,0,1,0,0,1,0,1,0,1,0,1,0,0,0,0,1,0,0,0,1,1,0,0,1,1,0,0,0,1,0,1,1,0,0,0,0,1,1,1,1,0,0,0,0,1,1,1,0,1,1,0,1,0,1,0,1,1,0,1,0,1,1,0,1,1,1,0,0,0
0,1,1,1,0,0,0,1,1,1,1,1,1,0,1,0,1,1,1,0,0,1,1,1,0,0,0,0,0,0,0,1,0,0,1,1,0,1,1,0,1,1,0,1,1,0,0,0,0,1,1,0,1,1,0,1,1,1,0,0,0,1,1,0,0,1,1,0,0,0,0,0,1,1,0
1,1,1,1,0,0,0,0,1,0,0,0,1,1,1,0,1,1,0,0,1,1,1,1,0,0,1,1,1,1,0,1,0,0,1,0,0,0,0,0,1,1,1,1,1,0,0,1,0,0,1,0,1,0,0,1,1,1,1,1,0,1,0,0,1,1,1,1,0,1,1,1,1,1,0
1,0,0,1,1,1,0,1,0,1,0,1,1,0,1,1,1,0,1,0,1,1,0,1,1,0,0,1,1,0,0,0,1,0,0,0,1,0,1,0,1,0,1,1,1,1,0,0,0,0,1,1,1,0,0,1,0,1,1,0,1,1,1,0,1,0,0,0,0,1,0,0,0,0,0
1,1,0,1,1,1,0,1,0,0,1,1,1,0,1,1,1,1,0,1,0,1,1,1,0,0,1,0,0,0,1,0,0,0,1,0,0,0,0,1,1,0,1,1,1,1,1,1,0,0,0,0,1,0,0,0,1,0,1,1,1,1,1,0,1,1,0,1,0,1,1,1,1,0,0
1,0,1,1,1,0,0,1,0,0,0,1,1,0,0,1,1,1,1,1,0,1,0,1,0,1,1,0,1,1,1,1,0,0,1,0,0,1,1,0,1,1,0,1,0,1,0,0,1,0,1,0,1,0,1,0,0,1,0,0,1,0,0,0,1,0,1,0,1,1,0,0,0,1,0
1,1,0,1,0,0,0,1,0,1,1,0,0,0,1,1,0,1,0,1,0,1,0,0,0,1,1,0,1,1,1,0,1,0,0,1,0,0,1,1,0,0,0,1,0,1,1,0,0,1,1,0,1,1,0,1,0,0,1,1,0,0,1,0,1,0,1,0,0,1,1,0,0,1,0
0,0,1,1,0,1,0,1,0,1,1,0,1,0,1,1,0,1,0,0,1,0,0,1,1,0,1,1,1,1,0,1,1,0,1,1,1,0,0,1,1,1,1,1,1,1,1,1,1,0,1,1,1,1,0,0,1,1,0,0,0,0,1,0,0,0,0,0,1,0,1,0,0,0,0
1,0,0,0,0,0,1,1,1,1,0,1,0,1,0,1,1,0,0,0,1,1,1,1,0,1,1,0,1,0,0,1,1,1,1,0,0,0,0,0,1,0,1,1,1,0,0,0,0,1,0,0,1,1,0,1,1,1,1,0,1,1,0,0,1,1,1,1,1,1,1,0,1,0,0
1,0,0,0,0,0,1,1,1,0,1,1,1,0,0,0,1,0,1,0,1,1,1,1,0,0,1,1,0,1,0,1,0,0,1,0,1,0,1,0,1,1,0,1,1,1,0,0,0,0,1,1,1,1,0,0,0,1,1,1,1,1,0,1,1,0,0,1,1,1,1,1,0,1,0
1,1,0,0,1,1,0,1,1,1,1,0,0,1,0,1,1,1,1,0,0,1,0,1,0,1,1,0,1,1,1,0,1,0,1,1,1,1,0,1,1,0,0,1,0,1,0,1,0,1,1,1,1,1,1,1,1,0,1,0,0,0,1,0,0,0,0,0,0,1,0,0,0,0,1
1,1,1,0,1,0,0,0,1,1,0,1,1,0,0,1,1,0,0,0,1,1,0,1,0,0,1,0,1,0,1,0,1,0,0,1,0,0,0,1,1,0,0,1,0,0,1,1,1,0,1,1,1,0,0,0,0,0,1,0,0,1,1,1,0,1,1,1,1,1,1,0,0,1,1
1,0,0,1,0,1,0,1,0,0,0,1,1,0,0,0,0,1,1,1,1,1,0,0,0,0,1,0,1,0,1,0,1,1,0,0,0,1,1,0,1,1,0,1,0,1,1,0,1,0,0,1,1,1,1,0,0,1,0,1,1,1,0,0,1,0,0,1,0,0,1,0,0,1,0
1,0,0,1,0,1,0,1,0,1,1,1,1,1,1,1,1,0,0,1,1,1,1,1,0,0,1,0,0,0,1,1,0,0,0,0,0,0,0,0,1,0,0,1,0,0,1,1,0,1,1,0,1,1,0,1,0,0,0,1,0,0,1,0,0,1,0,1,0,1,0,1,1,1,0
1,0,1,1,0,0,1,1,0,0,0,1,1,0,1,0,1,0,1,0,0,1,0,1,0,1,1,0,0,1,1,1,0,1,0,0,1,0,1,0,1,0,0,1,0,1,0,1,0,1,1,1,1,1,1,1,1,0,0,1,0,0,0,1,1,0,0,0,0,1,1,1,1,1,0
1,1,0,0,0,1,0,1,1,1,1,1,1,0,0,1,0,1,1,0,1,1,0,1,0,0,1,0,1,0,1,1,1,0,1,1,1,0,1,0,1,1,1,1,0,1,1,0,0,0,1,1,1,1,1,0,0,0,1,1,1,0,1,1,0,0,0,1,1,1,1,0,1,1,1
1,0,1,0,1,0,1,1,0,1,0,0,0,0,1,1,0,1,0,0,1,1,1,1,0,0,1,1,0,1,1,0,0,0,0,1,0,0,0,1,1,0,0,1,0,1,0,0,1,0,1,0,1,0,1,1,0,1,1,0,0,1,1,0,1,0,1,1,1,1,0,0,0,1,1
1,0,0,0,1,0,0,1,1,0,0,1,0,0,0,1,0,0,1,0,1,0,0,0,0,1,1,0,0,1,1,1,0,0,1,1,1,1,0,1,0,0,0,1,0,1,0,0,1,0,1,1,0,0,1,0,0,1,0,0,1,0,1,0,1,1,0,0,0,1,0,1,1,1,1
1,1,1,0,1,1,0,1,0,1,0,0,0,0,1,0,1,0,1,0,1,1,0,1,0,0,1,1,1,0,1,1,1,0,1,1,1,1,0,1,1,1,1,1,1,0,0,0,1,1,0,1,1,1,0,1,1,1,1,1,1,0,0,0,1,0,1,1,0,1,1,1,0,1,1
1,0,0,1,0,0,0,1,0,1,0,1,0,0,1,1,1,0,1,0,0,1,1,0,1,1,1,0,0,1,0,0,0,0,1,1,1,0,0,0,1,1,0,0,1,1,0,0,0,1,0,0,1,1,0,0,0,1,0,1,1,1,1,1,0,0,0,0,1,1,0,1,0,1,0
1,0,1,0,1,1,1,0,0,1,0,1,1,0,0,0,1,0,0,1,1,0,1,1,0,0,1,0,1,1,0,0,1,0,1,0,1,1,1,0,1,1,0,1,0,0,0,1,1,0,1,1,1,0,0,0,1,1,1,0,1,0,0,0,1,1,1,1,0,1,0,1,0,1,0
1,1,0,1,0,0,1,0,0,0,0,1,0,0,0,1,0,1,1,1,0,0,0,0,0,0,1,0,1,0,1,1,1,0,1,1,1,1,0,1,0,1,0,1,0,0,1,1,1,0,0,1,1,1,1,0,1,0,0,0,1,1,1,0,0,1,1,0,1,1,0,0,0,1,0
1,0,0,1,0,1,0,1,0,0,1,0,0,0,0,1,1,1,0,1,1,0,1,1,0,1,1,1,1,0,1,1,1,0,0,0,1,1,0,1,1,0,1,1,0,1,0,0,0,0,1,0,1,1,0,1,1,1,0,1,0,1,1,0,0,1,0,1,1,1,1,1,0,0,0
1,0,0,0,1,0,0,1,0,1,0,0,0,0,1,1,0,1,1,0,1,1,0,1,0,0,1,1,1,0,1,1,0,0,0,1,0,1,1,1,1,0,1,1,0,0,1,0,0,1,1,1,1,0,1,1,1,1,1,0,1,0,1,0,1,0,1,0,0,1,0,0,0,1,1
1,1,1,0,1,1,0,1,1,0,1,1,0,0,1,0,1,1,1,0,0,1,0,1,0,0,1,0,1,1,1,1,0,0,1,0,0,1,0,0,1,1,1,1,1,0,0,0,0,1,0,1,1,1,0,1,0,1,1,1,1,0,0,0,1,0,1,0,0,1,1,1,1,1,0
1,0,1,0,0,1,0,1,1,0,0,1,1,0,0,0,1,1,1,0,1,1,0,1,1,0,1,0,1,0,1,1,1,0,0,0,0,0,0,0,1,1,0,1,0,0,0,0,0,1,0,1,1,1,0,1,1,1,1,1,0,0,1,1,1,1,1,0,1,1,0,0,0,1,0
1,0,1,0,0,1,0,1,1,1,0,1,0,0,1,0,1,1,1,0,0,1,0,1,1,1,1,1,0,1,0,1,0,1,0,0,1,0,1,0,1,1,0,1,1,0,1,0,1,1,1,0,1,0,0,0,0,1,1,0,0,1,1,0,0,0,1,1,1,1,0,1,0,1,0
0,0,0,1,0,0,1,1,0,0,1,1,0,1,1,1,0,1,0,1,1,1,0,1,1,0,0,0,1,1,1,0,0,0,1,1,1,1,1,0,1,1,0,1,0,0,0,0,1,0,0,1,1,0,1,0,0,1,1,1,1,0,0,0,1,0,0,1,1,1,1,1,0,1,1
1,0,0,1,1,0,0,1,0,0,0,0,1,0,0,0,1,1,0,0,1,1,0,0,0,0,1,0,1,1,1,1,1,0,0,0,0,1,1,0,1,0,1,1,0,1,1,0,0,1,0,1,1,0,1,1,0,1,1,1,0,0,1,0,1,0,0,0,1,1,1,1,0,1,0
1,1,0,1,1,0,0,1,0,1,0,0,1,0,0,0,1,0,1,0,1,1,0,1,0,0,0,1,1,1,1,0,1,1,1,0,0,0,1,0,1,1,0,1,1,0,0,0,1,0,1,1,1,0,0,1,0,0,0,0,0,1,1,0,0,0,0,1,0,1,0,1,0,1,0
0,0,1,0,1,0,0,1,1,1,1,1,1,0,0,0,1,1,1,0,1,1,0,1,0,0,1,0,1,0,0,1,1,0,1,1,1,0,1,0,1,1,0,1,1,1,1,1,1,1,1,1,1,1,0,0,1,1,0,0,1,0,1,0,0,0,0,0,0,0,0,0,0,0,0
1,1,1,0,1,0,0,1,0,0,0,1,0,1,0,1,1,0,0,0,0,1,0,1,0,1,0,1,1,1,0,0,1,0,1,0,0,0,0,0,0,0,0,1,1,1,0,1,0,0,1,1,0,0,1,1,1,1,1,0,1,1,1,0,1,0,1,0,0,1,1,1,0,1,0
1,1,1,0,1,1,0,0,0,1,0,1,0,1,0,0,1,0,1,1,0,0,0,1,1,0,1,0,0,1,1,0,1,0,0,1,1,1,0,0,1,1,1,1,1,1,1,1,1,1,0,1,0,1,0,0,0,0,0,0,1,0,0,0,0,1,1,1,1,1,1,1,1,1,1
1,0,0,1,1,1,0,1,0,1,0,1,1,0,1,1,0,0,1,0,0,0,0,1,0,1,1,0,0,1,1,0,0,0,1,1,0,0,0,0,0,0,1,1,0,1,0,1,0,1,1,1,1,0,1,0,0,0,0,1,0,0,1,0,0,0,1,0,0,1,1,1,0,1,0
1,0,1,1,0,1,0,0,0,0,0,0,0,0,1,1,1,0,0,0,0,1,1,1,0,1,1,1,0,1,0,0,1,0,1,1,1,1,1,1,1,0,0,1,1,0,0,1,0,1,1,0,0,1,0,1,1,1,0,0,0,0,1,0,0,1,1,0,1,1,0,1,0,1,0
1,0,1,0,1,0,0,1,0,0,0,1,0,0,0,1,1,1,0,0,1,1,0,1,0,0,0,0,0,0,1,1,1,0,0,0,1,0,1,0,1,0,0,1,1,1,1,0,0,0,1,1,1,0,1,1,0,0,1,1,0,0,1,1,0,0,0,1,0,1,0,0,1,1,1
1,1,0,1,1,0,1,1,0,0,0,1,0,0,1,1,1,1,0,0,0,1,1,1,0,0,1,0,1,1,0,1,0,1,0,1,1,0,0,1,1,0,0,1,1,1,1,0,0,1,0,0,1,0,0,0,0,0,0,0,0,0,0,0,0,1,1,1,1,1,0,1,0,1,0
1,1,0,1,1,0,0,1,0,0,1,1,1,0,0,0,0,1,0,0,1,1,0,1,1,1,1,0,1,0,1,1,1,0,1,0,0,0,1,1,1,0,1,1,1,1,0,0,0,0,1,1,1,0,0,1,0,1,0,1,1,1,1,1,1,0,1,0,1,1,1,0,0,0,0
1,0,1,0,1,1,0,1,1,0,0,1,0,0,1,1,0,1,1,0,0,1,0,1,0,1,1,0,0,1,1,0,0,1,0,1,1,0,0,1,1,1,0,1,0,0,0,0,1,1,0,1,1,0,1,0,0,1,1,0,0,0,1,0,1,0,1,1,0,1,0,0,0,0,0
1,0,1,1,0,0,1,1,0,0,1,0,0,0,0,0,1,0,1,0,1,1,0,1,1,1,0,0,1,1,1,1,1,0,1,0,1,1,1,0,1,1,0,1,0,1,0,0,1,1,1,1,1,0,0,1,0,1,0,0,0,0,1,0,1,0,0,0,0,0,0,1,0,0,0
1,0,0,1,1,1,0,1,0,1,0,1,0,1,1,0,1,0,0,0,0,1,0,1,0,0,1,1,0,1,1,0,0,0,0,1,0,0,0,1,1,1,0,1,0,1,0,0,0,1,1,1,1,1,0,1,0,1,1,0,1,1,1,0,1,0,0,0,0,0,0,0,0,0,0
1,0,1,1,0,0,0,1,0,1,0,0,0,0,0,1,0,1,0,0,0,1,0,1,0,1,1,1,1,1,0,0,1,0,0,1,1,1,0,1,1,0,0,1,0,1,1,0,1,0,0,1,1,0,1,1,1,0,0,0,0,0,0,1,0,0,1,0,1,1,0,0,1,1,0
1,0,0,1,0,1,0,1,0,1,0,0,0,0,0,1,1,1,1,0,0,1,0,1,1,1,1,0,1,0,1,0,1,1,1,1,0,0,0,1,0,0,0,1,1,0,1,0,1,0,1,0,1,1,0,0,0,1,0,0,0,1,1,0,1,1,0,0,1,1,0,0,0,1,0
0,0,0,0,0,0,0,1,1,1,1,0,0,1,0,1,1,0,1,0,1,0,1,1,1,0,1,1,1,1,1,1,1,0,1,0,1,1,1,0,1,1,1,1,0,1,0,0,1,1,1,1,1,1,0,0,1,1,1,1,0,1,1,0,1,0,0,0,0,1,1,1,0,1,0
1,0,1,1,1,0,0,1,1,1,1,0,0,0,0,0,0,0,1,0,0,1,1,1,0,1,1,0,1,0,0,0,1,0,0,1,0,1,1,0,0,0,0,1,0,1,0,1,0,1,1,1,1,0,1,1,1,1,1,0,0,0,1,0,1,0,0,0,1,1,0,1,0,1,0
1,0,1,0,0,0,1,1,0,0,0,1,0,0,0,0,1,1,0,0,1,0,1,1,0,1,1,0,1,1,1,0,1,0,0,0,0,0,1,0,1,1,0,1,0,1,1,0,0,1,1,1,1,1,0,1,0,0,1,0,0,0,1,0,1,1,0,1,1,1,0,0,1,1,0
1,0,0,0,1,1,1,1,0,0,0,1,0,0,1,0,1,0,1,0,1,1,1,1,0,1,0,1,0,1,0,1,0,0,1,1,0,0,1,0,1,1,1,1,1,0,0,1,0,1,1,1,1,1,0,1,1,0,1,1,1,1,1,0,1,0,0,1,1,1,1,1,1,1,0
1,1,0,1,1,0,0,1,0,1,0,0,0,0,1,0,0,0,1,0,0,1,0,1,1,0,1,0,1,1,1,1,0,0,1,0,1,0,1,0,1,1,0,1,0,0,0,0,1,1,1,1,1,1,0,1,1,1,0,1,0,0,1,1,1,0,1,0,1,1,0,1,1,1,0
0,1,0,1,1,0,0,1,1,0,1,1,1,0,0,1,0,0,0,1,0,1,0,0,1,1,0,1,1,0,1,1,1,0,1,1,1,0,0,1,1,0,0,1,1,0,0,0,0,0,1,1,1,1,0,0,0,1,1,0,0,0,1,0,0,0,1,1,1,1,0,1,1,1,0
1,0,0,1,1,1,1,0,1,1,0,1,0,0,1,1,1,1,0,0,1,1,0,1,0,0,1,1,0,1,1,1,1,1,1,1,0,0,0,1,0,0,0,1,0,1,1,1,0,1,1,1,0,1,0,0,1,1,0,1,0,0,1,0,1,1,1,0,1,1,0,0,0,1,0
0,0,1,0,0,1,0,1,1,0,1,1,0,1,0,1,0,1,1,0,1,1,1,1,0,0,0,1,1,0,1,0,1,0,1,1,1,1,1,1,1,0,1,1,1,1,0,0,0,1,0,0,1,1,1,1,1,0,1,1,1,1,1,0,1,0,0,1,1,1,0,0,1,0,0
1,0,1,1,1,0,0,0,0,0,0,1,0,0,0,0,0,0,0,0,0,1,0,1,0,1,1,1,1,0,1,0,1,1,1,0,0,0,0,0,1,1,0,1,0,1,0,0,1,1,0,1,1,1,1,1,1,1,0,0,1,1,1,0,0,1,1,1,1,1,0,1,0,1,0
1,0,0,0,1,0,0,1,0,1,0,1,0,0,1,0,0,0,0,0,1,1,1,1,0,1,0,0,0,0,0,0,0,0,0,1,1,1,0,1,1,0,0,1,0,1,1,1,0,1,1,1,1,1,0,1,1,1,1,1,0,0,1,0,1,0,0,0,1,1,0,0,1,1,1
0,0,0,0,0,1,0,1,0,0,0,1,0,0,0,1,1,1,0,1,1,1,0,0,1,0,1,0,0,1,0,0,0,0,0,0,0,0,1,0,1,0,0,1,0,1,0,0,0,1,1,1,1,0,1,0,0,1,1,0,1,0,1,0,1,0,0,1,1,0,0,0,1,1,0
0,0,0,1,1,0,0,1,1,0,1,0,0,0,1,1,1,0,1,0,0,0,0,1,0,0,0,1,1,0,1,1,0,0,0,1,1,1,0,1,1,0,0,1,0,0,0,0,1,1,0,1,1,1,0,1,0,0,0,1,1,1,0,0,1,0,0,0,1,1,1,0,0,1,0
1,0,0,0,0,1,0,1,0,1,0,0,0,0,1,0,1,1,1,0,0,1,0,1,0,0,0,1,1,0,1,0,0,0,1,0,0,0,1,0,1,0,1,1,1,0,0,0,1,0,1,1,1,0,0,1,0,0,1,1,0,1,1,0,0,0,0,1,1,1,1,0,0,1,1
1,0,0,0,1,1,0,1,0,0,0,1,1,0,0,0,1,0,1,1,0,1,0,0,0,1,0,1,1,1,1,0,0,0,0,0,1,0,1,0,1,0,1,1,0,1,0,0,0,0,1,0,1,0,1,1,0,1,1,1,0,1,1,0,1,0,0,0,1,1,1,1,0,1,0
1,0,1,1,0,0,0,1,1,0,1,1,0,0,0,1,0,0,0,0,1,0,0,1,0,0,1,1,0,0,0,1,1,1,0,1,0,0,1,1,1,0,1,1,0,1,0,0,0,1,1,1,1,0,0,0,0,0,0,0,0,1,0,0,1,0,1,0,1,1,1,1,1,1,0
1,1,0,1,0,1,0,1,0,1,0,1,0,0,0,1,1,1,0,0,0,0,1,1,0,0,1,1,0,1,1,1,1,0,1,0,1,1,0,0,0,1,0,1,1,0,1,1,0,0,0,1,1,0,1,0,1,0,0,0,1,0,1,0,1,1,1,0,0,1,0,1,1,1,1
0,1,0,0,0,0,0,0,1,0,0,0,1,0,0,1,1,0,0,0,0,1,1,1,0,1,1,1,1,0,1,1,0,0,0,1,1,0,0,1,1,0,0,1,0,1,0,1,0,0,1,0,1,0,0,1,1,0,1,0,0,1,1,0,1,1,0,1,1,1,0,1,1,1,0
0,0,0,0,1,1,0,1,0,1,1,0,0,0,0,0,0,0,0,1,0,1,0,0,0,0,1,0,0,0,0,0,0,0,0,1,0,0,1,0,1,1,0,1,0,1,1,1,0,1,1,1,1,1,1,1,1,0,1,0,0,0,1,1,1,0,0,1,1,1,0,1,1,1,0
1,0,0,1,1,1,1,1,1,1,0,1,0,0,1,1,1,0,0,0,0,1,1,1,0,0,1,1,0,0,1,1,0,0,1,0,1,0,0,1,1,0,0,1,0,1,0,0,1,1,1,1,1,1,0,1,0,1,0,1,1,0,0,0,1,0,0,1,1,1,1,0,0,1,1
0,0,1,1,0,0,0,1,1,0,0,1,0,0,1,1,1,1,0,0,0,1,1,1,1,0,0,0,1,0,1,1,1,0,0,0,0,1,1,0,1,0,1,1,1,0,0,1,0,1,1,1,1,1,0,0,1,0,0,1,1,0,0,0,1,0,0,1,0,0,1,1,1,1,0
0,0,0,0,1,0,0,0,0,1,0,1,0,0,1,1,1,1,0,0,0,1,0,1,1,1,1,1,1,1,0,0,0,0,0,1,0,0,0,1,1,0,0,1,1,1,0,0,1,1,0,1,1,0,1,1,0,1,1,1,1,0,1,1,1,1,1,1,1,0,0,1,0,1,0
1,1,1,1,0,0,0,1,0,1,0,0,0,0,1,0,1,1,1,0,0,1,0,0,0,1,0,1,0,1,0,0,0,0,1,1,0,1,0,1,1,1,0,1,1,0,0,0,0,1,1,0,1,0,0,0,1,1,0,1,1,0,0,0,1,1,0,0,1,1,1,1,1,0,0
1,0,0,1,0,0,1,1,0,1,0,0,0,0,0,1,1,0,0,1,1,1,1,1,1,1,1,1,1,1,1,0,1,1,0,1,1,1,1,1,1,0,0,1,0,1,1,0,0,0,1,0,1,1,0,1,1,1,0,0,0,1,1,0,1,0,0,0,0,1,0,1,0,1,1
0,0,0,1,1,0,0,0,0,1,1,1,0,0,1,0,0,0,0,0,0,1,0,0,0,0,1,1,0,1,1,0,0,1,1,1,1,0,1,1,1,0,1,1,0,0,0,1,1,0,1,0,1,1,0,1,1,1,0,0,1,1,1,0,0,1,1,0,1,0,1,0,0,1,1
1,0,0,0,0,1,1,0,0,0,0,1,1,1,0,0,0,1,0,0,1,1,1,1,1,1,1,0,1,1,1,0,1,0,0,1,0,1,0,1,1,0,1,1,1,1,1,0,0,0,1,1,1,1,0,1,0,1,1,0,1,0,1,1,0,1,1,1,1,1,1,0,1,0,0
1,0,0,0,0,1,0,0,0,1,0,0,0,1,0,1,1,0,1,1,0,0,0,1,1,1,1,0,0,0,0,0,0,1,1,1,0,1,1,0,1,1,0,1,0,1,0,0,1,0,1,1,1,1,0,1,0,1,0,1,0,0,1,0,1,1,0,0,0,1,1,0,0,1,0
1,0,1,0,0,0,0,1,1,1,0,1,1,0,0,1,0,0,0,1,1,1,0,1,1,1,0,0,0,1,1,0,0,1,0,1,0,1,0,0,1,0,0,1,1,1,0,0,0,1,1,1,0,0,1,0,0,1,0,0,0,0,1,0,0,0,0,0,0,1,1,1,0,0,1
1,0,0,0,0,0,0,1,0,0,1,0,1,1,1,1,1,1,1,0,0,0,0,1,1,1,0,0,1,1,1,1,1,1,0,0,0,1,1,0,1,0,1,1,0,1,1,0,0,0,1,0,1,0,1,0,0,0,1,1,0,0,1,0,0,0,1,0,1,0,1,0,1,1,0
1,1,1,1,0,0,1,1,0,1,0,1,0,0,0,1,0,1,1,0,0,0,1,1,0,0,1,0,1,0,1,1,0,0,1,0,1,1,0,1,1,0,1,1,0,1,1,1,0,1,1,0,1,1,0,1,1,1,0,1,1,0,1,0,1,0,0,0,1,1,1,0,1,1,0
1,0,1,0,1,1,1,1,1,1,1,1,0,1,0,0,0,0,1,0,0,1,1,1,0,1,1,0,1,1,1,1,1,0,1,1,0,0,0,1,1,0,0,1,0,1,0,1,1,1,1,0,1,1,0,1,1,1,1,1,0,1,0,1,1,0,0,1,0,1,1,1,0,0,0
1,1,0,0,0,1,0,1,1,0,0,0,0,0,1,1,1,0,0,0,1,1,0,1,0,1,1,0,0,1,0,0,0,0,1,0,0,1,1,1,1,0,0,1,0,1,1,1,0,1,1,1,1,1,1,0,1,0,0,0,0,0,1,0,1,0,0,1,1,1,0,1,1,0,0
1,0,0,0,1,1,1,1,0,0,0,0,0,0,0,1,1,1,1,0,0,1,1,1,1,0,1,1,1,0,0,1,1,0,1,1,1,0,1,1,1,1,0,1,1,0,0,0,0,1,1,1,1,1,0,1,1,1,0,0,1,1,1,0,0,0,0,0,0,1,0,0,0,1,1
0,1,0,0,1,1,0,1,0,1,1,0,0,0,0,0,0,0,0,1,0,1,0,1,0,0,1,0,1,1,1,1,1,0,1,0,0,0,1,0,0,0,0,1,1,0,0,1,0,1,1,0,1,0,0,1,1,0,0,1,0,0,0,0,0,0,0,0,0,1,1,1,1,0,0
1,1,1,1,1,1,0,1,0,1,1,0,0,0,0,1,1,0,1,0,0,1,1,1,0,0,1,0,1,0,1,0,1,1,0,0,1,0,1,0,1,0,0,1,1,0,0,0,0,1,1,0,0,0,1,1,1,0,0,0,0,0,0,0,1,0,1,1,1,1,1,1,0,1,0
1,0,1,1,0,1,1,1,1,1,1,0,1,0,0,1,1,1,0,0,1,1,1,1,0,1,1,0,0,1,1,0,0,0,1,0,0,0,1,0,1,0,1,1,0,1,1,0,1,0,0,1,1,1,0,1,1,1,0,1,0,1,1,0,1,0,0,0,1,1,1,1,0,1,0
1,1,0,1,1,0,0,1,0,0,0,1,1,0,0,0,1,1,0,0,0,1,0,0,0,0,0,0,0,0,1,1,1,0,1,1,1,0,0,1,1,1,0,1,0,1,1,0,1,0,1,1,1,0,0,1,0,1,0,0,0,1,1,1,0,1,1,0,0,1,0,1,0,1,0
1,0,1,0,1,0,0,0,0,0,0,1,1,0,0,1,1,1,1,0,1,1,0,1,0,1,1,0,1,0,1,1,1,0,0,0,1,0,1,0,1,1,1,1,0,1,1,0,0,1,1,1,1,1,0,0,0,1,1,1,0,1,0,0,1,1,0,1,0,1,1,0,1,1,1
1,0,1,0,1,0,0,1,0,1,1,1,0,0,0,0,1,1,1,0,1,0,0,1,0,0,1,0,1,0,1,0,1,1,1,0,0,0,0,1,1,1,1,1,1,0,1,0,0,1,0,1,1,1,0,1,0,1,0,1,0,1,1,0,0,1,0,1,1,1,1,0,1,0,1
1,1,1,1,1,1,0,1,0,0,0,1,0,0,0,1,1,1,1,0,1,1,0,0,0,1,1,1,0,0,1,0,1,0,1,1,0,0,0,1,1,0,1,1,1,1,0,1,0,1,0,1,1,0,0,0,1,1,0,0,1,1,1,0,0,1,1,0,1,1,1,0,1,1,0
1,0,0,0,1,1,0,0,0,1,0,0,0,0,1,0,0,1,0,1,0,0,0,0,0,0,1,1,1,1,1,1,0,1,0,1,1,1,1,0,1,1,1,1,0,1,1,1,1,1,0,1,1,1,0,1,1,1,1,1,1,0,0,0,0,1,0,0,0,1,1,1,0,1,0
1,1,0,1,0,0,0,1,1,0,0,1,0,0,1,0,0,0,0,1,0,1,0,0,0,0,1,1,1,1,1,0,1,0,1,1,1,0,1,0,1,1,0,1,1,1,1,0,0,1,1,1,1,0,0,1,0,0,1,1,0,1,1,1,0,0,0,1,1,0,1,1,0,0,0
1,1,0,1,1,1,1,0,0,1,0,1,0,0,1,1,1,0,0,1,1,1,1,1,0,1,0,0,0,1,0,0,0,0,0,1,1,1,1,0,1,1,1,1,0,0,0,1,0,1,1,0,1,0,0,1,1,1,1,1,0,0,1,0,0,1,0,1,0,1,1,1,1,1,0
1,0,0,1,0,1,0,1,0,1,1,0,0,1,0,1,0,1,0,0,0,1,1,1,0,0,1,1,1,0,0,1,1,1,1,0,0,0,0,1,0,0,0,1,1,0,1,0,0,1,0,1,1,0,1,1,0,0,0,1,0,0,1,1,0,0,0,0,1,1,0,0,1,1,0
1,1,0,1,0,1,1,0,0,1,0,0,0,0,0,1,1,0,0,0,0,1,0,1,1,0,1,1,0,1,1,0,1,1,1,0,1,0,1,0,1,0,0,1,0,0,0,1,1,1,1,0,1,0,1,0,1,1,0,0,1,1,1,0,1,0,0,1,1,1,0,1,0,1,0
0,1,0,0,0,0,0,1,0,1,0,1,0,0,0,1,0,1,0,0,0,0,1,1,0,0,0,0,0,1,0,0,1,0,1,0,1,0,1,0,1,0,0,1,1,1,1,0,1,1,1,1,1,1,0,0,0,1,0,1,1,0,1,0,0,1,0,1,0,0,1,0,0,0,0
1,0,0,0,1,1,0,1,0,0,0,0,0,1,1,0,1,0,1,0,0,1,0,1,0,0,1,0,1,0,1,0,1,0,1,0,1,0,0,0,1,1,0,1,0,1,1,0,1,1,1,1,1,0,0,1,0,0,1,0,1,1,1,0,0,0,1,1,1,1,0,1,0,1,0
1,0,1,1,1,1,0,1,0,0,1,1,0,0,0,0,1,0,1,0,0,0,1,1,1,1,1,0,1,1,1,1,1,0,0,1,1,0,0,1,1,1,1,1,0,1,0,0,0,0,1,0,1,0,0,1,0,1,1,0,1,1,1,0,0,0,1,1,0,1,1,0,0,0,1
1,1,0,0,1,0,0,1,1,1,1,1,0,0,0,1,0,0,1,0,0,1,1,1,0,1,1,1,0,1,1,0,1,0,1,1,0,1,0,1,1,0,1,1,0,1,0,1,1,1,1,0,1,1,1,1,1,1,1,1,0,1,1,1,1,0,0,0,0,1,1,1,0,1,0
1,0,1,0,1,0,0,1,0,1,0,1,1,0,0,0,1,1,0,1,0,1,0,0,0,1,1,1,1,0,1,1,1,0,0,0,1,1,1,0,1,1,0,1,1,0,0,0,1,1,1,1,1,1,1,1,0,1,1,0,0,0,1,1,1,0,0,0,0,1,0,0,0,1,0
1,0,0,1,1,0,0,1,0,0,1,0,1,0,1,1,1,1,1,0,1,1,0,1,1,1,0,0,0,1,0,0,0,1,1,1,1,0,1,1,1,0,0,1,0,0,1,0,0,0,1,1,1,0,1,0,1,1,0,1,0,1,1,1,0,0,0,1,0,1,1,1,1,1,0
1,0,1,1,1,1,0,1,1,1,1,1,1,0,0,0,1,1,1,0,0,0,1,1,0,1,1,1,1,0,1,0,1,0,1,1,0,0,0,1,1,1,1,1,0,1,1,0,0,0,0,0,1,0,1,1,0,0,0,0,1,0,1,0,1,1,0,0,0,1,1,0,1,0,0
1,1,1,0,1,0,0,1,0,1,0,1,0,0,0,1,1,1,0,0,0,1,1,1,0,0,0,1,0,0,1,0,1,0,0,1,0,1,0,1,1,0,0,1,1,1,0,0,0,1,1,0,1,0,0,1,0,1,1,1,0,0,1,0,1,0,1,1,0,1,1,0,0,1,0
1,0,0,0,1,1,0,1,0,1,0,0,0,1,1,1,1,1,1,0,1,1,0,0,1,1,1,0,1,1,1,1,1,0,1,0,0,1,1,0,1,0,0,1,0,0,1,0,0,0,1,1,1,1,0,0,1,1,0,1,0,1,1,0,1,0,1,1,1,1,0,0,0,1,0
1,0,0,1,1,1,0,1,0,0,1,1,1,0,1,1,1,0,0,1,1,1,0,1,0,0,0,0,1,0,1,1,0,0,0,0,1,1,0,0,0,1,1,1,0,1,0,0,0,1,1,1,1,0,0,1,0,1,1,1,0,0,1,1,1,0,1,1,0,1,1,0,0,1,1
1,0,1,0,0,1,0,0,1,1,0,0,1,0,0,0,1,1,1,1,1,1,1,1,1,0,0,1,1,0,0,1,1,1,1,0,0,0,0,0,0,1,0,1,1,0,1,0,0,0,1,1,1,1,0,1,0,0,0,0,0,1,0,0,0,1,1,1,0,1,0,0,1,0,0
1,0,0,0,1,1,1,1,0,0,1,1,1,0,0,1,1,1,0,0,0,1,1,1,1,1,1,1,0,1,1,1,1,0,1,0,1,0,0,0,1,0,1,1,0,1,1,0,1,0,1,1,1,0,1,1,0,1,0,1,0,0,0,0,1,0,1,0,1,1,1,1,0,0,0
1,0,0,0,0,0,0,1,1,1,1,0,1,0,1,1,1,1,0,0,1,1,1,1,0,1,1,1,0,1,1,0,0,1,1,0,0,0,1,0,1,0,0,1,1,0,1,1,0,0,1,0,1,1,0,1,1,0,1,1,0,1,1,0,1,1,0,1,0,1,1,1,1,1,0
0,0,1,1,0,1,0,1,0,0,1,1,0,0,0,1,0,1,0,0,1,1,1,1,0,1,1,1,1,0,0,1,0,0,0,0,1,1,0,1,1,0,1,1,0,1,1,1,0,1,1,0,1,1,1,0,1,1,0,0,1,1,0,1,1,0,0,0,1,0,1,0,0,0,0
1,0,1,1,0,0,0,0,0,0,0,0,0,1,0,1,1,0,1,1,0,0,0,1,0,0,1,0,1,0,1,1,1,0,1,1,0,0,0,0,1,1,0,1,1,0,1,0,0,1,1,1,1,1,0,0,0,0,0,0,1,0,1,0,0,1,0,0,0,1,0,1,1,0,0
1,0,0,0,0,1,0,1,0,0,1,1,0,0,0,0,1,1,0,0,1,1,1,1,0,0,1,0,0,0,1,1,0,0,1,0,0,0,1,0,1,1,1,1,0,1,0,0,0,1,0,0,1,0,1,1,0,0,0,0,1,1,0,1,1,1,0,0,0,1,1,0,1,0,0
0,0,0,0,1,1,0,1,1,0,0,1,0,0,0,0,1,1,0,1,0,1,0,0,0,1,1,1,1,1,1,0,1,0,1,1,0,0,0,1,1,1,0,1,0,1,1,0,0,1,1,1,1,0,0,0,0,1,1,0,0,1,1,0,1,0,0,1,1,1,0,0,0,1,0
1,1,1,0,1,0,0,1,1,0,0,1,0,1,0,1,1,1,1,0,1,1,0,1,0,1,1,1,1,1,1,0,1,0,0,0,1,0,1,0,0,0,1,1,1,0,1,0,1,0,0,1,1,0,0,0,0,0,1,1,1,0,0,1,0,0,1,1,0,1,1,0,0,1,1
1,0,1,0,0,0,0,1,1,0,0,1,0,0,1,0,1,1,0,0,0,1,1,1,0,0,1,0,0,0,1,1,0,0,0,1,1,1,0,1,1,1,0,1,1,0,1,0,1,0,1,1,1,1,0,1,0,1,1,0,1,0,1,0,0,0,1,1,1,1,0,0,0,1,0
1,1,1,0,1,0,0,1,0,0,1,1,0,0,0,0,1,1,0,1,0,1,0,0,0,0,1,1,1,1,1,1,1,0,1,0,0,0,0,0,1,0,1,1,1,1,1,0,0,0,0,0,1,0,0,1,0,1,1,0,1,0,1,0,1,0,1,0,0,1,0,1,1,0,1
0,1,1,1,1,1,0,1,0,0,0,0,0,1,0,0,1,0,0,0,0,1,0,1,0,0,1,0,0,0,1,1,1,0,0,0,0,1,1,0,1,0,0,1,1,1,0,0,0,1,1,1,1,1,0,1,0,0,1,1,0,0,1,1,1,0,0,0,1,1,1,1,0,1,0
1,0,0,0,0,0,0,1,0,0,0,0,0,0,0,1,1,1,1,0,1,1,1,1,0,1,1,0,1,1,1,1,1,0,1,0,1,1,0,1,0,0,0,1,0,1,0,1,1,1,1,0,1,1,0,1,0,0,0,0,0,0,1,0,1,0,0,0,0,1,1,0,0,1,1
1,0,0,0,1,1,0,1,0,0,1,0,0,0,1,1,1,1,0,0,0,1,1,1,1,1,1,1,0,0,0,1,0,0,1,0,0,0,1,0,1,0,1,1,0,1,1,0,1,1,0,1,1,1,0,0,1,1,1,0,0,1,0,0,1,0,0,1,1,1,0,0,0,0,0
1,0,0,0,1,1,0,1,1,1,1,0,0,0,0,0,1,0,1,0,1,1,0,0,1,1,1,0,1,0,1,1,1,0,0,0,1,0,1,0,0,1,0,1,0,1,0,1,0,0,1,1,1,0,0,1,1,1,1,0,1,1,1,0,1,0,0,0,0,1,0,1,1,1,1
1,1,1,1,0,0,0,1,1,0,1,1,0,1,0,0,1,0,0,0,1,0,0,0,0,0,0,1,0,0,0,1,0,0,1,1,0,0,0,1,0,1,1,1,1,0,0,0,0,1,0,1,1,0,1,1,0,1,0,1,1,1,1,0,0,1,0,1,0,1,1,1,1,1,0
1,0,0,0,1,1,0,1,0,0,1,0,1,0,0,1,1,1,0,0,0,1,1,1,1,1,1,0,0,0,1,0,0,0,0,0,1,0,1,0,1,0,0,1,0,1,1,1,0,1,1,0,1,0,1,1,0,1,1,0,0,0,1,1,1,0,0,0,1,1,0,0,0,0,0
0,1,1,1,1,1,0,0,0,0,0,1,1,0,0,0,1,0,1,0,1,1,0,1,0,1,0,0,0,0,0,1,1,0,1,0,1,1,1,0,1,0,0,1,0,1,0,0,0,0,1,0,1,1,0,1,0,1,1,0,1,0,0,0,0,1,0,1,0,0,0,0,0,1,0
1,1,1,1,0,0,1,1,0,0,0,1,1,0,0,1,1,0,0,0,0,1,0,1,0,1,1,1,0,1,1,0,0,0,0,0,1,0,0,0,1,0,1,1,0,1,0,0,1,1,1,1,0,0,1,0,1,1,1,0,1,1,1,1,1,1,0,1,1,1,1,1,1,0,0
1,0,0,0,0,0,0,1,0,0,1,0,0,0,0,1,1,0,0,0,0,0,0,1,0,0,1,1,0,0,0,1,1,0,0,1,0,1,1,0,1,1,0,1,1,0,0,0,0,1,1,0,1,1,0,1,0,1,1,0,0,0,0,0,0,1,0,1,0,1,0,1,0,1,0
1,0,0,1,1,0,0,1,1,0,0,1,1,0,0,0,1,1,0,1,0,1,0,1,0,0,1,1,0,0,1,0,1,0,1,0,1,1,1,0,1,0,0,1,0,0,1,0,0,0,0,1,1,0,1,1,0,1,1,0,1,1,1,1,1,0,0,0,1,1,0,1,0,0,1
0,0,0,1,1,1,0,1,0,0,1,0,0,0,0,1,1,0,0,1,0,1,0,0,0,0,0,1,1,0,1,0,1,0,1,0,1,0,0,1,1,0,1,1,0,1,0,1,0,0,1,1,1,1,0,1,1,1,1,0,0,1,0,0,0,0,1,1,1,0,0,1,0,0,0
1,0,0,1,0,1,0,1,0,1,0,1,0,0,0,0,0,0,1,0,0,1,1,1,0,0,1,1,0,0,1,0,1,0,1,1,1,0,0,0,0,1,0,1,0,1,0,1,0,1,1,0,1,1,0,1,0,1,0,0,1,1,1,0,1,0,1,0,1,1,0,1,0,1,0
0,1,1,0,0,1,1,1,1,0,0,1,1,0,0,0,0,1,1,0,0,1,1,1,1,0,1,0,1,0,1,0,1,0,0,1,1,1,1,0,1,1,1,1,1,0,1,0,1,1,1,0,1,1,0,0,1,0,0,0,0,1,1,1,0,0,1,1,1,0,1,0,0,1,1
1,0,1,1,0,0,1,1,0,0,1,0,1,0,0,0,0,1,1,0,0,1,0,1,0,1,1,0,0,0,1,0,1,1,1,0,1,0,0,0,1,1,0,1,0,1,1,1,0,0,1,1,1,1,1,1,1,0,1,0,0,0,1,0,0,1,1,1,0,1,0,0,1,0,0
1,0,0,1,1,1,1,1,1,0,0,1,1,0,0,1,1,0,0,0,0,1,0,1,1,1,1,0,1,0,1,1,1,1,0,0,1,0,1,0,1,1,0,1,0,0,0,0,1,1,1,0,1,0,1,0,1,1,0,1,0,0,1,1,1,0,0,0,0,1,1,1,0,1,0
1,1,1,0,1,0,0,1,1,0,0,1,0,0,0,0,1,1,1,0,1,0,0,1,0,0,0,1,1,0,1,1,0,0,0,0,0,1,1,0,1,0,0,1,0,1,1,0,1,1,1,1,1,1,0,0,0,0,0,1,0,0,0,0,1,0,0,0,1,1,0,0,0,1,1
1,0,1,0,1,0,0,0,0,1,0,1,0,0,1,1,1,0,1,0,1,1,1,1,0,0,1,0,1,1,1,0,1,0,0,0,0,0,1,0,1,1,1,1,0,0,0,0,0,1,1,0,0,0,1,0,1,1,1,0,1,1,1,1,0,1,1,1,0,1,1,1,0,1,1
1,0,0,0,0,0,0,0,1,1,0,1,0,0,1,1,1,1,0,0,0,0,0,1,0,1,0,0,0,0,0,1,0,0,1,0,0,1,1,0,1,1,0,1,1,1,0,0,1,1,1,1,1,0,1,0,0,1,0,0,0,1,1,0,0,1,0,1,1,1,0,0,0,0,0
1,1,1,0,1,0,0,1,0,1,1,1,1,1,1,0,0,1,0,0,1,1,1,1,0,0,0,1,0,0,0,1,0,0,1,0,0,1,0,0,1,0,0,1,0,0,0,1,0,0,1,0,1,1,0,1,1,1,0,0,1,1,1,0,0,1,0,1,1,1,0,0,1,0,0
1,0,0,0,1,0,0,1,1,1,1,1,1,0,1,1,1,0,0,0,0,1,1,1,1,0,0,0,1,1,1,1,1,0,1,1,1,0,0,1,1,1,1,1,0,1,0,0,0,1,1,0,1,1,0,0,1,1,1,1,0,1,0,1,0,0,1,1,0,1,1,1,0,1,0
1,1,0,1,1,1,0,0,1,1,0,1,0,0,1,0,1,1,0,1,1,0,0,0,0,0,1,0,0,0,0,0,0,0,0,1,0,1,0,1,0,1,1,1,1,1,1,0,1,0,1,0,1,0,0,0,0,0,1,1,1,0,1,0,0,1,1,1,1,1,1,0,0,1,0
1,1,0,0,0,1,0,1,0,0,0,1,0,0,0,1,1,0,0,0,0,1,0,1,0,0,0,0,1,1,1,1,1,0,1,0,1,1,0,1,1,0,0,1,0,1,1,0,0,1,1,0,1,1,1,0,1,0,1,1,0,1,1,0,1,0,0,0,1,1,1,1,0,1,0
1,1,0,0,1,1,0,1,0,1,1,1,0,0,0,1,1,0,0,0,0,1,0,1,0,1,1,0,0,1,1,0,1,0,0,1,0,1,0,1,1,0,1,1,0,1,0,0,0,0,1,0,1,1,1,1,0,0,1,0,1,0,1,1,1,0,0,0,1,1,1,1,1,1,1
1,0,0,0,1,0,0,0,0,0,0,0,1,0,0,1,1,0,1,0,1,1,0,1,0,0,0,1,1,1,1,0,1,0,0,0,0,1,1,0,1,0,0,1,0,1,0,0,1,0,1,1,1,1,0,1,0,0,1,0,0,1,1,0,1,0,0,0,0,1,0,1,0,1,1
1,0,0,0,1,0,0,1,1,0,0,1,0,0,1,0,1,1,1,1,0,1,0,0,0,1,1,0,0,1,0,0,1,0,0,0,0,0,1,0,1,0,0,1,0,0,0,0,1,1,0,0,1,1,1,1,0,0,1,0,0,1,1,1,1,0,0,0,1,1,0,1,0,1,0
1,0,1,1,1,1,0,1,0,0,1,0,1,1,0,0,1,0,0,0,0,1,0,0,0,0,0,1,0,1,1,1,0,1,1,0,1,1,1,0,1,1,0,1,0,1,0,1,0,1,1,1,1,1,0,1,1,1,1,0,0,0,1,0,1,0,0,1,0,1,0,1,0,1,0
1,0,0,1,0,0,1,1,0,1,1,1,0,0,0,1,1,0,0,1,0,0,1,1,1,0,0,0,1,0,1,0,1,0,0,1,0,0,0,1,1,0,0,1,0,1,0,1,1,0,1,1,1,1,0,1,1,1,0,0,1,1,0,0,1,0,0,1,1,1,0,0,0,0,0
1,0,0,0,0,1,0,1,0,0,0,0,0,0,0,0,1,0,0,1,0,1,0,0,0,0,1,1,1,1,1,0,1,0,0,0,0,1,1,0,1,1,0,1,1,1,0,1,1,1,1,1,1,0,1,1,1,1,1,0,0,0,0,0,0,1,1,1,0,1,0,1,0,1,0
1,1,1,1,1,0,0,1,0,0,0,0,1,0,1,0,0,1,1,1,1,0,0,1,0,0,1,1,1,1,0,1,0,1,0,0,1,0,0,0,1,1,1,0,1,1,1,1,1,0,1,1,1,0,0,0,1,1,1,0,0,0,1,0,1,0,1,1,1,1,0,1,0,0,0
1,0,0,1,1,0,1,1,0,1,1,1,0,1,0,0,1,0,0,0,1,1,1,1,1,1,1,1,0,1,1,0,0,0,1,1,1,0,1,0,0,1,0,1,1,1,1,0,1,1,1,0,1,1,1,1,0,1,0,0,0,0,1,1,1,0,0,0,0,1,0,1,0,0,0
1,0,1,0,0,1,0,1,0,1,0,0,0,0,0,1,1,1,0,1,0,1,0,0,1,1,1,0,0,1,1,1,1,0,0,1,1,1,1,0,1,1,1,1,0,0,1,1,0,1,1,1,1,1,0,1,0,1,1,1,0,1,1,1,1,0,0,1,0,1,1,1,1,1,1
1,0,1,1,1,0,0,1,0,1,0,1,1,1,1,1,1,1,0,0,0,1,0,1,0,1,1,0,0,0,0,0,0,0,1,1,1,0,0,1,1,1,1,1,0,1,0,0,0,0,0,1,1,0,1,1,1,0,1,1,1,1,1,0,0,0,0,0,0,0,1,1,1,0,1
0,1,0,1,0,1,0,1,1,1,1,1,1,1,0,1,1,1,0,0,0,1,0,0,0,0,0,0,1,0,0,1,0,1,1,0,0,0,0,0,0,0,0,1,1,1,1,1,0,0,1,1,0,0,0,0,0,0,1,0,1,1,0,0,1,0,0,1,0,1,0,0,0,0,1
1,0,1,0,0,0,0,0,0,1,0,1,1,1,0,1,0,1,0,0,0,1,1,1,0,1,0,0,1,1,1,0,1,1,1,1,1,1,0,1,1,0,1,1,0,1,0,1,1,0,1,0,1,1,0,1,0,1,0,0,1,1,1,1,0,1,0,0,1,1,1,0,0,1,0
1,0,1,1,1,0,0,0,0,0,0,0,1,0,0,0,1,0,0,0,0,1,1,1,0,0,1,0,0,0,0,1,1,1,1,0,0,0,1,0,1,1,0,1,0,1,0,0,1,1,1,0,1,0,1,1,0,1,0,1,1,1,1,0,1,1,0,1,0,1,1,1,0,1,0
0,1,0,1,0,1,0,1,0,0,1,0,1,1,0,0,0,1,1,0,1,1,1,1,0,0,1,1,1,0,0,1,1,0,1,0,0,1,1,0,1,1,0,1,1,1,1,1,1,0,0,0,1,1,0,1,1,0,1,0,0,0,1,1,1,0,0,0,0,1,0,0,0,0,0
1,0,1,1,0,0,0,0,1,0,0,0,0,0,0,0,1,1,0,0,1,1,0,1,0,1,1,1,1,0,1,0,1,0,1,1,1,0,0,1,1,1,1,1,0,1,1,0,0,1,1,1,1,0,0,0,1,1,1,1,0,1,1,0,0,0,1,1,1,1,1,0,1,1,1
1,0,0,1,1,1,0,1,1,1,1,0,0,0,0,0,1,0,1,0,1,0,0,1,0,0,0,0,1,1,0,1,1,1,1,1,1,0,1,1,0,1,0,1,0,1,0,1,0,1,1,1,1,0,0,1,1,1,0,0,1,0,1,0,1,0,1,0,1,1,0,1,1,1,1
1,1,0,0,0,0,0,1,1,0,0,0,0,1,1,0,1,0,1,0,1,1,0,1,0,1,1,0,0,1,0,0,0,0,0,1,0,1,0,1,1,1,0,0,1,0,1,0,0,1,1,0,1,1,0,1,0,0,0,0,0,1,0,0,1,1,0,0,1,1,1,0,1,1,1
1,1,0,0,1,1,0,1,1,0,1,0,1,1,1,1,0,0,0,0,0,1,0,1,0,0,1,0,1,0,0,1,1,0,1,0,1,0,0,0,1,0,0,0,1,1,0,1,1,1,1,1,1,1,0,1,1,1,1,1,0,0,1,0,1,0,1,0,1,1,0,1,0,1,0
0,1,1,0,1,0,1,1,0,0,0,1,1,0,1,1,0,1,1,0,1,1,1,1,0,0,0,0,0,0,0,1,0,0,0,0,0,1,1,0,1,0,0,1,1,1,0,0,0,0,1,0,1,0,1,1,0,0,1,0,1,0,1,0,1,0,0,0,1,0,0,0,0,1,1
1,0,1,0,0,1,0,1,0,1,0,1,1,0,1,1,1,0,0,0,1,0,0,1,1,1,0,0,0,0,1,0,0,0,1,1,1,0,0,1,1,0,0,1,0,1,0,0,0,0,1,1,0,1,0,1,1,1,1,1,1,1,1,0,0,0,0,1,1,1,0,0,0,1,0
1,0,1,1,0,0,0,1,0,1,1,1,0,0,0,0,1,1,0,0,1,1,0,1,1,0,1,1,0,0,1,0,0,0,0,1,0,0,1,0,1,1,0,1,0,0,1,1,0,0,1,1,1,1,1,0,1,0,0,1,0,0,0,0,1,1,1,1,1,1,1,1,1,1,0
0,0,1,1,1,0,1,1,0,0,0,1,0,0,0,0,1,0,0,0,1,1,1,1,0,1,1,0,1,0,1,0,1,0,0,0,1,1,1,0,0,1,0,1,0,1,0,0,0,1,1,0,1,0,0,1,1,0,0,0,1,0,1,0,1,1,0,0,0,0,0,1,1,1,0
1,0,1,1,0,1,0,1,0,1,0,1,0,1,0,0,1,1,0,0,0,1,0,0,1,0,0,1,0,1,1,0,1,1,1,0,1,0,1,0,1,1,1,1,1,0,1,0,0,0,1,0,1,0,0,1,0,0,1,0,1,1,0,0,0,0,1,1,1,1,1,0,1,1,0
1,0,0,0,0,0,0,1,0,1,1,1,1,0,1,1,1,1,0,1,1,0,0,0,0,0,1,0,0,1,0,1,0,0,1,1,0,0,1,0,1,0,1,1,0,1,1,0,0,0,0,1,1,0,1,0,0,0,0,0,0,1,1,0,1,1,0,0,1,1,1,1,1,0,0
1,0,0,0,1,1,0,1,0,0,0,0,0,0,1,1,1,0,0,0,1,1,0,1,0,0,1,0,1,0,0,1,0,1,1,0,0,0,1,0,1,0,1,1,0,1,0,0,1,1,1,1,1,0,1,1,1,0,0,1,0,1,1,1,0,1,1,1,1,1,1,0,0,0,1
1,1,1,1,0,0,0,1,0,1,1,1,0,0,0,1,1,0,0,0,0,1,0,0,0,0,1,1,0,0,1,1,1,0,1,0,1,1,1,0,1,1,0,1,1,0,0,0,0,1,1,0,1,1,1,1,0,1,0,1,1,0,1,0,1,1,0,0,0,0,1,1,1,1,0
1,1,0,0,0,0,0,1,1,0,1,1,1,0,0,1,0,1,1,1,1,1,0,1,0,0,1,0,0,0,0,1,0,0,0,0,1,0,0,0,0,0,0,1,1,0,1,0,1,0,1,1,1,0,0,1,0,0,1,0,1,1,0,1,1,0,1,1,0,1,0,0,0,1,0
1,1,0,1,0,0,1,1,1,0,0,0,1,0,1,0,1,1,0,0,1,1,1,1,0,0,1,0,1,1,1,0,0,0,1,1,1,1,0,1,1,0,0,1,0,1,1,1,0,0,1,1,1,1,0,1,1,0,0,1,0,1,1,1,1,0,0,0,1,1,0,1,0,1,0
0,1,0,1,0,1,0,1,0,0,0,1,1,0,0,1,1,1,1,0,0,1,0,1,0,0,1,1,1,1,0,0,1,0,1,0,1,1,0,0,1,0,0,1,1,1,0,0,1,0,1,0,1,1,0,1,0,0,1,1,1,0,0,1,1,0,1,0,1,0,0,0,0,0,0
1,0,0,0,1,0,0,1,0,1,0,1,0,1,1,1,1,1,0,0,0,1,0,1,0,0,1,0,0,1,1,1,0,1,1,1,1,1,0,0,1,1,0,1,1,0,0,0,0,1,1,1,1,1,0,1,0,1,1,1,0,0,0,1,1,0,1,0,0,1,0,1,0,1,0
1,0,1,1,1,0,0,0,0,0,0,1,1,0,0,0,1,0,1,1,1,1,1,1,0,0,1,1,1,1,1,1,1,0,1,0,1,1,1,0,1,1,0,1,0,1,0,1,1,1,1,1,1,0,0,1,1,0,0,0,0,0,1,0,1,0,0,0,0,1,0,1,0,1,1
0,1,1,0,1,0,0,1,0,1,1,1,0,0,1,0,1,1,1,1,0,1,0,0,0,1,1,1,0,1,1,0,0,0,1,0,1,1,0,0,0,1,0,1,1,0,0,0,1,1,1,1,1,1,0,1,0,1,1,0,1,0,1,0,0,1,0,1,0,0,0,1,0,1,0
0,1,0,1,0,0,0,1,0,1,0,1,1,0,0,0,1,0,0,0,1,0,0,1,0,0,1,0,1,1,1,0,1,0,1,0,1,0,0,0,1,0,1,1,0,0,1,1,0,0,1,1,1,1,0,0,1,0,0,1,0,1,1,0,1,0,1,1,1,0,1,1,0,1,1
0,0,1,1,0,1,0,1,1,1,1,0,0,0,0,1,0,1,0,1,1,1,1,1,0,1,1,0,0,0,1,0,1,0,1,1,0,1,0,1,0,0,0,1,1,1,1,1,0,1,1,0,0,0,1,0,1,1,1,1,0,1,0,0,0,1,0,0,0,1,0,0,0,0,0
0,0,0,1,1,0,0,1,0,1,1,0,1,0,0,1,1,0,0,0,0,1,0,1,1,0,0,1,1,0,0,1,1,0,0,0,1,0,0,0,1,0,1,1,1,1,0,0,0,0,1,0,1,0,1,1,0,1,0,1,0,0,0,1,1,0,1,0,1,1,1,1,0,0,0
0,0,1,0,0,1,1,1,0,0,1,1,0,1,1,1,0,1,0,0,1,0,1,1,0,1,0,0,1,0,1,1,1,1,1,1,0,0,0,1,0,0,1,1,0,1,0,0,0,1,1,0,1,1,0,0,0,1,0,1,1,0,1,0,1,0,1,1,1,0,1,0,0,0,0
0,0,0,0,1,1,0,0,0,1,0,0,0,0,0,1,1,0,1,0,0,1,0,1,1,1,0,0,0,1,0,0,0,0,0,1,0,1,0,1,1,0,1,1,0,1,0,1,0,1,1,1,1,1,1,1,1,0,0,1,0,0,0,1,0,1,0,0,1,1,1,1,1,1,0
1,0,1,1,1,0,0,1,0,0,1,1,0,0,1,1,0,1,0,1,1,1,0,1,0,1,1,1,0,1,1,0,0,0,1,1,0,1,1,1,1,1,0,1,0,0,0,1,0,0,1,1,1,1,1,1,1,1,1,0,1,1,1,0,0,0,0,0,0,1,0,0,0,1,0
1,0,0,0,1,0,1,1,1,0,0,1,1,0,1,0,1,1,1,0,1,1,0,1,0,0,1,1,0,0,1,0,0,0,0,0,0,1,1,0,1,0,1,1,1,0,1,0,1,0,0,1,1,0,0,0,1,1,0,1,1,1,0,0,0,1,0,1,1,1,1,1,0,1,0
1,0,1,0,1,1,0,1,0,1,1,0,0,1,1,0,1,0,0,1,0,1,0,1,0,1,1,1,1,1,1,1,1,0,0,1,0,1,0,1,0,1,0,1,0,1,1,1,0,1,1,1,1,1,0,1,1,0,0,0,0,0,0,1,1,1,0,0,0,1,0,1,1,1,0
0,0,0,1,1,0,0,1,0,0,0,1,0,0,0,1,1,0,0,1,0,1,0,1,0,1,1,1,1,0,1,1,1,1,1,0,0,0,1,0,1,0,1,1,0,1,0,1,0,1,1,0,0,1,0,1,1,0,0,0,0,0,1,1,0,0,0,1,0,0,1,1,0,0,0
1,1,0,0,1,0,0,1,1,0,0,1,1,0,1,1,1,1,0,0,1,1,0,1,0,0,1,0,0,1,1,0,0,0,1,0,1,0,1,0,0,0,0,0,1,1,0,0,1,0,1,1,1,0,0,1,1,1,0,1,0,1,1,0,0,0,0,1,1,1,0,1,0,0,0
1,0,0,0,1,0,0,0,0,0,0,1,0,0,0,1,1,1,0,0,0,1,1,1,0,1,0,0,0,1,0,0,0,0,0,0,0,1,0,0,1,0,0,1,0,1,1,0,0,1,1,0,1,0,1,0,0,0,1,0,0,0,1,0,1,1,1,0,1,1,0,0,1,1,0
1,1,0,1,0,1,0,1,1,0,0,1,1,0,0,0,1,1,1,0,0,1,0,1,1,1,1,0,0,0,0,0,0,0,0,0,1,0,0,0,1,1,1,1,1,1,1,0,0,1,1,1,1,0,1,1,0,1,0,1,1,0,0,0,0,0,1,0,0,1,1,0,1,1,0
1,0,1,0,0,0,0,1,0,1,1,1,0,0,0,1,1,0,0,0,0,1,0,1,0,1,0,0,1,0,1,1,1,0,1,0,0,0,1,0,1,0,1,1,1,0,1,0,0,0,1,0,1,1,0,0,1,1,0,0,1,0,0,1,1,0,0,0,0,1,0,1,1,0,0
1,0,0,1,0,0,0,1,0,1,0,1,0,0,1,0,0,1,1,1,1,1,0,1,0,0,0,0,1,0,1,0,1,0,1,1,0,1,0,1,0,1,0,1,0,0,1,0,1,1,1,0,1,1,0,1,0,1,0,1,1,1,1,0,1,0,1,1,1,1,0,0,0,0,1
1,0,0,0,1,0,0,1,0,1,1,1,1,0,1,1,1,1,0,0,0,0,1,1,0,0,1,1,0,1,0,1,0,0,1,1,0,0,1,0,1,1,0,1,1,1,0,0,1,1,1,1,1,1,0,1,0,1,1,0,0,0,1,0,1,0,0,0,1,1,0,0,0,1,1
1,0,0,1,0,0,0,1,0,0,0,0,0,0,0,0,1,0,0,0,1,1,1,1,0,1,1,0,0,1,1,1,0,0,0,0,1,0,1,0,1,1,1,1,0,1,0,0,1,1,1,0,1,1,0,1,1,1,0,1,0,0,0,0,1,0,0,0,1,1,1,1,0,1,0
0,0,1,0,0,0,0,1,0,1,0,0,0,1,1,0,0,0,1,0,1,1,0,1,1,1,0,1,1,0,0,1,1,0,0,0,0,1,1,0,1,1,0,1,1,1,1,0,0,1,1,1,1,0,1,0,0,0,0,0,0,0,0,0,1,0,0,1,0,0,0,1,1,1,0
1,1,1,0,1,1,0,1,0,0,1,0,0,0,1,1,1,1,0,1,1,1,0,1,0,0,1,1,0,1,0,1,0,1,1,0,0,0,1,0,1,1,1,1,1,1,0,1,1,1,1,1,1,0,1,1,1,1,0,1,0,0,1,0,1,0,0,1,0,1,1,1,0,0,1
1,0,1,0,1,1,0,1,1,0,1,1,0,0,0,1,1,0,0,0,1,1,1,1,0,0,1,0,1,0,1,0,1,0,1,0,1,0,1,0,0,0,0,1,0,1,0,1,0,1,1,0,1,0,1,0,1,0,0,1,0,1,1,0,1,0,0,0,1,1,0,1,0,1,0
1,0,0,1,1,0,1,1,1,1,1,1,0,0,0,1,0,1,0,0,0,1,1,1,1,0,1,0,0,0,0,1,1,1,0,0,1,0,0,0,1,0,1,1,1,1,0,1,1,1,1,1,0,0,1,0,0,1,0,1,0,1,0,1,0,0,0,1,1,1,1,0,0,1,0
1,0,1,1,0,0,1,1,0,1,0,1,1,0,0,0,1,0,0,0,1,1,1,1,1,1,1,1,1,0,1,1,1,0,1,1,1,1,0,1,1,1,1,1,1,0,1,1,1,0,1,0,1,1,0,1,1,1,0,1,1,1,0,0,1,0,0,1,0,1,1,1,0,1,0
1,0,0,0,1,1,0,0,0,1,1,1,0,0,0,1,1,1,1,1,0,1,1,1,1,1,1,0,1,1,1,1,1,0,1,0,1,1,1,0,1,0,0,1,1,0,1,1,0,0,1,0,1,0,1,1,1,0,1,0,0,0,1,0,1,1,0,0,1,1,1,0,1,0,0
1,0,1,1,0,0,0,1,0,1,0,1,1,0,1,0,1,0,1,0,1,1,0,1,1,0,1,1,1,0,1,1,1,0,0,1,1,0,0,1,1,1,0,1,1,0,0,1,0,0,1,0,1,0,0,1,1,0,0,1,1,1,0,0,1,1,0,0,1,1,1,0,1,1,0
1,0,0,1,0,1,0,1,0,1,1,1,1,0,0,0,1,1,1,0,1,1,1,1,0,0,1,0,0,1,1,0,1,1,0,0,0,1,1,0,1,1,1,1,0,1,1,0,0,1,1,0,1,1,1,0,0,0,0,0,1,1,1,1,0,0,1,0,0,0,1,0,0,1,0
0,1,1,0,1,0,1,1,1,0,0,1,1,0,1,0,1,1,0,0,0,1,1,1,0,1,1,0,0,1,0,0,0,0,1,0,1,1,1,0,1,0,0,1,1,0,1,0,1,0,1,1,1,0,0,1,0,0,1,0,1,0,0,0,1,0,0,0,1,1,0,1,0,1,1
1,0,0,1,0,0,0,1,1,0,0,0,0,1,0,1,1,0,0,1,0,0,0,0,0,0,1,0,1,0,0,0,1,0,0,0,0,1,1,1,1,0,1,1,1,1,1,0,1,0,1,1,1,1,0,1,0,0,0,1,0,1,0,0,1,0,0,0,0,1,0,1,0,1,0
1,1,1,1,0,1,1,1,1,1,0,1,1,0,0,1,1,1,1,1,0,1,0,1,1,0,1,0,0,0,0,1,1,0,1,0,0,0,1,0,1,0,0,1,1,1,1,0,0,0,1,1,1,0,1,0,0,1,0,1,1,0,1,0,1,0,1,1,1,1,0,0,1,1,0
1,0,0,0,1,1,0,1,0,0,1,1,0,0,1,1,1,0,1,0,1,1,0,1,0,1,0,0,0,1,1,0,0,0,0,0,0,0,1,0,1,1,0,1,0,1,0,1,0,1,1,0,1,1,0,1,0,1,1,0,1,1,1,0,1,0,1,1,0,1,0,0,0,1,1
1,0,1,0,1,1,0,1,0,1,0,1,0,0,1,0,0,0,0,1,0,1,0,1,0,0,1,0,0,0,1,1,0,1,1,1,0,0,0,0,1,1,1,1,0,1,0,0,0,1,1,0,1,0,1,1,0,1,1,0,0,0,1,0,0,0,0,0,1,0,1,0,1,1,0
1,0,0,0,1,0,0,1,0,0,0,1,0,1,0,1,0,1,0,0,1,1,0,0,0,0,0,0,1,0,1,0,1,1,1,0,0,1,0,0,1,0,0,1,0,1,1,1,0,1,1,1,1,0,1,0,0,0,1,1,0,1,1,0,1,0,1,1,1,1,0,1,1,1,0
1,0,0,0,1,1,0,0,0,0,0,1,0,0,0,1,1,1,1,0,1,1,0,0,0,0,1,0,1,1,1,0,0,0,0,0,0,0,1,0,0,0,0,1,0,1,1,1,1,1,1,1,1,0,1,0,1,0,1,1,1,1,1,0,0,0,1,1,1,1,1,1,1,1,0
1,0,0,1,1,0,0,1,0,0,0,1,0,1,1,1,0,1,0,0,1,1,0,1,1,0,1,1,1,1,1,1,0,0,1,1,0,1,1,1,1,0,0,1,0,0,0,0,1,1,0,1,1,1,0,1,0,1,1,0,1,0,0,0,0,0,1,1,1,1,0,0,0,0,0
1,0,1,1,0,0,0,1,0,1,0,0,1,0,0,0,1,1,1,0,0,1,0,0,0,0,1,0,0,0,1,1,1,0,0,0,0,1,1,0,1,1,0,1,0,0,0,1,0,0,1,1,1,1,1,1,1,0,1,0,0,0,1,1,1,0,1,0,0,1,0,0,1,1,1
1,1,0,1,0,0,0,1,1,0,0,1,0,1,0,1,1,0,0,0,0,1,0,1,0,0,1,0,1,1,0,1,0,0,0,1,1,1,0,1,1,0,1,1,1,1,0,0,0,1,1,0,1,1,0,0,0,1,1,1,0,0,1,0,0,0,1,1,1,1,1,1,0,1,0
1,0,0,1,1,0,0,1,0,0,1,1,1,0,0,1,0,0,1,0,0,1,1,1,0,0,0,0,1,0,0,1,1,0,0,0,0,1,0,1,0,0,0,1,0,1,0,1,1,0,1,0,1,0,1,1,0,1,0,1,0,1,1,0,1,0,0,0,0,1,0,1,0,0,0
1,0,0,0,0,0,0,1,0,0,0,0,1,0,0,1,1,0,0,1,1,0,0,0,1,1,1,0,0,1,0,0,0,1,1,0,0,0,0,0,1,1,0,1,1,1,0,1,0,1,0,1,1,1,0,1,0,0,1,0,1,0,0,0,1,0,1,0,0,1,1,1,0,1,1
1,0,0,0,1,0,1,1,0,0,1,0,1,0,0,0,1,0,0,0,0,1,1,1,1,1,1,0,0,1,1,0,0,0,1,1,0,1,0,1,1,0,1,1,1,1,1,0,0,0,1,1,1,0,1,0,0,0,1,1,0,0,1,1,0,0,0,0,0,1,1,1,1,1,1
1,1,0,0,1,1,0,1,0,1,1,0,1,1,0,0,0,0,0,0,0,0,0,1,1,0,1,0,1,0,1,1,1,1,0,1,1,0,0,1,0,0,0,1,0,1,0,1,1,0,1,1,1,1,0,1,0,0,1,0,0,1,1,0,0,0,0,0,0,1,0,0,0,0,1
1,1,1,0,1,1,0,1,0,1,0,1,0,0,0,1,0,0,1,1,0,1,1,1,1,1,1,1,1,1,1,0,1,1,0,1,0,0,0,1,1,0,0,1,1,0,0,0,0,0,1,0,1,1,1,1,0,0,1,0,1,1,1,0,1,1,0,0,0,1,0,1,1,1,0
0,1,1,0,0,1,0,1,0,1,1,0,0,0,0,0,1,1,0,0,0,1,1,1,1,0,1,0,1,0,1,1,1,0,1,1,0,0,0,1,0,1,1,1,1,1,0,0,0,1,1,0,1,1,0,1,0,1,1,1,0,0,1,1,1,0,0,0,0,1,0,0,1,1,0
1,0,1,1,1,0,0,1,0,0,0,1,0,0,0,0,1,0,0,0,1,1,0,1,1,0,1,1,1,0,1,1,0,0,1,1,0,0,1,1,1,0,1,1,0,1,0,0,0,1,1,1,1,1,0,1,0,1,1,0,0,0,0,1,1,0,0,0,1,1,1,0,1,1,1
1,0,0,1,1,1,0,0,1,1,0,0,0,0,0,1,0,0,1,0,0,1,1,1,0,1,1,0,1,0,1,1,1,1,1,1,0,0,0,1,1,1,1,1,0,1,0,0,1,0,1,0,1,0,1,1,0,1,0,1,1,1,0,1,1,0,1,1,1,1,1,1,0,0,0
1,0,0,0,0,1,0,0,0,0,0,1,0,0,0,0,1,1,0,0,0,1,1,1,1,1,1,0,1,1,1,0,0,0,0,0,1,1,1,0,0,1,0,1,0,0,1,0,0,1,1,0,1,0,0,0,0,0,1,1,1,0,1,0,0,1,1,1,1,1,0,0,0,1,0
1,0,0,1,1,0,0,1,0,0,0,0,0,0,1,1,1,0,1,1,0,1,0,0,0,1,1,0,1,1,1,0,0,0,1,1,0,0,0,1,1,0,1,1,1,0,0,0,1,1,1,1,1,1,0,0,0,1,1,0,0,0,0,1,0,0,1,0,1,1,0,0,0,1,0
1,0,0,0,0,0,0,1,0,1,0,0,0,0,0,1,1,1,0,0,1,0,0,1,1,1,1,0,1,1,1,1,1,0,1,1,1,1,0,1,0,0,0,1,0,1,1,1,0,0,0,1,0,1,0,0,1,1,1,1,0,1,1,0,1,0,1,1,1,1,1,0,0,1,0
1,0,1,0,1,0,0,1,1,0,0,1,1,0,0,1,1,1,0,0,1,1,0,1,0,0,0,0,1,0,1,0,1,0,0,0,1,0,1,0,1,1,0,1,1,1,1,0,0,0,1,0,1,0,1,0,1,0,1,0,0,1,1,0,1,0,1,1,1,1,0,0,0,1,0
1,0,0,0,0,0,0,1,0,1,1,1,0,0,0,0,1,0,1,0,1,1,0,0,0,0,1,0,1,1,0,0,1,1,1,0,1,0,1,0,1,1,0,1,1,0,0,0,0,1,1,1,1,1,0,0,0,0,1,1,0,0,0,0,1,0,0,0,0,1,0,1,1,1,1
1,0,0,0,0,0,0,1,0,0,1,0,0,0,0,1,1,1,1,1,1,0,0,1,0,0,1,0,0,0,1,0,1,0,1,0,1,0,1,0,1,1,0,1,0,1,1,0,1,1,1,1,1,0,1,0,0,1,1,1,1,1,0,0,1,0,0,0,1,1,0,0,0,1,0
1,1,1,0,0,1,1,1,0,0,0,0,0,0,0,0,1,0,1,0,0,1,1,1,0,0,1,1,1,1,1,0,1,0,0,0,0,0,1,0,1,1,1,1,1,1,0,1,0,1,1,0,1,1,0,1,1,1,1,0,0,1,0,0,0,0,0,1,0,1,1,1,0,0,0
0,1,0,1,1,1,0,1,0,1,0,1,0,0,1,0,1,1,0,0,1,1,1,1,0,0,0,1,0,1,1,0,0,0,0,1,0,0,0,1,1,1,0,1,0,1,1,0,1,0,0,1,1,0,0,1,0,1,0,1,0,1,0,1,0,0,1,1,1,0,0,1,0,1,0
1,0,1,1,0,0,0,1,0,1,0,1,0,0,0,0,1,1,0,0,0,1,0,1,0,1,1,1,0,0,0,0,1,0,1,0,1,0,1,0,1,0,0,1,1,0,0,1,0,1,1,0,1,0,0,1,0,1,1,1,0,0,1,1,1,0,0,0,1,1,0,0,1,1,1
1,0,1,0,0,1,0,0,0,0,0,0,0,0,0,1,1,0,0,0,1,1,1,1,1,0,1,0,1,0,1,0,0,0,1,1,1,1,0,1,1,1,0,1,1,0,1,1,0,0,1,0,1,1,0,0,1,1,1,1,0,1,1,1,0,1,0,1,0,0,0,1,0,1,0
1,1,0,1,1,1,0,1,0,0,0,1,0,0,0,1,1,0,0,0,1,1,1,1,0,1,0,0,1,0,1,1,1,0,1,1,0,0,0,1,1,0,0,1,1,0,0,0,1,1,0,0,1,1,0,1,0,0,0,1,0,0,1,0,0,1,0,1,1,1,0,1,0,1,0
1,1,0,1,1,1,0,1,1,0,0,1,0,0,1,0,1,0,1,0,1,1,0,1,1,0,0,0,0,0,0,1,1,0,1,1,1,1,0,1,1,0,0,1,1,0,1,1,1,1,1,0,1,0,1,1,1,0,1,0,1,0,1,0,1,0,0,0,1,0,0,1,0,0,0
1,0,1,1,0,1,0,1,1,0,0,0,1,0,1,1,1,0,1,0,1,1,0,1,1,0,1,1,1,0,0,1,0,0,0,0,1,1,0,0,0,1,0,1,1,0,1,0,0,1,1,1,1,1,0,1,0,0,0,0,0,1,0,0,0,0,0,0,0,1,0,0,1,1,0
0,0,1,1,0,0,0,1,0,0,0,1,0,0,0,0,1,1,0,0,0,0,0,0,0,1,1,1,1,1,0,0,1,0,1,0,1,0,0,0,0,1,1,1,1,1,0,0,1,1,0,1,1,1,0,0,0,1,0,0,0,0,1,0,1,0,1,0,1,1,1,0,0,0,0
0,0,1,1,1,0,1,1,0,1,0,0,0,0,1,0,1,0,0,1,1,0,0,1,1,0,1,0,1,1,1,0,0,0,0,1,1,0,0,1,1,1,1,1,0,0,1,1,0,1,0,1,1,1,0,1,1,0,0,0,0,0,1,0,0,0,1,1,0,1,1,0,1,1,0
0,1,0,0,1,0,1,1,0,1,1,1,0,1,1,0,0,1,0,0,1,1,1,1,0,0,0,0,1,0,1,1,0,0,1,1,0,1,0,1,0,1,1,1,1,1,1,1,0,1,1,0,1,0,0,1,1,1,1,0,1,0,0,0,0,0,0,1,1,0,1,0,1,0,0
1,0,0,1,0,1,0,1,0,0,1,0,1,0,0,0,1,1,1,0,1,1,0,1,1,1,0,0,0,0,1,0,0,0,1,1,1,1,1,1,1,1,0,1,0,0,1,0,0,1,1,1,1,1,0,1,0,0,1,0,0,0,1,1,1,0,1,0,0,1,0,0,0,0,0
0,0,0,0,0,1,0,1,1,0,1,1,1,1,0,1,0,1,0,0,0,1,1,1,0,1,1,0,1,1,0,0,1,0,1,0,0,1,1,0,1,0,1,1,1,0,1,0,0,1,1,0,1,1,0,0,0,1,1,0,1,1,1,0,1,0,1,0,1,1,1,0,0,0,0
0,0,1,0,1,0,0,0,1,1,0,0,1,0,0,1,1,0,0,1,1,1,0,1,1,0,0,1,1,1,1,1,0,0,1,1,0,1,0,1,0,0,1,1,0,1,1,0,1,0,1,1,1,1,0,1,1,0,1,1,0,0,1,0,0,1,1,0,1,1,1,1,0,1,1
1,0,0,1,1,0,0,1,1,0,0,1,0,1,0,1,0,1,1,1,1,1,0,1,0,0,1,0,0,0,0,0,1,1,0,1,1,0,0,1,1,0,0,1,1,1,0,1,1,1,0,1,1,0,1,0,1,1,1,1,0,1,0,0,1,0,1,1,1,1,0,0,0,0,0
1,1,1,0,0,1,0,1,0,1,1,0,0,0,0,1,1,1,1,1,0,1,0,0,0,0,1,1,0,0,0,0,1,0,0,0,0,0,0,1,0,0,0,1,1,0,1,1,0,1,1,1,1,0,0,1,0,0,0,0,0,0,0,0,0,1,1,0,1,1,0,0,1,1,0
0,0,1,0,0,0,0,1,0,1,1,1,1,0,0,1,0,0,1,0,0,1,0,1,0,1,1,0,1,0,0,0,1,0,0,1,1,0,0,1,1,1,0,1,1,1,0,0,1,0,1,1,1,1,0,0,0,1,1,0,1,1,1,1,1,0,0,0,1,0,0,0,0,0,0
1,0,1,0,0,0,0,0,0,1,0,1,0,0,0,0,1,1,0,1,0,1,0,1,0,0,1,1,1,0,0,1,0,0,1,0,1,1,1,0,1,1,0,1,1,0,1,0,1,0,1,1,1,1,1,1,0,1,1,0,1,1,0,0,0,1,1,1,1,1,0,0,0,1,0
1,0,1,0,0,1,0,1,0,0,0,1,0,0,0,1,0,0,0,0,0,0,1,1,1,1,0,0,1,0,1,1,1,0,1,1,1,0,0,1,1,0,0,1,0,1,0,0,1,1,1,0,1,1,0,0,0,1,1,1,0,0,0,0,0,0,1,0,1,1,0,1,0,1,0
1,1,1,1,0,1,1,1,0,0,0,1,0,0,0,1,1,0,0,0,0,1,1,1,1,0,0,1,1,1,1,1,1,1,1,0,1,0,0,1,0,0,0,1,1,1,0,1,0,0,0,0,1,0,1,0,1,1,1,1,0,1,1,1,0,1,1,1,1,1,0,1,0,1,0
1,0,1,0,1,0,0,1,0,0,0,0,0,0,0,1,0,1,1,1,1,0,0,1,1,1,1,0,1,1,1,0,1,0,1,0,0,0,0,1,1,1,0,1,0,1,0,0,1,1,1,0,1,0,1,1,1,1,1,0,0,1,1,0,0,0,1,1,0,1,0,0,0,1,0
1,0,0,1,0,0,0,1,1,1,0,1,1,0,0,0,1,1,1,1,1,1,0,1,1,1,1,0,1,1,0,0,1,0,1,0,1,1,1,0,1,1,0,1,0,1,0,0,0,0,1,1,1,0,1,1,0,1,0,0,1,0,1,1,1,0,0,0,1,0,0,0,0,1,1
1,0,1,0,1,1,0,1,0,1,1,1,0,0,1,0,1,1,1,0,1,0,0,0,0,0,1,0,1,1,0,0,1,0,1,0,1,0,1,0,1,0,0,1,1,0,1,1,1,1,1,1,1,0,0,1,1,0,0,0,1,1,1,0,1,1,0,0,1,1,0,1,1,0,0
1,0,0,0,1,1,0,1,0,1,0,0,1,0,0,0,1,0,1,0,0,0,1,1,1,1,1,0,1,1,1,1,1,0,1,0,1,0,1,0,1,1,0,1,0,0,0,0,0,0,1,1,1,0,1,1,0,0,1,1,0,0,1,0,1,0,0,1,0,1,0,1,1,1,0
1,0,1,0,0,0,0,1,1,0,0,0,0,0,0,0,0,1,0,0,0,1,0,1,0,1,1,1,0,0,1,0,0,1,0,1,1,0,0,1,1,0,0,1,0,0,0,0,0,1,1,1,1,0,1,1,0,1,1,0,0,1,1,0,0,0,0,0,0,1,0,0,1,1,1
1,0,1,1,1,1,0,0,0,1,0,1,0,1,1,1,1,0,1,1,1,1,0,1,1,0,1,1,0,1,1,1,1,1,1,1,1,0,0,1,0,0,0,0,0,1,0,1,0,1,1,1,0,0,1,0,1,1,0,0,1,0,1,0,1,1,0,0,1,1,0,1,0,1,0
1,0,0,1,0,1,0,1,1,0,1,1,1,0,0,1,1,1,0,1,1,1,0,0,0,0,1,0,1,0,0,1,0,0,1,0,1,0,0,0,0,0,0,1,1,1,1,1,1,0,1,1,1,0,1,0,1,0,1,1,1,0,0,1,0,0,0,1,0,1,1,0,0,1,0
1,0,1,0,1,0,1,1,0,1,0,1,1,0,1,1,0,0,0,0,1,1,1,0,0,0,1,0,1,1,1,0,0,0,0,1,1,0,1,1,0,0,0,1,0,1,0,0,1,1,1,0,1,0,1,0,0,0,1,1,1,1,1,0,1,0,1,0,1,1,1,1,0,1,0
1,1,1,1,0,1,0,1,1,0,1,1,0,1,1,1,1,0,1,1,1,1,1,1,1,0,0,0,1,0,0,1,0,0,1,1,1,1,0,1,1,0,0,1,1,0,0,0,1,1,1,1,1,1,0,1,0,1,0,0,0,1,1,0,0,0,1,1,0,1,0,0,0,1,0
1,0,0,1,0,0,0,1,0,0,0,1,0,0,0,1,1,0,1,0,1,1,0,1,0,0,1,0,0,1,1,1,1,0,1,0,0,0,1,0,1,1,0,1,0,1,0,1,0,0,1,1,1,0,1,1,1,0,0,0,1,1,1,0,0,0,0,0,0,0,0,0,1,1,0
1,1,0,1,0,1,0,1,0,1,0,1,0,0,0,0,1,0,0,0,1,0,0,1,0,1,0,0,0,1,0,0,0,0,1,0,0,0,0,1,0,0,0,1,1,0,0,0,1,1,0,1,1,1,0,1,0,1,0,1,1,1,1,0,1,0,0,0,1,1,0,1,1,0,1
1,0,1,1,1,1,0,1,0,1,1,1,1,0,1,1,1,1,0,1,0,1,0,1,0,0,1,0,0,0,1,0,0,1,1,1,0,1,0,1,1,1,0,1,0,1,0,0,0,0,1,1,1,1,0,1,0,1,0,0,1,1,1,0,1,0,0,0,0,1,0,0,0,1,0
1,0,0,0,1,0,0,1,1,1,0,1,0,0,0,1,1,1,0,0,0,1,0,1,1,1,1,0,1,0,1,1,1,1,0,1,1,0,0,1,1,0,1,1,0,1,1,0,0,1,0,1,1,0,1,0,0,1,1,0,0,0,1,0,1,1,0,0,1,1,1,0,1,1,1
1,0,0,0,0,1,0,0,1,0,0,1,1,0,0,1,0,0,1,0,0,1,0,1,0,0,1,0,0,0,0,1,1,0,0,1,0,1,1,0,1,1,0,1,0,0,1,0,0,1,1,1,1,1,0,0,1,0,1,0,1,0,1,1,1,1,0,0,0,1,1,1,1,1,0
1,0,0,1,0,0,0,0,0,0,0,0,1,0,0,0,1,1,0,0,0,0,1,1,0,0,1,1,1,1,0,1,1,0,0,0,1,0,0,0,1,1,0,1,1,1,1,0,0,1,1,0,1,1,0,1,0,1,1,0,0,1,1,0,1,0,1,0,1,1,1,0,0,1,0
1,0,0,1,1,0,0,1,0,0,0,1,1,0,0,0,1,0,1,0,1,0,0,1,0,1,0,1,1,1,1,0,0,1,0,0,0,0,1,0,1,1,1,1,0,1,0,0,0,1,1,1,1,1,0,1,0,1,0,1,1,0,0,0,1,0,0,0,0,1,1,0,1,1,1
1,1,0,0,0,1,1,1,1,1,1,0,0,0,1,0,0,0,0,0,0,1,1,1,1,0,0,0,1,0,1,1,0,0,1,1,1,0,0,0,1,1,1,1,0,1,0,1,0,1,1,0,1,0,0,1,1,0,1,0,1,0,1,0,1,0,1,0,1,1,1,0,0,0,0
1,0,0,0,1,1,0,1,1,1,1,1,1,0,1,0,0,1,0,0,1,1,0,1,1,1,1,0,1,0,1,1,1,0,0,1,0,1,1,0,1,1,0,1,0,1,1,0,1,1,1,1,1,0,0,1,0,1,1,0,1,0,1,0,1,1,0,1,0,1,0,1,0,1,1
1,0,1,1,0,1,1,0,1,1,0,0,0,0,1,1,1,1,0,0,0,1,0,1,1,1,1,1,1,0,1,0,0,0,0,0,0,1,0,0,1,1,0,1,1,1,1,0,0,1,1,1,1,1,0,0,0,1,1,1,0,0,0,0,1,1,1,1,1,1,1,1,1,1,0
1,0,0,0,1,1,0,0,0,1,0,1,0,1,0,0,0,1,0,0,1,1,1,1,1,1,0,0,1,0,0,1,1,0,0,0,0,0,0,1,1,1,0,1,1,0,1,1,0,1,0,0,1,0,1,1,1,0,0,0,1,1,0,0,1,1,0,1,0,1,1,0,1,1,0
1,0,1,1,1,0,0,1,1,0,0,0,0,0,0,0,0,0,1,0,0,1,1,1,1,0,0,0,0,1,1,1,1,0,0,0,1,1,0,0,1,1,0,1,1,0,1,0,0,1,1,0,1,1,0,0,0,0,0,1,0,0,1,0,1,0,1,0,0,1,0,1,0,1,0
1,1,0,1,0,0,1,1,0,0,0,1,1,0,1,0,1,0,0,1,1,1,0,0,0,0,0,1,1,1,1,0,0,0,0,0,1,1,1,0,1,1,0,1,1,1,0,1,1,1,1,1,1,1,0,1,1,0,0,1,1,1,0,1,0,1,0,1,0,1,0,1,0,1,0
1,0,1,0,1,1,0,0,1,0,0,0,1,0,0,1,1,0,1,1,1,1,0,1,1,0,1,1,1,1,1,1,1,0,1,0,1,1,1,0,1,1,0,1,1,0,1,0,0,1,1,1,1,1,0,0,0,0,0,0,1,1,0,0,1,1,0,0,0,1,0,1,0,0,0
1,0,1,1,0,0,0,1,1,1,0,1,1,0,1,0,1,1,0,1,1,1,0,0,0,1,1,1,0,0,0,0,0,1,1,1,0,0,0,1,1,1,0,1,1,1,0,0,0,1,1,1,1,0,0,1,0,0,0,1,0,1,0,0,1,1,0,0,0,1,0,0,1,1,0
1,0,1,0,1,0,1,1,0,1,1,1,0,0,0,0,1,0,0,0,0,1,0,1,0,1,1,1,0,1,0,1,0,0,1,0,1,0,1,0,1,1,0,1,0,0,1,0,1,1,1,1,1,0,0,1,0,0,1,1,1,1,1,0,0,0,1,1,1,1,1,1,1,1,0
0,1,0,1,1,0,0,1,0,0,1,1,1,0,0,1,1,0,1,0,1,1,0,1,1,0,1,1,1,0,1,0,1,0,1,1,1,0,0,1,1,0,0,1,1,0,1,0,0,0,1,1,1,0,1,0,1,1,0,0,1,1,0,0,1,0,1,1,1,0,1,0,1,1,1
1,0,1,0,1,1,0,1,0,0,1,0,0,1,0,0,1,1,1,0,1,0,1,1,1,0,1,1,1,1,0,1,1,1,0,0,1,0,0,0,0,1,1,1,1,1,1,0,0,1,1,1,1,0,0,1,0,0,0,1,1,0,0,0,1,0,1,0,1,1,1,0,1,1,0
1,0,1,1,1,1,1,1,0,0,1,1,0,1,0,0,1,0,0,1,0,1,1,1,1,1,1,0,1,1,1,0,1,0,1,0,1,0,0,1,1,1,0,1,0,1,0,0,0,1,1,0,1,0,1,1,0,1,0,1,1,1,1,0,0,0,1,1,0,1,1,1,0,0,0
0,0,0,1,0,1,0,1,1,1,1,1,0,0,1,0,0,1,1,0,0,1,0,1,0,0,0,1,0,1,0,1,0,1,1,0,1,1,1,0,1,1,0,0,0,1,1,0,0,1,0,1,1,1,0,0,0,1,0,0,0,0,1,0,1,0,0,0,1,1,0,0,1,0,0
0,1,1,1,1,0,0,1,1,1,0,1,1,0,1,0,1,0,0,0,0,1,1,1,0,0,1,0,1,0,0,0,1,0,1,0,1,1,1,0,1,1,1,1,1,1,0,0,1,0,1,0,1,1,0,1,0,1,0,1,0,1,1,0,0,0,0,0,1,0,1,0,0,1,0
1,0,1,0,0,1,0,1,0,0,1,1,1,0,0,0,0,1,1,0,1,1,0,1,0,1,1,0,0,0,1,0,0,0,1,0,0,1,1,0,1,0,1,1,0,1,0,0,0,1,1,1,1,1,0,1,0,0,0,1,0,1,0,1,0,1,1,0,0,1,1,0,0,0,0
1,0,1,1,1,1,0,1,0,1,1,1,1,0,0,1,0,0,1,0,0,1,0,0,0,0,1,0,1,0,0,1,1,0,0,1,0,1,0,1,1,0,1,1,1,0,1,1,1,1,1,1,0,0,1,0,0,0,1,0,1,0,1,0,1,0,1,0,1,1,1,1,1,1,0
0,0,0,0,1,0,0,0,0,0,0,1,0,0,0,0,1,1,0,1,1,1,1,1,1,1,1,0,1,1,0,1,1,0,0,0,0,1,1,0,1,1,1,1,0,1,1,1,0,1,1,0,1,0,0,1,1,0,1,0,1,1,1,1,0,1,0,1,0,1,1,0,1,1,0
1,0,0,1,1,1,0,1,0,0,0,0,1,0,1,1,0,1,0,1,1,1,1,1,0,0,0,0,0,1,1,1,0,0,1,0,0,0,1,0,1,0,0,1,1,1,0,0,1,0,1,0,1,0,1,1,0,1,0,1,0,1,0,0,1,0,0,1,0,1,0,0,0,1,0
1,0,0,0,0,1,0,1,0,0,1,1,0,0,1,0,1,1,1,0,1,1,0,0,0,1,1,0,1,1,0,0,1,0,0,1,0,1,1,0,0,0,0,1,1,1,0,0,0,0,1,1,1,1,0,1,0,1,1,1,1,1,1,0,1,0,0,0,1,1,0,0,0,1,1
1,1,1,0,0,0,0,1,0,0,1,0,0,0,1,0,1,1,0,1,1,1,0,0,1,0,1,1,0,1,1,0,0,0,1,0,1,0,1,0,1,1,0,1,0,1,1,0,1,1,0,1,0,0,1,0,0,1,1,1,0,1,0,0,0,0,0,0,0,1,1,0,1,1,0
1,1,1,1,1,0,0,1,0,1,0,1,1,0,1,1,1,1,0,0,1,1,0,1,0,1,1,1,1,1,1,1,1,0,0,1,0,0,0,1,1,1,1,1,1,1,0,1,1,0,1,1,1,1,1,1,1,0,0,1,1,0,0,0,0,0,1,1,1,1,1,1,0,1,1
1,0,0,0,0,0,0,1,0,0,1,1,0,0,0,0,1,0,0,1,0,0,0,1,0,1,1,1,0,1,0,0,0,0,0,1,0,0,0,1,1,1,0,1,1,0,1,0,0,1,1,1,1,0,0,0,0,0,0,0,1,0,0,0,0,0,0,1,1,1,0,1,1,1,0
1,1,0,0,0,1,0,1,0,1,0,0,1,0,0,0,1,1,0,0,0,1,0,1,1,1,1,0,1,0,0,0,1,0,1,0,1,1,1,0,0,1,1,1,1,0,1,1,0,0,1,1,1,1,0,1,0,0,1,1,0,1,1,1,1,0,0,0,0,1,0,1,1,1,0
0,0,0,1,1,1,0,0,0,1,1,0,0,0,1,1,1,0,0,1,1,0,0,1,0,0,1,1,0,0,1,0,0,0,0,1,1,0,0,1,0,1,0,1,1,1,1,0,0,1,1,1,1,0,0,0,0,0,0,0,1,1,0,0,0,1,1,0,0,1,1,0,0,1,0
1,1,0,1,1,0,0,0,1,1,0,1,1,0,1,0,0,1,0,0,0,0,1,1,0,0,1,1,1,0,1,0,0,0,1,0,0,0,1,0,1,1,1,1,0,1,1,1,0,0,0,0,1,1,0,1,1,1,0,0,0,1,1,0,0,1,1,0,1,1,1,0,1,1,0
1,0,0,0,1,0,0,1,0,1,0,0,1,0,1,1,1,1,0,0,1,1,0,1,0,1,0,1,0,1,1,1,0,1,0,0,1,0,1,0,0,0,1,1,0,1,0,0,0,0,0,1,1,0,1,1,1,1,1,1,0,0,1,0,1,0,0,0,1,1,1,1,0,1,1
1,0,0,1,0,0,0,1,0,1,0,1,0,0,1,0,1,1,0,0,1,0,0,0,0,0,1,1,0,1,1,1,1,0,1,1,0,1,1,0,1,1,1,1,0,0,1,0,0,1,1,0,1,0,1,1,0,1,1,0,0,0,1,0,0,0,0,1,0,1,1,0,0,0,0
1,0,0,1,1,1,0,1,1,0,1,1,1,0,1,0,1,1,0,0,0,0,0,1,0,0,1,0,0,0,1,0,0,0,0,0,0,1,1,0,1,0,0,1,0,1,1,0,0,0,1,1,1,1,0,1,0,0,1,0,0,1,1,0,1,0,0,1,0,1,0,1,1,1,0
1,1,1,0,1,1,0,1,1,0,0,1,1,0,0,0,1,0,1,0,1,0,0,1,0,0,1,1,1,1,0,0,1,1,1,0,0,0,1,0,1,0,0,1,1,1,1,0,0,1,1,1,1,0,1,1,1,1,0,1,1,0,1,0,1,0,0,0,1,1,1,1,0,1,0
1,1,1,1,1,0,0,1,0,1,0,1,0,0,0,0,1,1,1,0,0,0,0,1,0,1,1,0,0,1,0,0,0,1,1,1,1,1,0,1,0,0,1,1,1,1,1,0,1,1,0,1,1,1,0,1,0,0,1,0,1,0,1,0,1,0,0,0,1,1,1,0,0,0,0
1,0,1,1,1,0,0,1,0,0,0,1,0,1,1,1,1,0,1,0,1,1,1,1,0,1,0,0,1,0,1,1,0,0,0,0,1,1,1,1,1,0,0,1,0,1,0,1,1,1,1,0,1,0,1,1,0,1,1,0,1,0,1,0,0,1,1,1,0,1,0,1,0,1,0
1,0,0,1,0,1,0,1,1,1,1,1,1,0,1,0,1,1,0,1,1,0,0,0,0,0,0,0,1,1,1,0,0,0,1,0,0,1,0,0,1,1,1,1,0,1,1,0,1,0,1,1,1,1,1,0,1,1,0,1,1,1,0,0,1,0,1,0,0,1,1,1,0,1,0
1,0,1,0,0,0,0,1,0,0,1,0,1,0,0,1,0,1,0,0,0,0,0,1,1,0,1,0,1,1,0,1,1,0,0,0,1,0,1,0,1,0,0,1,1,1,0,0,1,0,1,1,1,0,1,0,0,1,0,1,0,1,0,0,0,0,1,1,1,1,1,1,0,0,0
0,1,0,1,1,0,0,1,0,1,0,0,1,0,0,1,1,0,0,0,0,1,0,1,0,0,0,0,1,1,1,0,1,0,1,1,0,0,0,1,1,0,1,1,1,1,0,1,1,0,1,1,1,1,1,0,0,1,0,1,0,1,1,0,0,1,0,1,1,1,1,1,0,1,0
1,0,1,1,1,0,0,1,1,1,0,1,0,0,1,1,0,0,0,1,0,1,0,0,0,0,1,1,1,0,1,0,0,0,1,1,1,0,0,1,0,1,0,1,0,1,0,0,1,1,1,0,1,1,0,0,0,1,0,1,0,1,1,0,0,1,1,1,1,1,1,1,0,1,0
1,1,1,0,0,1,0,1,0,1,1,1,0,0,1,0,1,0,1,0,1,1,0,1,0,0,1,0,0,0,0,1,0,0,0,1,1,0,1,0,1,1,0,1,0,1,1,0,0,1,1,1,1,1,0,0,1,1,1,1,0,0,1,0,1,0,0,0,0,1,0,0,0,1,0
1,0,0,1,0,1,0,1,1,0,1,1,1,0,0,1,1,1,0,0,0,1,0,1,1,1,0,0,1,1,1,1,1,0,0,1,1,1,0,1,1,0,0,1,1,1,1,0,0,0,1,1,1,1,0,0,0,1,1,1,1,0,1,0,1,0,0,0,0,1,0,0,0,1,0
1,0,0,0,0,0,0,0,0,1,0,1,0,0,1,1,1,0,0,1,1,1,1,1,0,0,1,1,0,0,1,0,0,0,1,1,0,0,0,1,1,0,0,1,0,0,0,0,1,0,1,0,1,0,1,0,1,1,1,0,1,0,1,1,0,1,1,1,1,1,0,0,0,1,0
1,0,0,0,0,0,1,1,0,0,1,1,0,0,0,1,1,1,1,0,1,0,1,1,0,0,1,1,1,0,0,0,0,0,1,0,1,0,1,0,1,0,1,1,1,1,0,0,0,1,1,0,1,1,0,0,0,1,1,0,1,0,1,0,0,1,0,1,1,1,1,0,0,0,0
1,0,0,1,0,0,0,0,1,0,0,1,0,0,0,0,1,1,1,0,0,1,0,1,0,1,1,0,0,0,1,1,0,0,1,0,1,0,1,0,1,0,0,1,0,0,1,0,1,1,1,1,1,1,0,0,0,1,0,0,0,0,0,0,1,0,0,0,0,1,0,0,0,1,0
1,0,1,0,1,1,0,1,1,1,1,1,0,0,1,0,0,0,0,0,0,1,1,1,0,0,1,1,1,0,0,1,0,1,0,1,1,1,0,1,1,1,0,1,0,1,0,1,0,1,1,0,1,1,1,1,1,1,1,0,0,1,1,0,0,1,1,1,0,1,0,0,0,0,0
1,0,1,0,0,0,1,1,0,0,1,1,0,0,0,1,0,0,0,0,0,0,1,1,0,0,0,0,1,0,0,0,1,1,0,0,0,0,0,1,1,0,0,0,0,1,0,0,1,1,1,1,1,1,1,0,0,1,1,0,1,0,1,0,1,0,1,1,1,1,0,0,0,1,0
0,1,0,1,1,1,0,1,0,1,0,0,1,0,0,1,1,1,0,1,0,0,0,1,0,0,1,0,1,1,0,1,0,0,1,1,0,0,1,0,1,0,1,1,1,1,1,0,1,0,0,1,1,1,1,1,0,1,0,1,0,0,1,0,1,0,0,0,1,1,1,1,0,1,1
1,0,1,1,0,1,0,1,0,0,0,0,0,0,0,1,1,1,0,0,0,1,0,1,0,0,1,0,0,0,1,0,1,1,0,0,1,1,1,0,1,0,0,1,0,1,0,0,0,0,1,0,1,1,0,1,0,0,1,0,0,1,1,0,1,0,0,1,1,1,0,0,0,1,1
1,0,0,1,1,0,1,0,1,0,0,1,0,1,0,1,1,0,0,1,0,1,0,1,0,1,0,1,0,1,0,1,1,0,0,0,0,1,0,1,1,0,1,1,0,1,1,0,0,1,1,1,1,1,0,1,0,0,0,0,1,1,1,0,0,0,1,0,0,1,1,1,1,1,0
1,0,0,1,1,1,1,1,0,0,0,1,0,0,0,0,0,0,1,0,0,1,0,1,0,0,1,0,0,1,1,0,1,1,0,1,0,1,0,1,1,1,0,1,0,1,0,0,0,0,1,0,1,0,1,1,0,1,0,1,1,1,0,0,1,0,1,1,0,1,0,0,0,1,1
1,0,1,1,1,0,1,1,0,0,0,0,0,0,0,0,1,0,0,0,0,0,0,0,0,0,0,0,1,0,1,1,1,0,0,0,0,1,1,0,1,1,0,1,0,1,0,1,1,1,1,1,1,1,1,1,1,0,0,0,0,0,0,0,0,0,1,0,0,1,1,1,0,1,1
1,1,1,1,1,0,1,1,0,1,0,1,0,0,1,0,1,1,0,0,0,1,1,1,1,0,1,1,1,0,0,0,0,0,0,1,1,0,0,1,0,0,1,1,1,0,0,0,0,1,0,1,1,0,0,1,1,0,1,1,1,0,1,0,0,1,1,1,1,1,1,0,1,1,1
1,0,1,0,0,1,1,1,1,1,0,1,0,0,0,1,0,1,0,0,0,1,1,1,1,1,1,0,1,0,0,1,1,0,1,1,1,1,0,1,1,0,1,1,0,1,1,0,0,1,0,1,0,1,0,0,0,1,0,1,0,1,1,0,1,0,0,1,0,1,1,0,0,0,1
0,0,0,1,1,0,0,1,0,1,0,0,0,1,0,0,0,0,1,0,1,1,0,1,0,1,1,1,1,0,0,0,1,0,1,0,1,0,1,0,1,1,0,1,0,0,0,0,0,1,0,1,1,1,1,1,0,1,0,1,0,0,1,0,0,0,0,0,1,1,1,1,0,1,0
1,0,1,1,0,0,0,0,0,1,0,1,0,0,1,0,1,0,0,0,0,1,0,0,0,1,1,1,0,0,1,1,0,0,1,0,0,1,0,0,0,1,1,1,0,0,0,0,1,0,1,1,1,0,0,1,1,1,0,0,1,0,1,0,0,1,0,1,0,1,1,0,0,1,0
1,0,1,0,1,1,0,1,1,1,0,1,0,0,0,0,1,0,0,0,1,1,0,1,0,1,0,0,1,1,1,0,1,0,0,0,1,1,0,0,1,1,0,1,0,1,1,0,0,1,1,1,1,0,1,1,0,0,1,1,1,1,1,1,0,0,0,1,0,1,0,1,1,1,0
1,0,0,1,1,1,0,0,0,0,0,1,1,0,1,0,0,1,0,0,0,1,1,1,1,0,0,0,0,1,1,1,0,0,1,0,1,0,1,0,1,1,0,1,0,1,0,0,0,0,1,1,1,1,0,1,0,1,0,1,1,0,0,0,0,1,1,1,0,1,0,1,0,1,0
1,0,0,1,1,0,0,1,1,1,0,1,0,0,0,1,0,1,0,1,1,1,0,1,0,1,1,0,1,1,1,1,1,0,0,1,0,0,1,1,1,0,0,1,0,1,1,1,0,0,1,1,0,0,1,0,0,1,0,1,1,1,0,0,1,0,0,1,1,1,1,0,0,1,0
1,1,1,1,1,0,0,1,0,0,1,0,1,0,0,1,1,1,0,0,0,1,0,1,0,0,0,0,1,0,0,0,1,1,1,0,0,0,1,0,1,0,0,1,1,1,0,0,0,0,1,0,0,0,1,1,0,1,0,0,0,1,1,0,0,0,0,1,1,1,1,1,0,1,1
1,0,1,1,0,0,1,1,0,0,0,1,0,0,1,1,1,1,0,0,0,1,1,1,0,1,1,0,0,1,1,0,0,0,0,1,1,1,1,0,1,1,0,1,0,1,1,0,1,1,0,1,1,1,0,1,0,0,0,0,0,1,1,0,0,0,0,1,0,1,0,1,0,1,0
0,0,0,0,1,1,0,1,1,0,1,1,0,1,1,0,1,0,1,1,0,1,0,1,1,1,1,0,0,1,1,0,0,0,1,1,0,0,1,1,1,0,1,1,1,0,0,0,1,1,1,1,1,0,0,0,0,1,1,1,0,0,1,1,1,0,1,0,1,1,1,1,0,1,0
1,1,0,0,1,0,1,1,1,1,1,0,1,0,1,1,1,0,0,0,1,1,0,0,0,0,0,0,0,0,1,0,0,0,1,0,0,0,0,0,1,0,1,1,1,0,0,0,0,0,1,1,1,1,1,0,0,1,1,0,0,1,1,0,0,0,1,0,0,1,1,0,0,1,1
1,0,0,1,1,1,0,1,0,1,0,0,0,1,0,0,1,0,1,1,1,1,0,0,0,0,0,1,0,0,0,1,1,0,0,0,0,1,1,0,1,1,0,1,1,0,0,0,1,1,1,1,1,0,0,1,1,1,0,0,1,1,0,0,0,1,1,1,0,0,0,1,0,1,0
1,0,0,0,1,0,0,1,0,0,0,0,0,0,0,1,0,1,1,0,1,1,0,1,1,1,0,1,1,1,1,0,1,0,0,0,0,0,0,1,1,0,1,1,0,1,1,0,1,1,1,1,1,0,1,1,0,1,1,0,1,1,1,0,0,0,1,1,1,1,0,1,0,1,1
1,0,0,0,1,0,0,0,0,0,0,1,0,0,1,1,0,1,0,0,1,1,0,1,0,0,1,0,1,0,0,1,1,0,0,0,0,0,1,0,1,1,0,1,1,1,1,0,0,1,1,1,1,0,1,0,0,0,1,0,1,1,1,0,0,1,1,1,1,1,0,0,0,1,1
1,1,1,1,1,0,0,1,1,1,0,1,0,0,0,0,1,1,0,1,0,1,0,1,0,1,1,1,1,1,1,1,1,0,0,1,1,1,1,0,0,1,1,1,1,1,1,0,1,1,1,0,0,0,0,0,0,0,0,0,0,0,1,1,1,0,1,0,0,1,0,0,1,1,1
0,1,1,1,1,0,1,1,1,0,1,1,0,0,1,0,0,0,0,0,1,0,1,1,0,0,1,1,0,0,0,0,0,1,1,0,0,1,1,0,0,1,1,1,1,1,0,0,0,1,1,1,1,1,0,0,0,0,0,0,0,1,0,0,1,0,0,0,0,1,1,0,0,1,0
0,1,1,1,0,1,1,0,0,1,0,1,1,0,1,0,1,0,0,0,0,1,1,1,1,1,0,1,0,0,1,0,0,0,1,0,1,1,1,0,1,1,0,1,0,1,0,0,0,1,1,1,1,1,0,1,0,1,0,1,0,1,1,0,0,1,1,1,0,1,1,0,1,1,0
1,0,0,1,1,0,0,1,1,1,1,1,1,0,1,1,1,0,1,0,1,1,1,1,0,0,1,1,0,1,0,1,0,0,0,1,1,1,0,1,1,1,0,1,1,0,1,0,0,1,1,0,1,0,1,1,1,0,0,1,0,1,1,1,0,0,1,1,1,1,0,1,1,1,0
0,0,0,0,0,0,0,1,1,1,1,1,0,0,0,0,1,0,1,0,0,0,1,1,0,1,1,0,1,0,1,0,1,0,1,1,1,0,0,1,1,1,1,1,0,1,1,0,0,1,1,0,1,1,0,0,0,1,1,1,0,1,1,0,1,0,1,1,0,0,1,1,0,1,0
1,1,1,1,1,0,0,1,1,0,0,1,0,0,1,1,0,0,1,1,0,1,0,1,0,0,1,1,1,0,1,0,0,0,1,0,1,0,1,0,1,0,0,1,0,0,0,1,1,1,1,1,1,0,0,1,1,1,0,0,0,1,1,0,0,0,0,0,1,1,0,0,0,1,0
1,0,1,0,0,0,1,1,0,1,0,1,1,0,1,1,1,1,0,0,0,1,0,1,0,0,1,0,0,1,1,0,0,0,1,1,1,0,1,0,0,1,0,1,0,1,1,1,1,0,1,1,1,1,0,1,1,1,1,1,1,0,0,1,0,0,0,1,1,1,0,0,0,1,0
1,1,1,1,1,1,0,1,0,1,0,1,0,0,1,1,1,0,0,0,0,1,0,0,1,0,0,1,1,0,0,1,0,0,1,0,1,0,1,0,1,0,0,1,0,0,1,0,0,1,1,1,1,0,1,1,0,0,0,0,1,0,1,0,1,0,0,0,0,1,1,0,0,1,0
1,1,1,0,0,1,0,1,0,0,0,0,0,0,1,0,1,1,1,0,1,0,0,1,1,0,1,1,1,1,1,0,0,1,1,1,1,1,0,1,1,0,1,1,0,0,0,0,0,1,1,1,1,0,0,1,0,1,1,1,0,0,0,1,1,0,1,1,1,1,1,1,1,0,0
1,1,1,0,1,1,0,1,0,0,0,1,1,0,1,0,1,0,1,0,1,0,1,1,1,0,1,1,0,0,1,1,0,0,1,0,0,0,0,0,1,1,0,1,0,1,0,0,0,1,1,0,1,1,0,1,0,1,1,0,1,0,1,0,0,0,0,0,0,1,0,0,1,1,0
1,0,0,0,1,0,0,0,0,0,0,1,0,1,1,0,1,1,0,0,1,1,0,1,1,1,1,1,0,0,1,1,0,0,1,0,0,0,0,1,1,0,0,1,0,1,1,0,0,1,0,1,1,1,0,1,0,1,0,0,0,0,1,0,0,1,0,1,1,1,0,0,0,1,0
1,1,0,0,0,1,1,1,1,1,0,1,0,0,0,0,0,1,0,0,0,0,1,1,0,0,1,0,1,1,1,0,1,0,0,0,1,0,1,1,1,1,1,1,0,1,1,1,0,1,1,0,1,1,0,0,1,1,0,1,1,1,0,0,1,0,1,1,0,1,1,0,0,0,1
1,0,1,0,0,0,0,1,0,1,0,1,0,0,1,0,1,1,0,0,0,1,1,1,0,0,0,1,1,0,0,1,1,0,0,0,1,0,1,0,0,1,1,1,1,0,1,0,1,0,1,1,1,0,1,1,0,0,0,1,1,1,0,0,1,0,0,0,0,1,1,0,0,1,1
0,0,1,0,0,1,0,1,0,1,0,1,0,1,0,0,1,1,0,0,1,1,0,1,0,0,1,1,1,0,0,1,1,0,0,1,1,1,0,0,1,1,0,1,1,1,1,0,0,0,1,1,1,1,1,1,1,1,1,0,1,1,1,0,1,0,0,1,0,0,0,1,0,1,0
1,1,1,0,0,1,0,1,1,1,0,1,0,0,1,1,1,1,1,0,0,1,0,0,1,1,0,1,1,0,1,1,0,0,0,1,0,0,0,1,1,0,1,1,0,0,1,1,1,0,1,0,1,0,1,1,0,1,1,1,0,1,1,0,1,0,0,0,1,1,1,1,0,1,0
0,0,1,1,1,1,1,1,0,0,0,1,1,0,0,1,0,0,0,0,0,0,0,1,1,0,0,1,1,1,0,0,1,0,1,0,1,0,0,0,1,1,0,1,0,1,0,0,1,0,1,1,1,0,1,0,0,1,0,0,0,1,1,0,1,1,0,1,1,1,0,1,0,0,0
1,1,0,1,0,1,0,1,0,0,1,0,0,0,1,1,1,0,0,0,1,1,0,1,0,1,1,0,0,1,0,0,0,0,1,0,1,0,0,0,1,0,0,1,1,1,0,1,0,1,1,0,1,0,0,1,1,0,1,0,0,0,1,0,1,1,1,0,1,1,0,1,1,0,1
0,0,0,1,1,1,0,0,1,1,0,1,0,0,1,1,1,1,0,0,0,1,0,0,0,1,1,1,0,1,1,1,0,0,1,1,0,1,0,1,1,1,1,1,0,1,1,0,1,0,0,1,0,1,0,0,0,0,0,0,1,1,1,0,1,1,1,0,0,0,1,1,1,1,0
1,0,1,1,1,0,1,1,0,0,0,0,1,0,0,0,1,0,0,0,0,1,1,1,1,1,0,0,1,0,1,1,1,0,1,0,1,1,1,0,1,1,1,1,0,1,0,0,0,1,1,0,1,0,1,1,0,1,0,1,0,1,1,0,1,0,0,0,0,1,1,1,1,1,0
1,1,1,0,0,1,0,0,1,0,0,1,0,0,1,1,1,1,0,0,0,1,0,0,1,1,0,1,0,0,0,0,0,0,0,0,0,0,0,1,1,1,1,1,1,0,0,1,0,0,1,1,1,0,1,0,1,1,1,0,0,1,1,0,1,1,0,0,0,0,0,0,1,1,0
1,0,1,1,0,0,0,1,1,1,0,1,0,0,0,0,0,1,1,0,1,1,1,1,0,1,1,0,1,0,0,0,0,0,1,1,1,1,1,0,1,1,1,1,0,1,0,0,1,1,1,0,1,0,0,0,0,0,0,1,1,1,1,1,0,0,1,0,1,1,1,1,0,1,1
1,0,0,1,1,0,0,1,1,1,0,0,1,0,1,0,1,1,1,1,1,1,1,1,1,1,1,0,0,0,1,0,0,0,0,1,1,1,0,1,1,1,1,1,1,1,1,0,0,1,1,1,1,0,0,1,0,1,1,1,1,1,1,1,0,1,1,1,1,1,1,0,0,0,0
1,0,0,0,0,0,1,1,0,0,0,1,0,0,1,0,1,0,1,0,1,1,1,1,0,0,1,0,0,0,1,1,0,0,0,0,1,1,0,0,1,1,1,1,0,1,0,0,1,1,0,1,1,0,0,0,0,1,1,0,0,0,1,1,1,0,1,0,1,0,1,0,1,1,1
1,0,0,1,1,0,0,0,1,1,0,0,0,0,1,1,0,0,1,0,1,1,1,1,0,1,0,1,0,0,0,1,0,1,1,1,0,0,1,0,1,1,1,1,1,0,0,0,1,0,1,1,1,0,1,1,0,1,0,0,0,1,1,0,0,0,0,1,0,1,1,0,0,1,0
1,0,1,1,0,1,1,0,0,0,0,1,1,0,0,0,1,1,0,1,0,1,0,0,1,1,0,1,1,1,1,0,1,1,0,0,0,0,1,0,1,1,0,1,0,1,1,0,1,0,0,1,1,0,0,0,0,1,0,1,1,0,0,0,1,1,0,0,0,1,0,0,0,1,0
1,0,0,1,1,1,0,1,1,0,1,1,0,0,0,1,0,1,0,0,0,1,0,1,0,0,1,0,1,0,0,1,1,0,0,0,0,0,1,0,1,1,0,1,1,0,1,0,0,1,0,1,1,0,1,1,1,0,0,1,0,0,0,0,0,0,1,1,0,0,0,0,0,1,1
1,0,1,0,0,0,0,1,0,1,0,1,0,0,0,0,1,0,1,0,1,0,0,0,0,0,1,1,1,1,0,1,1,0,0,0,0,1,1,0,1,1,1,1,1,0,1,1,0,1,1,1,1,0,0,1,1,0,1,1,0,0,1,0,1,0,1,1,0,1,1,1,0,1,1
1,0,1,0,0,1,0,1,1,0,1,1,0,0,1,1,1,0,0,0,1,1,1,1,0,1,1,0,0,0,0,1,0,0,1,1,0,0,1,0,1,1,0,1,0,1,1,0,1,1,1,1,1,1,0,0,0,0,0,0,0,1,0,0,0,1,1,0,1,1,0,0,0,0,1
1,1,0,0,0,1,0,1,0,1,1,0,1,0,1,1,0,1,1,1,0,1,1,1,1,0,1,0,0,1,0,1,0,0,1,0,1,1,0,0,1,1,1,1,1,0,1,0,0,0,0,0,1,1,0,0,0,1,1,0,0,1,0,1,1,1,0,1,1,1,1,0,1,1,0
1,0,0,0,0,0,0,0,1,1,0,1,1,0,1,1,0,1,1,0,0,1,0,1,0,0,1,0,0,0,0,1,0,0,1,0,0,0,0,1,0,0,0,1,1,1,1,0,0,0,1,1,1,0,1,0,0,1,0,0,1,1,1,0,0,1,0,1,0,1,1,0,1,1,0
1,1,1,0,0,0,0,1,0,1,0,1,1,0,0,0,1,0,0,0,0,1,0,1,0,0,1,0,1,0,1,0,1,1,0,1,0,0,0,1,0,1,1,0,0,1,1,0,0,0,1,1,1,1,0,0,0,1,1,0,1,1,1,0,1,0,1,0,1,1,1,0,1,1,0
0,0,1,1,1,0,0,1,0,1,0,0,0,0,0,0,1,0,0,0,1,1,0,0,1,0,1,1,0,0,1,1,1,0,1,1,0,0,1,0,1,1,0,1,0,1,0,1,1,1,1,1,1,1,0,1,1,0,0,0,0,0,1,1,0,0,1,0,1,0,0,1,0,1,0
1,0,0,0,0,1,0,0,1,1,0,0,0,0,0,0,1,1,0,1,0,1,1,1,0,0,1,0,1,1,1,1,1,0,0,0,1,1,0,1,1,0,0,1,0,1,0,1,1,0,1,0,1,1,1,1,1,0,1,0,0,1,1,0,1,1,0,0,1,1,0,0,1,1,0
1,0,0,1,1,1,0,1,0,0,0,1,0,0,0,0,1,0,0,0,0,1,0,1,1,0,1,1,0,0,1,0,0,1,0,0,0,0,1,0,1,1,0,1,0,1,0,1,1,1,1,1,1,0,0,1,1,1,0,0,1,0,0,0,0,0,0,1,0,1,0,1,0,1,0
1,1,0,0,0,1,0,1,1,0,0,1,0,0,1,0,1,1,0,1,1,0,0,1,0,1,1,1,0,0,0,1,0,0,0,0,0,0,1,0,1,0,1,1,1,1,0,0,1,1,0,1,1,1,0,0,0,1,1,0,1,1,1,0,1,0,0,0,1,1,1,1,0,1,0
1,0,0,1,0,0,0,1,1,0,0,1,1,0,0,1,1,0,0,0,0,1,0,1,0,1,1,0,0,0,1,0,1,1,0,0,1,1,1,0,1,1,1,1,0,1,1,0,0,0,0,0,0,1,0,0,0,1,0,1,1,1,0,0,1,0,1,1,0,1,1,0,0,1,0
1,1,1,1,0,0,1,1,1,1,0,1,0,0,1,0,1,0,0,0,0,0,1,1,0,0,1,1,1,0,1,1,0,0,0,1,1,0,0,1,1,0,0,1,1,1,0,0,0,1,1,0,1,0,0,1,0,1,1,0,0,1,1,0,1,1,0,1,1,1,1,0,1,0,0
1,0,1,0,1,1,0,1,0,0,1,0,0,0,1,1,1,0,0,0,0,1,0,1,0,0,0,0,1,1,0,1,0,0,0,0,0,1,0,1,0,1,0,1,1,1,1,0,1,1,1,1,1,1,0,0,0,1,1,0,0,0,1,0,1,0,0,0,0,1,0,0,0,1,0
1,0,0,0,0,0,1,1,0,1,1,1,1,0,0,0,1,1,1,0,1,1,1,1,1,1,0,1,0,0,0,0,1,1,1,1,0,0,1,0,0,1,0,1,1,0,0,1,1,0,1,1,1,1,1,1,1,1,0,1,1,1,0,0,0,0,0,0,1,1,0,0,0,0,0
1,0,0,1,0,0,0,0,1,0,0,0,0,0,0,1,1,0,0,0,0,1,0,1,0,1,1,1,0,1,0,0,1,0,1,0,1,0,1,0,1,0,1,0,1,1,0,0,0,1,1,1,1,0,0,1,0,1,0,1,0,0,1,0,1,1,0,0,0,1,0,1,0,1,0
1,0,0,0,1,0,0,0,1,0,0,0,0,0,1,0,1,0,0,0,1,1,1,1,1,0,1,0,1,1,0,0,1,0,0,1,1,0,0,1,1,1,0,1,1,1,0,0,0,1,1,0,0,1,0,1,0,1,1,1,0,1,1,0,1,1,1,0,1,1,0,0,0,1,0
1,1,1,0,0,0,1,0,0,0,0,1,1,1,1,1,1,1,0,0,1,1,0,1,1,0,1,0,1,1,1,1,1,0,1,0,0,0,1,0,1,1,0,1,0,1,1,0,0,0,1,1,1,1,0,1,1,0,0,1,1,0,1,0,0,0,0,0,0,1,0,1,0,0,0
1,1,1,0,0,1,0,1,1,0,1,1,0,0,0,1,1,1,1,1,1,1,0,0,0,1,0,1,1,1,0,1,1,0,0,0,1,1,1,0,1,0,1,1,1,1,1,0,1,0,1,1,1,1,0,0,0,1,0,1,1,1,0,0,1,0,1,1,1,1,1,1,0,0,0
1,0,1,1,0,1,0,0,1,1,0,1,0,0,0,1,0,0,0,0,0,0,0,1,1,1,1,1,1,1,0,0,1,0,1,1,0,0,1,1,1,0,1,1,1,1,0,1,0,1,1,1,1,0,1,0,0,1,0,0,1,1,1,0,1,1,0,0,1,1,0,0,1,1,1
1,0,0,1,1,0,0,1,1,1,1,0,0,0,0,1,1,1,1,1,1,1,1,1,0,0,1,1,1,0,1,0,1,0,1,1,0,1,0,1,0,0,0,1,1,1,0,1,1,1,1,1,1,1,0,1,1,1,1,0,0,1,1,1,1,0,0,1,0,1,0,0,0,0,1
1,0,0,1,1,1,1,1,0,0,0,0,1,0,1,0,1,1,0,0,1,1,0,1,0,0,1,0,0,0,0,1,0,1,1,1,0,0,1,0,1,1,0,1,1,0,0,1,1,0,1,0,1,1,1,1,1,0,0,1,0,0,1,0,0,1,0,0,0,1,1,1,0,1,1
1,1,0,1,1,0,0,1,0,1,0,0,0,0,0,0,1,0,0,0,0,1,0,1,0,0,1,1,1,0,1,0,1,0,1,0,0,0,1,0,1,1,0,1,1,0,0,0,1,0,1,1,1,0,0,1,1,0,1,0,1,1,0,0,1,0,0,1,1,0,0,0,0,0,0
0,0,0,0,0,1,0,1,0,1,1,1,0,0,1,0,1,0,0,0,1,1,0,1,0,0,1,0,1,1,1,0,0,0,0,0,0,0,0,0,0,1,0,1,1,0,0,1,1,1,0,0,1,0,1,1,1,1,1,0,0,1,1,0,1,0,1,1,0,1,0,0,0,0,0
0,0,1,0,1,0,0,1,0,0,0,1,1,0,0,1,0,0,0,0,1,1,0,1,1,0,0,1,1,0,1,1,1,0,0,0,0,0,1,0,1,1,1,1,1,1,0,0,1,0,1,1,0,0,1,1,0,0,1,1,1,0,1,0,1,0,1,1,0,0,0,0,1,1,0
1,1,1,0,1,1,1,0,0,1,0,1,1,0,0,0,1,0,0,0,1,1,0,0,1,0,1,0,0,1,0,0,1,0,1,0,1,1,1,0,1,1,0,1,1,0,0,1,0,0,1,1,0,0,0,1,0,1,1,0,1,1,1,0,1,1,1,0,0,1,1,1,0,1,0
1,1,1,0,0,0,0,0,0,1,0,0,0,0,0,1,1,1,1,0,0,1,1,1,1,1,0,0,1,0,0,1,1,0,0,0,0,1,1,0,1,0,0,1,1,1,1,0,1,1,1,1,1,0,1,1,0,1,1,0,0,0,1,0,1,1,0,0,0,1,1,0,0,1,0
1,1,0,1,0,1,1,1,0,1,0,1,0,0,0,1,0,1,1,0,1,1,1,1,0,1,0,1,0,1,0,0,1,0,1,0,1,1,1,0,1,1,0,1,1,0,0,0,1,1,1,0,1,1,0,1,1,1,0,0,0,0,1,1,0,0,1,1,1,1,0,0,0,0,0
1,1,0,0,1,1,1,1,0,0,0,1,0,0,0,1,1,0,0,1,0,1,1,1,0,1,1,0,1,0,1,1,1,0,0,0,0,0,1,0,1,0,0,1,0,1,0,1,0,1,1,1,0,1,1,0,1,1,1,0,1,1,1,0,1,0,0,1,0,1,1,1,0,1,0
1,1,1,0,0,1,1,0,1,1,0,1,0,0,1,1,1,1,0,0,1,1,0,1,1,1,0,0,1,1,0,1,0,0,1,1,0,0,1,1,1,1,0,0,1,1,1,1,0,0,1,1,1,1,0,1,1,1,0,1,1,0,1,1,1,1,0,1,0,1,0,0,1,1,0
1,0,0,1,0,0,1,1,1,1,0,0,1,0,1,0,1,1,0,0,0,1,0,1,1,1,1,1,1,1,1,1,1,0,1,0,0,1,0,0,0,1,0,1,1,0,1,1,0,0,1,1,1,1,1,1,0,0,1,0,0,0,0,1,0,1,1,0,0,1,0,1,0,1,1
1,0,0,1,0,1,0,1,0,1,1,1,1,0,1,1,0,1,0,0,0,0,0,0,0,0,1,0,1,1,1,0,0,0,1,1,0,0,0,1,1,0,0,1,0,1,1,0,0,0,1,0,1,1,0,1,1,0,1,1,0,1,1,0,1,0,1,1,1,1,1,0,1,0,0
1,0,0,1,1,1,0,0,1,1,0,1,0,0,0,1,1,1,1,1,1,1,0,0,0,0,1,0,1,0,1,0,1,0,0,0,0,0,1,1,1,0,0,1,0,1,0,1,1,1,1,1,1,0,1,1,1,0,1,0,0,1,1,0,0,1,0,1,1,1,0,0,0,1,1
1,0,1,0,0,0,0,1,0,0,0,1,1,1,0,1,1,1,1,0,1,0,0,0,1,0,1,0,1,0,0,1,1,0,0,1,1,0,0,1,0,1,1,1,1,1,1,0,0,0,1,0,1,1,0,1,0,1,1,0,1,1,1,0,1,1,1,1,1,1,1,0,0,1,0
1,0,1,1,1,1,0,0,0,1,0,1,1,0,0,1,1,0,0,0,0,1,1,1,1,0,1,0,1,0,1,0,1,0,0,1,0,1,1,1,1,0,0,1,0,1,0,0,0,0,1,0,1,1,0,1,0,1,1,1,0,1,1,1,0,1,1,1,0,1,1,1,0,1,0
1,1,0,0,1,1,0,1,1,1,0,0,1,1,0,0,0,1,0,0,0,1,0,1,1,0,0,0,1,1,1,1,1,0,0,0,0,1,1,0,1,1,1,1,1,0,0,1,1,1,0,0,1,1,0,1,1,1,1,0,1,1,1,0,0,0,1,0,0,0,1,0,0,0,0
1,0,0,0,1,0,0,1,1,0,1,0,1,0,0,1,1,1,0,0,1,1,1,1,0,1,0,1,0,1,0,0,1,0,1,1,1,0,1,1,1,0,0,1,1,0,0,0,1,0,0,1,0,0,1,0,1,0,1,1,0,1,1,0,1,0,1,0,0,1,0,1,1,1,0
1,1,1,1,1,1,1,0,1,1,0,1,1,1,1,0,1,1,1,0,1,1,0,1,1,1,1,0,0,1,0,1,1,1,0,1,0,0,0,1,0,0,0,1,1,1,1,0,1,0,1,1,1,1,0,1,0,0,0,1,1,1,0,0,1,1,1,1,1,0,0,1,0,1,0
1,1,0,1,1,1,0,1,0,0,0,1,0,0,0,1,0,1,1,1,0,1,1,1,1,1,1,0,0,0,1,1,1,0,0,1,0,0,0,1,0,0,1,1,1,1,1,0,0,1,1,0,1,1,0,0,0,1,0,1,1,1,0,0,0,0,1,1,1,1,1,0,0,1,0
1,0,0,1,1,0,0,1,0,1,0,1,0,0,0,1,1,0,0,0,1,1,0,1,0,0,0,1,0,1,0,0,1,0,1,0,1,0,0,1,1,0,0,1,0,1,0,0,0,0,1,1,1,1,0,1,0,1,1,0,0,0,1,1,1,0,1,1,1,1,0,1,0,0,0
1,0,0,1,0,0,0,1,1,1,1,1,0,1,1,1,0,1,1,0,1,0,0,1,0,0,1,0,1,1,0,0,1,0,1,1,0,0,0,1,1,0,1,1,0,1,0,0,0,1,1,1,1,0,1,1,1,1,0,0,1,1,1,0,1,1,1,1,1,1,0,0,0,1,0
1,0,0,1,1,0,1,1,1,1,1,0,1,0,0,0,1,1,0,1,1,1,1,1,0,0,1,0,1,0,0,1,1,0,0,0,1,0,0,0,0,1,0,1,0,1,0,0,0,1,1,1,1,0,1,1,0,1,1,0,0,0,1,1,1,0,1,0,1,1,0,0,0,1,0
0,0,0,1,0,0,0,1,0,1,0,0,0,0,1,1,1,1,0,0,0,1,0,1,0,1,1,0,0,0,1,1,0,0,0,1,0,0,0,1,0,0,0,1,0,1,1,1,1,1,1,1,1,1,0,1,1,0,0,1,0,0,0,1,1,0,0,0,1,1,1,1,0,1,1
0,1,1,0,1,1,0,0,0,1,0,0,0,0,1,0,1,0,1,0,1,0,0,0,0,0,1,0,1,1,0,0,0,0,0,0,0,0,0,0,1,1,1,1,1,0,0,0,1,1,1,1,1,1,0,1,1,1,1,0,0,0,1,0,0,1,1,0,1,1,0,0,0,1,0
1,1,0,0,1,0,0,0,1,1,0,0,0,0,0,1,1,1,0,0,0,1,1,1,0,1,1,0,1,1,1,1,1,0,0,1,1,0,0,0,1,0,0,1,0,1,0,0,0,1,0,1,1,0,1,1,0,1,1,0,0,1,1,1,1,1,1,0,1,1,0,0,1,1,0
1,0,0,0,1,0,0,1,1,1,1,0,0,0,0,1,1,1,0,0,0,1,0,0,0,0,1,1,1,1,0,1,1,0,0,1,0,0,1,0,1,0,1,1,0,1,1,0,1,1,0,1,1,0,1,1,0,1,1,1,0,1,1,1,1,0,0,1,1,1,1,0,0,0,1
1,0,0,1,0,1,0,1,1,0,1,1,1,0,1,1,1,1,1,0,1,1,0,0,0,0,1,0,0,1,0,1,0,0,1,0,0,0,1,0,1,0,1,1,1,1,1,1,1,0,1,0,1,1,0,0,1,1,1,1,0,1,1,1,0,1,1,1,0,1,1,0,0,0,1
1,0,0,1,0,0,0,1,1,1,0,1,0,0,1,1,1,1,0,0,1,1,0,0,0,0,0,1,1,1,1,1,1,0,1,1,1,1,0,1,0,0,0,1,0,1,0,0,0,1,0,1,1,1,0,1,1,1,0,0,1,1,0,0,0,1,0,0,1,1,0,1,0,1,0
1,0,1,1,1,1,0,0,0,0,0,1,1,0,0,0,1,1,1,0,0,1,1,1,0,1,1,1,0,0,1,0,0,0,1,0,1,1,0,0,0,1,0,1,0,1,1,0,0,0,1,1,1,0,1,1,0,1,0,1,1,0,1,0,0,1,1,1,1,1,1,0,0,1,0
1,1,0,1,0,1,0,1,0,1,1,0,1,0,0,0,1,0,1,0,1,1,1,1,0,1,1,0,1,1,1,0,1,0,1,1,0,1,0,1,1,0,1,1,1,0,0,0,0,0,1,0,1,1,0,1,0,1,0,1,0,1,1,0,0,1,1,0,1,1,1,0,0,0,0
1,1,1,0,0,0,1,1,0,0,0,1,0,0,1,0,1,0,0,1,1,1,0,0,0,1,1,0,0,0,1,1,0,0,1,1,1,0,0,1,1,1,0,1,1,0,1,0,0,1,0,1,1,1,0,0,0,0,1,0,1,1,0,0,0,0,0,0,1,1,1,0,0,1,1
1,0,1,0,0,1,0,1,0,1,1,1,1,0,0,1,1,1,1,0,1,1,1,1,0,1,1,1,1,1,1,0,1,0,0,0,0,0,0,0,0,1,0,1,0,0,1,1,0,0,1,1,1,1,0,1,1,1,0,1,1,1,1,1,1,1,1,0,1,1,1,0,1,1,0
1,0,1,1,1,1,0,1,1,0,1,1,0,1,0,0,1,1,1,0,0,1,1,1,0,1,1,1,1,0,1,0,1,0,1,0,0,1,1,0,1,1,0,1,1,1,1,1,0,0,1,0,1,1,0,1,1,0,1,1,1,0,1,0,0,0,1,1,0,1,0,0,1,0,0
1,0,0,0,1,0,1,1,0,0,1,1,0,1,1,1,1,0,1,0,1,1,0,1,1,0,0,0,0,1,0,1,0,0,1,1,1,1,1,1,1,1,1,1,1,1,0,0,1,1,1,0,1,0,0,1,0,1,1,0,1,0,1,0,1,0,0,0,1,1,1,0,0,0,1
1,1,1,1,0,0,1,1,0,0,0,1,0,0,0,1,0,1,1,0,0,1,1,1,1,1,1,1,1,1,1,1,1,0,0,1,0,0,0,1,1,0,1,1,1,0,1,1,1,1,1,0,1,1,1,1,1,1,1,0,0,0,1,0,1,0,0,1,1,1,1,0,0,1,0
1,0,0,1,1,0,0,0,0,1,0,1,0,0,0,0,1,0,0,0,1,1,1,1,0,1,1,0,1,0,1,0,1,1,0,0,1,0,0,0,1,0,0,1,1,0,0,0,0,1,1,1,1,1,1,1,0,0,1,0,1,0,1,0,1,1,0,1,1,1,0,1,1,1,0
0,0,0,0,0,0,0,0,0,0,0,1,1,1,0,1,1,1,1,0,0,1,1,1,0,1,1,1,1,1,1,0,1,1,0,0,0,1,0,1,1,1,1,1,1,1,0,0,0,0,1,0,1,0,0,1,0,1,1,1,1,1,1,0,0,1,1,0,0,1,1,0,0,1,0
0,1,1,0,0,1,0,1,0,0,0,1,0,1,1,0,0,0,1,0,1,1,0,1,0,1,0,1,0,0,0,0,0,0,1,0,0,1,1,0,1,1,0,1,1,0,0,1,1,1,1,1,0,1,0,1,1,1,1,1,1,0,0,0,1,0,1,0,0,1,0,0,1,1,0
1,1,0,1,1,0,0,1,0,1,0,0,0,0,1,0,1,1,1,0,0,1,0,1,1,1,1,1,1,1,1,0,1,0,1,1,1,0,0,1,1,1,1,1,0,1,1,0,0,0,1,1,1,1,0,1,0,0,1,0,0,0,0,1,0,0,1,0,0,1,1,0,0,0,0
1,0,1,1,1,0,0,1,0,0,0,1,0,0,0,0,1,0,1,0,1,1,1,1,1,1,1,1,1,0,1,0,1,0,1,1,1,0,1,0,1,1,1,1,0,0,0,1,0,0,1,0,1,1,0,1,0,1,1,1,1,1,0,0,0,0,1,1,1,1,1,1,1,0,1
1,0,1,0,1,1,1,1,0,0,1,1,0,0,1,1,1,0,1,0,1,1,1,0,0,1,0,1,1,1,0,1,0,0,1,0,0,1,1,0,1,1,0,1,1,1,0,0,0,1,1,0,1,1,0,1,1,1,0,0,1,1,1,0,1,1,0,1,0,1,0,0,1,0,0
1,1,1,0,1,1,1,1,0,1,1,1,1,0,1,0,1,0,0,0,0,0,0,0,0,1,1,1,1,1,1,0,0,0,1,0,0,0,0,0,1,1,0,1,1,0,1,0,0,1,1,1,1,0,1,1,0,0,0,0,0,1,1,0,1,0,1,1,0,1,0,0,1,0,1
1,0,0,0,1,1,0,1,0,0,1,1,0,0,1,0,1,0,0,0,0,1,1,1,1,0,0,0,1,0,0,0,1,0,1,1,0,0,0,1,1,1,0,1,1,1,0,0,0,1,1,0,1,0,1,1,0,1,1,0,0,0,1,1,1,1,0,0,0,1,0,0,0,0,1
1,0,0,0,0,1,0,1,0,1,0,1,0,0,1,1,1,0,0,0,1,0,1,1,1,1,0,0,1,1,1,1,1,1,0,1,1,1,0,1,1,0,0,1,0,1,0,0,0,0,0,0,1,1,0,1,0,0,1,0,1,0,0,0,0,0,0,1,0,1,1,0,1,1,0
1,0,1,1,1,0,0,1,1,0,1,0,1,0,0,0,0,0,1,0,1,1,0,1,1,0,1,1,1,0,0,1,1,0,1,0,0,1,1,0,1,0,1,1,1,1,1,1,1,0,1,1,1,0,1,1,1,1,1,1,0,0,0,0,1,0,0,0,1,1,1,0,0,1,1
1,1,1,0,1,1,0,0,0,1,0,1,1,0,1,0,1,1,1,0,1,1,0,1,1,0,0,1,0,1,0,1,0,0,0,0,1,1,1,0,1,1,0,1,1,0,0,0,1,1,0,1,1,0,1,1,0,0,1,0,0,0,1,1,0,1,1,0,1,0,0,1,0,1,0
0,1,1,1,0,0,0,0,1,1,0,1,1,0,1,0,1,0,0,0,0,1,0,1,0,0,1,0,1,0,0,1,1,1,1,0,1,1,1,0,1,1,0,1,0,1,0,1,1,1,1,1,1,1,0,0,0,1,0,1,0,1,1,0,0,1,1,1,1,1,0,0,0,1,0
1,0,0,1,1,1,0,1,0,0,1,0,1,1,0,0,1,1,0,0,0,1,0,1,0,0,1,0,0,1,1,0,0,0,0,0,1,1,1,0,1,0,1,1,0,1,1,0,0,0,1,1,1,1,1,0,0,1,1,1,0,1,1,0,1,0,0,1,1,1,1,1,1,0,1
1,1,1,1,1,1,0,1,0,0,1,1,0,1,1,1,1,0,0,0,0,1,0,1,0,0,0,0,0,0,0,0,1,1,0,0,0,0,1,0,1,1,1,1,1,1,0,1,1,1,1,0,1,0,0,1,1,0,1,0,0,0,1,0,1,0,0,1,1,1,1,0,0,1,0
1,0,0,1,1,1,0,1,0,0,1,1,0,0,1,1,1,1,1,1,1,1,0,0,0,0,1,0,0,0,1,1,1,0,1,1,1,1,1,1,1,0,0,1,0,1,1,1,0,0,1,1,1,1,0,1,1,0,1,1,0,1,1,1,1,0,1,0,0,1,0,1,1,0,0
1,0,1,1,0,0,0,1,1,1,0,1,1,0,0,0,1,1,0,0,1,1,0,1,0,1,0,0,1,1,1,1,1,0,1,1,1,0,1,1,1,0,0,1,1,1,0,0,0,0,1,0,1,0,1,1,0,0,0,0,1,1,0,0,0,0,1,1,1,1,0,0,1,0,0
1,0,0,1,0,1,1,1,1,0,0,0,0,0,1,1,1,1,0,0,1,1,0,1,1,0,1,0,1,0,1,1,0,0,0,0,0,1,1,0,1,0,0,1,1,1,0,0,1,1,1,0,1,1,0,0,0,0,0,0,1,0,1,1,0,0,1,0,1,1,0,0,0,1,1
1,0,0,1,0,0,0,1,0,1,0,0,0,0,0,1,1,1,1,0,0,1,0,1,0,0,1,1,1,0,1,0,0,0,1,0,1,1,1,0,1,0,1,1,0,0,0,1,0,0,1,1,1,1,0,1,0,1,0,0,0,1,1,1,0,1,1,0,1,1,1,0,0,1,0
1,0,1,1,0,1,0,0,0,1,0,1,1,0,0,1,1,1,0,0,0,1,0,0,0,1,0,1,0,1,1,0,0,0,1,1,0,1,1,0,1,1,0,1,0,1,1,1,0,0,1,0,1,1,0,1,1,0,1,1,1,1,1,0,1,1,0,1,0,1,0,1,1,0,0
1,0,0,1,1,0,0,1,0,1,0,1,0,0,0,0,1,0,1,1,1,1,0,0,0,1,0,1,1,0,1,0,1,0,1,0,1,1,1,0,1,1,1,1,1,0,0,0,0,1,1,1,1,1,0,1,1,1,0,0,1,1,1,1,0,1,1,1,0,1,1,1,0,0,1
1,0,1,0,1,0,1,1,0,0,1,0,1,0,0,0,0,1,0,0,1,1,1,1,1,0,1,1,1,0,0,0,1,0,1,1,1,1,1,0,1,1,0,1,1,0,0,0,1,0,1,1,1,1,0,1,0,1,0,1,0,1,1,0,0,0,1,0,1,1,0,0,0,1,1
1,0,1,0,0,1,0,1,1,0,0,1,1,0,1,1,1,0,1,0,0,1,1,1,0,1,1,0,0,0,0,0,0,0,0,1,0,0,0,1,1,0,1,1,0,0,1,1,0,0,1,1,1,1,1,1,0,0,1,1,1,0,1,0,1,0,0,0,1,1,1,0,0,1,0
1,0,0,1,1,1,0,1,0,1,1,1,0,1,1,1,0,1,1,0,1,1,0,1,1,0,1,1,1,0,1,1,0,0,1,1,0,1,0,1,1,0,1,1,0,1,0,1,1,0,1,1,1,0,1,1,1,1,1,1,1,0,1,0,1,0,0,0,1,1,1,1,0,1,1
1,1,0,1,0,1,0,1,1,0,0,1,0,0,1,0,0,0,1,0,0,1,0,0,1,0,1,0,0,0,1,0,0,0,0,1,0,1,0,1,0,1,1,1,0,0,1,1,1,0,1,1,1,1,0,0,1,0,1,0,1,1,1,1,1,1,0,0,0,1,1,0,0,1,0
1,0,1,0,0,0,0,1,0,0,0,1,0,0,1,1,0,0,0,0,0,1,1,1,1,0,1,0,1,1,1,0,0,0,0,1,1,1,0,1,0,0,0,1,1,1,0,0,1,1,1,0,1,1,0,1,0,1,1,0,0,1,1,0,1,0,0,0,1,1,0,1,0,1,1
0,1,1,1,0,0,0,1,0,0,1,1,0,0,0,1,0,0,0,0,0,1,0,1,0,1,0,0,1,0,0,0,0,1,0,1,0,1,0,1,1,0,1,1,1,1,0,1,0,1,1,1,1,1,0,1,1,0,0,1,1,0,1,1,1,0,0,0,0,0,1,1,0,1,0
1,1,1,0,0,1,0,0,0,0,0,0,1,0,0,1,1,0,0,0,1,0,0,1,0,0,0,0,0,0,1,0,1,0,1,1,1,1,0,1,1,0,1,1,1,0,0,1,1,1,1,0,1,0,1,1,1,1,1,1,0,0,1,0,1,0,1,1,0,1,1,1,0,1,0
1,1,1,1,0,1,1,1,0,1,1,1,0,0,0,0,0,1,0,0,0,1,1,1,0,0,1,1,1,0,1,0,1,0,1,0,0,0,1,0,1,1,0,1,1,0,0,1,0,1,1,0,1,0,0,1,1,0,0,0,0,0,1,0,0,0,0,1,1,1,1,0,1,0,0
0,0,0,0,0,0,0,1,0,1,0,1,0,0,1,1,1,0,1,1,0,1,0,0,0,1,0,0,0,1,1,1,0,0,1,1,1,1,0,1,1,1,0,1,0,1,0,0,0,1,1,1,1,1,0,0,1,1,0,0,0,0,1,0,1,0,1,1,0,0,0,0,0,0,0
0,0,0,1,1,0,1,1,0,1,1,0,0,0,0,1,0,0,0,0,0,0,1,1,1,1,1,0,1,1,0,1,1,0,0,1,0,0,0,1,0,0,1,1,0,1,0,0,0,1,1,0,0,1,0,0,0,1,1,0,0,0,1,0,1,1,0,1,1,0,1,1,0,0,0
0,0,1,1,1,1,1,1,0,0,0,1,0,0,0,1,1,1,0,0,0,1,1,1,1,0,1,1,0,1,1,0,1,0,1,0,0,0,1,0,1,0,1,1,0,1,1,0,0,1,0,0,1,0,1,0,0,0,0,1,0,1,1,0,1,0,0,1,1,1,1,0,0,1,0
0,1,0,1,0,0,0,1,0,1,0,0,0,0,0,0,1,1,1,0,1,1,0,1,0,1,1,0,1,0,0,1,0,0,1,0,0,1,1,0,1,1,0,1,1,0,0,1,0,1,1,1,1,1,0,1,0,1,0,0,0,0,1,0,1,0,0,1,0,1,0,0,1,1,1
1,0,0,0,1,1,0,1,0,1,1,1,0,0,1,0,1,1,1,1,0,1,0,1,0,1,1,1,0,1,0,1,0,0,1,0,1,0,0,1,1,0,1,1,1,0,1,0,1,0,1,0,1,0,1,1,0,0,1,1,1,1,1,1,0,0,1,1,1,1,1,1,1,0,1
1,1,0,1,1,1,0,1,1,1,1,0,0,1,0,1,1,0,1,0,1,1,0,1,0,0,1,0,0,1,0,1,1,0,0,1,0,0,0,1,1,0,0,1,0,1,1,1,0,1,1,1,1,0,1,1,1,0,0,1,0,1,0,1,1,0,0,1,1,1,1,1,0,1,0
1,0,0,1,0,1,1,1,1,1,0,1,1,1,1,1,0,0,0,0,0,1,0,1,0,0,1,1,0,1,0,1,0,0,1,0,1,1,1,0,1,1,0,1,0,1,0,1,1,1,1,1,1,0,1,0,1,1,1,1,1,0,1,0,0,0,1,1,0,1,1,1,0,1,0
0,0,1,0,0,0,0,1,0,0,1,1,0,0,0,0,0,0,1,0,0,1,0,1,0,0,1,1,0,0,0,1,0,0,1,0,0,1,0,0,1,0,0,1,0,1,0,0,1,1,1,1,1,1,0,1,0,0,1,1,1,0,1,0,1,0,1,0,1,1,1,1,0,1,0
1,1,0,1,0,0,0,1,0,0,1,1,1,0,0,1,1,0,1,1,1,1,0,1,0,1,0,1,1,0,1,1,1,0,1,0,0,1,0,1,1,0,1,1,1,1,0,1,0,0,1,1,1,0,1,1,1,0,1,1,1,0,1,1,1,1,1,0,0,1,1,1,1,0,0
1,0,0,1,0,0,0,0,0,1,0,0,0,0,1,0,0,0,0,1,1,1,0,0,0,0,1,1,1,1,1,1,0,0,0,1,0,0,1,0,1,1,0,1,0,1,0,1,0,1,1,0,1,0,0,1,1,0,1,1,0,0,0,1,0,1,0,1,0,1,1,1,1,1,0
1,1,0,0,1,1,1,0,0,1,0,1,1,0,0,0,0,1,0,0,0,1,1,1,1,0,0,1,1,0,0,1,1,0,0,0,0,0,0,0,1,1,1,1,1,0,1,1,0,0,1,0,1,0,0,0,1,1,1,1,1,1,0,0,1,1,1,1,0,1,1,0,1,1,0
1,1,0,0,0,0,1,0,0,0,0,1,1,0,1,1,0,1,0,0,0,1,0,1,0,0,1,0,1,0,0,0,1,0,1,0,1,1,0,1,1,0,0,1,1,1,1,0,0,0,0,1,1,0,0,1,0,0,1,0,1,1,1,1,1,0,0,0,0,1,0,0,0,1,0
1,1,1,1,0,0,0,1,1,0,0,1,1,0,0,1,0,1,0,0,1,1,0,1,0,1,0,1,1,1,1,0,1,0,0,0,0,1,1,0,1,1,0,1,0,1,0,0,1,1,1,1,1,1,0,1,0,1,0,1,0,1,1,1,0,0,1,1,0,1,0,0,0,1,0
1,0,0,1,1,1,0,1,0,1,0,1,0,0,0,1,1,0,1,0,1,1,1,1,0,0,0,1,1,1,1,1,1,0,0,1,1,1,0,1,1,0,0,1,0,1,0,1,0,1,1,0,1,0,1,1,0,1,1,0,0,0,0,1,1,0,1,0,1,1,0,1,1,0,1
0,0,0,1,0,1,0,0,0,1,0,0,0,0,1,0,0,1,0,1,1,1,1,1,1,1,1,0,1,1,1,0,1,1,1,0,1,1,1,0,1,1,1,1,1,0,1,1,0,1,1,0,1,1,1,1,1,0,0,0,0,0,1,1,1,1,0,0,1,0,1,0,1,1,0
1,0,1,1,0,1,0,1,1,1,0,1,0,0,0,0,1,0,1,0,1,1,1,1,0,1,1,0,0,1,1,0,0,0,0,0,0,1,0,0,1,0,1,1,0,1,0,1,0,1,1,0,1,1,1,1,1,0,1,1,0,0,1,0,1,0,1,0,1,0,1,1,0,1,1
1,0,0,1,1,1,0,1,1,1,0,1,0,0,1,0,1,0,0,0,0,1,1,1,1,0,1,0,1,1,0,1,1,0,1,0,1,0,1,0,1,1,1,1,1,0,1,0,1,1,1,0,0,1,0,0,0,0,0,1,1,0,1,0,0,0,1,1,1,1,1,0,1,1,1
1,0,0,1,1,1,0,1,1,1,1,0,0,0,1,0,0,0,1,1,0,1,0,0,0,0,1,0,0,1,1,1,0,0,0,1,1,0,0,1,0,0,1,1,0,1,1,1,0,1,1,1,1,0,0,0,1,0,0,1,0,1,0,0,1,0,0,0,1,1,0,0,1,1,0
1,0,0,0,0,1,0,1,0,0,1,0,1,1,1,1,1,0,0,0,0,1,0,0,0,1,1,0,0,0,1,0,0,0,1,0,1,1,0,0,1,1,0,1,0,1,0,1,1,0,1,0,1,1,0,0,0,1,1,0,0,0,1,1,1,0,1,0,1,1,0,0,0,1,0
0,1,0,1,1,1,0,1,0,1,1,1,0,1,1,1,0,0,1,0,0,1,0,0,0,1,1,1,1,0,1,1,0,0,1,1,1,1,0,1,1,0,0,1,1,0,0,1,1,0,1,1,1,1,0,1,1,1,1,1,1,1,1,0,1,0,1,1,1,0,0,1,0,0,1
1,1,1,1,0,0,0,1,0,0,1,1,1,0,1,1,1,1,1,1,1,1,1,1,0,1,1,1,0,1,1,0,0,0,0,0,0,0,1,0,1,1,0,1,0,1,0,0,1,1,0,1,1,0,1,1,0,1,0,0,1,1,0,0,1,0,1,0,0,1,0,1,0,1,1
1,0,1,1,1,1,0,0,0,0,0,0,1,0,0,1,1,0,0,1,0,1,0,0,0,1,1,1,0,1,0,0,0,0,1,1,1,0,0,0,1,1,0,1,1,1,0,0,0,1,1,1,1,0,1,1,0,0,0,1,0,0,1,0,1,1,1,0,0,1,1,1,1,1,0
1,1,0,1,0,1,0,1,0,0,0,0,0,0,0,0,1,1,1,0,1,0,0,1,1,0,1,1,0,1,0,1,0,0,1,0,0,0,1,0,1,0,1,1,1,1,1,1,0,0,1,1,1,1,0,1,1,1,0,0,1,0,1,0,1,0,0,0,1,1,1,0,1,1,0
0,0,1,0,1,0,1,0,1,0,0,1,1,1,1,1,0,0,1,1,0,1,1,1,0,0,1,0,0,0,1,0,0,0,0,0,0,1,0,0,1,1,0,1,0,1,0,0,1,1,1,0,1,1,0,1,0,1,1,1,0,1,1,0,0,1,0,1,1,0,0,0,1,1,1
1,0,0,1,0,0,0,0,0,1,0,1,0,1,1,1,1,0,1,0,1,1,0,1,1,0,1,0,0,0,1,0,0,1,0,1,1,1,0,1,1,1,0,1,1,1,0,0,0,1,1,1,1,1,0,1,0,0,0,0,0,1,0,0,1,1,0,0,0,1,0,1,1,1,0
1,0,1,0,0,0,1,1,0,1,0,1,0,0,1,1,1,1,0,0,0,0,0,1,1,0,1,1,0,0,1,0,0,0,0,0,1,0,1,0,1,1,1,1,0,0,1,1,0,1,1,1,1,1,0,1,1,0,1,0,0,0,1,0,1,0,0,1,0,1,1,0,1,1,0
1,0,0,0,0,1,0,1,0,1,1,1,0,0,0,0,1,0,1,0,1,1,1,1,0,0,1,1,0,0,0,1,0,0,0,1,1,1,1,1,1,1,0,1,0,1,1,0,0,1,1,1,1,1,0,1,0,1,1,1,0,0,0,0,1,0,1,0,1,1,0,1,0,1,0
1,0,0,0,1,1,1,1,0,1,1,1,0,0,0,1,1,0,0,1,1,0,0,1,0,1,1,0,1,0,1,0,1,0,1,0,0,0,0,0,1,1,1,1,0,1,0,1,1,0,1,1,1,0,0,0,1,1,1,0,1,1,1,0,1,0,1,0,0,1,0,0,0,1,0
0,1,1,1,1,1,1,1,0,1,0,0,1,0,0,0,0,0,1,1,1,0,1,1,0,0,1,0,0,0,1,0,1,0,0,0,0,0,1,0,1,1,0,1,1,0,0,0,0,1,1,0,1,1,0,1,1,1,0,1,0,1,0,0,1,0,0,1,0,0,0,1,0,1,0
1,1,1,1,0,0,0,1,0,0,0,0,1,0,1,1,0,1,0,0,0,1,1,1,1,1,1,1,1,1,0,0,0,0,0,0,0,1,0,0,1,1,1,1,1,1,1,0,0,0,0,0,1,1,0,1,0,0,0,0,0,1,0,0,0,1,0,0,0,1,1,0,0,1,0
0,0,1,1,1,1,0,1,1,0,0,1,0,0,1,1,1,0,0,0,1,1,0,1,0,1,1,1,0,1,1,1,0,0,0,0,1,0,1,0,1,1,0,1,1,1,0,0,0,1,0,1,1,1,0,1,0,0,0,0,0,1,0,1,0,1,1,0,1,1,0,1,0,1,0
1,0,0,0,1,1,0,1,0,0,0,1,0,0,1,0,1,0,0,0,0,1,0,1,1,0,0,1,0,0,1,0,1,0,1,1,0,1,0,1,1,0,0,1,0,1,0,0,1,1,0,1,1,1,0,0,1,1,1,0,0,0,1,0,0,0,1,1,0,1,0,0,0,1,0
1,0,1,0,1,0,0,1,0,1,0,1,0,0,1,0,1,0,0,0,0,1,0,1,0,0,1,0,0,0,1,0,0,0,1,0,0,0,1,0,1,1,1,1,0,0,0,0,1,1,1,1,0,1,0,1,1,0,1,0,1,1,0,0,0,0,0,1,1,1,0,0,1,1,0
1,0,0,1,1,1,1,1,1,0,0,1,1,1,1,0,1,0,1,1,1,1,0,1,0,0,1,0,0,1,1,1,1,1,0,1,1,0,0,1,1,0,0,1,0,0,0,1,0,0,1,1,1,1,0,1,1,0,0,0,1,0,0,0,0,0,0,0,1,1,0,0,1,1,0
1,0,0,0,0,1,0,1,1,0,0,1,0,0,0,1,0,1,1,0,0,0,1,1,0,0,0,0,0,0,0,1,1,0,1,1,0,0,0,1,0,0,1,1,0,1,1,0,1,1,1,0,1,1,0,0,0,1,1,1,0,0,1,0,0,0,1,0,0,1,1,0,0,1,0
0,0,0,0,1,1,0,0,0,1,0,0,0,0,1,0,1,0,1,0,0,0,0,1,0,0,1,0,1,0,0,1,0,0,1,0,1,1,1,0,1,1,0,1,1,0,1,0,0,1,1,1,1,1,0,0,0,0,0,0,0,0,1,0,1,1,0,0,1,0,0,0,1,0,0
1,1,0,0,1,1,1,1,0,1,0,1,0,0,0,1,0,1,1,1,1,1,0,0,1,1,1,1,0,0,1,1,0,0,1,0,0,0,1,0,1,0,0,1,1,0,1,0,0,1,0,1,1,0,0,1,0,1,1,0,0,0,1,0,0,0,1,0,1,1,0,0,0,1,0
0,0,0,1,0,0,0,1,1,1,0,1,1,0,0,0,1,1,1,0,1,1,0,1,0,0,0,1,0,1,1,1,1,0,1,0,1,0,1,0,1,1,1,1,0,0,0,0,0,0,1,1,1,0,0,1,0,1,0,0,1,0,1,0,1,0,0,0,0,0,1,0,0,1,0
1,1,0,0,1,1,1,1,0,1,1,1,0,0,0,0,0,1,1,0,1,1,0,1,1,1,0,0,0,0,1,1,1,0,0,0,1,0,0,0,1,1,0,1,0,1,0,0,1,1,1,1,1,1,0,1,0,1,1,1,0,0,1,0,1,0,1,0,0,0,1,0,0,1,0
1,0,1,1,0,1,0,0,0,1,1,1,0,0,0,1,0,1,1,1,0,0,0,1,0,1,1,0,1,0,1,0,1,0,1,1,1,1,1,1,1,0,1,1,0,1,1,1,0,1,1,1,1,0,1,1,1,0,0,0,1,0,1,0,0,1,1,1,0,1,0,0,0,1,1
1,0,0,0,1,0,0,1,0,1,0,1,0,0,0,1,1,1,1,0,1,1,0,0,0,0,1,1,1,1,1,0,1,0,0,0,1,1,1,1,1,1,0,1,1,0,1,1,0,0,1,1,0,0,0,0,1,1,1,1,0,1,1,0,0,1,1,0,1,1,0,0,0,1,0
1,0,0,1,0,0,1,1,0,1,0,1,0,1,1,1,0,0,0,1,1,0,1,1,0,0,1,1,0,0,1,0,1,0,0,1,0,0,1,1,1,0,0,1,0,1,1,0,1,1,1,0,1,0,1,1,0,0,0,0,0,1,0,0,0,0,1,0,0,1,0,1,0,1,0
1,0,0,1,1,0,0,1,1,0,0,1,0,1,0,1,0,0,1,0,1,1,1,1,1,1,1,0,1,0,1,1,1,1,1,1,1,1,1,1,0,0,1,1,0,0,1,0,0,1,1,0,1,0,1,0,0,1,0,1,0,0,1,0,0,0,0,1,0,1,1,1,0,1,0
1,0,0,1,1,0,0,1,0,1,0,1,0,1,1,0,0,1,0,0,0,1,1,1,0,0,1,0,0,0,0,0,0,0,0,0,1,1,1,0,1,1,0,1,1,0,0,1,0,0,1,1,1,1,1,1,1,0,0,0,1,1,0,0,1,0,0,1,0,1,0,0,1,1,0
1,0,0,0,0,0,1,1,0,0,0,0,0,0,0,1,1,0,0,1,1,1,1,1,1,0,1,1,1,0,1,1,1,1,0,0,1,1,0,1,1,0,1,1,0,1,0,0,0,1,1,0,1,1,0,1,1,0,1,1,0,0,0,0,1,0,0,0,1,1,1,1,1,1,0
1,0,1,1,1,1,0,0,1,1,0,0,1,0,0,1,0,1,0,0,1,1,0,1,0,0,1,0,1,0,1,1,0,1,1,1,1,1,0,1,1,1,1,1,0,1,0,0,0,1,1,1,1,0,1,1,0,1,0,1,0,0,1,1,1,1,0,0,0,1,1,0,1,1,1
1,0,0,0,0,1,0,1,1,0,1,1,1,0,1,1,1,0,1,1,1,1,0,1,0,0,0,1,1,0,0,1,1,1,0,0,0,0,1,0,1,0,0,1,1,0,1,0,1,0,1,0,1,0,1,0,0,1,0,0,1,0,0,0,1,0,0,0,1,1,1,0,0,1,0
1,0,0,1,1,0,0,1,1,1,0,1,0,0,0,1,0,1,1,0,0,1,0,1,0,0,1,1,1,1,1,0,0,0,0,1,0,0,0,1,0,0,1,1,1,1,0,1,1,0,1,1,1,0,1,1,1,1,1,0,1,1,0,1,0,0,0,1,1,1,1,0,0,0,0
1,1,1,0,1,1,0,1,0,1,0,0,1,1,1,0,1,0,1,0,0,1,1,1,0,1,0,1,0,0,1,1,0,0,0,1,1,1,0,0,1,1,1,1,1,1,0,0,0,0,1,1,1,0,0,0,1,1,0,0,0,0,0,0,0,1,0,1,1,0,0,0,0,1,1
1,1,1,0,1,0,1,1,0,0,1,0,0,0,1,0,0,1,0,0,1,0,1,0,0,1,1,1,1,0,1,1,1,1,1,0,1,1,0,0,1,1,0,1,1,1,1,1,1,1,1,0,0,1,0,0,0,0,1,0,1,1,1,0,1,1,1,0,0,1,0,1,1,1,0
1,0,0,0,1,1,1,1,1,0,1,1,1,0,0,1,1,1,1,1,1,1,1,1,0,0,0,0,1,0,0,1,1,0,1,0,0,1,0,0,0,0,1,1,0,1,0,0,1,0,1,1,1,1,0,1,0,1,1,0,1,0,0,1,1,0,1,0,1,1,1,0,1,1,1
1,0,1,0,0,0,0,0,0,0,1,0,1,0,0,0,1,1,0,0,1,1,0,1,0,1,1,1,1,1,1,0,1,0,1,0,1,0,1,0,1,1,0,1,0,1,1,0,0,1,1,1,0,0,0,0,1,0,0,1,0,1,1,0,1,0,1,1,1,1,0,0,0,0,0
1,0,1,0,1,0,0,1,0,1,1,1,0,1,1,0,1,0,0,0,1,1,0,1,0,1,1,0,0,1,0,1,0,0,1,1,0,0,0,1,1,1,0,1,0,1,1,0,1,1,1,1,1,0,0,1,0,1,1,1,0,1,1,0,1,0,1,1,1,1,1,0,0,1,1
1,0,0,1,1,0,0,1,1,0,0,0,1,0,0,1,0,0,0,1,0,1,0,1,1,0,1,1,1,1,1,0,1,0,0,0,0,0,1,0,1,0,1,1,0,0,0,1,0,0,1,1,1,0,1,1,0,1,0,1,0,1,1,0,0,0,0,1,0,0,1,1,1,1,1
1,1,1,1,1,1,0,1,0,0,1,0,1,0,1,1,0,1,0,0,1,0,0,1,0,0,1,0,0,1,0,1,0,1,1,0,0,0,0,1,1,0,0,1,1,1,1,1,0,0,1,1,1,0,0,1,1,0,1,1,0,0,1,0,1,0,0,0,0,1,0,0,0,0,0
1,0,0,0,0,1,1,1,0,1,1,1,0,1,1,1,1,0,0,0,0,1,1,1,0,1,0,1,1,1,1,1,1,0,1,1,0,1,0,1,1,0,0,1,1,1,0,0,0,1,1,1,1,1,0,1,1,0,1,0,0,0,1,0,0,0,0,0,1,1,0,0,1,1,0
1,0,0,1,1,1,1,1,1,1,0,1,1,1,1,1,1,0,1,0,1,1,1,1,0,0,0,1,1,1,1,0,0,0,1,1,0,1,1,1,1,0,1,1,0,1,1,0,1,1,1,0,1,0,1,0,0,1,1,1,1,1,0,0,0,0,1,1,1,1,1,0,0,1,0
1,0,0,1,0,0,0,1,0,0,0,1,1,0,0,1,1,1,1,1,1,1,0,0,1,0,1,1,1,0,0,1,0,0,1,1,0,0,1,0,1,1,1,1,0,0,0,0,0,1,0,1,1,1,0,1,1,0,1,0,0,1,0,1,1,0,1,1,0,1,1,0,1,0,0
1,0,1,0,1,1,0,1,0,1,1,1,1,0,0,0,1,1,0,1,1,1,0,1,0,0,0,1,1,1,0,1,0,0,0,0,1,0,1,1,1,1,1,1,1,1,1,1,0,0,1,1,1,0,0,1,1,1,1,1,0,0,1,0,0,0,1,1,0,1,1,1,1,1,1
1,1,1,0,1,0,0,1,1,1,0,1,1,0,0,1,1,0,1,1,0,1,0,1,1,1,0,1,0,1,1,0,1,0,0,0,1,0,1,0,0,1,0,1,1,0,1,0,1,0,0,1,1,0,1,0,0,1,0,0,1,0,1,0,0,0,1,1,0,1,0,1,0,1,0
1,0,1,1,0,0,0,0,0,0,0,0,0,0,0,1,1,0,0,0,0,1,0,1,0,1,0,0,0,1,1,0,0,0,1,0,0,0,1,0,1,1,1,1,0,1,0,0,0,0,1,0,1,1,0,1,0,1,0,1,0,0,0,0,0,1,0,1,0,1,1,1,0,1,0
1,1,0,1,0,0,0,0,1,0,0,1,1,1,1,0,1,0,0,0,0,1,0,1,1,1,1,0,1,0,1,1,1,0,1,1,0,0,0,1,0,1,0,1,1,0,0,1,0,0,1,1,1,0,0,0,1,1,0,0,0,1,1,0,0,1,1,0,0,1,0,0,1,1,0
1,0,0,1,1,1,0,0,0,1,1,1,0,0,0,1,1,0,0,1,1,1,1,1,0,0,1,1,1,1,1,1,1,0,1,0,1,0,0,1,1,0,1,1,1,0,1,1,1,1,1,0,1,1,0,0,1,0,1,0,1,1,1,0,1,0,1,1,1,1,0,1,0,1,1
0,1,1,1,1,0,0,1,0,0,1,0,0,0,1,0,0,0,0,0,0,1,1,1,0,0,1,0,1,0,1,1,1,1,1,0,0,0,0,0,1,1,1,1,1,1,0,1,0,1,1,0,1,1,0,0,1,0,0,1,1,0,1,0,1,0,1,0,1,1,1,1,0,0,0
1,0,1,1,1,0,1,1,0,0,0,0,0,0,0,0,1,0,1,0,0,1,1,1,1,0,1,0,0,0,1,1,0,0,0,1,0,1,1,0,1,1,0,1,0,1,0,1,0,1,1,1,1,1,0,1,1,1,0,0,0,0,0,0,0,0,1,0,0,1,0,1,1,0,1
1,1,0,1,0,1,0,1,1,1,0,1,0,0,1,1,1,1,1,0,1,0,1,1,0,1,1,1,0,0,1,1,0,0,1,1,0,1,0,1,0,0,1,1,1,0,0,0,0,1,1,0,1,1,0,0,0,1,0,0,0,0,1,0,0,1,1,1,0,1,1,0,0,1,0
0,0,1,1,1,0,0,1,0,1,0,1,1,0,1,1,1,0,1,1,1,1,0,1,0,0,0,1,0,0,1,0,0,0,0,0,0,0,1,0,1,1,1,1,1,0,0,0,0,0,1,0,1,0,1,0,0,1,1,1,0,1,1,0,0,1,1,0,0,1,1,0,1,1,1
1,1,0,0,1,1,0,1,1,0,0,1,0,0,0,1,0,1,1,0,0,0,0,0,1,1,0,1,1,0,0,1,1,0,1,0,1,1,0,0,1,0,0,1,1,1,0,0,1,0,1,1,1,1,0,1,0,0,1,0,0,1,1,0,1,0,1,1,1,1,0,1,0,1,1
1,0,0,0,1,0,0,1,1,0,1,1,0,0,0,1,0,1,0,0,0,1,1,1,0,0,1,0,0,0,0,0,0,0,0,0,1,0,1,0,0,0,0,1,1,0,1,0,0,1,1,1,1,0,1,0,0,1,1,1,0,1,0,1,0,1,1,1,1,1,0,0,0,1,0
1,1,0,0,0,1,0,1,1,0,1,1,0,1,0,1,1,0,0,0,0,1,1,1,0,1,0,1,1,0,0,0,1,0,1,0,0,0,0,1,1,0,0,1,0,1,0,1,1,1,1,0,1,1,1,1,0,0,0,0,1,0,1,0,1,0,0,0,1,1,0,1,0,0,0
0,1,0,0,1,1,0,1,0,1,0,0,1,0,0,0,0,1,0,0,1,1,0,1,1,0,0,1,1,1,0,1,0,0,0,0,0,0,1,0,1,1,1,1,0,1,1,1,0,0,1,1,1,0,0,0,1,1,1,1,0,0,1,1,0,0,0,1,1,1,1,1,1,1,0
0,1,0,0,1,1,1,1,1,0,1,1,0,0,1,1,0,1,0,0,1,0,1,1,1,1,1,0,0,0,1,1,0,0,1,1,0,0,0,1,1,1,0,1,1,0,0,0,1,0,0,0,1,1,1,0,0,1,0,1,1,1,1,0,1,0,1,1,0,0,1,0,0,0,0
1,0,0,1,0,0,0,1,0,1,1,1,0,1,0,1,1,1,0,1,0,1,0,1,0,1,1,0,0,1,1,1,0,0,1,1,1,1,0,1,1,0,1,1,0,1,1,0,1,0,1,1,1,1,0,1,0,1,1,1,0,1,1,0,0,0,0,0,0,1,1,1,0,0,0
0,0,0,0,0,0,0,1,0,0,1,1,0,0,0,0,1,1,0,1,1,0,0,1,0,0,1,0,1,0,0,1,1,0,1,0,1,1,0,0,1,0,0,1,0,1,1,0,0,1,1,1,1,1,1,1,0,0,1,0,0,0,1,0,1,0,1,0,1,0,0,0,0,1,0
1,1,0,1,0,0,0,1,0,1,0,1,0,0,1,0,1,0,0,0,1,1,1,1,0,0,0,1,0,0,0,0,0,1,0,1,0,1,0,1,1,1,0,1,0,1,1,0,1,1,1,1,1,1,0,0,0,0,0,1,0,0,0,1,0,0,1,1,0,1,1,0,0,1,0
1,0,1,0,0,1,0,0,0,1,0,1,1,0,1,0,1,1,1,0,1,0,0,1,1,0,1,1,1,0,1,1,0,0,0,0,1,0,1,0,1,1,0,1,1,0,1,0,1,0,1,0,0,0,0,0,1,0,1,0,1,1,1,0,1,1,0,1,1,1,0,1,1,1,0
1,0,0,0,1,0,1,1,1,0,0,1,0,0,0,0,0,1,1,0,1,1,0,1,0,0,1,0,1,0,1,0,1,0,0,1,1,1,0,1,1,0,1,1,1,0,1,0,0,0,0,1,1,0,1,0,0,0,1,1,0,1,1,0,1,0,0,1,0,1,0,0,1,1,1
1,1,0,1,0,0,0,1,1,1,0,1,0,0,0,1,1,0,0,0,0,1,1,1,0,0,1,1,1,0,1,1,1,1,0,0,1,1,0,1,0,0,1,1,1,1,1,0,1,0,1,0,1,1,1,0,0,1,0,0,1,0,0,0,0,1,0,1,0,1,1,0,0,1,0
1,0,1,1,0,1,0,1,1,1,0,0,1,0,0,1,1,1,0,0,1,0,0,1,1,1,0,1,0,0,1,0,0,1,0,0,1,1,1,0,1,1,0,1,0,1,0,0,1,1,0,1,1,1,0,1,0,1,1,1,0,1,1,0,0,1,0,0,0,1,0,0,0,1,0
1,0,0,0,1,1,0,1,0,0,0,0,0,0,1,0,1,0,1,0,0,1,0,0,1,0,0,0,0,0,1,1,0,0,0,1,0,1,0,1,1,0,1,1,0,0,0,1,0,1,0,1,1,1,0,1,1,1,1,1,0,0,1,1,1,0,0,0,1,1,1,1,0,1,1
1,0,0,1,0,0,0,1,0,0,0,1,0,0,0,1,0,0,1,0,0,1,1,1,0,0,1,0,1,1,0,0,1,0,0,0,1,0,1,0,1,1,0,1,0,1,1,1,0,1,1,0,1,1,0,0,1,0,0,1,0,0,1,0,1,0,0,0,0,1,0,1,1,1,0
1,1,0,1,0,0,0,1,1,0,1,1,1,0,0,1,0,0,0,1,0,1,0,1,1,1,1,0,1,1,0,1,1,0,1,0,1,1,0,1,1,0,1,1,1,0,0,1,1,0,1,1,1,1,0,0,1,0,0,0,1,1,0,0,1,0,0,1,1,1,0,0,0,1,0
1,1,0,0,0,0,1,1,1,0,0,1,1,0,0,0,0,1,0,1,1,1,1,1,0,1,1,1,1,1,0,0,1,0,0,0,0,1,1,0,0,0,0,1,1,0,0,0,0,1,0,1,1,1,0,1,0,1,1,1,0,1,0,0,0,0,0,0,1,1,0,0,1,1,0
1,0,0,0,1,1,0,1,0,0,1,1,0,0,1,0,1,1,1,0,0,1,1,1,0,1,1,1,1,1,1,0,0,0,1,0,1,1,0,1,1,1,0,1,0,1,0,0,1,1,1,1,1,0,1,1,1,1,1,1,0,0,1,1,1,0,0,1,0,1,1,0,0,1,0
1,0,0,0,0,1,0,1,0,1,0,1,1,0,0,1,1,0,1,0,1,1,1,1,1,1,0,0,1,0,0,1,1,0,1,0,1,0,1,0,1,0,0,1,1,0,0,1,0,0,1,0,1,0,1,1,1,1,1,1,0,1,1,1,0,0,1,1,1,1,0,1,0,1,0
1,0,1,1,1,1,0,1,0,1,1,1,0,0,1,0,1,1,0,0,0,1,0,1,0,1,0,0,1,0,0,1,1,1,0,0,1,1,1,1,1,1,0,1,1,0,0,1,0,1,1,1,1,0,1,1,1,1,1,0,0,0,1,0,0,0,1,1,0,1,0,1,1,1,1
1,0,1,1,1,1,0,1,0,1,0,1,0,0,0,1,1,0,0,0,1,1,1,1,0,1,1,0,1,1,0,1,1,0,0,1,1,0,0,1,0,0,1,1,1,1,0,1,1,1,1,0,1,1,0,1,0,1,0,1,0,0,0,0,0,0,1,1,1,1,1,1,0,0,1
1,0,1,1,0,0,0,1,0,0,1,1,0,1,0,1,1,1,0,0,1,1,0,1,0,1,1,0,1,0,0,1,1,0,1,0,0,1,1,0,1,1,0,1,0,1,1,0,0,0,1,1,1,1,0,0,0,0,1,0,0,1,1,1,1,0,0,1,0,1,0,1,1,1,0
1,1,0,0,1,0,0,1,0,1,0,0,0,1,1,1,1,1,1,0,1,1,0,1,0,0,1,0,1,0,0,0,0,0,0,1,0,1,0,1,1,1,0,1,1,0,1,0,1,0,1,0,1,1,1,1,0,0,0,0,1,1,0,0,0,1,1,0,1,1,0,0,0,1,1
1,0,1,0,1,1,0,1,1,0,1,0,0,0,0,0,0,1,1,1,1,1,0,1,1,1,1,1,1,1,0,0,1,0,0,0,0,1,1,0,1,1,1,1,0,1,0,0,0,0,1,1,1,0,0,1,0,1,1,1,1,0,1,0,0,1,1,0,1,1,1,0,1,1,1
1,0,1,1,1,0,0,0,0,1,0,0,0,1,0,0,1,0,1,0,0,1,0,1,1,0,1,1,1,1,1,1,1,0,1,1,0,0,0,1,1,1,1,1,0,1,1,1,0,1,1,1,1,1,0,1,1,0,0,1,0,0,0,1,1,1,0,0,0,1,0,1,1,1,0
1,1,1,0,1,1,1,1,0,1,1,1,0,0,1,0,0,1,0,0,1,1,0,1,1,0,1,1,0,1,1,1,0,0,1,0,1,0,0,0,1,1,1,1,0,0,0,0,0,1,1,0,1,1,0,1,1,1,0,1,0,0,1,0,1,1,1,0,0,1,1,1,1,1,0
0,0,0,0,0,1,0,1,0,1,0,0,0,0,1,0,0,1,1,0,1,1,0,1,1,0,1,0,1,1,1,1,0,1,1,0,1,1,1,0,1,1,0,1,1,0,1,1,1,1,1,1,1,1,1,0,0,1,1,0,1,0,1,0,0,0,1,0,0,1,0,1,0,1,0
1,0,0,1,1,0,0,1,0,1,0,0,1,0,0,0,0,1,0,1,0,1,1,1,1,1,1,0,0,1,1,1,1,0,1,0,0,1,1,0,1,0,1,1,1,0,0,1,1,0,1,1,1,0,1,1,1,1,0,1,0,0,1,1,1,0,0,0,1,1,1,1,0,1,0
1,1,0,1,1,1,0,0,1,0,0,1,0,0,1,1,1,1,0,1,0,1,1,1,1,1,1,0,0,1,0,1,0,0,1,0,1,0,1,0,1,1,1,1,1,1,0,0,0,1,0,1,1,0,1,1,0,1,0,1,1,1,1,0,0,1,1,1,0,1,1,1,0,1,0
0,0,0,1,0,0,0,1,0,1,0,0,1,0,1,1,1,1,0,0,1,1,1,1,0,0,1,1,1,0,0,1,1,0,0,0,0,1,1,0,1,1,0,1,1,0,1,0,0,0,0,0,1,1,0,1,0,0,0,1,0,1,0,0,0,0,0,1,1,1,0,0,1,1,0
1,0,1,0,1,0,0,1,1,0,0,1,1,0,0,0,1,1,1,0,0,0,0,1,0,0,1,0,1,0,1,1,0,0,1,1,0,1,0,1,0,1,0,1,1,1,1,1,1,0,1,1,0,1,0,0,1,1,0,1,1,1,1,0,1,0,1,1,0,0,0,0,0,0,1
0,1,1,1,1,0,1,1,0,0,0,0,0,0,0,1,0,1,1,0,0,1,1,1,0,0,1,0,0,0,1,0,0,0,0,1,1,1,0,1,1,0,0,1,0,1,1,0,0,1,0,1,1,1,0,1,0,1,1,0,1,1,1,0,0,1,1,1,0,1,0,0,0,0,0
1,0,1,0,1,1,0,1,1,0,0,1,1,0,0,1,0,0,1,0,1,1,0,1,1,0,1,1,1,1,1,0,0,1,0,0,0,1,1,0,1,1,1,1,1,0,0,0,0,0,1,1,1,0,1,1,0,0,1,0,1,1,1,0,0,0,0,0,0,1,0,1,1,1,0
0,0,1,0,1,0,0,1,1,0,0,1,0,0,0,1,1,0,1,0,1,1,0,0,1,1,1,1,0,1,1,0,0,0,0,0,1,1,1,0,1,1,0,1,0,1,0,0,0,1,1,1,1,1,1,1,1,0,1,1,0,1,1,0,0,1,0,0,0,0,0,1,1,1,0
1,0,1,0,1,1,0,0,1,0,0,0,1,1,0,0,1,1,1,1,0,1,0,0,0,1,1,1,1,1,1,0,1,0,0,1,1,1,0,1,1,1,1,1,0,0,1,1,0,1,0,0,1,1,0,0,1,0,1,0,0,1,1,1,1,1,0,0,0,1,1,0,1,1,0
0,0,0,0,0,0,1,1,0,1,0,1,0,0,0,1,1,1,0,0,1,1,1,1,0,0,0,0,1,0,1,1,0,0,1,0,1,0,1,0,1,0,1,1,0,0,0,1,0,1,1,0,1,0,1,1,1,0,0,0,1,0,1,0,1,0,0,1,0,1,1,0,0,0,1
0,0,1,1,1,1,0,1,0,1,1,1,0,0,0,1,1,1,0,0,1,0,0,1,1,1,1,1,1,0,1,0,1,1,1,1,1,0,1,0,1,1,0,0,0,1,1,0,0,1,1,1,1,1,0,0,0,0,0,0,1,1,0,0,0,0,0,0,0,0,0,1,0,1,0
1,0,0,0,0,0,0,1,0,0,1,1,1,0,1,0,1,0,1,0,0,1,0,1,1,0,1,0,0,0,1,0,0,1,0,0,1,0,0,0,1,1,1,1,0,1,0,0,0,1,1,1,1,0,0,1,1,1,1,0,0,0,1,0,1,0,1,1,0,1,1,1,0,1,0
1,0,0,0,0,1,1,1,0,1,1,1,0,0,0,1,0,0,0,1,0,1,1,1,0,0,1,1,1,1,1,0,1,1,1,1,0,0,0,1,1,1,1,1,1,0,1,1,1,1,1,1,1,0,1,0,1,0,1,0,0,1,1,0,1,0,1,1,0,1,0,1,0,1,1
0,0,0,1,0,1,1,1,0,1,1,1,0,0,0,1,1,1,1,1,1,0,1,1,1,1,1,1,1,1,1,1,1,0,0,0,1,1,1,0,1,0,0,1,0,0,1,0,1,1,1,1,1,0,1,0,0,1,0,0,0,0,0,0,1,0,1,1,1,1,0,0,0,1,0
1,0,1,0,1,0,0,1,1,1,1,1,1,1,1,0,1,1,1,1,1,1,1,1,0,0,0,0,1,1,1,0,0,0,1,0,1,0,1,0,1,1,0,1,0,1,1,0,0,0,1,0,1,1,0,1,0,0,0,0,1,0,1,1,0,1,0,1,0,1,0,1,1,0,0
1,0,0,1,0,1,0,1,1,1,0,1,1,0,1,0,1,0,0,0,0,1,0,1,0,0,1,1,0,1,0,1,0,1,0,1,0,0,1,0,1,1,0,1,0,1,0,1,1,0,1,1,1,1,0,0,1,1,0,0,1,0,0,0,1,0,0,0,0,1,1,0,0,1,0
1,1,0,0,1,0,0,1,1,1,1,0,0,0,0,0,1,1,0,0,0,0,1,1,0,0,0,1,1,1,0,0,1,0,1,0,1,0,0,0,1,1,0,1,1,1,1,1,1,0,1,1,1,0,1,1,1,0,1,1,0,1,1,0,1,0,1,1,0,1,0,1,0,1,0
1,1,1,1,0,0,1,1,0,0,0,0,1,0,0,0,1,1,1,1,0,1,1,1,0,1,1,0,0,1,0,0,0,0,0,1,0,1,1,0,1,1,0,1,1,0,1,1,1,0,1,0,1,1,0,1,0,0,1,1,0,0,1,0,1,0,0,1,1,1,0,1,0,1,1
0,1,1,0,1,1,1,1,0,0,0,0,1,1,1,0,1,1,1,1,0,1,1,1,1,0,1,1,0,0,0,1,0,0,1,0,1,0,1,0,0,1,1,1,1,1,0,1,1,0,1,0,1,1,0,1,1,1,0,0,0,0,1,1,1,0,1,0,0,1,1,0,0,1,1
1,0,1,1,0,0,0,0,0,1,0,1,1,1,0,1,1,1,1,1,1,1,0,0,0,1,1,1,0,0,1,1,1,1,1,0,1,0,1,0,1,0,0,1,0,0,0,1,0,1,1,1,1,1,0,1,0,1,0,0,0,1,1,1,0,1,0,1,1,0,0,0,0,1,0
0,0,0,1,1,0,1,0,0,0,0,1,0,0,1,1,1,1,1,0,0,1,1,1,0,0,1,1,0,0,1,1,0,0,0,1,0,0,1,0,1,1,0,1,1,0,1,0,0,0,1,0,1,1,0,1,1,1,0,0,0,1,1,0,1,1,0,1,1,1,0,1,1,1,1
1,0,0,1,1,0,0,1,0,0,1,1,1,0,0,0,1,1,1,0,0,1,0,1,0,0,1,1,1,0,1,0,1,1,0,0,1,0,0,0,1,1,1,1,0,1,0,0,1,0,0,0,1,0,0,1,0,1,1,0,1,1,1,1,0,0,0,1,0,1,0,1,0,0,0
0,0,1,1,1,1,1,1,1,0,1,1,0,0,0,0,1,1,0,0,1,1,0,1,0,1,1,0,0,1,0,1,1,0,0,1,0,0,1,1,1,1,1,1,1,1,0,0,0,1,1,1,1,1,0,1,0,1,1,1,0,1,1,1,1,0,0,1,0,1,1,1,0,0,0
0,0,0,0,0,1,0,0,0,0,0,1,0,0,1,0,0,1,0,0,1,0,1,1,0,1,1,0,0,1,0,0,0,0,1,0,1,0,1,0,1,0,1,1,1,1,1,1,0,1,0,0,1,0,1,1,0,1,1,1,0,0,1,0,0,1,0,0,1,0,0,1,0,1,0
1,1,1,0,1,1,0,1,1,0,0,1,0,0,0,1,1,1,0,1,1,1,0,1,0,0,1,0,0,1,0,1,0,1,1,1,1,1,0,1,1,0,0,1,1,0,1,0,1,0,1,1,1,1,1,0,0,1,0,0,1,0,1,0,1,0,0,0,1,1,0,0,0,1,0
0,1,0,1,0,0,0,1,0,0,0,0,0,0,1,1,1,1,0,0,1,0,1,1,0,1,1,1,0,1,1,1,0,0,1,0,0,1,1,0,1,0,1,1,0,1,0,0,0,1,1,0,1,0,1,0,0,1,1,0,0,1,1,0,1,0,0,0,0,1,0,1,0,0,0
1,0,0,1,0,1,0,0,1,0,0,1,0,0,0,0,0,1,0,0,0,1,1,1,1,1,1,0,1,1,0,0,1,0,0,0,0,0,0,0,0,0,0,0,1,1,0,1,0,1,1,1,1,1,1,1,1,1,1,0,0,1,1,1,1,1,1,0,1,0,0,0,1,1,0
1,0,1,1,1,1,1,1,0,0,0,1,0,0,1,1,1,0,1,0,0,1,0,1,1,1,1,0,0,0,0,1,0,1,0,1,0,0,0,1,1,1,1,1,1,0,1,0,1,1,1,0,1,0,1,0,1,1,1,1,1,1,1,0,1,1,0,0,0,1,1,0,0,1,0
1,0,1,0,0,1,1,1,0,1,0,0,0,0,0,1,0,0,1,0,1,0,1,1,1,1,0,1,1,0,0,1,1,0,1,1,1,1,1,0,1,0,0,1,1,1,0,0,1,1,1,0,1,1,0,1,0,0,0,0,1,1,1,0,0,0,1,1,1,1,0,1,1,0,0
1,0,0,1,0,0,0,1,0,0,1,1,0,0,0,0,1,1,0,0,1,0,0,1,0,0,1,1,1,0,0,0,1,0,1,0,1,0,1,0,1,1,1,1,0,1,1,0,1,1,1,1,1,1,0,1,0,0,1,1,0,0,1,0,0,0,0,1,1,1,1,0,0,0,0
0,0,0,1,0,1,0,1,0,1,1,1,0,0,1,1,1,1,1,0,1,0,0,1,1,1,1,0,1,0,0,1,1,0,1,1,0,1,1,1,1,1,0,0,0,0,0,0,0,0,1,1,1,1,0,0,0,0,1,0,1,1,0,0,1,0,1,0,0,0,0,0,1,0,0
1,0,0,0,0,0,0,1,0,1,0,0,0,0,1,1,1,0,0,0,0,1,1,1,1,1,1,0,0,0,0,0,0,0,1,1,1,0,0,1,0,0,0,1,0,1,0,0,1,1,1,1,1,1,0,1,0,1,1,0,0,0,1,1,1,0,1,1,0,1,0,0,0,1,0
1,1,1,0,0,0,1,1,0,0,0,1,0,0,1,0,0,0,1,1,1,1,1,1,0,0,1,1,0,1,1,0,1,0,1,1,0,0,0,1,1,1,0,1,1,0,0,0,0,1,1,1,0,0,1,1,0,1,0,1,1,1,1,0,0,1,0,1,0,1,0,0,0,1,0
1,0,0,1,1,1,0,1,0,0,1,1,1,0,0,1,1,1,0,0,0,1,0,1,0,0,0,1,0,0,1,1,1,0,0,0,0,0,0,1,1,0,0,1,0,1,1,1,0,0,1,1,1,1,0,1,1,0,0,0,0,1,0,1,0,0,0,0,1,1,0,0,1,1,0
0,1,1,1,1,1,0,1,0,1,0,0,1,0,0,1,1,0,1,0,0,1,0,1,1,0,0,1,0,0,1,0,0,0,0,0,1,0,1,0,1,1,1,1,1,0,0,0,0,0,1,1,1,0,1,1,0,0,0,0,0,1,1,0,1,1,0,0,0,1,1,0,1,1,0
1,1,0,1,1,1,0,0,1,0,0,1,0,0,0,1,1,1,1,0,1,1,1,1,1,1,1,0,0,0,1,0,0,1,1,0,0,0,0,1,0,0,0,1,1,1,0,0,0,1,0,0,1,0,1,1,1,1,0,0,1,1,1,1,1,1,1,1,1,1,0,0,1,1,0
0,0,1,1,0,1,0,1,0,1,1,1,0,0,0,0,1,0,0,0,0,1,0,0,0,1,0,1,1,0,1,1,1,1,1,0,0,1,1,0,1,1,0,1,1,0,0,0,0,1,1,1,1,0,0,1,0,0,1,0,0,0,1,1,0,0,1,0,1,1,0,1,1,1,0
1,0,1,0,1,1,0,1,1,0,1,1,1,1,1,1,0,0,1,0,1,1,0,1,0,0,1,0,0,0,1,1,0,1,0,1,0,0,0,1,0,0,0,1,0,0,0,0,1,1,1,1,1,0,1,1,1,1,0,1,0,0,0,1,1,0,0,0,1,1,1,0,0,0,0
1,0,0,1,0,0,0,1,1,0,0,0,0,0,1,0,0,0,0,0,0,1,0,1,0,0,1,1,0,0,0,0,0,0,1,0,1,1,1,0,1,1,0,1,1,0,0,0,1,1,1,1,1,0,1,0,0,1,0,1,1,0,1,0,0,1,1,0,1,1,0,0,0,0,0
0,0,0,1,0,0,0,1,1,1,1,1,0,0,1,1,1,1,0,0,0,1,0,1,1,1,1,0,0,0,1,1,0,0,1,0,0,1,1,1,1,0,1,1,0,1,1,1,1,0,1,1,1,1,0,0,0,0,0,1,1,0,0,1,1,0,0,0,1,0,0,0,0,0,1
0,0,0,0,1,1,0,1,1,0,0,1,0,0,0,0,1,0,0,0,0,1,0,0,0,1,1,0,1,0,1,0,1,0,1,1,1,1,0,1,1,1,0,1,0,0,0,1,1,0,1,0,1,0,0,1,1,1,1,0,0,1,1,0,1,0,0,0,0,0,0,1,0,1,0
1,1,1,1,0,0,0,1,0,0,0,1,1,0,0,0,1,1,0,0,1,1,1,1,0,1,0,1,0,0,1,0,0,1,1,0,0,1,1,0,1,0,1,1,1,1,1,0,0,1,1,0,1,1,0,0,0,1,0,1,1,0,1,0,0,1,0,1,0,1,1,0,0,1,0
0,0,1,0,1,1,1,1,0,0,1,1,0,1,0,0,0,1,0,0,0,1,1,1,1,0,1,1,1,0,0,0,1,0,1,1,0,0,0,1,1,1,1,1,1,1,0,0,1,1,1,0,1,1,1,1,0,1,0,1,1,0,1,0,0,0,1,0,1,0,1,0,0,1,1
1,1,1,0,1,1,0,1,1,0,1,0,0,0,0,1,1,1,1,0,1,1,1,1,1,0,1,0,1,0,0,1,1,0,0,0,1,1,0,1,1,0,1,1,1,0,0,0,0,0,1,0,1,1,1,1,0,1,1,0,0,1,1,0,1,0,1,1,1,0,0,0,1,1,0
1,0,0,1,1,1,0,1,0,1,1,1,0,0,0,1,1,1,1,0,1,1,1,1,0,1,1,0,1,1,1,0,1,0,0,0,0,0,1,0,1,0,1,1,1,0,0,0,0,1,0,0,1,0,1,1,0,0,0,0,0,1,1,0,1,0,0,0,0,0,0,0,1,1,1
1,0,0,0,1,1,0,1,1,0,1,0,0,0,0,0,1,1,0,0,1,0,0,1,1,1,1,0,1,1,0,1,1,0,0,0,0,0,0,0,1,1,1,1,0,0,0,0,0,0,0,1,1,1,0,1,1,0,1,0,0,1,0,0,0,0,0,0,0,1,1,0,1,1,0
1,0,0,1,0,0,0,1,0,1,0,1,1,0,0,1,1,1,1,1,1,1,0,1,1,0,1,1,1,0,1,1,0,0,1,1,1,0,0,1,0,0,1,1,0,1,0,0,1,1,1,1,1,0,0,1,0,1,0,1,1,1,1,0,1,0,0,0,1,1,1,0,0,0,1
1,1,0,1,0,0,0,1,0,0,1,1,0,0,0,0,0,0,1,1,0,1,0,1,0,1,1,0,1,1,1,1,1,0,1,1,0,1,0,0,1,1,0,1,0,1,0,0,0,1,1,1,1,1,0,1,0,1,0,0,1,0,1,0,1,1,1,0,1,1,0,0,1,0,0
1,0,1,1,1,1,1,1,0,0,0,1,0,0,0,1,0,1,0,0,0,1,1,1,0,1,1,0,0,0,1,1,0,0,1,1,0,0,0,1,0,0,0,1,0,0,0,0,0,1,1,0,0,1,1,0,0,1,0,1,1,0,0,1,1,0,1,0,0,1,0,0,0,1,0
1,1,1,0,1,1,0,1,0,0,1,0,1,0,0,0,1,0,0,0,0,1,0,1,1,1,1,1,1,1,0,1,1,0,0,1,0,1,0,1,1,1,0,1,1,1,0,1,1,0,1,1,1,1,0,1,1,1,1,1,0,1,0,0,1,0,0,1,0,1,0,0,0,0,0
0,0,1,1,0,1,0,0,0,1,0,1,0,0,0,1,1,1,1,0,0,1,0,1,1,0,1,1,0,1,1,0,1,0,1,1,0,1,0,1,1,0,0,1,0,0,0,0,0,0,0,1,1,1,0,1,0,1,0,0,1,1,1,0,0,1,1,0,1,0,0,1,0,1,0
0,0,0,1,1,0,0,1,0,0,0,0,1,0,0,0,0,1,1,1,0,1,0,1,0,1,1,1,1,0,1,1,1,1,1,1,1,1,0,1,1,0,1,1,0,0,0,0,0,0,1,1,1,1,1,1,0,1,0,1,0,0,1,1,0,1,0,1,1,1,1,1,1,0,1
0,1,0,0,0,1,1,1,0,1,0,1,0,0,0,1,1,1,1,0,1,1,1,1,0,0,1,0,1,0,0,1,1,0,1,1,1,0,0,1,0,1,1,1,1,1,1,0,1,1,0,1,1,0,1,0,1,0,1,0,1,1,1,0,1,0,0,0,0,1,1,0,0,1,1
1,0,0,1,0,0,0,1,0,1,1,1,0,0,0,1,1,1,1,1,1,0,0,0,1,1,1,1,1,1,1,0,1,0,0,1,1,0,1,0,1,1,0,1,1,0,1,1,0,1,1,0,1,1,0,1,1,0,0,0,1,1,0,0,0,0,0,0,1,1,0,0,1,1,0
0,0,0,0,1,0,0,1,1,0,0,1,0,0,0,0,1,0,0,0,0,1,0,1,1,1,1,0,1,0,1,0,1,0,0,0,1,0,1,1,1,1,0,1,0,1,0,0,0,1,1,1,1,0,0,1,0,1,1,1,0,1,1,0,0,1,0,0,1,0,1,1,0,1,0
1,0,0,1,0,1,0,1,0,0,1,1,1,0,0,1,1,0,1,0,0,0,0,0,0,0,1,1,1,1,0,1,0,1,1,1,0,1,0,1,1,0,0,1,1,0,0,0,0,0,0,0,1,1,0,1,0,0,1,0,0,1,1,0,1,0,0,0,1,1,0,1,1,0,0
1,1,0,1,1,0,1,1,0,1,1,1,0,0,0,1,1,0,1,0,1,1,1,1,0,0,1,1,1,1,1,1,1,0,0,0,1,1,1,0,1,1,1,1,0,1,1,1,0,1,1,0,1,0,0,1,1,0,0,1,1,0,1,1,0,0,1,1,0,1,1,1,1,1,1
1,0,1,0,1,0,0,1,1,1,0,1,0,0,0,1,0,0,1,0,1,0,0,1,0,1,1,1,1,1,1,0,1,0,0,0,1,0,0,1,1,0,0,1,1,0,0,0,0,1,1,0,1,0,1,1,0,1,1,0,1,1,1,0,0,1,0,0,0,1,0,1,0,1,0
1,1,0,0,0,0,0,1,0,0,1,0,1,0,0,0,0,0,0,0,0,0,0,0,0,1,1,1,1,0,1,1,1,0,1,0,0,0,1,0,1,0,0,1,0,1,0,1,0,0,1,0,1,0,0,1,1,1,1,0,0,0,1,0,1,0,1,1,1,1,0,1,0,1,0
0,0,0,1,1,1,0,1,0,1,0,1,0,1,1,0,1,1,0,0,1,0,0,1,0,1,1,1,0,1,0,1,0,1,1,0,1,0,1,0,1,0,1,1,1,0,0,0,0,1,1,1,1,0,0,1,0,0,0,0,1,1,1,0,1,0,1,1,1,1,1,1,1,1,0
1,0,0,1,0,0,0,1,0,1,0,0,0,0,1,1,1,0,0,0,0,1,0,1,0,0,0,0,0,1,1,1,0,0,1,1,1,1,0,1,1,0,1,1,0,1,0,0,1,1,1,0,1,1,0,1,0,1,0,1,0,0,1,0,1,0,0,0,1,1,1,0,0,1,0
1,0,0,0,1,1,0,0,1,1,0,0,1,0,1,0,1,0,0,0,0,1,0,1,0,0,0,0,0,1,1,0,0,1,0,0,1,0,1,0,1,0,1,1,0,1,0,0,1,0,1,1,1,0,1,1,0,1,1,1,0,1,1,0,0,1,0,1,1,1,1,0,0,1,0
1,0,1,0,1,0,0,1,0,1,1,0,1,1,0,0,1,1,0,1,1,1,1,1,0,1,1,1,1,1,1,1,1,0,1,0,0,1,0,0,0,1,1,1,1,1,1,0,0,1,1,0,1,0,0,1,1,0,0,1,0,0,1,0,1,0,1,0,0,1,1,0,1,0,0
1,1,1,0,0,1,0,1,0,1,0,1,0,0,0,0,1,0,0,0,1,1,0,1,0,0,0,0,1,0,0,0,1,1,0,0,0,1,0,1,0,0,1,1,0,0,1,0,1,1,1,1,0,0,0,0,0,1,1,0,0,0,0,1,1,0,1,1,1,1,1,1,0,1,0
1,1,1,0,1,0,0,1,1,0,1,1,0,0,0,0,1,0,0,0,1,1,1,1,0,0,1,1,1,1,0,0,1,1,1,0,0,1,1,0,1,1,0,1,0,1,0,1,1,0,1,0,1,1,0,0,1,1,0,0,1,1,1,0,1,0,0,1,0,1,0,1,0,0,0
1,1,0,0,0,1,0,1,0,1,0,1,0,1,1,1,1,0,1,1,1,1,1,1,0,1,1,0,1,1,1,1,1,0,0,0,1,1,1,0,1,1,1,1,0,0,1,0,0,0,1,1,1,1,0,1,0,0,1,1,0,0,1,0,1,0,0,1,1,0,1,1,0,1,0
1,1,1,1,0,0,0,1,0,1,0,1,0,0,1,1,0,1,0,1,1,1,0,0,1,1,1,0,0,1,1,0,0,1,0,1,0,1,0,1,1,0,0,1,0,0,1,1,1,1,1,1,1,1,0,1,1,1,0,0,0,0,0,1,1,1,0,0,0,1,0,1,0,1,0
1,1,0,1,1,0,0,1,0,1,1,1,0,0,0,0,0,1,1,1,1,0,1,1,0,1,1,1,1,0,0,0,1,0,1,1,1,1,0,0,1,1,0,1,1,1,0,0,0,0,1,1,1,1,0,1,1,1,0,0,1,1,1,0,1,0,1,0,0,1,0,1,1,1,0
1,0,0,1,0,1,0,0,1,0,0,1,1,0,1,1,1,1,1,0,1,0,1,1,0,1,1,1,0,1,0,0,0,0,1,0,1,0,1,0,1,0,0,0,1,0,1,1,0,0,1,1,1,0,1,1,1,0,1,0,1,0,1,0,0,1,1,1,1,1,1,0,0,0,1
1,0,0,1,0,0,1,1,0,0,0,1,1,0,1,1,1,1,0,0,0,1,1,1,0,0,1,0,1,1,1,1,0,0,1,0,0,1,1,0,1,0,0,1,0,1,1,0,1,1,1,0,1,1,0,1,0,0,0,0,0,0,1,1,1,0,0,0,1,1,0,1,0,1,0
1,0,1,1,0,1,0,0,0,0,0,1,0,0,0,0,1,0,1,0,1,1,0,1,0,0,1,1,0,1,1,1,1,0,1,1,1,0,0,1,1,0,1,1,0,0,0,0,0,1,1,0,1,1,1,1,0,1,0,0,0,0,1,0,0,1,1,1,0,1,1,1,0,1,0
1,0,1,1,0,0,0,1,0,1,1,1,0,0,0,0,0,1,1,0,1,1,0,1,1,1,0,0,1,0,1,1,1,0,0,1,0,1,0,1,1,0,1,1,0,1,1,0,0,1,1,1,1,1,0,1,0,1,1,0,1,1,1,0,0,1,1,0,1,0,1,0,0,0,0
1,0,0,1,0,0,0,1,1,1,1,1,0,0,0,0,1,0,0,0,0,1,0,1,0,0,1,1,1,0,0,1,1,0,1,0,0,0,0,1,1,1,1,1,0,1,0,1,1,1,1,1,1,1,0,1,1,1,1,1,0,0,0,1,0,0,0,0,0,1,1,1,0,0,0
1,1,0,1,1,0,0,1,0,1,0,1,0,0,0,1,1,1,0,0,0,1,0,1,1,1,0,0,0,0,1,1,1,1,0,1,0,1,0,1,1,0,1,1,1,0,1,1,1,1,1,1,1,1,1,0,1,0,0,1,1,1,0,0,1,0,0,1,1,1,1,0,0,1,0
1,0,1,0,1,1,0,1,0,0,0,0,0,0,0,0,1,1,1,0,1,1,0,1,0,1,1,0,1,0,1,1,1,0,0,0,0,1,1,0,1,1,1,1,0,1,1,1,0,0,1,0,1,1,0,1,1,0,1,0,0,1,1,1,1,0,0,0,1,1,1,0,0,1,0
1,1,0,0,0,0,0,0,1,0,0,1,1,1,0,1,0,0,0,0,0,1,0,1,0,0,1,1,1,1,0,1,1,0,1,0,0,1,1,0,1,0,1,1,1,0,0,0,0,0,1,0,1,1,0,1,0,1,1,1,1,0,1,0,1,1,0,0,1,1,1,1,1,1,0
1,1,1,0,0,0,0,1,0,1,0,1,0,0,1,1,1,1,1,1,1,1,0,1,0,0,0,0,1,1,0,1,1,1,0,0,1,0,0,1,1,0,1,1,1,0,0,1,1,1,1,1,1,1,1,0,1,1,1,0,1,0,1,0,1,0,0,0,1,1,1,0,0,1,0
1,0,0,0,0,0,0,1,1,0,0,1,1,0,0,0,1,1,1,1,1,1,1,1,0,1,1,1,1,1,1,0,1,0,1,0,0,0,0,0,0,0,0,1,1,0,0,0,1,1,1,1,1,1,1,0,0,1,1,0,0,1,1,0,1,0,1,0,0,1,0,0,0,1,0
1,0,0,0,0,1,0,1,0,1,0,1,1,0,0,0,1,1,1,0,1,1,0,1,1,1,1,0,1,1,0,0,1,0,0,0,1,0,1,0,1,1,1,1,1,0,1,0,0,0,1,0,1,1,0,0,1,0,1,0,1,0,1,0,0,1,1,0,0,1,1,0,1,1,0
1,0,0,0,1,0,0,1,0,1,0,1,1,0,0,0,1,1,0,0,1,1,1,1,0,0,0,1,1,1,1,1,0,0,1,0,1,0,0,1,1,0,0,1,0,0,0,0,0,0,1,0,1,1,0,1,0,1,1,1,1,0,1,1,1,0,0,1,1,1,0,0,0,1,1
1,0,0,0,1,0,0,1,0,0,0,0,1,0,1,1,1,1,0,0,1,1,0,1,1,0,1,1,1,0,1,1,1,0,0,0,0,0,0,1,1,0,0,1,0,1,0,0,0,0,1,1,1,0,1,0,0,0,1,1,0,1,1,0,1,0,1,0,1,0,0,0,1,1,0
1,1,0,1,1,0,0,0,1,0,0,0,1,0,0,0,1,0,0,0,1,1,0,1,0,0,0,1,1,1,0,1,1,0,1,1,0,0,0,1,1,0,1,1,1,0,1,0,1,0,1,1,1,1,0,0,1,1,0,1,0,1,1,0,0,1,0,1,1,1,1,1,0,1,1
0,0,1,1,0,0,0,1,0,0,0,0,0,0,0,1,1,1,0,1,0,1,0,0,1,0,1,1,1,1,1,0,0,0,0,0,0,1,1,0,1,0,0,1,0,1,1,0,0,1,0,1,1,0,1,1,0,1,0,0,0,1,0,0,1,0,0,0,1,0,0,0,0,1,0
1,0,0,0,1,0,1,0,0,0,0,0,0,0,0,1,1,1,0,0,0,1,1,1,0,0,0,0,1,0,0,1,1,0,1,0,1,1,1,0,1,1,0,1,1,1,0,1,1,1,1,0,1,1,0,0,1,0,0,1,0,0,1,0,0,1,0,0,1,1,0,1,0,1,1
1,0,1,1,0,0,0,1,1,1,1,1,0,0,0,0,1,0,0,0,0,1,0,0,0,0,0,1,1,1,0,0,0,0,0,0,0,1,0,1,1,1,0,1,1,1,0,0,1,1,0,1,1,1,1,1,0,1,1,0,1,0,1,1,1,0,0,1,0,1,0,1,0,0,0
1,0,0,0,1,0,0,1,1,1,1,0,0,0,1,1,1,0,0,1,1,0,0,1,0,1,1,0,1,1,0,1,1,0,0,0,1,1,1,0,1,0,0,1,0,1,0,0,1,1,1,1,1,1,0,1,1,1,1,0,0,1,1,0,1,0,0,0,1,1,0,0,0,1,0
1,0,1,0,0,0,0,0,0,0,0,0,0,0,0,1,0,0,1,0,1,1,1,1,1,1,1,1,1,0,0,0,1,0,0,0,1,0,1,0,1,1,0,1,1,1,0,0,0,1,0,1,1,0,1,1,0,1,1,0,0,0,0,0,1,1,1,0,0,1,0,1,0,1,0
1,0,0,1,1,0,0,1,0,0,1,1,0,0,1,1,0,1,1,0,1,1,0,1,0,0,0,1,0,0,0,1,0,0,1,1,1,0,0,1,1,0,0,1,1,0,0,1,0,1,1,1,1,0,1,1,1,1,1,0,1,1,1,0,1,0,1,1,1,1,0,1,0,1,0
1,1,1,0,0,1,0,1,0,0,0,1,0,0,0,0,1,1,0,0,0,0,0,1,0,1,1,1,0,0,1,0,1,0,0,0,1,1,1,0,1,1,1,1,0,1,0,0,1,1,1,0,1,0,1,1,0,0,1,1,0,0,1,0,0,1,1,1,1,1,1,0,0,1,0
1,1,1,0,1,0,0,1,1,0,0,0,0,0,0,1,1,1,0,0,0,1,0,1,0,0,1,0,0,0,1,0,1,0,1,1,1,0,0,1,1,0,1,1,0,1,1,1,0,1,1,0,1,0,1,0,1,0,1,0,0,1,1,0,1,0,1,1,1,1,1,0,1,1,0
0,1,0,1,1,1,0,1,0,1,0,0,1,0,0,1,0,0,1,0,0,1,1,1,1,1,1,1,0,0,0,1,0,0,1,1,0,0,0,1,1,0,0,1,1,0,0,0,0,0,1,1,1,1,0,1,1,1,1,0,0,0,1,0,0,0,1,1,1,0,0,0,1,1,1
1,0,0,0,1,0,0,1,1,0,0,1,1,0,0,1,0,0,1,1,1,1,0,1,0,0,1,1,1,1,1,1,0,1,0,1,1,1,1,0,1,1,0,1,1,0,0,0,1,1,0,1,1,1,0,1,0,1,1,1,1,0,1,0,1,0,0,0,0,1,1,1,0,1,1
1,0,0,1,0,1,0,1,0,0,0,1,1,0,0,1,1,0,0,0,1,1,0,0,0,0,1,1,1,0,1,1,0,0,0,0,1,1,0,0,1,1,1,1,0,1,0,1,1,0,1,1,0,1,0,1,1,1,0,0,1,1,1,1,1,0,1,0,0,1,1,1,1,0,1
0,1,0,0,1,0,0,1,0,1,1,0,0,0,0,1,0,1,1,0,1,1,0,1,0,0,1,0,1,1,0,1,1,0,0,0,0,1,0,1,1,0,0,1,1,0,1,0,0,0,0,1,1,0,0,0,0,1,1,1,0,0,1,1,1,1,0,0,1,0,1,1,1,1,0
1,0,1,1,1,0,0,1,0,1,1,0,0,0,0,1,1,0,0,1,1,0,1,1,1,0,1,1,0,1,1,1,1,1,1,1,0,1,1,1,1,1,0,1,0,1,0,0,1,1,0,0,1,1,1,1,0,1,0,0,0,0,1,0,0,0,0,0,1,1,0,1,0,0,1
1,1,0,1,1,0,0,1,0,1,0,1,1,0,1,1,1,1,1,0,0,1,0,1,0,0,1,0,0,1,1,0,0,0,1,0,1,0,0,1,1,0,0,1,0,0,1,1,0,0,1,1,1,0,0,1,0,1,0,1,1,1,1,0,1,0,0,0,1,1,0,1,1,1,0
1,0,0,0,1,0,0,1,0,0,1,1,1,0,0,1,1,0,0,0,1,1,0,0,0,0,1,1,1,1,1,0,1,0,1,0,0,0,1,0,0,0,0,1,0,1,0,1,0,0,1,0,1,0,1,1,1,1,1,1,1,1,1,0,1,0,0,0,1,1,1,1,0,1,1
1,1,0,0,0,0,0,1,0,0,0,1,0,1,0,1,0,1,0,0,0,1,0,1,1,0,1,0,1,0,0,0,1,1,0,1,0,1,0,1,0,0,1,1,0,1,1,1,1,1,1,1,1,1,1,1,1,1,0,0,0,0,0,1,0,0,0,1,1,1,1,0,0,0,0
1,0,0,1,1,0,0,1,0,0,0,0,0,0,0,0,0,0,0,1,1,0,0,1,0,1,1,0,1,0,0,0,1,0,1,1,1,1,0,0,1,1,0,0,0,1,0,0,1,1,1,1,1,0,1,1,0,1,0,0,0,0,1,0,0,1,1,0,0,1,0,1,0,1,0
1,0,1,0,0,1,0,1,1,1,0,1,0,1,1,0,1,1,1,0,0,0,1,1,1,0,1,0,0,1,1,1,0,0,0,0,0,1,0,0,1,1,1,0,0,1,1,0,1,0,1,0,1,1,0,1,1,0,0,1,1,0,0,1,0,1,0,1,1,1,1,0,0,1,1
1,0,0,1,1,0,0,1,1,0,1,1,1,0,0,1,1,1,1,0,0,1,0,0,0,0,1,0,0,0,0,1,1,0,0,1,1,0,0,1,0,1,1,1,1,0,1,0,0,0,1,1,1,1,0,0,0,1,1,0,1,1,1,1,1,0,0,0,0,1,0,0,0,1,0
1,0,1,1,0,0,0,0,0,1,0,1,0,1,0,1,1,0,0,0,0,0,0,1,0,1,1,1,0,1,1,0,0,0,0,0,1,1,1,0,1,1,0,1,0,1,0,1,0,0,1,1,1,1,0,1,1,1,0,0,1,0,1,0,1,1,0,0,0,1,0,1,0,1,0
1,0,1,1,0,0,0,1,0,0,1,1,1,0,1,1,1,1,0,0,1,1,0,1,0,0,1,0,1,0,0,1,0,1,1,0,0,1,1,0,1,1,0,1,1,1,1,0,0,0,1,1,1,1,0,1,0,0,0,0,0,1,1,0,1,0,0,1,0,1,0,1,0,0,0
1,0,0,0,1,1,0,1,0,0,1,0,1,0,0,1,1,1,0,0,0,1,0,1,1,0,0,0,1,0,0,1,1,1,0,0,1,0,0,0,1,0,0,1,0,1,0,0,0,1,1,1,1,0,1,1,0,0,1,0,0,1,1,0,1,1,1,1,0,1,1,0,1,1,0
1,0,0,1,1,1,0,0,1,1,0,1,0,0,0,1,1,0,0,0,1,1,0,1,1,0,1,0,1,0,0,0,1,0,0,0,1,1,1,0,1,0,1,1,0,1,0,0,1,1,1,1,1,0,1,0,0,0,0,0,0,1,1,0,1,0,1,0,1,1,0,1,0,1,0
0,0,1,1,1,1,0,1,0,1,1,1,1,0,1,1,1,1,1,0,1,1,1,1,0,1,1,0,1,0,1,0,0,0,1,0,0,0,0,0,1,0,0,1,1,0,0,1,1,0,0,1,1,1,0,1,1,1,0,1,1,1,1,0,0,0,0,0,1,1,0,1,0,1,0
0,0,1,1,1,0,1,1,1,0,1,0,1,0,0,1,1,0,0,0,1,1,0,1,0,1,1,1,0,0,0,1,1,1,0,0,0,1,1,0,1,0,1,1,1,1,0,1,0,0,1,1,1,1,0,0,1,0,0,0,0,1,0,1,1,0,1,1,1,1,1,0,1,1,0
0,0,0,1,1,0,0,0,0,1,0,1,0,0,1,1,1,1,0,0,1,1,0,1,0,1,1,1,1,1,1,0,1,0,1,1,0,1,0,1,1,0,0,1,0,1,1,0,0,0,1,1,1,1,0,1,0,1,0,0,1,1,1,1,1,1,0,1,0,1,0,0,1,1,1
1,0,0,0,0,0,0,0,0,0,0,0,0,0,0,1,1,1,1,0,0,1,0,1,0,0,0,1,1,0,0,1,0,0,1,1,1,1,0,1,1,0,1,1,0,0,1,0,0,1,1,1,1,1,0,1,1,0,1,1,0,1,1,0,0,0,1,0,0,1,1,0,1,1,0
0,0,1,1,1,0,0,1,0,1,1,1,1,0,0,0,1,1,0,0,0,1,1,1,1,1,1,1,1,1,0,1,1,0,0,0,1,0,1,0,1,1,1,1,1,0,1,0,0,0,1,1,1,0,0,1,1,0,0,0,0,1,1,0,0,0,0,0,0,1,0,0,1,1,0
1,0,0,0,0,0,0,1,0,0,0,1,0,0,0,1,0,0,1,0,1,1,0,1,1,0,1,0,0,0,1,0,1,0,0,0,0,0,0,1,1,0,1,1,0,1,1,0,0,1,1,1,1,0,1,1,0,0,1,1,1,1,1,0,1,0,1,1,1,1,0,1,1,1,0
0,0,0,1,0,0,1,1,1,0,0,1,1,0,0,1,1,0,1,0,1,1,1,1,1,1,1,1,0,1,0,1,1,0,1,0,0,1,1,0,1,0,0,1,0,1,1,0,1,0,1,1,1,0,1,1,0,1,0,0,1,1,1,0,0,0,1,1,1,1,0,1,0,1,0
0,0,0,1,1,0,0,1,0,0,0,1,0,1,0,1,1,1,0,1,1,1,0,1,1,1,1,1,1,0,1,1,1,1,1,0,1,0,0,1,1,1,0,1,0,1,0,0,1,1,1,0,1,0,1,0,0,1,1,1,1,1,1,0,1,0,0,0,0,1,1,1,0,0,0
1,0,0,1,0,1,0,1,0,1,1,1,0,0,0,1,1,1,1,0,0,1,0,1,0,0,1,1,1,0,1,0,1,0,0,0,0,0,0,1,0,0,0,0,1,0,1,0,0,1,0,1,1,0,1,0,0,0,1,0,1,1,1,1,1,1,1,1,1,1,0,0,1,1,0
1,1,1,1,0,0,0,0,0,1,0,1,1,0,1,1,1,0,1,0,1,1,0,1,1,1,1,1,0,0,0,1,0,0,1,0,1,1,1,0,1,1,0,1,1,0,0,1,0,1,1,0,1,1,1,1,1,0,0,0,1,1,1,0,0,1,0,1,1,1,1,0,1,1,0
0,0,1,0,1,0,0,1,0,1,1,1,0,0,0,0,0,1,1,0,1,1,0,0,0,1,0,1,1,0,0,0,1,0,0,1,1,1,0,1,0,1,0,1,0,0,0,0,0,0,1,0,1,1,0,1,0,1,1,0,1,0,1,0,1,1,0,0,0,0,0,1,1,1,1
1,1,1,1,1,0,0,0,1,0,0,0,0,0,1,0,0,1,1,1,1,0,0,0,0,0,1,1,0,0,1,0,1,0,1,0,0,1,1,0,1,1,1,1,1,0,1,0,1,1,0,1,1,1,0,1,0,0,0,0,0,1,0,0,0,1,1,1,0,0,1,0,0,1,0
1,0,1,1,1,1,0,1,0,0,0,1,1,1,0,0,1,1,0,1,0,1,1,1,0,0,1,0,0,1,1,1,1,0,1,0,1,1,1,0,1,1,0,1,0,1,0,0,0,0,1,0,0,1,0,0,0,1,1,1,0,0,1,0,0,0,0,0,1,1,0,0,0,0,0
1,0,0,1,0,0,0,1,0,0,0,0,1,1,1,0,1,1,0,0,1,0,1,1,0,0,0,1,1,1,1,1,0,0,0,0,1,1,1,0,1,1,0,1,0,1,1,0,0,1,1,0,1,0,0,1,1,0,0,1,1,0,0,0,0,1,1,0,0,1,1,1,1,1,1
1,1,1,1,0,0,0,1,1,1,0,1,1,0,0,1,0,0,1,0,1,0,0,1,0,0,1,0,1,1,1,1,1,1,1,0,0,1,1,0,1,0,0,1,1,1,0,1,1,1,1,1,1,1,0,0,1,1,0,0,1,0,1,0,1,0,0,0,1,1,0,1,0,1,0
1,0,0,0,0,0,1,1,0,1,0,1,0,1,0,1,1,1,0,0,1,1,0,1,1,1,1,0,1,0,1,0,1,0,0,1,1,1,0,1,1,1,1,1,0,1,1,1,0,0,1,1,0,1,0,0,1,1,0,0,0,0,0,1,0,0,0,1,1,1,1,1,0,1,0
0,0,1,1,0,1,1,1,1,1,1,1,1,0,1,0,1,1,0,1,0,1,1,1,0,0,0,1,1,1,1,1,0,0,1,1,0,1,0,1,1,0,1,1,1,0,1,0,1,0,1,0,0,0,1,1,0,0,0,0,0,0,1,0,1,0,1,0,1,1,1,1,1,1,0
1,0,1,0,0,1,0,1,1,1,0,0,0,0,1,0,1,1,1,0,1,1,0,1,0,1,0,0,0,1,1,1,0,0,1,0,1,0,1,0,1,1,0,1,0,0,1,0,1,0,1,1,1,0,1,1,1,1,1,1,0,0,1,0,0,0,0,0,1,1,0,1,0,1,0
1,1,0,1,0,1,1,1,0,0,0,1,0,0,0,1,1,0,0,1,1,0,1,1,1,1,0,1,1,0,1,0,1,1,1,0,0,1,1,0,1,0,0,1,0,1,1,0,0,1,0,1,1,0,1,1,0,1,1,0,0,0,1,0,1,0,0,1,1,1,0,1,1,0,0
1,1,0,0,0,1,0,1,0,0,1,0,0,1,0,1,0,1,1,0,0,1,0,1,1,1,0,0,0,0,0,0,0,0,1,1,1,0,0,1,0,0,0,1,1,0,0,0,1,1,1,1,1,1,1,0,0,1,0,0,0,0,1,0,0,0,0,0,1,1,0,0,0,1,1
1,0,0,1,0,1,1,1,0,1,1,0,0,0,0,0,0,1,1,1,0,1,1,1,1,1,0,1,1,0,1,1,1,0,1,1,0,1,0,1,0,0,1,1,0,1,1,0,1,0,1,1,1,1,0,1,0,1,1,1,0,0,1,0,0,1,1,1,0,1,1,1,0,1,0
1,0,0,0,1,1,0,1,1,1,1,0,0,0,1,0,0,1,0,0,0,1,0,1,1,1,0,1,1,0,1,0,1,0,1,1,0,1,1,1,1,1,1,1,0,1,1,1,1,1,1,1,1,1,0,1,1,1,1,1,0,1,0,0,1,0,1,0,1,1,1,1,0,0,0
1,0,1,0,1,1,1,1,0,1,0,1,1,0,1,0,1,1,1,1,0,0,1,1,1,0,1,0,0,0,1,1,0,0,1,0,1,1,0,0,0,1,0,1,1,0,1,0,1,0,0,1,1,1,0,1,0,1,0,0,0,1,1,0,1,0,1,0,0,1,0,1,0,0,0
1,1,1,1,1,1,0,1,1,1,0,1,1,0,1,1,0,0,0,0,1,0,0,1,1,0,1,0,1,0,1,1,0,0,0,1,0,1,0,1,0,0,0,1,0,1,1,0,1,0,1,1,1,0,1,0,0,0,1,1,0,1,1,0,0,0,1,1,1,1,1,0,0,1,0
0,0,1,0,1,0,0,0,1,1,0,1,0,0,0,1,1,0,0,1,0,1,0,1,1,1,1,0,1,0,0,0,1,1,1,0,1,0,1,0,1,1,1,1,1,1,0,0,1,1,1,1,1,0,1,1,0,1,1,1,1,1,1,0,0,1,1,0,1,0,1,1,0,1,0
0,1,0,0,0,0,1,1,0,1,0,1,0,0,1,0,1,1,1,1,1,1,0,1,0,0,1,0,1,0,0,1,0,0,0,1,0,0,1,0,1,1,0,1,1,0,1,1,0,1,1,1,1,1,0,1,1,0,1,1,0,0,1,0,0,0,0,1,1,1,0,0,0,1,0
0,0,0,1,0,0,0,0,0,0,0,0,1,0,0,1,1,0,1,0,0,1,0,1,0,1,1,1,1,1,0,1,1,0,1,0,0,1,1,0,1,0,0,1,0,1,0,1,0,0,1,1,1,1,0,0,1,0,1,0,0,1,0,0,1,1,0,1,0,0,0,0,1,0,0
0,1,0,1,0,1,1,1,1,0,0,1,0,0,1,0,1,1,0,0,0,1,1,1,1,1,1,0,0,1,0,1,0,0,1,1,0,1,0,1,1,0,1,1,1,1,0,1,0,0,1,0,1,1,0,0,1,1,0,1,0,1,1,1,1,0,0,1,1,0,1,1,0,1,0
0,0,0,0,0,1,1,1,0,0,1,1,0,0,0,0,1,1,0,0,0,1,0,1,0,0,1,0,1,0,1,1,0,0,1,0,1,1,1,0,0,1,0,1,0,1,0,1,0,0,1,1,1,0,0,1,1,1,1,1,1,0,1,1,1,0,0,0,0,1,0,0,1,1,0
0,0,0,0,1,1,0,1,1,0,0,0,0,0,0,0,1,0,0,1,0,1,0,1,0,0,0,0,1,0,1,0,1,0,0,0,0,1,0,0,1,1,0,1,0,1,0,0,0,1,1,1,1,1,0,1,0,1,1,0,0,1,1,0,1,0,0,1,0,0,0,0,1,0,1
1,1,1,1,0,1,0,1,0,1,0,1,0,0,0,0,1,1,0,0,1,1,1,1,0,1,0,1,0,0,0,1,1,0,0,0,0,1,1,0,1,0,1,1,1,0,1,0,1,1,1,0,1,1,0,0,0,0,1,0,0,1,1,0,1,0,1,1,1,1,0,0,0,1,0
0,0,1,1,0,1,0,1,1,0,1,0,0,0,1,1,1,1,0,0,0,1,0,1,0,1,0,0,0,0,1,0,0,0,0,1,1,1,0,1,1,0,0,1,0,1,1,1,0,1,1,0,1,1,1,0,1,0,0,0,1,1,0,0,1,1,0,1,0,1,0,0,0,1,1
1,0,0,1,0,1,0,1,0,1,1,1,1,0,1,0,0,1,0,0,1,1,1,1,0,0,0,1,1,1,1,0,0,0,1,1,0,0,0,1,1,0,0,1,1,0,1,0,0,0,0,0,1,0,1,1,0,1,0,1,0,1,1,0,0,1,1,1,1,1,0,1,0,1,0
1,0,0,0,1,0,0,1,0,1,0,1,0,0,1,1,0,0,1,1,0,0,0,0,0,0,1,1,0,1,1,1,0,1,1,1,0,0,1,0,1,1,1,1,0,0,1,0,0,1,1,1,1,0,1,0,0,1,0,1,1,0,1,0,0,1,1,0,0,1,1,0,0,0,0
1,1,1,1,0,0,0,1,1,1,1,0,1,0,0,1,1,0,0,0,1,1,1,1,0,0,0,1,0,0,1,1,1,0,0,1,1,0,0,0,1,1,1,1,0,1,0,0,0,0,0,0,1,1,0,1,1,0,1,1,0,0,1,1,1,1,1,0,0,1,1,1,1,1,0
0,0,0,1,0,0,0,1,1,1,0,1,1,1,0,0,1,0,1,0,1,1,1,1,0,1,0,1,0,0,1,1,0,0,1,0,0,0,0,1,0,0,1,1,0,0,0,0,0,0,1,1,1,0,0,0,0,1,0,0,1,1,1,1,1,0,1,1,0,1,1,0,0,1,0
1,1,0,0,1,0,1,1,1,0,1,1,1,0,0,0,0,0,1,1,1,1,1,1,1,1,0,1,0,1,1,1,1,0,1,0,1,1,1,0,1,1,1,1,1,1,0,0,0,1,1,0,1,0,0,1,0,0,1,0,0,1,0,0,0,0,0,0,0,1,0,1,0,1,0
1,0,1,1,0,1,1,1,0,0,1,1,1,0,0,0,1,1,1,0,0,1,1,1,0,1,1,1,0,0,1,0,0,1,1,0,1,1,1,0,0,1,1,1,0,1,0,1,0,0,1,0,1,0,0,1,1,1,0,1,0,1,1,0,0,0,0,1,1,1,1,0,1,0,1
1,1,1,1,1,1,0,1,1,1,0,0,0,1,1,1,0,1,0,1,1,1,1,1,1,1,1,1,0,0,1,1,0,0,0,0,1,1,1,0,1,1,0,1,0,1,1,0,0,1,1,0,1,1,0,0,0,0,0,1,0,1,0,0,1,0,0,1,0,1,0,0,1,1,0
1,0,0,1,0,1,0,1,0,1,0,1,1,0,1,0,1,0,0,0,0,1,0,1,0,0,1,1,1,0,0,1,0,0,0,0,0,0,1,0,1,1,1,1,1,0,0,1,1,0,1,1,0,1,0,1,1,1,0,1,1,0,0,1,1,0,1,0,0,1,1,0,1,1,0
1,1,1,1,1,1,0,1,0,1,1,1,0,0,1,0,1,0,0,1,1,1,0,1,0,1,0,0,0,1,1,0,0,0,1,0,1,1,0,0,1,1,0,1,1,1,0,1,1,1,1,0,1,1,0,1,1,0,1,1,1,0,0,1,1,0,1,0,0,1,0,1,0,0,0
0,0,0,1,1,0,0,1,0,1,1,0,0,0,1,1,0,1,0,0,1,0,0,1,1,1,1,0,0,1,1,0,0,0,1,1,1,0,0,1,0,0,0,1,0,1,1,0,0,0,0,1,1,1,0,1,1,1,1,1,0,0,1,0,0,0,1,0,1,0,1,1,0,0,0
1,0,1,1,1,1,0,0,0,0,0,1,1,1,1,1,1,1,1,1,0,1,0,1,0,1,1,0,0,0,0,0,0,0,0,0,0,1,0,1,0,0,0,1,0,1,1,1,1,0,1,1,0,1,0,0,1,1,0,1,1,0,1,1,0,1,0,1,1,1,0,0,1,1,0
1,0,0,1,1,0,0,1,0,1,1,1,1,0,0,0,1,1,1,1,1,1,1,1,1,1,1,0,1,1,1,0,1,0,1,0,0,0,1,0,1,1,0,1,0,0,1,0,1,0,1,0,1,0,0,0,1,1,0,1,1,1,0,0,0,0,0,1,1,1,1,0,0,0,0
1,1,0,0,1,0,0,1,1,1,1,1,1,0,0,0,0,0,1,0,1,0,0,1,0,1,1,0,0,1,0,1,1,0,1,0,1,0,1,0,1,1,0,1,0,1,0,1,0,1,1,1,1,0,0,1,1,0,1,0,0,1,1,0,1,0,1,1,0,1,0,1,1,1,1
0,0,1,0,0,1,0,1,0,0,1,0,1,0,0,0,1,1,1,1,1,1,0,1,1,0,1,0,1,0,0,1,1,1,1,0,0,0,1,0,1,1,1,1,1,1,0,1,1,0,1,0,1,0,0,1,1,1,0,0,0,1,1,0,0,0,1,1,0,1,1,0,0,1,0
1,0,1,1,1,1,0,1,0,0,1,0,0,0,0,1,0,1,1,0,1,1,0,1,0,1,0,0,1,1,1,1,1,0,1,0,1,1,0,1,0,0,1,1,0,1,1,1,0,1,1,0,1,0,1,1,0,1,0,1,0,0,0,0,0,0,0,0,1,1,1,0,0,1,0
1,0,0,0,0,0,0,1,0,0,0,1,1,1,0,1,1,1,1,0,0,1,0,1,1,1,1,0,0,0,0,1,0,1,0,1,0,1,0,1,1,1,1,1,0,1,1,0,0,0,1,1,1,1,0,0,0,1,0,0,1,1,0,0,1,0,1,1,1,1,1,0,0,0,0
1,1,1,0,0,0,1,1,1,0,0,1,0,1,0,1,1,0,0,1,1,1,0,0,1,0,1,0,1,0,1,1,1,0,0,0,1,0,0,1,0,1,1,1,0,1,1,1,1,1,1,0,1,1,1,0,1,0,0,1,0,1,0,0,0,0,0,0,1,1,1,1,0,1,1
1,0,0,0,1,0,0,1,1,0,0,1,1,0,1,0,1,1,1,0,1,1,0,1,0,0,0,0,0,1,0,1,0,0,0,0,0,1,1,0,1,1,1,1,1,0,1,0,0,0,0,1,1,0,0,0,1,1,1,1,1,1,1,0,1,0,0,0,0,1,1,1,1,1,1
1,0,0,0,1,1,0,1,0,0,0,1,0,0,0,1,1,0,0,0,0,1,0,0,1,0,1,0,0,1,0,0,1,0,0,0,1,1,1,0,1,0,0,1,0,1,0,1,0,1,1,1,1,1,0,1,1,1,1,1,0,0,1,1,0,0,0,1,1,1,0,1,0,1,0
1,1,1,1,0,1,0,1,0,1,0,0,1,0,1,1,0,0,0,0,1,1,1,1,0,0,0,0,0,0,1,1,0,0,1,1,1,0,0,1,0,1,0,1,0,0,1,1,1,0,1,0,1,1,0,1,0,0,1,0,0,0,0,1,1,0,0,0,0,1,0,0,0,1,0
1,0,0,1,1,0,0,1,0,1,0,1,0,1,1,1,1,0,0,1,0,0,0,1,0,0,0,1,1,1,1,1,0,1,0,1,0,0,0,1,1,1,0,1,0,1,1,0,0,1,1,1,1,0,0,1,0,0,1,0,0,0,0,0,1,1,0,0,1,1,0,0,1,1,0
1,0,1,1,1,0,0,1,0,1,0,1,0,0,0,1,1,1,0,0,1,1,0,1,0,1,1,1,1,0,0,0,1,0,1,1,0,1,0,1,1,0,0,1,1,1,0,0,0,1,0,1,1,1,0,0,1,1,0,0,0,0,1,0,1,0,0,1,1,1,0,0,0,1,0
1,0,0,1,0,1,0,1,0,0,0,0,0,0,0,0,1,0,0,0,1,1,0,1,0,1,0,0,0,1,1,1,1,1,1,0,0,1,0,0,1,1,1,1,0,1,0,0,0,1,1,0,1,1,0,1,0,1,1,1,0,1,1,0,1,0,1,0,0,1,1,1,0,1,0
1,0,0,0,1,0,0,0,1,1,0,0,0,0,0,0,0,1,0,1,1,1,1,1,0,0,1,0,1,1,1,1,1,0,0,1,0,1,0,1,1,0,1,1,0,1,1,0,0,0,1,0,1,0,1,1,1,0,1,1,0,1,0,0,0,1,0,1,1,1,1,1,1,1,0
1,1,1,0,0,0,0,1,0,0,0,1,1,0,0,1,1,1,0,0,1,1,0,1,0,1,0,1,1,1,0,0,1,0,1,0,1,0,1,0,0,0,1,1,1,1,1,0,1,1,0,1,1,0,1,1,0,1,1,0,0,0,1,1,0,0,1,0,1,1,0,0,0,1,0
1,1,0,0,1,0,1,1,0,1,0,1,1,0,0,0,1,1,0,0,1,1,0,1,1,1,1,0,1,0,1,0,1,0,0,1,1,1,0,1,1,1,0,1,1,1,1,1,1,0,1,0,1,1,0,1,0,1,1,1,1,1,1,1,1,0,0,0,1,1,0,1,0,1,0
1,1,0,0,1,0,1,0,0,1,1,0,0,0,1,1,0,0,0,1,1,1,1,1,0,1,0,1,0,1,0,1,0,0,0,1,0,0,0,1,1,1,0,1,1,1,0,0,0,1,1,1,1,1,1,1,1,1,1,0,0,1,1,0,1,1,1,1,0,1,0,0,1,1,0
0,0,0,1,0,1,0,1,0,1,1,1,1,0,1,1,1,1,0,0,1,1,0,1,0,1,0,1,0,1,1,0,0,0,1,1,0,0,0,1,0,0,1,1,0,1,0,0,1,0,1,1,1,1,0,1,0,1,1,0,0,1,1,0,1,0,0,0,0,0,1,0,0,0,0
1,1,0,0,0,1,1,1,0,1,1,1,0,0,1,0,0,0,0,0,0,1,1,1,1,1,0,0,1,0,0,1,0,0,0,1,0,1,1,1,1,1,0,1,1,0,1,0,0,1,1,0,1,1,0,0,0,1,1,0,1,0,1,0,1,0,0,1,1,1,0,1,1,1,0
1,0,1,0,0,1,1,1,1,1,0,0,0,1,0,0,0,1,0,1,1,0,0,1,0,0,1,0,0,1,0,1,0,0,0,0,0,1,1,0,1,1,0,1,0,1,1,0,0,1,1,0,1,1,1,0,1,0,1,0,0,1,1,1,0,0,1,1,1,1,0,0,1,1,0
1,0,0,1,1,1,0,1,1,0,1,0,0,1,1,1,1,1,0,0,1,1,1,1,0,0,0,1,0,1,1,1,0,0,1,1,1,1,0,1,1,1,1,1,1,1,0,0,1,0,1,0,1,1,0,0,0,0,1,0,0,1,0,1,1,0,1,1,0,1,0,0,0,1,0
1,0,0,1,1,1,1,1,1,1,1,1,0,0,0,1,0,0,1,1,0,1,0,1,1,0,1,1,1,1,1,1,1,0,0,1,1,0,1,1,1,0,0,1,0,1,0,1,1,1,1,1,1,0,1,1,1,1,1,1,0,1,1,0,1,1,1,0,1,1,0,1,0,1,1
1,0,0,1,0,0,1,1,0,1,1,1,0,0,1,1,1,0,1,0,1,1,1,1,1,0,1,1,1,0,0,1,0,0,0,1,0,0,0,1,1,0,0,1,1,0,1,0,0,1,1,1,1,1,0,1,0,0,0,0,0,0,0,0,1,0,1,1,1,1,0,1,0,1,1
1,1,0,1,1,0,0,1,0,1,0,0,0,0,0,0,1,0,0,0,1,0,0,1,0,1,1,1,0,1,1,1,1,0,0,0,1,1,1,0,1,0,0,1,1,0,0,0,0,1,0,1,1,0,0,1,0,0,1,1,0,0,1,0,1,0,0,0,1,1,0,1,0,1,0
1,0,1,1,1,1,0,1,0,0,0,1,0,0,1,1,0,0,0,1,0,1,1,1,0,1,1,0,1,0,1,0,1,1,1,0,1,0,1,0,1,0,0,1,0,1,0,0,1,1,1,0,1,0,1,0,1,0,0,0,1,1,0,0,1,0,0,0,1,1,0,1,0,1,1
1,0,0,0,1,1,0,1,1,0,1,1,0,0,0,1,0,1,0,0,1,0,1,1,0,0,1,0,0,0,0,0,0,0,1,1,1,1,1,1,1,0,0,1,1,1,1,0,0,1,1,0,1,0,1,0,0,1,0,1,0,0,1,0,1,0,0,1,1,1,0,0,0,0,0
0,0,1,1,1,1,0,1,0,0,0,1,1,0,0,0,0,0,1,0,0,1,0,1,1,1,1,0,0,1,1,0,1,1,0,1,0,0,0,0,1,1,1,1,0,1,1,1,1,1,1,0,1,0,0,1,0,1,1,1,0,1,1,0,0,0,1,0,1,1,1,1,0,0,1
0,0,1,1,0,1,0,1,0,1,0,1,0,0,1,1,1,1,1,0,0,1,0,0,1,0,0,1,1,1,1,1,1,0,0,1,0,1,0,1,1,1,0,1,0,1,0,1,1,1,1,1,1,0,1,0,0,1,1,1,1,1,1,0,0,0,1,0,0,0,0,1,0,1,0
0,0,1,1,1,1,1,1,1,0,1,1,0,1,0,0,1,0,0,1,0,0,1,1,0,1,1,0,0,1,1,0,0,0,1,1,0,0,0,1,1,1,0,1,0,1,0,0,1,1,1,0,1,0,0,1,0,1,1,1,0,1,1,0,1,0,0,0,0,1,1,1,0,0,0
1,0,1,1,1,0,0,1,0,1,0,0,0,0,1,1,0,0,0,0,0,1,0,1,1,0,1,0,1,0,1,0,1,0,0,1,1,1,0,0,1,0,0,1,0,1,1,0,1,1,1,1,1,0,1,0,0,1,1,1,0,0,1,0,0,0,1,1,1,1,0,0,0,1,0
1,0,0,1,1,0,0,0,1,0,0,1,1,0,0,1,0,1,0,0,0,1,0,0,0,0,1,0,1,0,1,1,0,0,0,1,1,0,1,0,0,1,0,1,0,1,1,0,0,1,1,1,1,0,1,0,0,0,1,1,0,1,1,1,1,1,0,0,0,1,0,0,1,1,0
1,1,0,1,0,1,0,0,0,0,0,0,0,1,1,1,0,0,1,0,0,1,0,1,0,1,1,0,0,1,0,0,0,1,1,0,1,1,1,0,1,0,0,1,0,1,0,1,1,0,1,1,1,1,0,0,0,1,1,0,0,1,0,0,1,1,1,0,0,1,0,0,1,1,0
1,0,0,0,0,0,1,1,1,0,1,0,0,0,1,1,1,1,0,0,0,1,1,1,0,1,1,0,0,1,1,1,0,0,1,0,1,0,0,1,1,0,0,1,0,0,1,0,1,0,0,0,1,1,0,0,0,1,0,1,0,1,1,0,0,0,1,0,1,1,0,1,0,0,1
1,0,1,0,0,0,0,1,0,0,1,0,1,0,0,0,0,0,1,0,1,1,0,1,0,0,0,0,0,0,0,0,1,0,0,0,0,1,1,0,1,1,1,1,0,1,0,0,0,1,1,1,1,0,0,1,0,1,1,0,0,0,1,0,1,0,0,1,1,1,1,0,1,0,1
1,1,1,0,0,1,0,1,0,0,1,1,0,0,1,1,1,1,1,1,0,1,1,1,0,1,0,0,0,1,0,0,1,0,0,1,0,0,0,1,0,0,0,1,1,0,1,0,0,1,1,1,1,1,0,1,0,1,1,0,0,0,1,0,1,0,0,0,1,1,0,1,1,1,0
1,1,0,0,0,1,0,1,0,1,0,1,0,1,0,0,0,0,0,0,0,1,1,1,0,0,1,0,1,1,1,0,1,0,1,0,0,1,1,0,1,1,0,1,1,1,1,1,1,0,1,0,1,1,0,1,1,0,1,0,1,1,1,0,1,0,0,1,0,1,0,0,0,1,1
1,1,1,1,0,0,0,1,1,0,0,0,0,0,0,1,1,0,0,1,1,0,0,1,0,0,1,1,0,1,1,0,1,0,1,0,0,1,1,1,1,1,0,1,1,1,0,0,0,0,1,1,1,1,0,1,0,1,0,0,0,1,0,0,1,0,0,1,0,1,1,0,0,1,0
1,0,0,1,1,1,0,1,0,1,0,0,0,1,1,1,1,0,0,0,0,1,0,1,1,0,1,1,1,0,1,1,0,0,1,0,0,0,0,0,1,0,0,1,0,0,0,0,1,1,1,1,1,1,0,1,0,1,0,0,0,0,1,1,1,1,0,1,1,1,0,0,0,1,0
0,1,0,1,1,1,1,1,1,1,1,1,0,0,0,0,0,1,1,0,1,0,1,1,0,0,0,1,1,1,1,0,1,1,1,0,0,0,1,0,0,1,1,1,1,0,0,0,0,0,1,0,0,1,0,0,1,1,1,0,1,0,1,0,0,0,1,1,1,0,1,1,0,1,0
1,0,0,1,1,0,0,1,0,0,0,1,0,0,0,0,0,0,0,0,0,1,1,1,0,1,1,0,1,0,1,1,1,1,1,1,1,1,0,1,0,1,1,1,1,0,0,1,1,1,1,0,1,1,0,0,1,1,0,1,0,0,1,1,0,1,0,1,0,1,1,1,0,1,0
1,1,0,1,0,0,0,1,1,0,0,0,1,1,1,1,1,0,0,0,1,1,0,1,0,1,0,1,1,0,0,0,1,1,0,0,0,0,0,0,0,1,0,1,1,0,0,0,0,0,0,1,1,0,0,0,0,0,0,1,0,1,0,0,0,0,0,0,1,1,0,0,0,1,0
1,1,1,0,1,0,0,1,1,0,0,1,0,1,1,1,1,1,1,0,1,1,1,1,0,0,0,0,1,1,1,0,0,0,0,0,0,1,0,1,1,0,0,1,1,0,1,0,0,1,0,0,1,1,1,1,0,0,0,0,1,1,1,0,0,1,0,1,1,1,0,1,1,1,1
1,1,0,0,1,0,0,1,0,0,0,1,0,0,1,0,0,0,1,0,0,1,0,1,0,1,1,1,1,1,1,1,1,0,1,0,1,0,1,0,1,1,1,1,0,1,0,0,1,1,1,1,1,0,0,1,1,0,1,0,0,0,1,0,0,0,1,1,0,1,1,0,0,1,1
0,0,0,1,0,1,0,1,0,1,0,1,0,0,0,1,1,1,0,0,0,0,0,1,0,0,1,1,0,0,1,0,1,0,1,0,1,0,0,1,1,0,0,1,0,1,1,0,1,0,1,1,1,1,0,1,0,1,1,0,1,1,1,0,1,0,0,0,1,0,0,0,0,0,0
1,0,0,1,0,0,0,1,0,0,1,1,1,1,0,1,1,0,0,0,0,1,0,0,0,0,1,1,1,1,1,1,1,0,0,0,0,1,1,0,1,0,1,1,0,1,0,1,1,0,1,1,1,0,1,0,1,1,1,0,1,0,1,1,1,0,0,0,1,1,0,0,0,0,0
1,0,1,0,1,0,1,0,0,0,0,0,0,0,0,1,1,0,1,0,1,1,1,1,0,1,1,0,0,1,0,0,0,0,1,0,0,0,0,1,1,1,0,1,1,1,0,0,0,0,1,0,0,1,0,0,0,1,1,1,1,0,0,0,1,1,0,0,1,1,0,1,0,1,0
0,0,0,1,0,0,1,1,0,0,0,1,0,0,1,1,1,1,0,0,1,1,1,1,0,1,1,1,0,0,1,1,0,0,1,0,0,0,1,0,1,0,1,1,0,1,0,1,1,1,1,1,1,0,1,1,0,1,0,0,1,0,0,0,1,0,1,1,1,1,1,0,0,1,1
1,0,1,0,0,0,0,0,1,1,0,1,0,0,1,1,0,0,0,0,0,1,0,0,0,0,1,0,1,0,1,0,0,1,1,1,1,1,0,1,1,0,1,1,0,1,0,1,0,0,1,0,1,1,0,0,1,1,1,0,1,1,1,1,0,1,1,0,1,1,1,0,1,1,1
0,0,0,0,0,1,1,1,0,1,0,0,0,0,0,1,0,0,1,0,0,1,1,1,1,1,1,0,1,0,1,0,1,0,1,1,0,1,0,1,0,0,1,1,0,0,0,1,0,1,1,1,1,1,0,0,1,1,1,1,0,0,1,0,0,0,0,0,0,0,1,1,0,0,0
1,0,1,1,1,0,0,1,0,1,0,0,0,0,0,0,0,0,0,1,0,1,1,1,1,1,1,0,0,1,0,0,1,1,1,1,0,1,0,1,0,1,0,1,0,1,0,0,1,1,0,1,1,1,1,1,0,1,0,1,0,0,1,0,0,0,0,0,1,1,0,1,0,0,0
1,0,0,0,0,0,0,1,0,0,1,1,0,0,1,1,1,0,1,0,0,1,0,1,1,1,0,1,0,1,1,0,0,0,1,0,1,1,1,0,0,0,0,1,1,1,0,0,1,1,1,1,1,1,0,1,0,1,0,0,1,1,1,0,1,1,0,1,1,0,0,1,0,1,0
1,0,0,1,0,0,0,1,0,1,1,1,1,0,0,1,1,0,1,0,1,1,1,1,0,0,1,0,0,0,0,0,0,0,1,0,1,0,1,0,1,0,0,1,1,0,0,0,1,0,1,0,1,1,0,1,0,1,1,1,0,0,1,0,1,0,0,1,1,1,1,1,0,0,0
1,0,0,1,1,0,1,1,0,0,1,1,0,0,1,1,1,1,0,0,0,0,1,1,0,0,0,1,0,0,1,1,0,0,1,1,1,1,1,1,1,0,1,1,0,1,0,0,0,1,1,1,1,1,0,1,0,1,1,0,0,0,1,0,0,0,1,0,0,1,1,1,1,1,1
1,0,0,0,0,0,1,1,1,0,0,1,1,0,0,0,1,1,1,0,1,1,1,1,0,0,1,0,1,0,1,1,1,0,1,0,1,1,1,0,0,1,0,1,0,0,0,1,0,0,1,0,1,1,0,1,1,0,1,0,1,0,1,0,1,0,0,0,1,1,0,0,1,1,0
1,0,0,0,1,0,0,1,0,1,1,0,1,0,0,1,1,1,1,0,0,1,1,1,0,1,1,0,1,0,1,1,0,0,0,0,0,1,0,0,1,0,0,1,1,0,0,0,0,0,1,1,1,0,1,0,0,0,0,1,0,0,1,0,1,0,1,1,1,1,0,1,0,1,0
1,0,0,0,1,1,0,1,1,1,1,1,0,1,0,1,1,1,0,0,0,0,0,1,1,1,1,0,1,0,1,1,1,0,1,0,0,1,0,0,1,0,0,1,0,1,0,0,0,0,1,1,1,1,0,0,0,0,1,1,1,0,1,0,1,0,1,0,1,1,1,1,1,1,0
1,1,1,0,0,1,0,1,1,1,1,1,1,1,0,1,1,0,0,0,0,0,0,1,0,1,1,0,1,0,1,1,0,0,0,0,1,0,0,1,1,0,1,1,1,0,0,0,1,0,1,0,1,1,1,0,1,1,0,1,1,0,0,0,1,0,0,0,1,1,1,1,0,0,0
0,0,0,0,1,0,0,0,0,0,0,1,0,0,0,1,1,1,0,1,0,1,0,1,1,0,1,0,1,1,0,0,1,0,1,1,1,1,1,1,0,0,1,1,0,1,0,0,1,1,1,0,1,1,1,1,0,1,1,0,0,0,0,0,1,1,1,0,1,1,1,0,0,1,1
1,0,0,0,0,1,0,0,0,0,0,0,1,0,1,0,1,0,0,0,0,1,0,1,0,0,1,0,1,0,1,1,0,0,0,0,1,0,1,0,1,1,1,1,0,1,0,1,1,0,1,1,1,1,0,1,1,1,0,0,0,0,0,1,0,1,0,0,0,1,0,0,0,0,0
1,1,1,1,1,0,0,1,1,1,0,1,0,0,0,1,1,0,1,1,0,0,0,0,0,0,0,0,1,1,1,0,1,1,0,0,0,0,0,1,1,0,0,1,1,0,0,1,0,0,1,1,1,0,0,1,1,0,0,1,1,0,0,0,1,0,1,1,0,1,1,1,0,1,1
0,0,0,1,1,0,0,1,0,0,1,1,0,0,0,0,1,0,0,0,1,0,1,1,0,1,1,1,1,0,1,1,1,0,0,0,0,1,1,0,1,1,0,0,0,1,0,0,1,1,1,1,1,0,0,1,0,0,0,1,0,0,0,0,1,0,0,1,1,0,1,1,0,1,1
1,0,1,1,1,0,0,1,0,1,1,1,0,0,1,1,1,0,1,0,0,1,1,1,0,1,0,0,1,1,0,0,1,0,0,1,1,1,1,0,1,1,1,1,1,1,1,1,0,1,1,0,1,1,0,1,1,0,0,1,1,0,0,0,0,1,1,1,1,1,1,0,1,1,0
1,1,1,1,0,0,0,1,0,0,0,1,0,0,1,0,1,0,1,0,1,1,0,0,0,0,1,0,1,0,0,1,0,0,1,1,0,0,0,0,1,1,1,1,1,0,0,0,0,1,1,0,1,0,0,1,1,1,0,1,0,1,1,0,1,0,1,0,0,1,1,1,0,0,0
1,0,0,0,0,1,0,1,0,1,1,1,0,1,1,1,1,0,1,1,1,1,1,1,1,0,0,0,0,1,1,0,0,0,1,1,0,0,0,1,1,0,0,1,0,1,0,1,0,1,1,0,1,0,1,0,1,0,1,0,1,1,0,0,1,0,0,0,1,1,0,0,1,1,1
1,0,0,0,1,1,1,1,0,0,1,0,1,0,0,1,1,0,0,0,1,1,1,1,0,0,1,0,0,1,0,1,0,0,1,1,1,1,1,0,1,1,0,1,0,1,0,1,0,0,1,0,1,1,0,1,1,0,1,1,0,1,1,0,1,0,1,1,1,1,1,1,1,1,0
1,0,0,1,1,1,0,0,1,1,0,1,1,0,1,0,1,1,0,0,1,1,0,1,0,0,1,1,1,0,1,0,1,0,0,1,0,0,0,1,0,1,1,0,0,1,1,0,0,0,1,1,1,1,0,1,0,0,0,0,1,1,1,0,1,1,0,1,0,1,0,1,1,1,0
1,1,0,1,1,0,1,1,0,1,0,1,0,0,1,1,1,1,1,0,1,1,1,1,1,0,0,1,1,0,0,0,0,0,0,0,1,0,1,0,1,1,0,1,1,0,1,0,1,0,0,0,1,1,1,1,0,0,0,0,1,1,0,0,0,1,1,1,0,1,0,0,1,1,1
1,0,0,1,1,0,0,1,1,1,1,0,0,0,1,1,1,1,1,0,0,1,0,1,1,1,0,0,0,1,0,1,0,1,0,1,1,1,0,1,0,0,1,1,0,1,0,0,1,1,1,1,1,1,0,1,0,1,1,1,0,1,1,0,1,0,0,0,1,1,1,1,0,0,0
0,0,0,1,1,1,1,1,1,1,0,1,1,0,0,1,1,1,0,0,1,1,1,0,1,0,1,0,1,1,1,1,1,0,1,0,0,1,1,0,1,1,0,0,0,1,1,0,0,0,1,0,1,1,0,1,0,0,1,0,1,1,1,0,0,0,0,0,0,1,0,0,1,0,0
0,0,1,1,0,0,1,1,0,0,0,1,0,0,1,1,1,1,1,1,0,1,1,1,0,1,1,0,0,0,0,0,0,0,0,1,0,1,0,1,1,0,0,1,1,1,1,0,0,1,1,0,1,1,0,1,0,0,0,0,1,1,0,1,1,0,1,1,0,1,0,0,0,1,1
1,0,1,0,0,1,0,1,0,0,1,1,0,1,0,1,1,1,0,0,0,0,0,0,0,1,1,0,1,1,1,0,1,0,0,0,1,1,1,0,1,1,1,1,0,1,1,1,0,0,1,1,1,1,0,1,1,1,1,0,1,1,1,0,1,0,1,0,0,1,1,0,0,0,0
1,0,0,0,1,1,0,1,0,0,0,0,0,0,0,0,0,1,0,1,1,1,0,1,0,0,0,0,1,1,0,1,1,0,1,1,0,1,1,0,0,1,0,1,1,1,1,0,1,0,0,1,1,1,1,1,0,1,0,1,0,1,1,1,0,1,1,1,0,1,0,1,0,1,0
1,0,0,0,0,1,0,1,0,1,1,1,1,0,0,1,1,1,1,0,1,1,1,1,1,1,1,0,0,1,1,0,0,0,0,1,1,0,0,1,0,0,0,0,1,1,1,0,1,0,1,1,1,1,0,0,0,0,1,0,0,1,0,0,0,0,0,1,1,1,0,1,1,1,0
1,0,1,1,0,0,0,0,0,0,0,1,0,0,0,0,0,1,0,0,1,0,0,1,0,1,0,0,1,1,1,0,1,0,0,0,1,1,0,1,1,0,0,1,0,1,1,0,0,1,1,1,1,0,1,1,0,1,0,0,0,0,1,0,0,1,1,1,0,1,0,0,0,1,0
0,0,0,0,0,1,0,0,0,1,0,1,1,0,1,0,1,1,0,0,0,1,0,1,0,0,1,1,1,0,1,1,1,1,1,0,0,0,1,0,1,1,0,1,0,0,1,0,1,0,0,1,1,0,1,0,0,0,1,0,1,0,1,0,1,0,0,1,1,0,0,0,0,1,1
1,1,0,1,1,0,0,0,0,0,0,1,0,0,1,1,1,1,1,0,1,1,0,1,0,1,1,0,0,1,1,0,0,0,1,1,1,0,0,1,1,0,0,1,0,1,1,1,0,0,0,1,1,1,0,0,1,0,0,0,1,1,1,1,0,1,1,0,1,1,0,1,1,1,1
1,1,1,0,0,0,1,0,0,0,0,1,0,1,0,0,1,1,1,0,0,1,0,1,1,1,1,0,1,1,1,1,1,0,0,1,1,0,0,0,0,1,0,1,1,1,1,1,0,1,1,1,1,1,0,1,1,1,1,0,0,0,1,1,0,1,0,0,0,1,0,0,1,1,0
1,0,0,0,1,0,0,1,1,1,1,1,0,0,0,0,1,1,0,0,1,1,0,1,0,1,1,0,1,1,1,1,1,0,1,1,1,0,0,1,1,1,0,1,0,1,0,0,0,1,1,1,1,1,0,0,0,1,1,0,1,1,1,0,1,0,0,1,0,1,0,0,0,1,1
0,0,1,1,1,0,1,1,1,1,1,1,1,0,1,0,0,1,1,0,1,1,1,1,0,0,1,0,1,1,1,1,0,1,1,0,1,1,1,0,1,1,0,1,0,1,1,1,0,0,1,0,1,1,1,1,1,1,0,1,0,1,1,0,1,0,0,1,0,0,0,1,0,1,0
0,0,0,1,1,0,0,1,1,0,0,1,0,0,1,0,1,1,1,0,0,1,0,1,0,0,0,0,0,0,0,0,0,0,1,1,1,0,0,1,1,0,0,1,0,0,0,1,1,1,1,1,1,1,0,1,1,1,0,1,1,1,0,0,0,1,1,1,1,0,0,0,0,1,0
1,0,0,1,1,0,1,1,0,1,1,1,0,0,1,0,1,1,1,0,0,1,1,1,0,0,0,1,0,0,0,1,0,0,1,1,1,1,1,1,1,0,0,1,0,1,1,0,0,1,0,0,1,0,0,1,1,0,1,0,0,1,0,0,0,0,1,1,0,0,1,0,1,0,0
1,1,0,0,1,0,0,0,0,1,0,0,0,1,1,0,0,0,1,0,1,1,1,1,0,1,0,0,0,0,0,0,0,0,1,1,0,1,0,1,1,0,0,1,0,1,0,0,1,1,0,0,1,1,0,0,0,1,0,0,0,0,1,0,1,0,0,0,0,1,0,0,0,1,0
1,1,1,1,0,0,0,0,1,0,0,0,0,0,0,1,0,1,1,1,0,0,1,1,1,1,1,0,1,1,1,0,1,0,1,1,1,0,0,1,1,0,0,1,1,0,1,0,0,1,1,1,1,0,1,0,0,0,0,0,0,1,1,0,0,1,0,1,1,1,0,0,1,1,1
0,0,0,1,1,0,1,1,0,0,0,1,0,0,0,1,0,1,0,0,1,1,1,1,1,1,0,1,0,0,0,1,0,0,0,1,0,1,1,1,0,0,0,1,1,1,0,0,1,1,0,1,1,0,1,1,0,0,0,0,0,0,0,0,1,0,0,1,0,1,0,0,0,1,1
1,1,1,1,1,0,0,0,0,0,0,0,0,0,1,1,0,0,0,0,1,1,1,1,0,1,0,1,1,1,1,1,0,0,1,1,0,1,0,1,1,0,1,1,1,0,0,0,1,1,1,0,1,1,1,0,0,0,0,1,0,0,1,1,0,1,0,0,1,1,1,1,0,0,1
1,0,0,0,0,1,0,1,1,1,1,1,1,0,1,0,1,1,0,0,0,0,1,1,1,0,1,0,1,1,0,0,0,0,1,0,0,0,1,0,1,0,0,1,1,1,0,1,0,1,0,0,1,1,1,0,1,1,0,1,0,1,0,0,1,0,0,0,1,1,1,1,0,0,1
1,0,0,0,0,1,0,1,0,0,0,0,0,0,1,1,1,1,1,1,0,1,0,1,0,1,1,0,0,0,0,1,0,1,1,1,1,1,0,1,1,0,0,1,1,0,1,1,0,0,1,1,1,1,0,1,1,1,1,0,0,1,1,0,1,0,0,1,1,1,0,0,1,1,1
1,1,0,1,1,0,0,1,0,1,0,1,0,0,1,1,1,1,0,0,0,1,1,1,0,0,1,1,1,1,0,1,0,1,0,1,1,0,0,1,1,1,1,1,0,1,1,1,1,1,1,1,1,1,1,1,1,0,0,1,1,0,0,1,1,0,0,0,0,1,1,1,0,1,1
1,0,0,1,1,0,0,0,0,1,0,1,0,0,1,1,1,0,0,0,1,1,1,1,0,0,1,1,0,1,1,0,0,0,1,0,0,1,1,0,1,1,1,1,0,1,0,1,0,1,1,0,1,0,1,0,1,1,0,0,1,1,0,0,0,0,1,1,0,1,1,0,1,1,0
0,1,1,1,1,0,0,1,1,0,0,1,1,0,0,0,0,0,0,1,0,1,0,0,1,1,1,1,0,1,1,0,0,0,1,1,0,1,1,0,1,1,0,1,0,0,0,1,0,1,1,1,1,0,0,1,1,0,1,1,0,1,0,1,1,0,0,0,0,1,0,1,0,1,1
1,0,0,0,1,0,0,1,1,1,0,1,0,0,1,1,1,0,1,0,1,1,1,1,0,0,1,0,1,1,1,1,1,0,0,1,0,0,0,1,0,0,0,1,0,1,0,0,1,1,1,0,1,0,1,1,0,1,1,0,0,0,1,1,1,0,0,0,1,1,0,1,0,0,0
1,0,0,0,1,0,0,0,0,0,0,0,0,0,0,1,1,0,0,1,0,1,0,1,0,0,1,0,1,1,1,1,1,0,0,0,1,1,1,0,1,1,0,1,0,1,0,0,0,1,0,1,1,0,1,1,0,1,1,0,1,0,1,0,0,1,1,1,1,1,0,1,0,1,1
1,0,0,0,0,1,1,1,1,1,0,1,0,0,0,1,1,1,1,0,1,1,1,1,0,0,1,0,0,1,0,0,1,0,1,1,0,1,1,0,1,1,1,1,1,1,0,0,1,1,0,1,1,1,1,0,0,1,1,0,0,0,1,0,0,0,0,1,1,1,1,0,0,1,0
1,1,0,0,1,0,0,0,0,0,0,1,1,0,0,0,1,0,0,1,1,1,0,1,0,0,1,1,1,0,0,1,0,0,1,0,1,1,0,0,1,0,1,1,1,0,0,0,1,0,1,0,1,1,0,1,0,1,1,1,1,0,1,1,1,1,1,0,1,1,1,1,0,1,0
0,0,0,1,0,1,0,1,1,1,0,0,0,0,1,1,1,0,0,0,0,1,0,1,0,0,1,0,1,0,0,0,0,0,1,1,1,1,0,1,1,0,1,1,0,1,0,0,1,0,1,1,1,1,0,0,0,1,0,1,0,1,0,0,0,0,0,0,1,0,0,0,0,1,0
1,1,1,0,1,1,0,1,0,0,1,1,0,0,1,1,1,0,1,0,1,1,0,1,1,1,1,0,0,1,0,0,0,0,1,1,0,1,1,0,1,0,1,1,1,0,1,0,0,1,1,1,1,0,0,0,0,1,0,1,0,0,1,1,0,0,1,1,1,1,1,0,0,0,0
0,0,1,1,1,1,1,1,0,0,0,0,0,0,0,1,1,0,0,0,1,1,0,1,0,0,1,1,1,1,0,1,1,0,0,0,1,0,0,1,1,0,1,1,1,1,0,0,1,1,1,0,1,0,1,0,0,1,0,1,0,0,0,0,1,0,0,0,1,1,1,1,0,1,0
1,0,0,1,0,0,0,1,1,0,1,1,0,0,0,1,1,1,0,0,0,1,0,1,1,0,1,0,0,1,0,1,0,0,1,1,0,0,0,1,1,0,0,1,1,1,1,0,0,1,0,1,1,0,1,0,1,0,0,0,1,1,1,0,1,1,1,1,1,1,0,0,0,1,1
1,0,1,0,0,1,0,0,0,1,0,0,0,0,0,0,0,1,1,0,1,1,1,1,1,0,1,0,0,1,0,1,1,1,0,0,1,1,1,0,1,1,0,1,1,0,1,0,0,0,1,0,1,0,1,1,0,0,1,1,0,1,1,1,0,0,1,1,1,1,1,1,1,1,0
1,1,1,0,0,0,0,1,0,1,0,0,0,1,1,1,1,1,0,0,0,1,0,1,0,0,1,1,0,0,1,1,0,1,1,1,1,0,0,1,0,0,1,1,1,1,1,0,1,1,0,1,1,1,1,0,1,0,0,1,0,0,1,0,1,0,0,0,1,1,1,1,0,1,1
1,0,0,1,0,0,0,1,0,0,1,1,1,0,1,0,1,0,1,0,1,1,0,1,0,0,1,0,1,0,0,1,1,0,1,1,1,0,0,1,1,0,1,1,1,1,0,1,1,0,1,1,1,0,1,1,1,1,0,1,0,1,1,0,1,0,0,0,1,1,1,0,0,0,0
1,0,0,0,1,1,0,1,0,0,0,1,0,0,0,0,1,0,1,0,1,1,1,1,0,0,0,1,1,1,1,1,1,0,0,0,1,0,1,0,1,1,0,1,1,1,0,0,0,1,1,1,1,1,0,1,0,1,1,0,0,0,1,0,1,0,0,0,1,0,0,1,0,0,0
1,0,0,1,0,1,0,1,0,1,1,0,0,0,0,0,1,1,1,0,0,1,0,1,1,1,1,0,0,1,1,0,1,0,1,1,1,0,0,1,1,1,0,1,0,1,1,1,0,0,1,0,1,0,0,1,0,1,0,1,0,1,1,0,1,1,0,0,0,1,1,1,1,1,1
1,1,1,1,1,0,0,1,0,1,0,1,1,0,1,1,0,1,0,0,1,1,0,1,1,1,1,0,1,0,0,0,1,0,1,1,1,1,0,1,0,0,1,1,1,0,1,0,1,0,1,1,1,1,0,1,0,0,1,0,1,0,1,1,1,0,0,0,1,1,0,1,0,1,1
1,0,1,0,0,1,0,1,0,1,1,1,0,1,0,1,0,0,1,0,1,1,0,1,1,0,0,1,0,0,0,1,1,0,1,0,0,0,0,1,1,0,0,1,0,0,0,0,1,0,1,1,1,0,1,1,0,1,1,0,1,0,1,1,1,0,0,0,0,1,0,1,0,1,0
0,0,0,1,0,1,1,1,0,0,1,0,0,0,0,1,1,0,0,0,1,1,1,1,0,0,1,1,0,0,1,1,1,0,1,0,0,0,1,0,1,0,0,1,0,1,0,0,0,1,1,1,1,1,0,1,0,1,1,0,0,0,1,0,1,0,0,0,1,0,0,1,1,0,1
1,1,1,1,0,0,0,0,0,1,1,0,1,0,0,0,0,0,0,1,0,1,0,1,1,1,1,1,0,1,1,0,1,0,1,1,0,1,1,1,1,1,0,1,0,1,0,0,0,0,1,0,1,1,0,1,0,0,0,1,0,1,1,1,1,1,0,0,0,1,1,1,1,1,0
1,0,1,0,1,1,0,0,0,1,0,1,0,0,0,0,0,0,0,0,0,1,0,1,0,0,1,1,1,0,1,0,1,0,0,1,1,1,0,1,0,0,0,1,0,1,0,0,1,1,1,1,1,1,1,1,0,1,1,0,1,1,1,0,1,0,0,0,0,1,0,0,0,1,0
1,1,0,1,1,1,0,1,0,1,0,1,0,0,0,1,0,1,1,1,0,1,0,0,0,0,1,1,0,0,0,1,1,0,0,1,0,0,0,1,1,0,0,1,1,0,1,1,1,1,1,1,0,0,1,0,1,0,0,0,1,0,0,0,1,0,0,0,1,1,1,0,1,1,1
0,1,1,0,0,0,0,1,0,1,1,0,1,1,1,0,0,0,0,1,0,1,0,1,0,0,0,0,1,1,0,1,0,0,0,0,0,1,1,0,1,1,0,1,1,0,0,0,0,1,1,0,0,0,0,1,0,1,1,1,0,0,1,1,1,0,1,0,0,1,0,0,0,0,1
1,1,0,0,0,0,0,1,0,1,1,1,0,0,0,1,1,1,0,0,0,1,0,1,1,1,0,1,1,0,0,0,1,0,0,1,0,0,0,1,0,1,0,1,1,1,1,1,0,0,1,1,1,0,0,0,1,0,1,0,1,1,1,1,1,0,0,0,1,1,0,1,0,1,1
1,1,0,0,1,0,0,1,0,1,0,1,0,0,1,1,0,0,1,1,1,0,0,1,0,0,0,0,1,0,1,1,0,1,1,1,0,1,1,1,1,0,0,1,1,0,0,1,1,1,1,1,1,0,1,1,1,0,1,0,0,0,1,0,1,0,1,0,1,1,0,0,0,1,0
0,0,0,1,0,0,0,0,0,0,0,0,0,0,0,0,1,1,0,0,1,1,0,0,0,0,1,0,1,0,1,1,1,0,0,0,0,0,1,0,1,1,1,1,0,1,1,0,1,1,1,1,1,1,0,1,0,0,0,1,0,0,1,1,0,1,1,1,0,1,1,1,1,1,0
1,0,0,0,0,1,1,1,0,1,1,1,1,0,1,0,1,1,0,0,0,1,1,1,1,1,1,1,1,0,0,1,0,0,0,1,0,1,0,1,1,0,0,1,0,1,1,1,0,0,1,1,1,1,0,1,1,0,0,1,0,1,0,0,0,1,1,1,1,1,0,0,1,1,0
1,0,0,0,1,0,0,1,0,0,0,1,1,0,1,0,1,1,1,0,0,1,0,1,0,0,0,0,1,0,1,0,0,0,0,0,1,0,1,0,1,1,1,1,0,1,1,0,0,0,1,1,0,0,0,0,0,1,1,1,1,0,1,0,1,0,1,1,1,1,1,0,0,1,0
1,0,0,0,1,0,1,1,0,0,0,1,0,0,1,0,1,0,0,0,1,1,0,1,0,1,1,0,1,0,1,0,1,1,1,1,1,0,0,1,1,1,0,1,0,0,0,1,0,0,1,1,1,0,1,1,1,1,1,0,1,0,1,0,1,0,0,0,0,1,0,0,0,1,1
0,1,0,1,1,1,0,1,0,0,1,1,1,0,0,0,0,1,0,0,0,1,0,1,1,0,1,0,1,0,1,1,1,0,0,0,1,0,1,0,1,0,0,1,1,1,1,0,1,0,1,1,1,0,0,1,1,0,0,1,1,0,0,1,0,1,0,1,1,0,0,0,0,1,0
1,0,0,0,0,0,0,1,1,1,1,1,1,0,1,1,1,1,0,0,0,1,0,1,1,1,0,1,1,1,1,1,1,0,1,0,0,0,1,0,1,1,0,1,0,1,1,1,1,0,1,0,1,0,1,0,1,1,1,0,0,1,1,0,1,0,0,0,1,1,0,0,0,1,0
1,0,1,0,1,0,0,1,1,0,0,1,0,0,0,1,0,0,0,0,1,1,1,1,0,0,0,0,1,1,1,0,0,0,0,1,0,1,0,1,1,0,0,1,0,1,0,0,1,1,1,1,1,1,0,1,0,1,0,0,1,1,1,0,0,0,1,1,1,1,0,1,0,0,0
1,0,0,0,0,1,0,1,1,1,0,1,1,0,0,0,1,0,0,0,0,1,0,0,1,1,1,0,1,1,1,0,1,0,0,0,0,1,1,0,0,1,0,1,0,1,0,1,0,0,1,0,1,1,0,1,1,0,1,1,1,1,1,0,0,0,0,0,0,1,0,0,0,1,0
1,1,0,1,1,0,0,0,0,1,0,0,0,0,0,0,1,0,0,1,0,1,0,0,0,1,1,0,1,1,0,0,1,0,1,0,0,0,1,0,1,1,1,1,1,0,0,1,1,1,1,0,1,0,0,1,0,1,0,1,0,0,0,0,0,1,1,1,0,1,1,1,0,1,1
1,1,1,0,1,1,0,0,0,1,0,1,1,1,0,1,1,1,1,1,1,1,0,1,1,0,1,0,0,0,0,0,1,0,1,0,1,1,1,0,0,0,0,1,1,0,1,0,1,0,0,1,1,0,1,1,0,1,0,1,0,0,1,0,1,1,1,0,1,1,1,1,0,1,1
1,0,1,1,0,1,0,0,1,0,1,0,0,0,0,0,1,1,0,0,1,1,0,0,0,0,1,1,0,0,1,0,0,0,1,1,0,1,0,0,1,1,0,1,0,1,0,0,1,1,1,1,1,1,0,1,0,1,0,0,0,1,1,1,1,0,0,1,1,1,0,0,0,1,0
1,0,1,0,1,0,0,1,0,1,0,1,1,1,0,0,0,0,0,1,0,1,0,1,0,1,1,1,1,1,1,1,1,0,1,1,0,1,1,0,1,1,0,0,0,0,0,1,1,0,1,1,1,1,0,0,0,1,0,0,1,0,0,0,1,0,0,0,0,1,0,1,0,1,1
1,1,0,1,1,0,0,0,1,1,0,1,0,0,0,1,1,0,0,0,0,0,1,1,1,1,1,0,1,0,0,1,1,0,0,0,1,1,1,0,0,0,0,1,1,0,1,0,0,1,1,0,1,1,0,1,0,0,1,0,0,1,0,0,1,1,0,0,1,1,0,1,1,1,0
0,0,1,1,0,1,0,1,0,1,0,0,0,0,0,0,1,0,0,0,0,0,0,1,0,0,0,1,0,1,1,1,1,0,1,0,1,0,1,0,1,1,0,1,0,0,0,0,0,0,1,1,1,1,0,1,0,1,0,0,0,0,1,0,1,0,0,0,1,1,0,1,0,1,0
1,1,1,1,1,0,1,1,0,1,0,1,1,0,0,0,0,1,1,1,1,0,1,1,0,0,1,1,1,1,0,1,1,0,1,0,0,0,1,0,1,0,1,1,1,0,0,0,1,1,0,0,1,1,0,0,1,1,0,0,0,0,1,0,1,0,0,0,1,1,1,0,0,1,0
1,0,0,1,1,0,1,1,0,0,1,0,1,0,0,0,1,0,0,0,0,1,1,1,0,1,0,1,1,1,1,0,1,0,1,0,0,0,1,0,1,1,1,1,0,1,1,0,0,0,1,0,1,0,0,0,0,0,1,0,0,1,1,0,0,0,0,0,1,1,1,0,0,0,0
1,0,0,0,1,0,0,1,1,0,1,1,0,0,0,0,1,0,0,1,0,1,0,0,0,0,1,0,1,0,0,0,1,0,0,1,1,0,0,1,1,1,1,1,1,1,0,1,0,1,1,1,1,1,0,1,0,1,0,0,0,1,0,1,0,0,1,0,1,1,0,1,0,0,1
1,1,0,1,1,0,0,1,1,1,0,1,0,0,0,0,0,1,0,0,1,0,0,1,0,1,1,1,1,1,0,0,1,0,0,1,1,0,0,1,1,1,0,1,1,1,0,0,0,1,1,0,0,0,1,1,0,0,0,1,1,1,1,0,1,0,0,0,0,1,0,0,0,1,0
1,1,0,1,1,0,0,1,1,1,1,1,0,0,0,1,1,1,1,0,0,0,0,1,1,0,1,0,0,0,0,1,1,0,0,0,0,0,1,0,1,1,0,1,1,0,0,0,1,1,1,1,0,0,0,0,0,1,1,1,0,1,1,0,1,1,0,0,0,1,0,0,1,1,0
1,1,0,0,0,1,0,1,0,1,1,1,0,0,0,0,0,1,1,1,0,1,0,1,0,1,1,1,1,0,0,1,1,0,1,1,1,1,1,1,1,1,1,1,1,0,0,1,1,0,1,1,1,1,0,0,1,1,1,0,1,1,0,0,0,0,0,1,0,1,1,0,0,1,0
1,1,1,0,0,1,0,1,1,0,1,0,0,0,0,0,1,0,1,0,1,1,0,0,1,0,1,0,1,1,0,1,1,1,0,1,1,0,1,0,0,1,1,1,1,0,0,1,1,1,1,1,1,1,0,1,1,1,1,1,0,0,1,0,0,0,0,0,1,1,1,1,0,1,0
1,0,0,0,0,0,1,1,0,1,1,1,0,0,0,1,1,0,0,0,1,1,1,1,1,0,1,0,1,1,1,1,1,0,0,1,0,1,1,0,1,1,0,1,0,1,0,1,1,1,1,1,1,1,0,1,1,0,1,0,0,0,0,0,1,1,0,1,1,1,0,1,0,1,0
1,0,1,1,1,1,0,1,0,1,0,1,1,1,1,0,0,1,0,1,0,1,1,1,1,0,1,0,1,1,1,1,0,0,1,1,0,0,0,1,1,1,1,1,1,0,1,1,1,0,1,1,1,0,0,1,1,1,1,1,1,1,1,0,1,0,0,0,1,1,1,1,0,1,0
1,0,0,0,0,0,0,1,0,1,1,1,1,0,0,1,1,1,0,0,0,1,0,0,0,0,1,0,0,0,1,1,1,0,1,0,0,0,1,0,1,0,0,1,0,0,0,0,0,0,0,1,1,1,0,1,0,1,1,1,1,0,1,0,0,0,1,1,0,1,1,1,0,1,0
1,1,0,0,0,1,0,1,0,1,0,1,0,0,1,1,1,1,0,0,0,1,0,1,1,0,1,1,1,1,1,0,0,0,1,1,1,1,1,1,1,0,0,1,1,1,0,1,1,0,1,1,1,1,1,1,1,1,1,1,1,1,0,0,1,1,0,0,1,1,0,1,0,1,0
1,1,0,0,1,1,0,1,1,0,1,1,1,0,0,0,0,1,0,0,1,0,0,1,1,0,1,0,1,0,1,1,1,0,0,0,1,0,1,0,1,1,0,1,0,0,0,0,0,1,1,0,1,0,0,1,0,1,1,1,0,0,1,0,0,0,1,1,0,1,0,0,1,0,0
1,0,0,1,1,0,0,1,0,0,0,1,0,0,0,0,1,0,0,1,0,1,0,1,0,0,1,1,0,0,1,1,1,0,1,1,0,0,1,0,1,1,0,1,1,1,0,0,1,0,1,1,1,1,0,0,1,0,1,0,1,1,1,0,1,0,0,1,1,1,0,1,0,1,0
1,0,0,1,1,0,0,1,0,1,0,1,0,0,1,0,0,0,1,0,0,1,1,1,0,1,1,1,0,0,1,1,0,0,1,1,0,0,0,1,1,1,0,1,0,1,0,1,0,1,1,1,1,0,1,1,0,1,1,0,0,0,0,0,0,1,0,1,0,1,1,0,0,0,0
1,1,1,1,0,1,0,0,0,0,0,0,0,0,0,1,0,0,0,0,0,0,0,1,0,1,1,0,0,1,1,1,0,1,1,0,0,0,0,1,0,1,0,1,1,1,0,0,0,1,1,1,1,0,0,1,0,0,0,1,1,0,1,0,0,0,1,0,0,1,0,1,0,1,1
1,1,1,0,1,0,0,0,0,1,0,1,1,0,0,1,1,1,1,1,0,1,0,1,0,1,0,0,1,1,0,0,1,0,1,0,0,0,0,1,0,1,0,1,1,0,1,1,0,0,1,0,1,1,0,0,1,1,1,1,0,0,1,0,0,1,0,1,1,1,0,1,0,1,0
1,0,0,1,0,0,0,1,0,0,0,1,0,0,0,1,0,0,0,0,1,1,0,1,0,1,1,1,0,1,1,0,1,0,1,0,0,0,1,0,1,0,0,1,0,1,0,1,0,1,1,1,1,0,1,1,1,1,0,0,1,0,0,0,1,0,1,0,1,1,0,1,1,1,1
1,0,0,1,1,0,1,0,0,0,0,1,0,0,1,0,0,1,1,0,1,1,1,1,0,0,1,1,1,1,1,0,0,1,1,1,0,1,1,1,1,0,0,1,1,1,0,1,0,1,1,1,1,1,0,1,1,1,1,1,0,1,1,0,1,1,0,0,1,1,0,1,0,1,0
0,0,0,0,0,1,0,1,1,1,0,1,1,1,1,0,1,1,0,0,0,1,0,1,1,1,0,0,0,1,1,0,0,0,1,1,1,0,0,1,1,1,0,1,0,1,0,0,0,0,1,1,1,1,0,0,0,1,0,1,1,0,0,0,1,0,1,0,1,0,0,1,0,1,0
1,0,1,0,1,0,1,1,1,1,0,1,1,1,1,1,0,1,0,0,0,1,0,1,0,0,1,1,1,0,1,0,0,1,1,0,0,0,0,0,1,0,0,1,0,1,0,0,0,0,1,1,1,0,1,0,1,1,1,1,1,1,1,0,0,1,0,1,1,1,1,1,0,1,1
1,0,0,1,1,0,1,1,1,1,0,0,1,0,0,0,0,1,0,1,1,1,1,1,1,1,1,0,1,0,1,1,1,0,0,0,1,0,0,0,0,1,1,1,0,0,1,0,0,0,0,0,1,0,1,0,0,0,0,1,0,1,1,1,0,0,0,1,1,1,1,0,1,1,0
1,0,1,1,0,1,0,1,0,0,1,0,0,0,0,1,0,0,1,1,1,0,0,1,0,1,1,1,0,1,1,1,0,0,1,0,1,0,1,0,0,1,0,1,0,1,0,1,1,1,1,1,1,0,1,1,1,1,1,0,0,1,0,0,1,0,0,1,0,1,0,1,0,0,0
0,0,1,0,1,0,0,1,1,1,0,0,0,0,1,1,0,0,1,0,1,1,0,1,0,0,1,0,1,0,1,0,0,1,1,1,0,0,0,1,1,0,0,1,0,1,0,0,0,1,0,1,1,1,0,0,1,0,1,1,0,1,0,0,1,0,1,1,1,0,1,1,1,1,0
1,0,0,0,0,0,0,1,0,1,0,0,0,0,0,1,1,1,0,0,1,1,0,1,0,1,1,1,1,0,1,0,1,0,1,1,1,0,0,1,0,0,0,1,0,1,1,1,0,1,1,1,1,1,1,1,1,0,1,0,0,0,1,1,0,0,1,1,0,1,0,0,1,1,0
0,0,1,1,0,0,0,0,0,0,0,1,0,0,0,0,1,1,0,1,0,1,1,1,1,0,0,1,1,0,0,1,0,0,1,1,0,1,0,1,1,0,1,1,1,1,0,0,0,1,1,1,1,1,1,1,1,1,0,0,1,0,1,0,0,1,1,1,0,0,1,0,0,1,0
1,0,0,1,1,0,1,1,0,0,0,0,1,0,1,0,1,1,1,1,1,1,0,1,0,0,0,1,1,0,1,1,0,1,0,0,0,1,0,0,1,1,1,1,0,1,1,1,1,0,1,0,0,1,0,0,1,0,0,0,0,0,0,0,0,1,1,0,1,1,1,1,1,1,0
1,0,0,0,0,1,1,1,0,1,1,0,0,0,1,0,1,1,1,0,0,1,1,1,0,0,1,0,1,1,1,1,0,0,0,1,0,0,0,1,0,1,1,1,0,1,0,0,0,0,0,0,1,1,0,1,0,1,1,1,0,0,1,0,1,1,0,1,0,1,1,1,1,1,1
1,1,1,0,1,1,0,1,1,1,1,0,0,0,0,1,1,1,1,0,1,1,0,0,0,0,1,0,0,0,0,1,1,0,1,0,1,0,0,0,1,0,0,1,1,0,1,0,1,1,1,1,1,0,0,0,0,0,0,1,0,1,1,0,1,0,0,1,0,1,0,1,0,0,0
1,0,0,1,1,0,1,1,1,1,1,1,0,0,1,0,1,1,1,0,1,0,0,1,0,1,1,1,0,1,1,1,0,0,1,0,1,0,1,0,1,0,1,1,1,0,0,0,0,1,1,1,1,0,0,0,1,1,1,1,1,1,1,0,1,0,0,1,1,1,1,1,0,0,0
0,1,1,0,0,1,0,1,1,1,1,1,0,0,1,0,1,0,0,1,1,1,0,1,1,0,0,1,0,0,0,0,0,1,0,1,0,0,0,1,1,1,0,1,1,1,0,0,1,1,1,1,1,0,0,1,1,1,1,0,0,1,1,0,1,0,1,1,0,0,0,0,0,1,0
1,0,0,1,1,0,0,1,1,1,0,0,1,0,0,0,1,0,0,1,0,1,0,0,0,1,1,1,1,0,1,1,1,0,1,1,0,0,1,0,0,1,1,1,0,1,0,0,0,1,1,1,0,1,1,0,1,0,0,0,0,1,0,0,1,0,0,0,0,1,1,1,0,0,0
1,0,0,0,1,0,0,0,1,0,0,1,0,0,0,1,1,0,0,0,1,0,0,0,0,0,1,0,1,1,0,0,1,0,0,1,0,0,0,1,1,0,1,1,1,0,0,1,0,1,1,1,1,0,1,1,1,0,1,1,1,0,1,0,1,1,1,0,0,1,1,1,1,1,0
1,1,1,0,0,0,1,0,0,0,0,1,1,0,0,0,0,1,0,0,0,1,1,1,1,0,1,0,0,1,0,1,1,1,0,1,1,1,0,1,1,0,0,0,1,1,0,0,0,0,1,0,1,1,0,1,0,1,1,0,0,0,1,0,1,1,0,0,1,1,1,0,1,1,0
1,1,0,1,0,0,0,1,0,1,0,1,0,0,0,0,1,0,1,0,1,1,1,1,1,1,1,1,0,1,1,0,0,0,1,0,1,1,1,0,1,0,0,1,1,0,0,0,0,1,1,1,1,0,0,1,0,0,0,1,0,0,0,0,1,1,0,0,1,1,0,1,1,1,1
1,1,1,1,1,0,0,1,1,1,0,1,0,0,0,1,0,0,1,1,1,1,0,1,0,0,1,0,0,0,0,0,0,0,1,1,1,0,1,0,1,1,0,1,1,0,0,1,1,1,1,1,1,0,1,0,1,0,0,1,1,1,1,0,1,0,0,1,1,1,0,1,0,1,1
1,1,0,0,0,1,0,1,0,1,1,1,1,0,1,1,0,1,0,0,1,1,0,1,1,1,0,1,0,1,0,1,0,0,0,1,1,0,0,1,1,0,0,0,1,1,1,0,0,0,0,1,1,0,0,0,0,0,1,0,0,1,0,0,1,0,0,0,0,0,0,1,1,1,1
1,0,1,1,1,1,0,1,0,1,0,0,0,0,1,0,0,1,1,0,1,1,1,1,0,0,1,0,0,1,0,1,0,0,1,1,1,0,1,0,1,1,0,1,1,0,0,0,0,1,1,1,1,1,1,1,1,0,1,1,0,0,1,1,0,0,0,0,1,1,1,1,1,1,0
1,0,0,0,0,0,0,1,0,1,1,1,1,0,0,1,1,1,0,0,1,0,1,1,0,0,1,0,0,1,1,0,0,0,1,0,0,1,1,0,1,0,1,1,0,0,1,0,0,1,0,0,1,0,1,1,1,1,0,1,0,0,1,0,1,0,0,1,1,1,1,0,0,0,1
1,0,1,1,1,1,1,1,0,0,0,1,0,0,1,0,1,1,1,1,1,0,1,1,1,0,1,0,1,1,0,1,0,0,1,1,0,0,1,1,1,1,0,1,1,0,1,0,1,0,1,1,1,1,0,1,1,1,0,0,1,1,1,0,0,0,1,1,0,1,0,1,0,1,1
1,0,1,0,0,0,0,1,0,1,0,0,0,0,1,0,1,0,1,0,1,1,1,1,0,0,1,1,1,0,1,1,0,0,0,1,1,0,1,0,1,1,1,1,1,0,1,1,0,1,1,0,1,1,0,1,1,0,1,0,0,0,1,0,0,0,1,0,0,1,0,0,1,1,0
1,1,0,1,1,0,0,1,0,0,1,1,0,0,0,1,1,1,0,0,0,1,0,1,1,0,0,1,0,0,1,0,1,0,1,1,0,1,0,1,0,0,0,1,0,1,0,0,1,1,0,1,1,1,1,0,0,1,0,0,1,1,0,0,1,0,0,0,1,1,0,0,0,1,1
1,0,0,1,1,1,1,1,1,1,1,0,0,0,1,1,0,1,0,0,1,1,1,1,0,0,0,1,0,0,1,0,1,0,0,1,0,0,0,1,1,0,1,1,0,1,1,1,0,1,1,1,1,0,1,1,1,1,0,0,1,1,0,0,1,0,1,1,1,1,0,0,0,0,0
1,0,0,1,1,0,1,1,1,0,0,1,1,0,0,0,1,1,1,1,1,1,0,1,0,0,1,1,1,0,1,0,1,1,1,0,0,0,1,0,1,0,0,1,1,0,1,1,0,1,1,1,1,0,0,1,1,1,1,0,1,1,1,0,1,0,0,0,1,1,1,0,1,1,1
1,0,1,1,0,0,0,1,1,0,1,0,1,0,0,1,1,1,0,0,0,1,0,1,1,0,1,1,0,1,0,0,1,0,0,0,0,0,1,0,1,1,1,1,1,0,0,0,0,1,0,0,1,1,0,1,0,0,0,0,0,1,0,0,1,1,0,1,1,1,1,0,1,1,0
1,1,0,1,1,0,1,1,1,1,1,0,0,0,1,0,0,1,0,0,1,0,0,1,0,1,0,0,0,1,0,1,1,0,1,0,0,1,0,0,0,1,0,1,0,1,1,0,1,1,1,1,1,1,0,0,1,0,0,1,0,1,1,0,0,0,0,1,1,1,0,1,1,1,0
1,0,0,0,1,1,0,1,0,1,0,1,1,0,0,0,1,0,1,0,1,0,0,1,0,1,1,0,0,1,1,1,0,1,0,0,0,0,1,0,1,1,1,1,1,0,0,0,0,0,1,1,1,0,0,1,0,0,1,0,0,1,1,0,0,1,1,0,1,0,0,0,0,1,1
1,1,1,1,1,1,0,1,0,1,1,1,0,0,0,0,1,0,1,0,1,1,0,1,0,0,1,0,1,1,1,0,1,0,1,0,0,1,0,1,0,1,0,1,0,0,0,1,0,0,1,1,1,1,0,1,0,1,1,1,1,1,0,0,1,1,0,1,0,1,0,1,1,1,0
1,0,0,1,0,1,0,1,0,1,1,0,1,0,1,0,1,0,1,0,0,1,1,1,0,0,0,1,1,0,0,0,1,0,1,0,1,0,0,0,1,1,0,1,1,0,0,0,0,1,1,0,1,1,0,1,0,1,0,0,0,0,1,1,1,0,1,0,0,1,0,0,0,0,0
0,0,1,0,1,1,0,0,1,0,1,0,1,0,0,0,1,0,1,0,1,1,0,1,0,1,1,0,1,1,1,1,1,0,0,0,0,0,1,0,1,0,1,1,0,0,0,0,0,0,1,1,1,0,0,1,0,0,1,0,0,1,1,0,0,1,1,1,1,0,0,0,1,1,0
1,1,1,1,1,1,0,1,0,0,0,0,0,0,0,1,1,0,0,0,0,1,0,1,1,0,1,1,1,1,0,0,0,0,1,0,1,1,1,0,1,1,0,0,0,1,0,0,0,1,1,0,0,0,0,0,0,1,1,1,0,0,1,1,0,0,1,1,0,1,0,1,0,1,0